1.400000000000000000e+01 8.200000000000000000e+01 9.324458007812500000e+02 2.000000000000000000e+00
3.500000000000000000e+01 9.400000000000000000e+01 9.598881835937500000e+02 2.000000000000000000e+00
3.800000000000000000e+01 6.200000000000000000e+01 1.116242675781250000e+03 2.000000000000000000e+00
9.100000000000000000e+01 9.500000000000000000e+01 1.152546133948553916e+03 3.000000000000000000e+00
4.000000000000000000e+00 9.600000000000000000e+01 1.309241144657325776e+03 3.000000000000000000e+00
4.000000000000000000e+01 4.600000000000000000e+01 1.591087890625000000e+03 2.000000000000000000e+00
1.000000000000000000e+00 9.800000000000000000e+01 1.650941568801637459e+03 4.000000000000000000e+00
9.700000000000000000e+01 9.900000000000000000e+01 1.654183344907929495e+03 5.000000000000000000e+00
2.800000000000000000e+01 8.700000000000000000e+01 1.931422851562500000e+03 2.000000000000000000e+00
1.800000000000000000e+01 1.010000000000000000e+02 1.949927708957171717e+03 5.000000000000000000e+00
8.500000000000000000e+01 1.020000000000000000e+02 2.115056926910051516e+03 6.000000000000000000e+00
8.100000000000000000e+01 9.200000000000000000e+01 2.345528320312500000e+03 2.000000000000000000e+00
3.300000000000000000e+01 7.700000000000000000e+01 3.020574218750000000e+03 2.000000000000000000e+00
6.600000000000000000e+01 1.030000000000000000e+02 3.035036715950433518e+03 3.000000000000000000e+00
4.200000000000000000e+01 4.400000000000000000e+01 3.043748291015625000e+03 2.000000000000000000e+00
6.100000000000000000e+01 1.040000000000000000e+02 3.361923408430996915e+03 6.000000000000000000e+00
6.000000000000000000e+00 4.800000000000000000e+01 3.593518066406250000e+03 2.000000000000000000e+00
1.000000000000000000e+02 1.050000000000000000e+02 3.670943165201244028e+03 8.000000000000000000e+00
3.200000000000000000e+01 7.300000000000000000e+01 3.886505126953125000e+03 2.000000000000000000e+00
2.900000000000000000e+01 3.900000000000000000e+01 4.055383300781250000e+03 2.000000000000000000e+00
5.500000000000000000e+01 1.120000000000000000e+02 4.123900211286581907e+03 9.000000000000000000e+00
5.800000000000000000e+01 1.080000000000000000e+02 4.157125701438366377e+03 4.000000000000000000e+00
8.000000000000000000e+00 7.000000000000000000e+01 4.850020507812500000e+03 2.000000000000000000e+00
1.070000000000000000e+02 1.090000000000000000e+02 4.914004811195693947e+03 4.000000000000000000e+00
3.400000000000000000e+01 6.800000000000000000e+01 5.090260742187500000e+03 2.000000000000000000e+00
2.100000000000000000e+01 1.060000000000000000e+02 5.149896506179318749e+03 3.000000000000000000e+00
5.400000000000000000e+01 8.800000000000000000e+01 5.223929687500000000e+03 2.000000000000000000e+00
1.300000000000000000e+01 1.900000000000000000e+01 5.525359375000000000e+03 2.000000000000000000e+00
7.400000000000000000e+01 8.400000000000000000e+01 5.651189941406250000e+03 2.000000000000000000e+00
2.600000000000000000e+01 1.130000000000000000e+02 5.658515911298192805e+03 3.000000000000000000e+00
8.300000000000000000e+01 9.000000000000000000e+01 5.857963867187500000e+03 2.000000000000000000e+00
1.110000000000000000e+02 1.200000000000000000e+02 6.059482055931763171e+03 5.000000000000000000e+00
2.400000000000000000e+01 6.400000000000000000e+01 6.248464355468750000e+03 2.000000000000000000e+00
1.000000000000000000e+01 6.700000000000000000e+01 6.263842773437500000e+03 2.000000000000000000e+00
3.000000000000000000e+00 5.000000000000000000e+01 6.310165527343750000e+03 2.000000000000000000e+00
2.000000000000000000e+00 2.300000000000000000e+01 6.450196289062500000e+03 2.000000000000000000e+00
3.000000000000000000e+01 5.100000000000000000e+01 6.532697265625000000e+03 2.000000000000000000e+00
1.100000000000000000e+01 1.160000000000000000e+02 6.549553875128593972e+03 5.000000000000000000e+00
1.100000000000000000e+02 1.150000000000000000e+02 6.814818868390263560e+03 1.500000000000000000e+01
1.200000000000000000e+01 7.600000000000000000e+01 6.924029296875000000e+03 2.000000000000000000e+00
1.140000000000000000e+02 1.170000000000000000e+02 7.312223978725284724e+03 4.000000000000000000e+00
5.000000000000000000e+00 3.100000000000000000e+01 7.438520507812500000e+03 2.000000000000000000e+00
7.200000000000000000e+01 7.900000000000000000e+01 7.443519531250000000e+03 2.000000000000000000e+00
8.600000000000000000e+01 1.250000000000000000e+02 7.493972337142952711e+03 3.000000000000000000e+00
3.700000000000000000e+01 8.900000000000000000e+01 7.831127929687500000e+03 2.000000000000000000e+00
1.270000000000000000e+02 1.370000000000000000e+02 8.095890957239527779e+03 4.000000000000000000e+00
1.230000000000000000e+02 1.330000000000000000e+02 8.114477566362364087e+03 1.700000000000000000e+01
1.500000000000000000e+01 1.280000000000000000e+02 8.187891332069109922e+03 3.000000000000000000e+00
1.240000000000000000e+02 1.260000000000000000e+02 8.664668910171885727e+03 8.000000000000000000e+00
1.390000000000000000e+02 1.410000000000000000e+02 8.719324747011576619e+03 1.900000000000000000e+01
1.190000000000000000e+02 1.380000000000000000e+02 9.208807393376979235e+03 5.000000000000000000e+00
1.310000000000000000e+02 1.350000000000000000e+02 9.601612237181818273e+03 6.000000000000000000e+00
1.180000000000000000e+02 1.220000000000000000e+02 9.614970466732720524e+03 6.000000000000000000e+00
1.300000000000000000e+02 1.360000000000000000e+02 9.722767507447568278e+03 4.000000000000000000e+00
1.340000000000000000e+02 1.430000000000000000e+02 9.814125603879812843e+03 1.000000000000000000e+01
2.000000000000000000e+01 1.210000000000000000e+02 1.004865412666949305e+04 3.000000000000000000e+00
1.420000000000000000e+02 1.440000000000000000e+02 1.075678296901439535e+04 2.200000000000000000e+01
5.600000000000000000e+01 6.000000000000000000e+01 1.107149316406250000e+04 2.000000000000000000e+00
1.290000000000000000e+02 1.480000000000000000e+02 1.110408698044415905e+04 6.000000000000000000e+00
5.300000000000000000e+01 1.500000000000000000e+02 1.128080406040909111e+04 4.000000000000000000e+00
1.320000000000000000e+02 1.470000000000000000e+02 1.163613834317698274e+04 1.100000000000000000e+01
1.600000000000000000e+01 1.400000000000000000e+02 1.203771734796867167e+04 5.000000000000000000e+00
3.600000000000000000e+01 1.510000000000000000e+02 1.248168762231595247e+04 2.300000000000000000e+01
9.000000000000000000e+00 1.490000000000000000e+02 1.395758855264766862e+04 1.100000000000000000e+01
1.700000000000000000e+01 7.500000000000000000e+01 1.458612500000000000e+04 2.000000000000000000e+00
1.520000000000000000e+02 1.560000000000000000e+02 1.547266150080377702e+04 7.000000000000000000e+00
6.500000000000000000e+01 1.540000000000000000e+02 1.570753808690274855e+04 5.000000000000000000e+00
7.800000000000000000e+01 1.460000000000000000e+02 1.643935187506678631e+04 7.000000000000000000e+00
4.500000000000000000e+01 5.700000000000000000e+01 1.663803710937500000e+04 2.000000000000000000e+00
6.900000000000000000e+01 1.570000000000000000e+02 1.772514876581025601e+04 2.400000000000000000e+01
1.530000000000000000e+02 1.590000000000000000e+02 1.914097157083363709e+04 8.000000000000000000e+00
2.700000000000000000e+01 1.640000000000000000e+02 1.915417529017170818e+04 2.500000000000000000e+01
1.610000000000000000e+02 1.650000000000000000e+02 1.996023799109130050e+04 1.300000000000000000e+01
7.000000000000000000e+00 1.450000000000000000e+02 2.050678690618450491e+04 6.000000000000000000e+00
6.300000000000000000e+01 1.550000000000000000e+02 2.098659895951207727e+04 1.200000000000000000e+01
2.500000000000000000e+01 1.690000000000000000e+02 2.198774646370056507e+04 1.300000000000000000e+01
4.100000000000000000e+01 1.600000000000000000e+02 2.377572025109120659e+04 8.000000000000000000e+00
8.000000000000000000e+01 1.700000000000000000e+02 2.470166747874449720e+04 1.400000000000000000e+01
4.700000000000000000e+01 5.900000000000000000e+01 2.583879492187500000e+04 2.000000000000000000e+00
9.300000000000000000e+01 1.720000000000000000e+02 2.587051507909326028e+04 1.500000000000000000e+01
1.580000000000000000e+02 1.670000000000000000e+02 2.608543609416536128e+04 2.400000000000000000e+01
4.900000000000000000e+01 1.630000000000000000e+02 2.661091400565027288e+04 3.000000000000000000e+00
0.000000000000000000e+00 1.660000000000000000e+02 2.662261872381652211e+04 2.600000000000000000e+01
1.710000000000000000e+02 1.760000000000000000e+02 2.948278857291663007e+04 1.100000000000000000e+01
1.750000000000000000e+02 1.770000000000000000e+02 3.546209325226047804e+04 5.000000000000000000e+01
1.680000000000000000e+02 1.790000000000000000e+02 3.995930916315088689e+04 5.600000000000000000e+01
7.100000000000000000e+01 1.740000000000000000e+02 4.283818881702327781e+04 1.600000000000000000e+01
1.780000000000000000e+02 1.800000000000000000e+02 4.513363923980690015e+04 6.700000000000000000e+01
2.200000000000000000e+01 5.200000000000000000e+01 4.553104687500000000e+04 2.000000000000000000e+00
1.620000000000000000e+02 1.810000000000000000e+02 4.781909962599875871e+04 2.300000000000000000e+01
1.730000000000000000e+02 1.830000000000000000e+02 5.697352888439291564e+04 4.000000000000000000e+00
4.300000000000000000e+01 1.850000000000000000e+02 6.216311001488583133e+04 5.000000000000000000e+00
1.820000000000000000e+02 1.860000000000000000e+02 7.182131656320665206e+04 7.200000000000000000e+01
1.840000000000000000e+02 1.870000000000000000e+02 9.487851993051354657e+04 9.500000000000000000e+01
