6.800000000000000000e+01 7.800000000000000000e+01 1.476101681091495443e+01 2.000000000000000000e+00
2.500000000000000000e+01 7.100000000000000000e+01 1.641923258137599007e+01 2.000000000000000000e+00
2.100000000000000000e+01 8.200000000000000000e+01 1.705704948133711696e+01 2.000000000000000000e+00
5.100000000000000000e+01 8.500000000000000000e+01 1.720341728689106020e+01 2.000000000000000000e+00
2.700000000000000000e+01 8.400000000000000000e+01 1.739115272007669333e+01 2.000000000000000000e+00
8.000000000000000000e+00 1.400000000000000000e+01 1.748546421351551672e+01 2.000000000000000000e+00
1.160000000000000000e+02 1.410000000000000000e+02 1.767943429268046529e+01 2.000000000000000000e+00
7.900000000000000000e+01 1.310000000000000000e+02 1.893744724080354658e+01 2.000000000000000000e+00
1.340000000000000000e+02 1.430000000000000000e+02 2.012682212924827496e+01 2.000000000000000000e+00
6.200000000000000000e+01 6.300000000000000000e+01 2.018831480748658436e+01 2.000000000000000000e+00
4.500000000000000000e+01 1.020000000000000000e+02 2.049639585273349596e+01 2.000000000000000000e+00
1.600000000000000000e+01 8.600000000000000000e+01 2.054219670884275928e+01 2.000000000000000000e+00
4.900000000000000000e+01 1.220000000000000000e+02 2.061630408122211833e+01 2.000000000000000000e+00
1.510000000000000000e+02 1.540000000000000000e+02 2.219029519760155011e+01 4.000000000000000000e+00
1.210000000000000000e+02 1.530000000000000000e+02 2.336733099587866391e+01 3.000000000000000000e+00
1.300000000000000000e+02 1.420000000000000000e+02 2.418488872070302875e+01 2.000000000000000000e+00
5.000000000000000000e+00 3.100000000000000000e+01 2.479591568492742226e+01 2.000000000000000000e+00
1.300000000000000000e+01 1.580000000000000000e+02 2.492396334556854143e+01 3.000000000000000000e+00
1.030000000000000000e+02 1.630000000000000000e+02 2.528833786932443672e+01 4.000000000000000000e+00
7.600000000000000000e+01 1.560000000000000000e+02 2.636948490694186020e+01 3.000000000000000000e+00
9.000000000000000000e+00 1.520000000000000000e+02 2.668522843575704329e+01 3.000000000000000000e+00
2.200000000000000000e+01 1.480000000000000000e+02 2.745009221596452775e+01 2.000000000000000000e+00
3.900000000000000000e+01 1.660000000000000000e+02 2.800795150042609905e+01 4.000000000000000000e+00
1.200000000000000000e+01 3.600000000000000000e+01 2.886025948183039702e+01 2.000000000000000000e+00
4.100000000000000000e+01 1.360000000000000000e+02 2.892250498314033891e+01 2.000000000000000000e+00
6.400000000000000000e+01 1.690000000000000000e+02 2.917568952218378797e+01 4.000000000000000000e+00
1.000000000000000000e+00 1.180000000000000000e+02 2.938221069684202646e+01 2.000000000000000000e+00
0.000000000000000000e+00 1.100000000000000000e+01 3.040198930985192760e+01 2.000000000000000000e+00
6.600000000000000000e+01 1.460000000000000000e+02 3.068859632938692528e+01 2.000000000000000000e+00
7.500000000000000000e+01 9.800000000000000000e+01 3.101970250712089694e+01 2.000000000000000000e+00
1.170000000000000000e+02 1.650000000000000000e+02 3.120866307089166725e+01 3.000000000000000000e+00
8.000000000000000000e+01 1.330000000000000000e+02 3.398614947869941005e+01 2.000000000000000000e+00
7.200000000000000000e+01 1.100000000000000000e+02 3.461962408503956823e+01 2.000000000000000000e+00
1.280000000000000000e+02 1.670000000000000000e+02 3.462474173297989211e+01 5.000000000000000000e+00
1.590000000000000000e+02 1.730000000000000000e+02 3.481607860657483400e+01 4.000000000000000000e+00
2.000000000000000000e+01 7.700000000000000000e+01 3.568896939917903666e+01 2.000000000000000000e+00
1.010000000000000000e+02 1.190000000000000000e+02 3.575592445695687616e+01 2.000000000000000000e+00
1.390000000000000000e+02 1.740000000000000000e+02 3.594693726110317300e+01 5.000000000000000000e+00
1.260000000000000000e+02 1.770000000000000000e+02 3.625516614037100993e+01 3.000000000000000000e+00
9.200000000000000000e+01 1.820000000000000000e+02 3.644469270958012430e+01 6.000000000000000000e+00
1.620000000000000000e+02 1.710000000000000000e+02 3.668641689643210668e+01 8.000000000000000000e+00
1.800000000000000000e+01 1.350000000000000000e+02 3.745948324432374221e+01 2.000000000000000000e+00
3.500000000000000000e+01 7.300000000000000000e+01 3.746950561003338720e+01 2.000000000000000000e+00
1.490000000000000000e+02 1.680000000000000000e+02 3.809602865105414793e+01 5.000000000000000000e+00
1.500000000000000000e+02 1.780000000000000000e+02 3.879064318515936804e+01 4.000000000000000000e+00
8.700000000000000000e+01 1.610000000000000000e+02 3.888404108877996634e+01 3.000000000000000000e+00
1.240000000000000000e+02 1.470000000000000000e+02 3.939158308527168373e+01 2.000000000000000000e+00
1.750000000000000000e+02 1.940000000000000000e+02 4.017009118114411592e+01 5.000000000000000000e+00
1.000000000000000000e+02 1.850000000000000000e+02 4.051177448767505496e+01 3.000000000000000000e+00
1.320000000000000000e+02 1.790000000000000000e+02 4.151456257183669152e+01 4.000000000000000000e+00
1.050000000000000000e+02 1.950000000000000000e+02 4.198899016153730912e+01 3.000000000000000000e+00
9.600000000000000000e+01 1.270000000000000000e+02 4.253277253857116591e+01 2.000000000000000000e+00
8.300000000000000000e+01 8.800000000000000000e+01 4.346044616762492296e+01 2.000000000000000000e+00
5.200000000000000000e+01 9.500000000000000000e+01 4.383176043117783394e+01 2.000000000000000000e+00
1.140000000000000000e+02 1.380000000000000000e+02 4.401097480308333587e+01 2.000000000000000000e+00
1.700000000000000000e+01 5.000000000000000000e+01 4.440739498893209003e+01 2.000000000000000000e+00
5.900000000000000000e+01 2.020000000000000000e+02 4.483944613177310856e+01 3.000000000000000000e+00
5.800000000000000000e+01 1.090000000000000000e+02 4.509688887428323767e+01 2.000000000000000000e+00
1.900000000000000000e+01 9.700000000000000000e+01 4.512939810513892525e+01 2.000000000000000000e+00
6.700000000000000000e+01 1.870000000000000000e+02 4.561922938460639187e+01 4.000000000000000000e+00
6.500000000000000000e+01 1.840000000000000000e+02 4.613278415919117492e+01 3.000000000000000000e+00
3.000000000000000000e+01 5.500000000000000000e+01 4.618661427617782067e+01 2.000000000000000000e+00
1.910000000000000000e+02 2.070000000000000000e+02 4.630886713152876411e+01 4.000000000000000000e+00
7.000000000000000000e+00 1.810000000000000000e+02 4.753619620598514217e+01 3.000000000000000000e+00
4.600000000000000000e+01 1.980000000000000000e+02 4.816305781631185567e+01 5.000000000000000000e+00
4.000000000000000000e+01 2.080000000000000000e+02 4.822053701325459940e+01 5.000000000000000000e+00
3.200000000000000000e+01 3.700000000000000000e+01 4.997964907349012265e+01 2.000000000000000000e+00
5.400000000000000000e+01 1.800000000000000000e+02 5.019982841957081376e+01 3.000000000000000000e+00
1.250000000000000000e+02 1.900000000000000000e+02 5.192264331720063097e+01 3.000000000000000000e+00
7.400000000000000000e+01 1.290000000000000000e+02 5.201088157781938293e+01 2.000000000000000000e+00
1.110000000000000000e+02 1.570000000000000000e+02 5.442056002550772575e+01 3.000000000000000000e+00
5.600000000000000000e+01 1.370000000000000000e+02 5.457695243272950592e+01 2.000000000000000000e+00
7.000000000000000000e+01 1.640000000000000000e+02 5.474060743836410126e+01 3.000000000000000000e+00
6.000000000000000000e+01 1.760000000000000000e+02 5.514225526147375689e+01 3.000000000000000000e+00
9.900000000000000000e+01 2.030000000000000000e+02 5.517383792394358011e+01 3.000000000000000000e+00
2.900000000000000000e+01 9.100000000000000000e+01 5.558030997360192771e+01 2.000000000000000000e+00
2.400000000000000000e+01 1.150000000000000000e+02 5.628896722272918396e+01 2.000000000000000000e+00
1.880000000000000000e+02 2.060000000000000000e+02 5.635958365197576114e+01 8.000000000000000000e+00
1.700000000000000000e+02 1.830000000000000000e+02 5.709769534135155311e+01 6.000000000000000000e+00
3.000000000000000000e+00 9.000000000000000000e+01 5.867045555336196117e+01 2.000000000000000000e+00
3.300000000000000000e+01 3.800000000000000000e+01 5.869336167678697080e+01 2.000000000000000000e+00
8.900000000000000000e+01 1.720000000000000000e+02 5.917434832229871233e+01 3.000000000000000000e+00
9.300000000000000000e+01 1.550000000000000000e+02 5.956182292293060954e+01 3.000000000000000000e+00
1.890000000000000000e+02 1.960000000000000000e+02 5.958783459912926617e+01 1.300000000000000000e+01
1.970000000000000000e+02 2.150000000000000000e+02 5.966412464790017367e+01 5.000000000000000000e+00
1.450000000000000000e+02 2.100000000000000000e+02 6.130977895484922158e+01 3.000000000000000000e+00
4.400000000000000000e+01 6.900000000000000000e+01 6.158342907178418812e+01 2.000000000000000000e+00
1.400000000000000000e+02 2.240000000000000000e+02 6.301484700152223439e+01 3.000000000000000000e+00
6.000000000000000000e+00 2.340000000000000000e+02 6.360017561258768382e+01 4.000000000000000000e+00
1.600000000000000000e+02 2.040000000000000000e+02 6.571914503759208515e+01 4.000000000000000000e+00
1.930000000000000000e+02 2.270000000000000000e+02 6.592049017419482482e+01 1.000000000000000000e+01
2.110000000000000000e+02 2.230000000000000000e+02 6.647775548552463931e+01 7.000000000000000000e+00
1.500000000000000000e+01 2.300000000000000000e+01 6.849764478832557302e+01 2.000000000000000000e+00
2.140000000000000000e+02 2.320000000000000000e+02 6.875090383426407925e+01 1.800000000000000000e+01
1.990000000000000000e+02 2.090000000000000000e+02 7.034739631078578270e+01 6.000000000000000000e+00
2.000000000000000000e+00 2.180000000000000000e+02 7.068526122163865466e+01 3.000000000000000000e+00
2.000000000000000000e+02 2.350000000000000000e+02 7.094438253623241053e+01 4.000000000000000000e+00
8.100000000000000000e+01 2.290000000000000000e+02 7.170790517559542820e+01 3.000000000000000000e+00
2.120000000000000000e+02 2.260000000000000000e+02 7.437639983822676015e+01 1.100000000000000000e+01
2.600000000000000000e+01 2.330000000000000000e+02 7.555243584613572239e+01 6.000000000000000000e+00
2.800000000000000000e+01 2.360000000000000000e+02 7.636398604143782620e+01 4.000000000000000000e+00
1.920000000000000000e+02 2.310000000000000000e+02 7.729448214267048911e+01 8.000000000000000000e+00
1.130000000000000000e+02 2.210000000000000000e+02 7.905323468884787985e+01 4.000000000000000000e+00
5.700000000000000000e+01 2.470000000000000000e+02 7.920983775518513426e+01 1.200000000000000000e+01
2.130000000000000000e+02 2.420000000000000000e+02 8.043681294167703300e+01 2.300000000000000000e+01
2.170000000000000000e+02 2.370000000000000000e+02 8.150356341507281854e+01 7.000000000000000000e+00
1.120000000000000000e+02 1.860000000000000000e+02 8.196096482576996323e+01 6.000000000000000000e+00
2.160000000000000000e+02 2.200000000000000000e+02 8.265558213808434118e+01 5.000000000000000000e+00
2.250000000000000000e+02 2.520000000000000000e+02 8.373835739795325139e+01 1.400000000000000000e+01
2.190000000000000000e+02 2.500000000000000000e+02 8.661471852837834717e+01 1.100000000000000000e+01
1.440000000000000000e+02 2.010000000000000000e+02 8.765464290782682610e+01 3.000000000000000000e+00
4.200000000000000000e+01 1.070000000000000000e+02 8.902796876411960625e+01 2.000000000000000000e+00
2.400000000000000000e+02 2.480000000000000000e+02 8.961331961441483429e+01 1.300000000000000000e+01
2.050000000000000000e+02 2.440000000000000000e+02 8.970198787150670228e+01 6.000000000000000000e+00
2.410000000000000000e+02 2.560000000000000000e+02 9.002878095912275569e+01 7.000000000000000000e+00
2.300000000000000000e+02 2.460000000000000000e+02 9.007378160217619723e+01 6.000000000000000000e+00
4.300000000000000000e+01 2.490000000000000000e+02 9.502339233830967657e+01 5.000000000000000000e+00
4.000000000000000000e+00 4.800000000000000000e+01 9.511551147971252362e+01 2.000000000000000000e+00
9.400000000000000000e+01 1.200000000000000000e+02 9.822863389791930899e+01 2.000000000000000000e+00
3.400000000000000000e+01 2.610000000000000000e+02 9.855069587171365697e+01 1.400000000000000000e+01
2.220000000000000000e+02 2.640000000000000000e+02 1.007649497146219773e+02 9.000000000000000000e+00
2.280000000000000000e+02 2.600000000000000000e+02 1.015600136511024374e+02 4.000000000000000000e+00
1.040000000000000000e+02 2.540000000000000000e+02 1.087651913526244414e+02 8.000000000000000000e+00
2.390000000000000000e+02 2.550000000000000000e+02 1.098414866804474457e+02 1.600000000000000000e+01
2.650000000000000000e+02 2.690000000000000000e+02 1.103301434522572038e+02 1.400000000000000000e+01
1.060000000000000000e+02 2.670000000000000000e+02 1.134779060823910584e+02 3.000000000000000000e+00
2.380000000000000000e+02 2.720000000000000000e+02 1.198067726308062362e+02 2.000000000000000000e+01
2.680000000000000000e+02 2.730000000000000000e+02 1.219198297479278779e+02 2.800000000000000000e+01
4.700000000000000000e+01 2.700000000000000000e+02 1.223500393664766506e+02 5.000000000000000000e+00
1.000000000000000000e+01 2.710000000000000000e+02 1.241836001976949717e+02 9.000000000000000000e+00
5.300000000000000000e+01 1.080000000000000000e+02 1.302530998752617961e+02 2.000000000000000000e+00
2.530000000000000000e+02 2.630000000000000000e+02 1.335908744700666659e+02 3.000000000000000000e+01
2.430000000000000000e+02 2.450000000000000000e+02 1.404148693416765923e+02 1.000000000000000000e+01
2.620000000000000000e+02 2.770000000000000000e+02 1.474952567287866145e+02 1.100000000000000000e+01
2.590000000000000000e+02 2.750000000000000000e+02 1.518803495401759562e+02 2.300000000000000000e+01
2.570000000000000000e+02 2.780000000000000000e+02 1.660621030812143886e+02 2.300000000000000000e+01
2.580000000000000000e+02 2.790000000000000000e+02 1.666825360238380540e+02 1.300000000000000000e+01
2.660000000000000000e+02 2.820000000000000000e+02 1.678020664554494772e+02 1.300000000000000000e+01
2.510000000000000000e+02 2.850000000000000000e+02 1.780535877059771508e+02 1.700000000000000000e+01
2.800000000000000000e+02 2.810000000000000000e+02 2.130669095389118297e+02 4.000000000000000000e+01
2.760000000000000000e+02 2.860000000000000000e+02 2.131424295098719028e+02 4.100000000000000000e+01
2.740000000000000000e+02 2.830000000000000000e+02 2.361144568553870045e+02 2.600000000000000000e+01
2.840000000000000000e+02 2.880000000000000000e+02 2.601662026328890533e+02 6.300000000000000000e+01
6.100000000000000000e+01 2.890000000000000000e+02 2.751976372079374755e+02 4.200000000000000000e+01
1.230000000000000000e+02 2.900000000000000000e+02 3.215522355317533538e+02 2.700000000000000000e+01
2.910000000000000000e+02 2.920000000000000000e+02 3.593834767194813367e+02 1.050000000000000000e+02
2.870000000000000000e+02 2.930000000000000000e+02 4.576070997555997337e+02 4.400000000000000000e+01
2.940000000000000000e+02 2.950000000000000000e+02 7.745501944872178228e+02 1.490000000000000000e+02
