5.604766845703125000e+02
4.614962402343750000e+03
3.866756103515625000e+03
1.147031127929687500e+03
1.963198608398437500e+03
3.863000976562500000e+03
3.431873535156250000e+03
1.036675292968750000e+04
7.762569580078125000e+02
1.848338378906250000e+03
3.337606933593750000e+03
2.675708984375000000e+03
6.239616699218750000e+02
2.032017822265625000e+02
6.407333984375000000e+03
4.333686035156250000e+03
4.014961181640625000e+03
2.403398681640625000e+03
2.806708984375000000e+03
2.607421142578125000e+03
3.421658203125000000e+03
5.819905273437500000e+03
3.611761328125000000e+04
7.787169921875000000e+03
3.054149414062500000e+03
2.996313476562500000e+02
3.474275878906250000e+03
4.706116210937500000e+03
7.415515136718750000e+02
2.993909179687500000e+03
1.958352172851562500e+03
3.386865722656250000e+03
5.896500488281250000e+03
7.333209472656250000e+03
2.573560302734375000e+03
9.196618652343750000e+02
2.884732666015625000e+02
5.099573730468750000e+03
5.042734375000000000e+03
2.330714599609375000e+03
5.848070312500000000e+03
4.522531738281250000e+03
1.110868652343750000e+03
7.026131347656250000e+03
1.385690673828125000e+03
3.732528808593750000e+03
1.071144287109375000e+03
4.491427734375000000e+03
6.187279296875000000e+03
1.770991088867187500e+03
2.689615234375000000e+03
3.188792480468750000e+03
2.380645263671875000e+03
8.704586181640625000e+02
6.181960937500000000e+03
8.782634277343750000e+02
4.558053222656250000e+03
1.410698608398437500e+03
1.619650146484375000e+03
1.690688842773437500e+03
1.753832641601562500e+03
1.351262695312500000e+04
5.351613769531250000e+02
4.243544433593750000e+03
5.497598144531250000e+03
1.301186328125000000e+04
1.095679199218750000e+03
1.130079956054687500e+03
2.240973388671875000e+03
1.020611816406250000e+03
3.946434570312500000e+03
2.110996582031250000e+03
3.711385253906250000e+03
4.598255859375000000e+03
2.874941406250000000e+03
3.604679199218750000e+03
7.402490234375000000e+02
1.814024047851562500e+03
3.546483886718750000e+03
2.807832763671875000e+03
8.857614257812500000e+03
5.754027099609375000e+02
1.576936279296875000e+03
1.931987915039062500e+03
2.511399658203125000e+03
5.514896240234375000e+02
8.044758300781250000e+02
2.153930419921875000e+03
3.751904785156250000e+03
3.137879638671875000e+03
1.458138916015625000e+03
2.404233886718750000e+03
2.065108398437500000e+03
2.647682617187500000e+03
5.147140625000000000e+03
3.429012500000000000e+04
5.859745117187500000e+03
2.174322998046875000e+03
5.614274902343750000e+02
3.210639892578125000e+03
3.893526855468750000e+03
3.228369140625000000e+02
3.005607910156250000e+03
1.298865478515625000e+03
3.018054687500000000e+03
4.813979003906250000e+03
2.581960449218750000e+03
1.494202026367187500e+03
4.574409179687500000e+02
3.675139160156250000e+02
3.542292236328125000e+03
4.292950195312500000e+03
1.917799194335937500e+03
4.940742675781250000e+03
3.305792968750000000e+03
6.749897460937500000e+02
5.112579589843750000e+03
8.738154296875000000e+02
2.650035400390625000e+03
4.939135742187500000e+02
3.337133300781250000e+03
4.804716308593750000e+03
1.411613891601562500e+03
2.435689453125000000e+03
2.477659667968750000e+03
1.528582885742187500e+03
5.479592285156250000e+02
5.056230957031250000e+03
7.641691894531250000e+02
4.048945556640625000e+03
8.692473144531250000e+02
1.198538085937500000e+03
1.292198364257812500e+03
8.729014892578125000e+02
1.196866015625000000e+04
6.884149169921875000e+02
2.838165039062500000e+03
4.023100097656250000e+03
1.077512695312500000e+04
7.843751220703125000e+02
5.506960449218750000e+02
1.461997558593750000e+03
7.622111816406250000e+02
3.265514648437500000e+03
1.149109497070312500e+03
3.323217773437500000e+03
4.084263183593750000e+03
7.496993164062500000e+03
3.092489013671875000e+03
6.030014648437500000e+03
7.809025878906250000e+03
6.214056640625000000e+03
1.241789941406250000e+04
3.551117431640625000e+03
7.742804199218750000e+03
3.806026611328125000e+03
6.842927734375000000e+03
4.703008789062500000e+03
5.204325683593750000e+03
7.587003906250000000e+03
7.515189941406250000e+03
6.294238281250000000e+03
3.977329833984375000e+03
6.807860351562500000e+03
5.521427734375000000e+03
4.661557617187500000e+03
9.972048828125000000e+03
4.180909765625000000e+04
1.024226757812500000e+04
5.057255859375000000e+03
3.757534667968750000e+03
7.194099609375000000e+03
8.735126953125000000e+03
3.567890380859375000e+03
7.621616699218750000e+03
6.265583007812500000e+03
7.398812011718750000e+03
8.051205078125000000e+03
8.247525390625000000e+03
1.891288818359375000e+03
3.438481201171875000e+03
3.512320312500000000e+03
1.063825561523437500e+03
7.776714843750000000e+03
5.433791992187500000e+03
8.536519531250000000e+03
4.101353027343750000e+03
4.092739990234375000e+03
8.005843750000000000e+03
5.007653808593750000e+03
5.906005859375000000e+03
3.552064208984375000e+03
5.491820312500000000e+03
5.507785156250000000e+03
4.204109863281250000e+03
6.713792968750000000e+03
6.028344238281250000e+03
1.460122192382812500e+03
3.139558837890625000e+03
1.131687890625000000e+04
3.099616699218750000e+03
8.455211914062500000e+03
3.026785156250000000e+03
4.067735839843750000e+03
3.950426757812500000e+03
4.014235351562500000e+03
1.585744335937500000e+04
5.232386718750000000e+03
5.268304687500000000e+03
6.437358398437500000e+03
1.447472558593750000e+04
3.452277832031250000e+03
3.286210693359375000e+03
2.950759277343750000e+03
4.635382324218750000e+03
6.862156250000000000e+03
2.939765380859375000e+03
7.616664062500000000e+03
7.790232910156250000e+03
5.307110839843750000e+03
3.442642578125000000e+03
1.938713256835937500e+03
2.447259277343750000e+03
1.635561914062500000e+04
3.815741699218750000e+03
4.613729492187500000e+03
6.932001953125000000e+03
1.583349609375000000e+03
3.395383056640625000e+03
4.297680664062500000e+03
7.081430664062500000e+03
7.846124023437500000e+03
2.685451416015625000e+03
5.790957519531250000e+03
2.279771972656250000e+03
1.858495239257812500e+03
6.843192382812500000e+03
7.645141601562500000e+03
4.094028125000000000e+04
5.824600097656250000e+03
6.642166992187500000e+03
4.080192382812500000e+03
6.577253417968750000e+02
1.388824218750000000e+03
4.402151855468750000e+03
1.396522216796875000e+03
5.467640625000000000e+03
2.407684814453125000e+03
2.817954345703125000e+03
7.235176757812500000e+03
5.795918945312500000e+03
4.437778808593750000e+03
4.044896484375000000e+03
8.755685546875000000e+03
2.978533203125000000e+03
1.830218383789062500e+03
1.419721923828125000e+03
8.388197265625000000e+03
4.170846679687500000e+03
1.197422656250000000e+04
4.256747070312500000e+03
1.423823120117187500e+03
3.821058105468750000e+03
8.089870605468750000e+03
1.143609570312500000e+04
5.574550781250000000e+03
2.289991699218750000e+03
5.118066406250000000e+02
5.439062011718750000e+03
4.590434082031250000e+03
2.120995605468750000e+03
5.129163085937500000e+03
1.149469116210937500e+03
5.454324218750000000e+03
5.468449707031250000e+03
4.506702636718750000e+03
4.470903320312500000e+03
8.517267578125000000e+03
4.588630859375000000e+03
9.263535156250000000e+03
1.056133789062500000e+04
7.577996093750000000e+03
5.077605468750000000e+03
4.265099609375000000e+03
5.658633789062500000e+03
3.920937500000000000e+03
2.099927246093750000e+03
5.636865722656250000e+03
6.506075439453125000e+02
1.536559204101562500e+03
3.450405761718750000e+03
5.421500976562500000e+03
4.703645019531250000e+03
9.541409179687500000e+03
9.987548828125000000e+02
3.284290039062500000e+03
2.786596923828125000e+03
4.598797851562500000e+03
1.521752197265625000e+03
1.396673095703125000e+03
7.588479492187500000e+03
4.148276367187500000e+03
5.315062011718750000e+03
1.717477539062500000e+03
4.410041992187500000e+03
3.952174072265625000e+03
3.568497802734375000e+03
7.392550781250000000e+03
3.783347656250000000e+04
9.838052734375000000e+03
2.725991210937500000e+03
7.403471679687500000e+02
5.312181640625000000e+03
5.743071289062500000e+03
8.454829101562500000e+02
4.935229492187500000e+03
2.115758544921875000e+03
4.940170898437500000e+03
7.059977539062500000e+03
9.131281250000000000e+03
1.631879150390625000e+03
6.820092773437500000e+02
9.697850341796875000e+02
3.705841796875000000e+03
6.229713867187500000e+03
3.991675292968750000e+03
6.715504882812500000e+03
3.074864746093750000e+03
1.340882812500000000e+03
6.229726562500000000e+03
1.687694580078125000e+03
4.878184570312500000e+03
8.659672851562500000e+02
4.282618652343750000e+03
3.766666259765625000e+03
1.442966064453125000e+03
4.180829589843750000e+03
4.603100097656250000e+03
1.940019775390625000e+03
6.537816162109375000e+02
7.359101562500000000e+03
6.970876464843750000e+02
6.014654296875000000e+03
7.588203125000000000e+02
1.007831298828125000e+03
1.487483154296875000e+03
1.345820068359375000e+03
1.449418750000000000e+04
1.211045776367187500e+03
2.307322998046875000e+03
4.368824707031250000e+03
1.379004882812500000e+04
7.557480468750000000e+02
1.044649658203125000e+03
1.411046508789062500e+03
1.509049316406250000e+03
5.275448242187500000e+03
8.044919433593750000e+02
5.623362304687500000e+03
5.993022460937500000e+03
3.823991210937500000e+03
2.981721435546875000e+03
1.197090136718750000e+04
1.830480590820312500e+03
1.884445922851562500e+03
4.716583007812500000e+03
2.826709960937500000e+03
1.887971313476562500e+03
2.327145996093750000e+03
5.290054687500000000e+03
6.655538085937500000e+03
3.376118896484375000e+03
2.868698242187500000e+03
2.340036376953125000e+03
2.228038574218750000e+03
4.926429687500000000e+03
5.090263183593750000e+03
2.985340625000000000e+04
7.641441406250000000e+03
4.306833496093750000e+03
2.462910888671875000e+03
3.210656494140625000e+03
3.701312500000000000e+03
2.099077148437500000e+03
2.885699218750000000e+03
3.180093017578125000e+03
3.053646484375000000e+03
5.213053710937500000e+03
5.754597656250000000e+03
4.494886718750000000e+03
2.665636230468750000e+03
2.183457031250000000e+03
7.343275390625000000e+03
4.180787109375000000e+03
2.162925292968750000e+03
4.628790039062500000e+03
5.597644531250000000e+03
2.240613281250000000e+03
9.394722656250000000e+03
2.505125732421875000e+03
2.985284179687500000e+03
1.935751953125000000e+03
5.745583984375000000e+03
8.287312500000000000e+03
2.993866210937500000e+03
2.594353271484375000e+03
2.631218750000000000e+03
3.980311035156250000e+03
2.805780761718750000e+03
4.604463867187500000e+03
2.917013427734375000e+03
3.766937011718750000e+03
3.040410156250000000e+03
3.154849365234375000e+03
2.551617187500000000e+03
2.498315673828125000e+03
1.184416601562500000e+04
2.401265869140625000e+03
6.280062500000000000e+03
7.519326171875000000e+03
1.118399804687500000e+04
3.182774902343750000e+03
1.951671142578125000e+03
4.076554931640625000e+03
1.974567993164062500e+03
3.495922851562500000e+03
3.404955566406250000e+03
3.474973388671875000e+03
3.913780273437500000e+03
1.929666259765625000e+03
1.596454492187500000e+04
3.798134521484375000e+03
4.675701171875000000e+03
6.715858398437500000e+03
1.889475219726562500e+03
3.479071289062500000e+03
3.991347412109375000e+03
6.902104492187500000e+03
8.667064453125000000e+03
3.941993652343750000e+03
5.685967773437500000e+03
2.012754760742187500e+03
1.613580444335937500e+03
7.178955566406250000e+03
5.740709960937500000e+03
3.994592968750000000e+04
5.523241210937500000e+03
6.600168945312500000e+03
4.183987792968750000e+03
1.358000732421875000e+03
2.441678466796875000e+03
4.297465820312500000e+03
1.200298583984375000e+03
5.331352539062500000e+03
1.908713745117187500e+03
3.874322021484375000e+03
7.130466796875000000e+03
5.869587402343750000e+03
4.455661132812500000e+03
3.773830810546875000e+03
9.006808593750000000e+03
2.566425781250000000e+03
1.578635986328125000e+03
2.854761230468750000e+03
8.245852539062500000e+03
4.084779785156250000e+03
1.039983007812500000e+04
3.963744628906250000e+03
1.375456665039062500e+03
4.060921386718750000e+03
8.331201171875000000e+03
1.023056250000000000e+04
4.973453125000000000e+03
1.872499877929687500e+03
1.397307006835937500e+03
5.691056152343750000e+03
4.897840820312500000e+03
1.841320312500000000e+03
5.185707031250000000e+03
1.553428588867187500e+03
5.159995117187500000e+03
5.729992187500000000e+03
4.131158691406250000e+03
4.544702148437500000e+03
8.490355468750000000e+03
4.079624023437500000e+03
8.580054687500000000e+03
9.844683593750000000e+03
7.968440429687500000e+03
4.620651855468750000e+03
4.018118164062500000e+03
5.234141601562500000e+03
3.867391601562500000e+03
2.270896240234375000e+03
5.481441406250000000e+03
1.625451416015625000e+03
1.385142211914062500e+03
1.580514941406250000e+04
3.126290771484375000e+03
4.095922851562500000e+03
6.034927734375000000e+03
2.274261230468750000e+03
2.903382812500000000e+03
3.701675537109375000e+03
5.482107421875000000e+03
7.286345214843750000e+03
3.470546386718750000e+03
4.814567871093750000e+03
8.111818847656250000e+02
6.739869384765625000e+02
6.436437988281250000e+03
3.516559570312500000e+03
3.490896484375000000e+04
4.011387695312500000e+03
6.086273437500000000e+03
3.555415771484375000e+03
1.741722900390625000e+03
2.708807861328125000e+03
3.772533691406250000e+03
1.248854370117187500e+03
4.596645507812500000e+03
4.253183593750000000e+02
4.088985107421875000e+03
5.356656250000000000e+03
4.981503906250000000e+03
3.796782714843750000e+03
3.354791503906250000e+03
7.020870117187500000e+03
9.113437500000000000e+02
3.706060791015625000e+02
2.754020019531250000e+03
7.368499511718750000e+03
3.607315429687500000e+03
1.029079882812500000e+04
3.503080810546875000e+03
1.180261474609375000e+03
3.294880859375000000e+03
7.979540039062500000e+03
9.192039062500000000e+03
4.395796386718750000e+03
5.770708007812500000e+02
1.367467285156250000e+03
4.725130371093750000e+03
4.068444335937500000e+03
2.738354980468750000e+03
4.589410156250000000e+03
1.749520019531250000e+03
4.313715332031250000e+03
4.594714843750000000e+03
3.437101806640625000e+03
3.827070800781250000e+03
6.962192871093750000e+03
3.829755371093750000e+03
8.157587890625000000e+03
9.236671875000000000e+03
6.376210937500000000e+03
4.264510253906250000e+03
3.274772460937500000e+03
5.235980468750000000e+03
3.064999267578125000e+03
9.971779785156250000e+02
4.733903320312500000e+03
2.014199584960937500e+03
1.634241821289062500e+03
9.936469726562500000e+03
1.046008593750000000e+04
5.446121093750000000e+03
1.480403125000000000e+04
1.013718652343750000e+04
1.074699316406250000e+04
1.573626367187500000e+04
1.074597070312500000e+04
1.598144335937500000e+04
9.976485351562500000e+03
1.443693261718750000e+04
1.460272363281250000e+04
6.775982910156250000e+03
1.738831835937500000e+04
2.739165429687500000e+04
2.096158398437500000e+04
7.293092285156250000e+03
8.927827148437500000e+03
1.573401562500000000e+04
1.587184179687500000e+04
9.140623046875000000e+03
1.526199609375000000e+04
7.908104980468750000e+03
1.547316796875000000e+04
1.826578710937500000e+04
1.842035937500000000e+04
7.207354492187500000e+03
8.358461914062500000e+03
9.041681640625000000e+03
1.121588476562500000e+04
1.735568750000000000e+04
1.458055566406250000e+04
1.762377734375000000e+04
7.424740234375000000e+03
1.045119140625000000e+04
6.895544921875000000e+03
8.940193359375000000e+03
1.543751855468750000e+04
9.270939453125000000e+03
6.428211914062500000e+03
1.457869628906250000e+04
9.118014648437500000e+03
1.487073632812500000e+04
1.504903710937500000e+04
1.033622070312500000e+04
8.294492187500000000e+03
2.032218359375000000e+04
7.446652343750000000e+03
1.616496484375000000e+04
9.192376953125000000e+03
8.751723632812500000e+03
1.045201757812500000e+04
8.344408203125000000e+03
2.637914062500000000e+04
1.051565527343750000e+04
1.183436328125000000e+04
5.940841796875000000e+03
2.542613476562500000e+04
8.310315429687500000e+03
9.312937500000000000e+03
6.978224609375000000e+03
8.514314453125000000e+03
1.605182421875000000e+04
7.879021972656250000e+03
1.573194433593750000e+04
1.684552734375000000e+04
2.140832519531250000e+03
2.924514160156250000e+03
2.795322753906250000e+03
1.023255126953125000e+03
1.065061767578125000e+03
5.013488281250000000e+03
3.862125488281250000e+03
3.319240966796875000e+03
1.291491943359375000e+03
2.584805664062500000e+03
2.413231445312500000e+03
3.427002441406250000e+03
4.942403808593750000e+03
3.541401562500000000e+04
7.829828125000000000e+03
2.715718261718750000e+03
1.016978759765625000e+03
3.469924072265625000e+03
3.733626708984375000e+03
3.369426269531250000e+02
3.083542236328125000e+03
2.036239501953125000e+03
3.102784667968750000e+03
5.186081054687500000e+03
6.363376464843750000e+03
2.560148193359375000e+03
9.589840087890625000e+02
9.131815185546875000e+02
4.763670898437500000e+03
3.880704589843750000e+03
2.472854980468750000e+03
4.670248046875000000e+03
3.168988281250000000e+03
6.299616699218750000e+02
7.190134765625000000e+03
1.464114746093750000e+03
2.930480224609375000e+03
6.485964355468750000e+02
4.155923828125000000e+03
4.742388183593750000e+03
1.096490478515625000e+03
2.587775634765625000e+03
2.975406005859375000e+03
2.182111328125000000e+03
1.232243530273437500e+03
4.753453613281250000e+03
9.537810058593750000e+02
3.891351074218750000e+03
7.985947265625000000e+02
1.089364501953125000e+03
6.846220703125000000e+02
1.194650634765625000e+03
1.132159960937500000e+04
8.566645507812500000e+02
2.416371337890625000e+03
4.804800292968750000e+03
1.145898730468750000e+04
1.007733886718750000e+03
5.162414550781250000e+02
2.133347167968750000e+03
9.045444335937500000e+02
3.686545166015625000e+03
1.221754638671875000e+03
3.618137207031250000e+03
3.998222900390625000e+03
3.548585449218750000e+03
3.522454101562500000e+03
1.025433227539062500e+03
2.247751220703125000e+03
7.089118164062500000e+03
7.038155273437500000e+03
4.691321289062500000e+03
2.822016357421875000e+03
3.461188476562500000e+03
3.251616699218750000e+03
3.469261230468750000e+03
6.128187500000000000e+03
2.525616601562500000e+04
8.872205078125000000e+03
2.683198730468750000e+03
2.242280273437500000e+03
4.286633789062500000e+03
5.307653320312500000e+03
1.978825195312500000e+03
3.694884277343750000e+03
1.536572265625000000e+03
4.018388183593750000e+03
6.604977539062500000e+03
7.811885253906250000e+03
4.349660156250000000e+03
2.607733642578125000e+03
1.973869873046875000e+03
8.690244140625000000e+03
5.398359375000000000e+03
2.996732910156250000e+03
6.215827636718750000e+03
5.137779296875000000e+03
2.804101806640625000e+03
6.819883789062500000e+03
2.144829101562500000e+03
4.089806884765625000e+03
1.878948730468750000e+03
4.406389160156250000e+03
8.069199218750000000e+03
3.013877441406250000e+03
3.473248046875000000e+03
3.779817138671875000e+03
4.785537109375000000e+03
2.857886474609375000e+03
6.536760253906250000e+03
2.760012451171875000e+03
5.020154296875000000e+03
3.149056152343750000e+03
2.774412597656250000e+03
3.353157226562500000e+03
1.699414550781250000e+03
1.363029003906250000e+04
2.417727050781250000e+03
6.294833984375000000e+03
5.371359375000000000e+03
1.340083789062500000e+04
2.456216064453125000e+03
2.047903320312500000e+03
3.699387207031250000e+03
1.429762939453125000e+03
4.684053710937500000e+03
3.069333984375000000e+03
4.354007812500000000e+03
5.053151367187500000e+03
5.467897460937500000e+03
2.854193603515625000e+03
4.026344238281250000e+03
6.270799804687500000e+03
5.938735351562500000e+03
6.301277343750000000e+03
3.379626464843750000e+03
5.494150390625000000e+03
4.999808593750000000e+03
7.117517089843750000e+02
8.273010742187500000e+03
3.190581250000000000e+04
9.503553710937500000e+03
1.007504882812500000e+03
2.679395507812500000e+03
6.247330566406250000e+03
7.704499511718750000e+03
2.429518798828125000e+03
6.852472656250000000e+03
2.601879394531250000e+03
6.281525878906250000e+03
8.115888183593750000e+03
6.983119140625000000e+03
1.265828125000000000e+03
2.249353271484375000e+03
2.346113281250000000e+03
3.634329101562500000e+03
7.465532226562500000e+03
4.798980468750000000e+03
8.387712890625000000e+03
2.090514404296875000e+03
3.631208251953125000e+03
1.780885498046875000e+03
2.767332519531250000e+03
5.709091796875000000e+03
2.537655517578125000e+03
6.143564453125000000e+02
6.280857910156250000e+03
3.065170410156250000e+03
5.636873535156250000e+03
5.307516601562500000e+03
2.838403320312500000e+03
2.292950927734375000e+03
1.059893750000000000e+04
1.931645874023437500e+03
7.743979492187500000e+03
2.776795898437500000e+03
2.960058349609375000e+03
3.709364013671875000e+03
2.280476318359375000e+03
1.529076367187500000e+04
3.999558105468750000e+03
5.108644531250000000e+03
1.490324462890625000e+03
1.395517578125000000e+04
2.382075683593750000e+03
2.569437744140625000e+03
1.623251708984375000e+03
2.414159423828125000e+03
6.296528320312500000e+03
2.467183837890625000e+03
6.368212890625000000e+03
7.240098632812500000e+03
2.382322509765625000e+03
3.138959472656250000e+03
6.856182128906250000e+03
6.994082031250000000e+03
1.918677978515625000e+03
5.014356933593750000e+03
1.814622314453125000e+03
1.515195922851562500e+03
5.585518554687500000e+03
5.633040039062500000e+03
4.074717578125000000e+04
5.516856445312500000e+03
5.597920898437500000e+03
3.046882812500000000e+03
1.380807861328125000e+03
2.152308593750000000e+03
3.206938720703125000e+03
1.644728027343750000e+03
4.391843750000000000e+03
2.017830688476562500e+03
1.459281616210937500e+03
6.922524902343750000e+03
4.817676757812500000e+03
3.234310302734375000e+03
2.722177734375000000e+03
8.237853515625000000e+03
2.804373779296875000e+03
1.458282470703125000e+03
2.832779052734375000e+03
7.467347656250000000e+03
3.114019531250000000e+03
9.842158203125000000e+03
3.040838867187500000e+03
1.554352783203125000e+03
2.926768554687500000e+03
6.881687988281250000e+03
9.848167968750000000e+03
4.037084472656250000e+03
1.774578369140625000e+03
1.202887207031250000e+03
4.442700683593750000e+03
3.483653564453125000e+03
2.282278564453125000e+03
3.996941406250000000e+03
1.734636962890625000e+03
4.161813476562500000e+03
4.481136718750000000e+03
3.354966552734375000e+03
3.832217773437500000e+03
7.760574707031250000e+03
3.025061767578125000e+03
7.674201171875000000e+03
9.106142578125000000e+03
7.063854492187500000e+03
3.728621826171875000e+03
3.101930419921875000e+03
4.149240234375000000e+03
2.773059570312500000e+03
2.085128906250000000e+03
4.812006835937500000e+03
1.331755126953125000e+03
1.788326904296875000e+03
7.438027343750000000e+02
4.433707519531250000e+03
4.152190429687500000e+03
3.433973144531250000e+03
2.138162841796875000e+03
2.362422851562500000e+03
2.143314697265625000e+03
3.317914062500000000e+03
5.563934570312500000e+03
3.197664843750000000e+04
6.193868652343750000e+03
2.657665039062500000e+03
7.752433471679687500e+02
3.108026855468750000e+03
3.975134765625000000e+03
8.732979736328125000e+02
2.802587890625000000e+03
1.116458007812500000e+03
2.847685302734375000e+03
4.762352539062500000e+03
4.738022460937500000e+03
2.396513183593750000e+03
1.171476806640625000e+03
6.939953002929687500e+02
5.233205078125000000e+03
4.558541992187500000e+03
1.960420898437500000e+03
5.010723144531250000e+03
4.439635742187500000e+03
1.470335205078125000e+03
5.751017578125000000e+03
8.314324951171875000e+02
3.086434814453125000e+03
9.436403808593750000e+02
4.489172851562500000e+03
5.984949707031250000e+03
1.847476562500000000e+03
2.230125976562500000e+03
2.577232421875000000e+03
2.679248291015625000e+03
1.413229736328125000e+03
5.169876953125000000e+03
1.469828369140625000e+03
4.069106933593750000e+03
1.575216430664062500e+03
1.565649414062500000e+03
1.685076782226562500e+03
1.008184936523437500e+03
1.230066210937500000e+04
1.069038574218750000e+03
4.675928710937500000e+03
4.901308105468750000e+03
1.085508984375000000e+04
1.321429443359375000e+03
1.076489379882812500e+03
2.130420654296875000e+03
6.295941162109375000e+02
3.173417236328125000e+03
1.740961059570312500e+03
3.177969726562500000e+03
4.204067871093750000e+03
7.736790527343750000e+03
4.982456054687500000e+03
4.464085449218750000e+03
2.622089111328125000e+03
3.171135253906250000e+03
2.887923095703125000e+03
4.328652343750000000e+03
6.638352539062500000e+03
3.716659375000000000e+04
8.748931640625000000e+03
3.503452392578125000e+03
4.021513671875000000e+02
3.866669921875000000e+03
5.074061523437500000e+03
1.004286132812500000e+03
3.208057128906250000e+03
2.198280273437500000e+03
3.725338867187500000e+03
6.504299804687500000e+03
8.849758789062500000e+03
2.997564453125000000e+03
1.228845214843750000e+03
3.798973388671875000e+02
5.993851562500000000e+03
5.518372070312500000e+03
2.758385253906250000e+03
6.155655273437500000e+03
5.028320800781250000e+03
1.283947021484375000e+03
8.014143554687500000e+03
1.518962768554687500e+03
4.155220214843750000e+03
1.390934692382812500e+03
5.113596679687500000e+03
6.316520996093750000e+03
1.781889404296875000e+03
2.992815917968750000e+03
3.738485351562500000e+03
2.801311523437500000e+03
1.265352905273437500e+03
6.263479492187500000e+03
1.115732543945312500e+03
4.783094726562500000e+03
1.563982666015625000e+03
1.927909790039062500e+03
1.986843750000000000e+03
1.879425781250000000e+03
1.510348535156250000e+04
5.811202392578125000e+02
4.458109375000000000e+03
6.315979492187500000e+03
1.414434375000000000e+04
1.194736328125000000e+03
1.259000122070312500e+03
2.518221435546875000e+03
1.322976074218750000e+03
4.503312500000000000e+03
2.181624267578125000e+03
4.061685058593750000e+03
4.981086914062500000e+03
8.236302734375000000e+03
4.619023437500000000e+03
6.395650878906250000e+03
5.076674804687500000e+03
3.833439453125000000e+03
9.052287109375000000e+03
8.542957031250000000e+03
4.199874609375000000e+04
8.565457031250000000e+03
9.156601562500000000e+03
5.183716796875000000e+03
6.331165527343750000e+03
8.213975585937500000e+03
4.598843750000000000e+03
6.662407226562500000e+03
5.305979492187500000e+03
6.842989257812500000e+03
8.183420410156250000e+03
5.063091430664062500e+02
5.546762207031250000e+03
4.699478027343750000e+03
3.246841064453125000e+03
9.044646484375000000e+03
6.953987792968750000e+03
3.653587890625000000e+03
7.728507324218750000e+03
8.108198730468750000e+03
5.484943359375000000e+03
1.211738671875000000e+04
4.269277343750000000e+03
3.364403076171875000e+03
4.980239257812500000e+03
9.873855468750000000e+03
1.557117382812500000e+04
4.956272949218750000e+03
6.108318359375000000e+03
4.246568359375000000e+03
5.340897949218750000e+03
5.533176757812500000e+03
1.150053515625000000e+04
5.315406250000000000e+03
8.280351562500000000e+03
4.971847656250000000e+03
6.161930664062500000e+03
6.343667480468750000e+03
4.265416992187500000e+03
1.558268945312500000e+04
8.941277343750000000e+03
1.107080273437500000e+04
9.933558593750000000e+03
1.342477734375000000e+04
5.559634277343750000e+03
2.894072265625000000e+03
5.516076171875000000e+03
3.121278076171875000e+03
6.353072265625000000e+03
4.707408203125000000e+03
6.254965820312500000e+03
6.938965820312500000e+03
7.493783691406250000e+03
5.163487792968750000e+03
6.464855468750000000e+03
6.631975585937500000e+03
7.622830566406250000e+03
9.703060546875000000e+03
4.101264843750000000e+04
1.311699414062500000e+04
7.108567871093750000e+03
3.487425781250000000e+03
8.036213867187500000e+03
8.314528320312500000e+03
3.985626464843750000e+03
7.941006347656250000e+03
3.874762939453125000e+03
7.333717285156250000e+03
9.828847656250000000e+03
1.051933203125000000e+04
5.036013671875000000e+03
2.879448486328125000e+03
4.066272949218750000e+03
8.222359375000000000e+03
8.816784179687500000e+03
6.176085937500000000e+03
9.329309570312500000e+03
6.678849609375000000e+03
4.201395019531250000e+03
1.148865039062500000e+04
2.966328613281250000e+03
6.941734375000000000e+03
3.875120117187500000e+03
7.675433593750000000e+03
9.975491210937500000e+03
3.749601074218750000e+03
6.747367187500000000e+03
6.910572265625000000e+03
4.426921875000000000e+03
3.662382812500000000e+03
1.100611816406250000e+04
3.673657714843750000e+03
8.455312500000000000e+03
3.665158203125000000e+03
3.305425048828125000e+03
3.787572753906250000e+03
4.327874023437500000e+03
1.784467968750000000e+04
4.666395507812500000e+03
6.726477050781250000e+03
8.404509765625000000e+03
1.712131054687500000e+04
4.046054443359375000e+03
3.673054199218750000e+03
4.018515869140625000e+03
2.966223388671875000e+03
7.745656250000000000e+03
3.847861816406250000e+03
7.918973632812500000e+03
8.924427734375000000e+03
4.683341308593750000e+03
3.479626464843750000e+03
2.692873046875000000e+03
6.907772460937500000e+03
7.323937500000000000e+03
4.305065234375000000e+04
6.191071289062500000e+03
6.575930664062500000e+03
3.954661376953125000e+03
2.958934082031250000e+03
3.335823242187500000e+03
3.866978027343750000e+03
3.308985595703125000e+03
4.701790039062500000e+03
4.165749023437500000e+03
1.494596923828125000e+03
4.954826171875000000e+03
5.637908203125000000e+03
4.233030273437500000e+03
3.583994628906250000e+03
7.506357910156250000e+03
3.804103027343750000e+03
2.850042968750000000e+03
3.044614746093750000e+03
6.538679687500000000e+03
4.079548095703125000e+03
1.073059667968750000e+04
4.079106933593750000e+03
2.290759521484375000e+03
3.447991943359375000e+03
8.863772460937500000e+03
9.734926757812500000e+03
3.700073730468750000e+03
3.621488281250000000e+03
2.358326416015625000e+03
5.018033203125000000e+03
4.602019531250000000e+03
4.978075683593750000e+03
4.381013183593750000e+03
3.470001708984375000e+03
4.170457031250000000e+03
4.050605224609375000e+03
4.238316406250000000e+03
4.132505859375000000e+03
8.035596679687500000e+03
4.643498535156250000e+03
7.821306640625000000e+03
8.670761718750000000e+03
6.729736328125000000e+03
4.282221679687500000e+03
3.147509521484375000e+03
5.456381835937500000e+03
3.229555419921875000e+03
3.724759277343750000e+03
4.470165527343750000e+03
3.136501953125000000e+03
3.552656738281250000e+03
4.234625488281250000e+03
4.325536132812500000e+03
4.176157714843750000e+03
6.446318359375000000e+03
3.320972265625000000e+04
9.827415039062500000e+03
2.970678710937500000e+03
2.445206542968750000e+03
5.510345703125000000e+03
4.856671386718750000e+03
1.159009277343750000e+03
5.009363769531250000e+03
2.491005371093750000e+03
5.179141113281250000e+03
7.005100585937500000e+03
7.985816406250000000e+03
3.310624267578125000e+03
1.922007080078125000e+03
2.368509033203125000e+03
5.452640136718750000e+03
5.640149414062500000e+03
4.315266601562500000e+03
5.943313476562500000e+03
2.444836914062500000e+03
1.768753173828125000e+03
7.234363281250000000e+03
2.459634765625000000e+03
4.497698242187500000e+03
1.381747314453125000e+03
4.565965820312500000e+03
3.259140625000000000e+03
1.336806152343750000e+03
4.602905761718750000e+03
4.771437988281250000e+03
3.080759277343750000e+03
2.281798339843750000e+03
6.398038574218750000e+03
1.911199951171875000e+03
5.583215332031250000e+03
1.227905273437500000e+03
1.278695800781250000e+03
1.400613037109375000e+03
1.196231201171875000e+03
1.324351171875000000e+04
2.166238769531250000e+03
2.024380859375000000e+03
4.666840820312500000e+03
1.331993750000000000e+04
1.796940673828125000e+03
9.690541992187500000e+02
2.940162109375000000e+03
1.792102294921875000e+03
5.276221191406250000e+03
1.514364990234375000e+03
5.938389648437500000e+03
6.068254882812500000e+03
4.398536376953125000e+02
5.680557617187500000e+03
3.355534667968750000e+03
3.640396093750000000e+04
5.196651367187500000e+03
5.629838867187500000e+03
3.140490722656250000e+03
1.834702636718750000e+03
2.100560058593750000e+03
2.976618164062500000e+03
1.526055419921875000e+03
4.284587890625000000e+03
4.516660156250000000e+02
4.608082031250000000e+03
5.110595214843750000e+03
4.778073730468750000e+03
2.988084960937500000e+03
2.966014648437500000e+03
8.244433593750000000e+03
1.612417480468750000e+03
4.845324707031250000e+02
3.182699218750000000e+03
7.415490234375000000e+03
2.629230957031250000e+03
1.102521484375000000e+04
2.807250732421875000e+03
1.335306640625000000e+03
2.661445068359375000e+03
6.196186523437500000e+03
9.467066406250000000e+03
4.018988769531250000e+03
3.296560058593750000e+02
1.366217529296875000e+03
4.174210937500000000e+03
3.328402587890625000e+03
2.018292114257812500e+03
3.951106445312500000e+03
1.992736328125000000e+03
4.046976562500000000e+03
4.208928710937500000e+03
2.880664550781250000e+03
3.295804687500000000e+03
8.659042968750000000e+03
3.260222167968750000e+03
7.270282226562500000e+03
9.670820312500000000e+03
8.270958007812500000e+03
4.258256835937500000e+03
2.957391357421875000e+03
4.349517089843750000e+03
2.529657226562500000e+03
1.135027587890625000e+03
4.717591308593750000e+03
1.859856323242187500e+03
2.047038085937500000e+03
5.447257324218750000e+03
3.712451660156250000e+03
3.774243750000000000e+04
4.123270507812500000e+03
5.235869140625000000e+03
2.752419921875000000e+03
1.558630493164062500e+03
2.312177246093750000e+03
2.993937744140625000e+03
1.264999877929687500e+03
3.964334472656250000e+03
7.264990234375000000e+02
3.364192626953125000e+03
3.521876953125000000e+03
4.089584472656250000e+03
2.893184570312500000e+03
2.557356933593750000e+03
6.421379882812500000e+03
1.312611572265625000e+03
4.034710693359375000e+02
2.944267089843750000e+03
6.737999023437500000e+03
2.411169433593750000e+03
9.330292968750000000e+03
2.715348632812500000e+03
9.484852294921875000e+02
2.428376708984375000e+03
6.357168457031250000e+03
9.165564453125000000e+03
3.923416015625000000e+03
3.937757568359375000e+02
1.178472900390625000e+03
4.007706054687500000e+03
3.118860351562500000e+03
2.033958984375000000e+03
3.843171386718750000e+03
1.914987182617187500e+03
3.833652099609375000e+03
4.018536132812500000e+03
2.967368652343750000e+03
3.071837158203125000e+03
7.981605468750000000e+03
2.871554931640625000e+03
7.045746093750000000e+03
8.677318359375000000e+03
6.993613281250000000e+03
3.654079589843750000e+03
2.706366943359375000e+03
4.362933105468750000e+03
2.369195312500000000e+03
1.338644042968750000e+03
4.229032714843750000e+03
1.704645874023437500e+03
1.620109497070312500e+03
8.434520507812500000e+03
3.187287695312500000e+04
1.076435351562500000e+04
7.617015380859375000e+02
3.173071533203125000e+03
6.743975585937500000e+03
8.442894531250000000e+03
3.120305664062500000e+03
6.729526367187500000e+03
3.569659667968750000e+03
6.308538574218750000e+03
8.930384765625000000e+03
9.732536132812500000e+03
1.848404052734375000e+03
3.411061523437500000e+03
2.874272949218750000e+03
4.365562500000000000e+03
7.512215820312500000e+03
5.140877929687500000e+03
8.676875000000000000e+03
2.554488769531250000e+03
4.597878417968750000e+03
1.346015136718750000e+03
4.318372070312500000e+03
6.312084960937500000e+03
3.153664550781250000e+03
6.801135864257812500e+02
7.666837890625000000e+03
4.149640625000000000e+03
5.725404296875000000e+03
5.866699218750000000e+03
4.072698974609375000e+03
3.127517578125000000e+03
1.153338476562500000e+04
2.412670898437500000e+03
7.955157226562500000e+03
3.950640136718750000e+03
3.873616699218750000e+03
4.580825195312500000e+03
2.847175292968750000e+03
1.538731054687500000e+04
4.608786132812500000e+03
6.743147460937500000e+03
1.735259155273437500e+03
1.510573632812500000e+04
2.908281494140625000e+03
3.543288085937500000e+03
2.357668212890625000e+03
3.329977050781250000e+03
6.947865234375000000e+03
3.295969238281250000e+03
6.715001464843750000e+03
7.457311523437500000e+03
3.269019140625000000e+04
6.464727050781250000e+03
8.408138671875000000e+03
6.326162109375000000e+03
7.137940429687500000e+03
7.308755859375000000e+03
5.474246093750000000e+03
5.659516601562500000e+03
6.908625000000000000e+03
3.648777587890625000e+03
8.890966796875000000e+03
9.250466796875000000e+03
8.299044921875000000e+03
6.015005859375000000e+03
6.041037109375000000e+03
1.137286523437500000e+04
4.364152343750000000e+03
3.591868652343750000e+03
8.133391113281250000e+03
9.370321289062500000e+03
5.561924316406250000e+03
1.373125488281250000e+04
5.970334960937500000e+03
4.956820312500000000e+03
5.530326171875000000e+03
9.707371093750000000e+03
1.200557226562500000e+04
5.879921386718750000e+03
3.363654541015625000e+03
5.791694824218750000e+03
7.518198242187500000e+03
6.670392578125000000e+03
7.624813964843750000e+03
6.609085449218750000e+03
6.874171875000000000e+03
6.248755859375000000e+03
6.663542968750000000e+03
5.157898437500000000e+03
6.056791503906250000e+03
1.051558691406250000e+04
6.301182128906250000e+03
9.711103515625000000e+03
1.143797460937500000e+04
1.183468554687500000e+04
6.514998535156250000e+03
5.075816406250000000e+03
7.173539550781250000e+03
5.076354980468750000e+03
3.876432373046875000e+03
7.285918457031250000e+03
7.090867187500000000e+03
6.151250000000000000e+03
3.813275000000000000e+04
3.162758203125000000e+04
3.625306640625000000e+04
3.901023437500000000e+04
4.117860546875000000e+04
3.462360156250000000e+04
3.786007812500000000e+04
2.741368750000000000e+04
3.534212500000000000e+04
4.565094140625000000e+04
4.566465234375000000e+04
3.709258593750000000e+04
3.702122656250000000e+04
3.577830078125000000e+04
4.121224218750000000e+04
3.638055078125000000e+04
3.553632031250000000e+04
4.047553906250000000e+04
3.517038281250000000e+04
3.829246875000000000e+04
3.457424609375000000e+04
3.276977343750000000e+04
3.826599609375000000e+04
3.422261718750000000e+04
3.423031250000000000e+04
4.436387890625000000e+04
3.462259375000000000e+04
3.606461328125000000e+04
3.810878906250000000e+04
3.559989453125000000e+04
3.739612890625000000e+04
4.619914453125000000e+04
3.591710156250000000e+04
3.937780468750000000e+04
3.630203515625000000e+04
3.512724609375000000e+04
3.661638281250000000e+04
2.979483203125000000e+04
4.349833203125000000e+04
3.767869921875000000e+04
4.327480078125000000e+04
3.105709960937500000e+04
4.518319921875000000e+04
3.411576171875000000e+04
3.390522656250000000e+04
3.573234375000000000e+04
3.008637890625000000e+04
3.610223046875000000e+04
3.357430468750000000e+04
3.956348437500000000e+04
3.978218750000000000e+04
1.060188085937500000e+04
7.063838867187500000e+03
4.707585937500000000e+03
7.161352539062500000e+03
8.188114257812500000e+03
6.065237304687500000e+03
8.402930664062500000e+03
4.727852539062500000e+03
6.260482421875000000e+03
8.220669921875000000e+03
8.197472656250000000e+03
7.747543457031250000e+03
5.820830078125000000e+03
1.127212988281250000e+04
4.706516113281250000e+03
3.700841308593750000e+03
6.200744140625000000e+03
1.172613378906250000e+04
8.998455078125000000e+03
1.285970605468750000e+04
7.000962402343750000e+03
4.459235351562500000e+03
7.793291992187500000e+03
1.289062597656250000e+04
1.898529492187500000e+04
8.404748046875000000e+03
4.522697753906250000e+03
4.129282714843750000e+03
8.539433593750000000e+03
8.067958007812500000e+03
1.068052539062500000e+04
8.454064453125000000e+03
6.290728515625000000e+03
8.225384765625000000e+03
9.360885742187500000e+03
9.254438476562500000e+03
7.884299804687500000e+03
5.688144042968750000e+03
9.423130859375000000e+03
1.646366210937500000e+04
1.286192578125000000e+04
5.022743164062500000e+03
7.730166992187500000e+03
6.677858398437500000e+03
8.777583984375000000e+03
6.596936523437500000e+03
2.783863281250000000e+03
8.286340820312500000e+03
5.082569335937500000e+03
4.958720703125000000e+03
2.805134765625000000e+03
6.124836914062500000e+03
7.412093261718750000e+03
2.510819091796875000e+03
6.067525878906250000e+03
2.639694335937500000e+03
6.170467773437500000e+03
8.391262695312500000e+03
1.036846093750000000e+04
2.341486572265625000e+03
2.939605468750000000e+03
2.429706054687500000e+03
5.084004882812500000e+03
7.118925781250000000e+03
5.241578613281250000e+03
7.883460449218750000e+03
1.874296386718750000e+03
3.641041748046875000e+03
2.250417480468750000e+03
3.544231933593750000e+03
6.050782226562500000e+03
2.359141113281250000e+03
1.479071411132812500e+03
6.648523925781250000e+03
3.140322021484375000e+03
5.549284179687500000e+03
5.791783203125000000e+03
4.146325195312500000e+03
2.856364013671875000e+03
9.721894531250000000e+03
1.955635498046875000e+03
7.025893554687500000e+03
3.020374023437500000e+03
2.928046386718750000e+03
3.816276123046875000e+03
1.965990966796875000e+03
1.520490039062500000e+04
3.428040771484375000e+03
5.209987792968750000e+03
1.684948242187500000e+03
1.484101953125000000e+04
2.183976562500000000e+03
2.674770507812500000e+03
2.352673095703125000e+03
2.670857177734375000e+03
6.766553222656250000e+03
2.289567382812500000e+03
6.511355468750000000e+03
6.973649414062500000e+03
3.652078613281250000e+03
5.146258789062500000e+03
9.802624511718750000e+02
3.384537597656250000e+03
1.570409423828125000e+03
3.691937011718750000e+03
5.725784179687500000e+03
5.967915039062500000e+03
1.745804687500000000e+03
5.494302978515625000e+02
2.491867675781250000e+02
3.925189453125000000e+03
5.244507812500000000e+03
2.483034912109375000e+03
5.902816894531250000e+03
3.940872558593750000e+03
1.199476318359375000e+03
5.788981445312500000e+03
1.098931152343750000e+03
3.795734863281250000e+03
9.743842773437500000e+02
4.069091064453125000e+03
5.735693847656250000e+03
1.700292480468750000e+03
2.992392333984375000e+03
3.196687500000000000e+03
1.886039062500000000e+03
5.097878417968750000e+02
6.581557128906250000e+03
7.461745605468750000e+02
4.793691894531250000e+03
1.315988159179687500e+03
1.267316528320312500e+03
1.875172485351562500e+03
1.495303710937500000e+03
1.290600390625000000e+04
6.039052734375000000e+02
3.586147216796875000e+03
4.565200195312500000e+03
1.157296679687500000e+04
7.763188476562500000e+02
1.120230834960937500e+03
1.689054565429687500e+03
9.584542236328125000e+02
4.010047851562500000e+03
1.414841918945312500e+03
3.830985595703125000e+03
4.803875000000000000e+03
1.175208740234375000e+03
4.037020507812500000e+03
8.566274414062500000e+02
5.039226074218750000e+03
1.584121582031250000e+03
2.970079101562500000e+03
6.332909179687500000e+03
5.472937500000000000e+03
4.008461914062500000e+03
3.366957519531250000e+03
7.998938964843750000e+03
2.198490722656250000e+03
1.285839599609375000e+03
1.217160278320312500e+03
7.942632812500000000e+03
3.849344238281250000e+03
1.033264062500000000e+04
3.761426757812500000e+03
1.024935668945312500e+03
3.557646728515625000e+03
7.809195312500000000e+03
1.127620800781250000e+04
4.994708007812500000e+03
1.782845214843750000e+03
3.071175537109375000e+02
5.126972656250000000e+03
4.175415039062500000e+03
1.901768920898437500e+03
4.703940429687500000e+03
5.946999511718750000e+02
4.971032226562500000e+03
4.986994140625000000e+03
4.210030273437500000e+03
4.241033203125000000e+03
7.172798339843750000e+03
4.181735351562500000e+03
9.015356445312500000e+03
9.619478515625000000e+03
6.301571777343750000e+03
4.620220214843750000e+03
3.774902587890625000e+03
5.395267578125000000e+03
3.457806152343750000e+03
1.560288085937500000e+03
5.303273437500000000e+03
3.868807373046875000e+02
7.750219726562500000e+02
4.154401855468750000e+03
2.266770019531250000e+03
6.036478515625000000e+03
2.402192871093750000e+03
3.949662597656250000e+03
8.743237304687500000e+03
6.808584960937500000e+03
4.571791992187500000e+03
4.804404296875000000e+03
1.082086718750000000e+04
2.986760253906250000e+03
2.355239990234375000e+03
1.584123779296875000e+03
8.330087890625000000e+03
3.885198242187500000e+03
1.396466210937500000e+04
4.347398437500000000e+03
1.554187622070312500e+03
3.894568359375000000e+03
8.537781250000000000e+03
1.047136718750000000e+04
5.110447753906250000e+03
2.370120849609375000e+03
8.535446777343750000e+02
6.028401855468750000e+03
5.110896484375000000e+03
1.621952392578125000e+03
5.573429687500000000e+03
1.298319213867187500e+03
4.993453613281250000e+03
5.241259277343750000e+03
3.937945068359375000e+03
4.621278808593750000e+03
9.398009765625000000e+03
4.806532714843750000e+03
7.901348144531250000e+03
1.142622070312500000e+04
9.076876953125000000e+03
5.811984863281250000e+03
3.909798339843750000e+03
6.233976562500000000e+03
3.995093505859375000e+03
2.077134765625000000e+03
5.907349121093750000e+03
1.297328247070312500e+03
1.940551269531250000e+03
3.691908447265625000e+03
1.811711181640625000e+03
3.635538574218750000e+03
5.972622070312500000e+03
5.798597167968750000e+03
2.151081542968750000e+03
6.898297119140625000e+02
8.599309082031250000e+02
4.676425292968750000e+03
4.988833007812500000e+03
2.898397460937500000e+03
5.538836914062500000e+03
3.350251464843750000e+03
6.183171386718750000e+02
6.362961914062500000e+03
1.304511962890625000e+03
3.608185546875000000e+03
6.682324218750000000e+02
3.715432128906250000e+03
4.461413574218750000e+03
1.302634765625000000e+03
3.055369384765625000e+03
3.384366210937500000e+03
2.015570556640625000e+03
9.000793457031250000e+02
5.504839355468750000e+03
8.100510253906250000e+02
4.638190429687500000e+03
8.117792968750000000e+02
1.127154052734375000e+03
1.014183349609375000e+03
1.023972900390625000e+03
1.259071093750000000e+04
9.064156494140625000e+02
2.453337646484375000e+03
4.392764648437500000e+03
1.221281250000000000e+04
1.036840332031250000e+03
5.126413574218750000e+02
1.772070556640625000e+03
9.349321289062500000e+02
4.134072265625000000e+03
1.317564697265625000e+03
4.127715332031250000e+03
4.761006347656250000e+03
4.771695800781250000e+03
1.227748291015625000e+03
3.918793701171875000e+03
7.045007324218750000e+03
5.751416992187500000e+03
3.995128662109375000e+03
3.178203125000000000e+03
8.894882812500000000e+03
1.635249023437500000e+03
9.819070434570312500e+02
1.989910400390625000e+03
8.093599609375000000e+03
3.390334716796875000e+03
1.079801074218750000e+04
3.730323730468750000e+03
1.059783935546875000e+03
3.334405273437500000e+03
7.202551757812500000e+03
9.308541015625000000e+03
4.564887695312500000e+03
1.250527099609375000e+03
9.887216796875000000e+02
5.314998046875000000e+03
4.188292968750000000e+03
2.008387695312500000e+03
4.482375000000000000e+03
1.079935668945312500e+03
4.685228027343750000e+03
4.744670898437500000e+03
3.785026611328125000e+03
3.838621337890625000e+03
8.223732421875000000e+03
3.569633300781250000e+03
7.749167480468750000e+03
9.762474609375000000e+03
7.835573242187500000e+03
4.281615722656250000e+03
3.521513183593750000e+03
5.348946777343750000e+03
3.207834472656250000e+03
1.576575317382812500e+03
4.979659179687500000e+03
1.099852294921875000e+03
8.664533691406250000e+02
4.823717285156250000e+03
6.612630371093750000e+03
6.575847656250000000e+03
3.059008544921875000e+03
1.503151367187500000e+03
1.673418090820312500e+03
6.401109375000000000e+03
6.057731445312500000e+03
3.658591308593750000e+03
6.662693359375000000e+03
3.878044921875000000e+03
2.501369384765625000e+03
5.366041992187500000e+03
8.972630615234375000e+02
4.432712890625000000e+03
1.595860351562500000e+03
4.254297851562500000e+03
6.605971679687500000e+03
2.055257324218750000e+03
4.292392578125000000e+03
4.241922851562500000e+03
3.535173095703125000e+03
2.012140991210937500e+03
7.576645019531250000e+03
1.963764526367187500e+03
5.810981933593750000e+03
2.091014404296875000e+03
1.452846679687500000e+03
2.724761230468750000e+03
1.218702880859375000e+03
1.383880468750000000e+04
2.030916381835937500e+03
4.832209472656250000e+03
3.764835937500000000e+03
1.267304882812500000e+04
1.628896118164062500e+03
1.613040649414062500e+03
2.534845703125000000e+03
8.731099853515625000e+02
5.003802246093750000e+03
1.607085083007812500e+03
5.243337890625000000e+03
5.965278320312500000e+03
4.703828613281250000e+03
6.968354492187500000e+03
5.454528808593750000e+03
3.731060791015625000e+03
3.543945800781250000e+03
8.621641601562500000e+03
1.144058837890625000e+03
3.809566650390625000e+02
2.946481933593750000e+03
8.219277343750000000e+03
3.493199218750000000e+03
1.159104101562500000e+04
3.514161132812500000e+03
1.276092651367187500e+03
3.335611328125000000e+03
7.366849609375000000e+03
1.005649218750000000e+04
4.809723632812500000e+03
2.976044921875000000e+02
1.378072021484375000e+03
4.894688964843750000e+03
4.019253173828125000e+03
2.237194580078125000e+03
4.695288085937500000e+03
1.672507812500000000e+03
4.711684570312500000e+03
4.920242187500000000e+03
3.472769287109375000e+03
4.020674560546875000e+03
7.590690917968750000e+03
3.885690429687500000e+03
8.209611328125000000e+03
1.022926757812500000e+04
7.412506835937500000e+03
4.683406250000000000e+03
3.602091796875000000e+03
5.202391113281250000e+03
3.230798095703125000e+03
7.290911865234375000e+02
5.239567382812500000e+03
1.660288818359375000e+03
1.603762451171875000e+03
8.416721679687500000e+03
6.993941406250000000e+03
5.998190429687500000e+03
5.295929687500000000e+03
9.292285156250000000e+03
4.179558593750000000e+03
3.605764160156250000e+03
3.086604003906250000e+03
8.919859375000000000e+03
5.833035156250000000e+03
1.196540039062500000e+04
5.525196289062500000e+03
2.713387695312500000e+03
5.407452148437500000e+03
1.091537207031250000e+04
1.297672558593750000e+04
6.205297363281250000e+03
4.369989257812500000e+03
2.568820312500000000e+03
6.793953125000000000e+03
6.482207031250000000e+03
5.497765625000000000e+03
6.798611816406250000e+03
3.376148681640625000e+03
6.051215820312500000e+03
6.662685058593750000e+03
5.695499023437500000e+03
5.951249023437500000e+03
6.746715820312500000e+03
6.559120117187500000e+03
1.097043945312500000e+04
1.087001953125000000e+04
5.256995605468750000e+03
5.765276367187500000e+03
5.028486328125000000e+03
6.855275390625000000e+03
4.983187011718750000e+03
3.773023925781250000e+03
6.384705078125000000e+03
2.789199707031250000e+03
3.153223632812500000e+03
5.764004882812500000e+03
5.558697753906250000e+03
3.713165527343750000e+03
9.733067382812500000e+03
7.415039550781250000e+03
3.190123779296875000e+03
8.303109375000000000e+03
1.026040820312500000e+04
6.645011718750000000e+03
1.300926562500000000e+04
4.895125976562500000e+03
3.205290527343750000e+03
5.971814453125000000e+03
1.051923925781250000e+04
1.818155468750000000e+04
6.647465820312500000e+03
6.209648437500000000e+03
4.022266357421875000e+03
5.764332031250000000e+03
6.241756835937500000e+03
1.230829101562500000e+04
6.726200683593750000e+03
8.710535156250000000e+03
6.446593750000000000e+03
8.114622070312500000e+03
7.794750488281250000e+03
5.383973632812500000e+03
1.649266796875000000e+04
1.042048632812500000e+04
1.400917968750000000e+04
1.222886816406250000e+04
1.373378222656250000e+04
7.134657226562500000e+03
3.961990234375000000e+03
6.273677246093750000e+03
3.990021972656250000e+03
6.134189941406250000e+03
6.275119140625000000e+03
6.175393554687500000e+03
7.179358398437500000e+03
1.495531738281250000e+03
1.675831787109375000e+03
1.954820190429687500e+03
6.919817382812500000e+03
3.822049560546875000e+03
7.561560058593750000e+03
2.982861816406250000e+03
2.818190429687500000e+03
3.864755126953125000e+03
2.459119628906250000e+03
4.932067382812500000e+03
2.033239746093750000e+03
1.947026489257812500e+03
4.659163574218750000e+03
3.068300537109375000e+03
4.716906250000000000e+03
4.382065429687500000e+03
1.284488891601562500e+03
1.215063476562500000e+03
9.042609375000000000e+03
1.535981689453125000e+03
6.768457031250000000e+03
2.270884765625000000e+03
2.651232910156250000e+03
3.092437500000000000e+03
2.081004638671875000e+03
1.499776367187500000e+04
3.072346923828125000e+03
3.868423339843750000e+03
3.501231933593750000e+03
1.309624023437500000e+04
1.919700317382812500e+03
2.410847900390625000e+03
8.124396362304687500e+02
2.484457031250000000e+03
5.231450195312500000e+03
1.769609375000000000e+03
5.500553710937500000e+03
6.468416015625000000e+03
7.149342041015625000e+02
3.990984619140625000e+03
5.452186523437500000e+03
2.713325195312500000e+03
5.957096679687500000e+03
3.622617675781250000e+03
8.752941894531250000e+02
6.098742187500000000e+03
6.894903564453125000e+02
3.747873046875000000e+03
7.090550537109375000e+02
3.556261962890625000e+03
5.487356933593750000e+03
1.461849975585937500e+03
3.189651367187500000e+03
3.329849121093750000e+03
1.405701904296875000e+03
2.753455810546875000e+02
5.685120117187500000e+03
8.660406494140625000e+02
4.768091308593750000e+03
9.271198730468750000e+02
1.069156005859375000e+03
1.260150268554687500e+03
1.336006225585937500e+03
1.328882031250000000e+04
8.937449951171875000e+02
2.673862792968750000e+03
4.542005859375000000e+03
1.194116601562500000e+04
1.034579101562500000e+03
9.113872070312500000e+02
1.228447143554687500e+03
9.195153808593750000e+02
4.062126464843750000e+03
1.197165649414062500e+03
4.083711425781250000e+03
5.039123046875000000e+03
3.713296386718750000e+03
4.999597167968750000e+03
2.221219726562500000e+03
5.613671386718750000e+03
3.787768798828125000e+03
1.126555053710937500e+03
5.112007812500000000e+03
1.099289062500000000e+03
3.353763183593750000e+03
9.263808593750000000e+02
3.761346923828125000e+03
5.886031250000000000e+03
1.502480712890625000e+03
2.866495361328125000e+03
2.862067138671875000e+03
1.859965087890625000e+03
6.319213867187500000e+02
6.146733398437500000e+03
6.983034667968750000e+02
4.603910156250000000e+03
1.195034301757812500e+03
1.556772094726562500e+03
1.854458984375000000e+03
1.389766601562500000e+03
1.268859570312500000e+04
4.620372314453125000e+02
3.551762939453125000e+03
4.337709960937500000e+03
1.116987890625000000e+04
7.407709960937500000e+02
9.352189941406250000e+02
1.525404541015625000e+03
1.052538330078125000e+03
3.796576171875000000e+03
1.538747436523437500e+03
3.609167480468750000e+03
4.644392578125000000e+03
9.041216796875000000e+03
6.268939453125000000e+03
9.906388671875000000e+03
4.262820312500000000e+03
5.342966796875000000e+03
6.333869140625000000e+03
5.673123535156250000e+03
7.148860351562500000e+03
4.539566406250000000e+03
5.243918945312500000e+03
7.450645507812500000e+03
5.061328613281250000e+03
7.809685058593750000e+03
6.956759765625000000e+03
2.169793945312500000e+03
3.448262207031250000e+03
1.386993261718750000e+04
3.338420410156250000e+03
9.910342773437500000e+03
3.930255615234375000e+03
4.838455078125000000e+03
5.689667968750000000e+03
4.912092285156250000e+03
1.731805078125000000e+04
6.276676757812500000e+03
7.218834960937500000e+03
5.712100585937500000e+03
1.557059570312500000e+04
3.959929687500000000e+03
4.296933105468750000e+03
3.492881835937500000e+03
5.132102539062500000e+03
7.712658203125000000e+03
3.737517333984375000e+03
8.693746093750000000e+03
8.698503906250000000e+03
1.336478271484375000e+03
2.423505615234375000e+03
7.750152343750000000e+03
4.684904296875000000e+03
1.214861132812500000e+04
5.306775390625000000e+03
1.187640380859375000e+03
4.391711425781250000e+03
9.232925781250000000e+03
1.026377539062500000e+04
5.299333007812500000e+03
1.209375244140625000e+03
1.957714965820312500e+03
6.554896484375000000e+03
5.828413085937500000e+03
3.175106689453125000e+03
5.912855957031250000e+03
2.025557861328125000e+03
5.468868652343750000e+03
5.551840820312500000e+03
4.237350585937500000e+03
4.824753417968750000e+03
4.852734375000000000e+03
5.335786132812500000e+03
8.777857421875000000e+03
1.025757226562500000e+04
5.249856445312500000e+03
5.234658691406250000e+03
4.303207031250000000e+03
6.782737304687500000e+03
4.353726562500000000e+03
1.594292724609375000e+03
5.779691406250000000e+03
2.545358886718750000e+03
1.540766601562500000e+03
2.784970458984375000e+03
6.987212402343750000e+03
2.722568359375000000e+03
9.208951171875000000e+03
2.490388671875000000e+03
9.947572021484375000e+02
2.435559326171875000e+03
6.206968750000000000e+03
9.102423828125000000e+03
3.825461425781250000e+03
3.294160156250000000e+02
9.007653198242187500e+02
3.557438964843750000e+03
2.867531250000000000e+03
2.332733886718750000e+03
3.516791015625000000e+03
1.622927246093750000e+03
3.727007324218750000e+03
3.949603515625000000e+03
3.003895507812500000e+03
3.022732910156250000e+03
7.545104492187500000e+03
2.881714843750000000e+03
7.341774414062500000e+03
8.685329101562500000e+03
6.641115234375000000e+03
3.539621582031250000e+03
2.743227539062500000e+03
3.930280273437500000e+03
2.245419189453125000e+03
8.933383789062500000e+02
4.105338867187500000e+03
1.418759521484375000e+03
1.519980102539062500e+03
8.514851562500000000e+03
5.420410644531250000e+03
1.323094726562500000e+04
5.633417480468750000e+03
1.466650878906250000e+03
4.956618164062500000e+03
1.024154101562500000e+04
1.107030175781250000e+04
5.903690429687500000e+03
3.232708251953125000e+03
1.212395874023437500e+03
6.993014160156250000e+03
6.356827148437500000e+03
2.789894042968750000e+03
6.572917968750000000e+03
1.053441162109375000e+03
5.947119628906250000e+03
6.062920898437500000e+03
5.038858398437500000e+03
5.344256347656250000e+03
6.344640625000000000e+03
6.332505859375000000e+03
9.586431640625000000e+03
1.107172167968750000e+04
5.891983886718750000e+03
6.162421386718750000e+03
4.757461425781250000e+03
7.408915039062500000e+03
4.975665039062500000e+03
2.431027832031250000e+03
6.225480957031250000e+03
1.320454467773437500e+03
1.803709960937500000e+03
4.124221191406250000e+03
3.785489257812500000e+03
4.476459960937500000e+03
6.847667968750000000e+03
3.297578613281250000e+03
2.615867187500000000e+03
4.423997070312500000e+03
2.700612792968750000e+03
7.347066406250000000e+03
7.236755371093750000e+03
4.275318359375000000e+03
3.813044433593750000e+03
1.134253906250000000e+04
2.609864746093750000e+03
8.816902343750000000e+03
2.900218750000000000e+03
2.692212158203125000e+03
3.635029785156250000e+03
2.719329589843750000e+03
1.451999121093750000e+04
4.691869628906250000e+03
3.461250244140625000e+03
1.836321044921875000e+03
1.488050488281250000e+04
2.588780517578125000e+03
2.754506103515625000e+03
3.062155517578125000e+03
3.323045654296875000e+03
8.208513671875000000e+03
2.097541748046875000e+03
8.596516601562500000e+03
8.129720703125000000e+03
8.651466796875000000e+03
1.453226074218750000e+03
3.287797607421875000e+03
8.841491699218750000e+02
4.509975097656250000e+03
5.355406250000000000e+03
1.740921630859375000e+03
2.962453369140625000e+03
3.298776855468750000e+03
2.284464843750000000e+03
1.132876464843750000e+03
4.803622558593750000e+03
1.421275634765625000e+03
4.204229980468750000e+03
1.106896972656250000e+03
1.470498046875000000e+03
1.080086181640625000e+03
1.497741210937500000e+03
1.335411328125000000e+04
1.056935302734375000e+03
2.851874511718750000e+03
6.137186523437500000e+03
1.261051171875000000e+04
1.685489868164062500e+03
7.648127441406250000e+02
2.427036865234375000e+03
1.204979370117187500e+03
4.199466308593750000e+03
1.802030395507812500e+03
3.929391601562500000e+03
4.350962402343750000e+03
6.432778320312500000e+03
1.041341113281250000e+04
6.240550781250000000e+03
2.024880615234375000e+03
1.075300195312500000e+04
6.236095703125000000e+03
1.043081445312500000e+04
9.785750000000000000e+03
6.664708984375000000e+03
6.036121093750000000e+03
1.744238476562500000e+04
4.686473144531250000e+03
1.277810742187500000e+04
6.168293945312500000e+03
6.697668457031250000e+03
8.660376953125000000e+03
5.206753906250000000e+03
1.977299218750000000e+04
8.216039062500000000e+03
1.031972656250000000e+04
1.291948120117187500e+03
1.805770703125000000e+04
4.680427734375000000e+03
5.907954589843750000e+03
4.234936523437500000e+03
5.765263183593750000e+03
1.063496289062500000e+04
5.387135742187500000e+03
1.097196289062500000e+04
1.114010644531250000e+04
3.424421875000000000e+03
1.120808105468750000e+03
4.750365722656250000e+03
6.129335937500000000e+03
1.569210083007812500e+03
2.962268798828125000e+03
3.071780761718750000e+03
2.391642822265625000e+03
1.255143920898437500e+03
5.298166992187500000e+03
1.741886474609375000e+03
4.390328125000000000e+03
1.413405029296875000e+03
1.449046020507812500e+03
1.675403442382812500e+03
1.438545410156250000e+03
1.329620605468750000e+04
1.286457275390625000e+03
4.050208007812500000e+03
4.980109375000000000e+03
1.162565625000000000e+04
1.594888305664062500e+03
1.046791137695312500e+03
1.880932861328125000e+03
6.407460937500000000e+02
3.689265625000000000e+03
1.562699096679687500e+03
3.806240234375000000e+03
5.008105957031250000e+03
3.132981933593750000e+03
7.368351074218750000e+03
8.715270507812500000e+03
3.973825683593750000e+03
1.388396728515625000e+03
8.865958251953125000e+02
4.531413085937500000e+03
4.222116699218750000e+03
1.256922363281250000e+03
4.381566894531250000e+03
8.838522949218750000e+02
4.080772949218750000e+03
4.433267578125000000e+03
3.085040039062500000e+03
3.504810058593750000e+03
6.445901367187500000e+03
4.008127685546875000e+03
7.309474121093750000e+03
9.021523437500000000e+03
5.838792968750000000e+03
3.978678710937500000e+03
2.989348876953125000e+03
4.749679687500000000e+03
2.807944335937500000e+03
1.424870727539062500e+03
4.323265625000000000e+03
1.164737915039062500e+03
8.202465820312500000e+02
3.688841308593750000e+03
4.887203125000000000e+03
1.400958740234375000e+03
2.753508789062500000e+03
2.831481201171875000e+03
1.998385375976562500e+03
7.337409667968750000e+02
4.934781250000000000e+03
1.158155395507812500e+03
4.186940429687500000e+03
9.315153808593750000e+02
1.006962158203125000e+03
1.246847412109375000e+03
7.649943847656250000e+02
1.210875585937500000e+04
9.603109130859375000e+02
2.570344238281250000e+03
4.546684570312500000e+03
1.146787304687500000e+04
1.012168701171875000e+03
6.053552246093750000e+02
1.500841918945312500e+03
9.950416259765625000e+02
3.743884765625000000e+03
8.515463867187500000e+02
3.869441162109375000e+03
4.416013671875000000e+03
7.203160644531250000e+03
4.783539062500000000e+03
6.993059570312500000e+03
6.982431152343750000e+03
4.659216796875000000e+03
3.404796386718750000e+03
1.116327148437500000e+04
2.899877685546875000e+03
8.228603515625000000e+03
4.544952636718750000e+03
4.416120117187500000e+03
4.975032226562500000e+03
3.180208496093750000e+03
1.866576953125000000e+04
5.157127929687500000e+03
6.132739746093750000e+03
2.092480468750000000e+03
1.778350195312500000e+04
3.868150634765625000e+03
4.207583984375000000e+03
2.356317871093750000e+03
3.811378173828125000e+03
8.473280273437500000e+03
3.861648193359375000e+03
7.360396972656250000e+03
8.816100585937500000e+03
3.564055908203125000e+03
9.168421875000000000e+03
1.063888769531250000e+04
5.710948242187500000e+03
5.668854492187500000e+03
1.065015039062500000e+04
4.884271972656250000e+03
1.009175390625000000e+04
3.219531494140625000e+03
3.872680908203125000e+03
4.196468750000000000e+03
4.159282714843750000e+03
2.128838867187500000e+04
5.973503417968750000e+03
2.693909667968750000e+03
7.011819824218750000e+03
2.278216601562500000e+04
4.293905273437500000e+03
4.023704345703125000e+03
4.685341308593750000e+03
5.521535156250000000e+03
1.047853417968750000e+04
3.220293212890625000e+03
1.110078027343750000e+04
1.092324218750000000e+04
4.139298339843750000e+03
4.377315429687500000e+03
2.698548339843750000e+03
2.067708984375000000e+03
6.267752929687500000e+03
1.233055419921875000e+03
5.264114257812500000e+03
7.026618652343750000e+02
1.087291992187500000e+03
1.002776855468750000e+03
1.657234619140625000e+03
1.253017773437500000e+04
1.364517089843750000e+03
1.916696289062500000e+03
4.093957031250000000e+03
1.241572851562500000e+04
1.122318115234375000e+03
8.400146484375000000e+02
1.990525512695312500e+03
1.250591308593750000e+03
5.093900878906250000e+03
1.180626220703125000e+03
5.431039062500000000e+03
5.690618164062500000e+03
1.433823486328125000e+03
4.456512695312500000e+03
3.416597167968750000e+03
2.375583740234375000e+03
4.065361328125000000e+03
2.098273681640625000e+03
4.069217773437500000e+03
4.289457519531250000e+03
3.100750244140625000e+03
3.445022705078125000e+03
7.894015625000000000e+03
3.159997070312500000e+03
7.541812500000000000e+03
9.210413085937500000e+03
7.564056640625000000e+03
4.015312011718750000e+03
3.028450927734375000e+03
4.622681152343750000e+03
2.718647216796875000e+03
9.515506591796875000e+02
4.602836425781250000e+03
1.920712158203125000e+03
1.839641357421875000e+03
4.139972656250000000e+03
3.501829589843750000e+03
1.581339599609375000e+03
4.062884033203125000e+03
6.898790283203125000e+02
4.250778808593750000e+03
4.460247558593750000e+03
3.686702148437500000e+03
3.420978759765625000e+03
6.966628906250000000e+03
3.827918701171875000e+03
8.032557128906250000e+03
8.932832031250000000e+03
6.057715820312500000e+03
4.059051757812500000e+03
3.085901611328125000e+03
4.443859375000000000e+03
2.800040283203125000e+03
1.236795898437500000e+03
4.506093750000000000e+03
4.481358642578125000e+02
9.501560058593750000e+02
1.354275878906250000e+03
7.518266601562500000e+03
1.856798339843750000e+03
5.930252929687500000e+03
1.957272705078125000e+03
2.615846435546875000e+03
2.330459960937500000e+03
2.612544677734375000e+03
1.483584960937500000e+04
2.669187011718750000e+03
3.827172363281250000e+03
5.630143554687500000e+03
1.308423242187500000e+04
2.372104980468750000e+03
2.160227050781250000e+03
1.405479980468750000e+03
2.524417236328125000e+03
4.787750976562500000e+03
2.109831542968750000e+03
5.195701171875000000e+03
6.354254394531250000e+03
6.680558593750000000e+03
8.846574707031250000e+02
5.211655273437500000e+03
1.201967529296875000e+03
1.389920166015625000e+03
1.927672485351562500e+03
1.541434570312500000e+03
1.379699902343750000e+04
1.060280273437500000e+03
3.024206542968750000e+03
4.742765625000000000e+03
1.241060156250000000e+04
1.195742187500000000e+03
1.218500366210937500e+03
1.294817626953125000e+03
1.414081176757812500e+03
4.348549804687500000e+03
1.430601440429687500e+03
4.313985351562500000e+03
5.488396484375000000e+03
7.421783203125000000e+03
1.291667968750000000e+03
6.332460449218750000e+03
6.882683593750000000e+03
4.342115234375000000e+03
6.216138183593750000e+03
1.300040039062500000e+04
5.768520507812500000e+03
8.809702148437500000e+03
1.506070800781250000e+04
1.326639843750000000e+04
7.387193359375000000e+03
5.089565429687500000e+03
7.836625488281250000e+03
5.226330078125000000e+03
2.725375732421875000e+03
7.190661132812500000e+03
1.728699462890625000e+03
1.883238525390625000e+03
5.611539062500000000e+03
1.029275634765625000e+03
1.278546386718750000e+03
1.589165649414062500e+03
1.488631225585937500e+03
1.336863964843750000e+04
1.190464233398437500e+03
2.635038085937500000e+03
3.364837890625000000e+03
1.286959863281250000e+04
7.773061523437500000e+02
1.201463623046875000e+03
1.027878417968750000e+03
1.351968872070312500e+03
5.144208984375000000e+03
1.232703125000000000e+03
5.023911132812500000e+03
5.731217773437500000e+03
5.225884277343750000e+03
5.483402832031250000e+03
3.972486328125000000e+03
4.790921875000000000e+03
7.687808593750000000e+03
4.882397460937500000e+03
8.576270507812500000e+03
1.124976074218750000e+04
7.488225097656250000e+03
5.467297851562500000e+03
4.181769042968750000e+03
6.129919921875000000e+03
4.078081298828125000e+03
1.656190063476562500e+03
5.888218750000000000e+03
6.577490234375000000e+02
1.005566894531250000e+03
1.043932861328125000e+03
8.904599609375000000e+02
1.429218750000000000e+03
1.303263671875000000e+04
1.294475341796875000e+03
1.802400390625000000e+03
4.249425781250000000e+03
1.238164355468750000e+04
1.055647705078125000e+03
5.358784179687500000e+02
1.744702148437500000e+03
1.227209472656250000e+03
4.819789062500000000e+03
9.588378906250000000e+02
5.290318847656250000e+03
5.678819824218750000e+03
1.400165283203125000e+03
1.288742187500000000e+03
1.319685839843750000e+04
1.523409912109375000e+03
2.058279296875000000e+03
3.985312988281250000e+03
1.301236816406250000e+04
1.154421875000000000e+03
1.057956054687500000e+03
2.088383300781250000e+03
1.003540771484375000e+03
5.180084960937500000e+03
7.898308105468750000e+02
5.589452148437500000e+03
5.954777343750000000e+03
1.725512451171875000e+03
1.228669042968750000e+04
1.633735961914062500e+03
2.415791015625000000e+03
5.889293457031250000e+03
1.263369726562500000e+04
1.684219726562500000e+03
9.176684570312500000e+02
2.312714355468750000e+03
1.245758544921875000e+03
3.997916015625000000e+03
1.511732666015625000e+03
4.165629882812500000e+03
4.433625000000000000e+03
1.275444335937500000e+04
1.637677368164062500e+03
2.862589355468750000e+03
3.700470703125000000e+03
1.187385253906250000e+04
1.079355590820312500e+03
9.796933593750000000e+02
1.863559204101562500e+03
9.181811523437500000e+02
4.270394042968750000e+03
9.312448730468750000e+02
4.340571777343750000e+03
4.972142089843750000e+03
1.539954296875000000e+04
1.951053710937500000e+04
1.716096679687500000e+04
1.163382324218750000e+03
1.222324414062500000e+04
1.152588281250000000e+04
1.456646875000000000e+04
1.215162792968750000e+04
6.063801757812500000e+03
1.337232714843750000e+04
7.561566406250000000e+03
6.317072265625000000e+03
3.402017578125000000e+03
6.153944335937500000e+03
1.500417675781250000e+04
8.641397705078125000e+02
1.034750122070312500e+03
2.226657226562500000e+03
1.282397094726562500e+03
4.665123535156250000e+03
1.723983032226562500e+03
4.473019531250000000e+03
4.903761230468750000e+03
6.500709960937500000e+03
2.062132812500000000e+04
2.727050292968750000e+03
2.233823242187500000e+03
2.907893310546875000e+03
3.578125000000000000e+03
9.068701171875000000e+03
1.883571289062500000e+03
9.184970703125000000e+03
9.208632812500000000e+03
1.678883984375000000e+04
3.397752929687500000e+03
4.084248535156250000e+03
3.564268554687500000e+03
3.988263671875000000e+03
9.837906250000000000e+03
3.334871582031250000e+03
1.024629394531250000e+04
9.985521484375000000e+03
1.177765527343750000e+04
1.093928125000000000e+04
1.313238476562500000e+04
1.114795312500000000e+04
5.444405273437500000e+03
1.259099609375000000e+04
6.661442382812500000e+03
6.008402343750000000e+03
9.626162109375000000e+02
1.346398559570312500e+03
1.244795288085937500e+03
4.880720214843750000e+03
7.767377929687500000e+02
4.977119140625000000e+03
5.101341796875000000e+03
2.055408691406250000e+03
8.111367187500000000e+02
3.804282714843750000e+03
1.077653564453125000e+03
4.079652832031250000e+03
4.469113281250000000e+03
1.874174438476562500e+03
5.195314453125000000e+03
1.394880004882812500e+03
5.225159179687500000e+03
6.442129882812500000e+03
3.489021972656250000e+03
1.296494628906250000e+03
3.550360839843750000e+03
4.275052246093750000e+03
5.220293945312500000e+03
1.606485351562500000e+03
1.789730834960937500e+03
5.724484375000000000e+03
5.908102539062500000e+03
1.029392211914062500e+03
