3.200000000000000000e+01 8.200000000000000000e+01 6.946939749512512208e+01 2.000000000000000000e+00
1.500000000000000000e+01 1.000000000000000000e+02 7.590117181070922925e+01 2.000000000000000000e+00
1.000000000000000000e+00 1.020000000000000000e+02 8.517468164960855859e+01 3.000000000000000000e+00
1.200000000000000000e+01 1.600000000000000000e+01 8.939550102213229366e+01 2.000000000000000000e+00
6.000000000000000000e+01 7.100000000000000000e+01 9.976795636264523637e+01 2.000000000000000000e+00
2.400000000000000000e+01 3.300000000000000000e+01 1.026725338202743387e+02 2.000000000000000000e+00
1.400000000000000000e+01 2.300000000000000000e+01 1.088842565974898662e+02 2.000000000000000000e+00
5.000000000000000000e+01 1.060000000000000000e+02 1.179370116018658194e+02 3.000000000000000000e+00
6.700000000000000000e+01 1.030000000000000000e+02 1.314150967856121213e+02 3.000000000000000000e+00
3.900000000000000000e+01 1.040000000000000000e+02 1.406372438509124549e+02 4.000000000000000000e+00
1.100000000000000000e+01 3.800000000000000000e+01 1.540212327577291944e+02 2.000000000000000000e+00
6.600000000000000000e+01 9.200000000000000000e+01 1.753548419646861021e+02 2.000000000000000000e+00
3.100000000000000000e+01 5.500000000000000000e+01 1.771728711032099000e+02 2.000000000000000000e+00
1.050000000000000000e+02 1.110000000000000000e+02 1.797317241314298712e+02 6.000000000000000000e+00
7.400000000000000000e+01 8.900000000000000000e+01 1.881950246203118695e+02 2.000000000000000000e+00
5.800000000000000000e+01 1.070000000000000000e+02 2.103248231193160507e+02 3.000000000000000000e+00
9.000000000000000000e+00 1.090000000000000000e+02 2.197679489340883094e+02 4.000000000000000000e+00
7.000000000000000000e+01 1.100000000000000000e+02 2.357854869333474710e+02 4.000000000000000000e+00
4.000000000000000000e+01 1.120000000000000000e+02 2.360082106405992306e+02 3.000000000000000000e+00
1.080000000000000000e+02 1.180000000000000000e+02 2.610588453575783205e+02 6.000000000000000000e+00
1.700000000000000000e+01 1.800000000000000000e+01 2.926182013842137621e+02 2.000000000000000000e+00
1.300000000000000000e+01 4.300000000000000000e+01 3.060118335696149643e+02 2.000000000000000000e+00
4.000000000000000000e+00 2.600000000000000000e+01 3.157292027386670270e+02 2.000000000000000000e+00
1.190000000000000000e+02 1.210000000000000000e+02 3.210372911413118118e+02 1.000000000000000000e+01
1.150000000000000000e+02 1.230000000000000000e+02 3.255383319442572088e+02 8.000000000000000000e+00
8.800000000000000000e+01 1.220000000000000000e+02 3.582705454704612293e+02 3.000000000000000000e+00
1.170000000000000000e+02 1.200000000000000000e+02 3.700394767127672253e+02 6.000000000000000000e+00
9.100000000000000000e+01 1.140000000000000000e+02 4.210750040139803332e+02 3.000000000000000000e+00
3.700000000000000000e+01 6.900000000000000000e+01 4.365350935465760358e+02 2.000000000000000000e+00
0.000000000000000000e+00 1.280000000000000000e+02 4.917443309039822452e+02 7.000000000000000000e+00
4.200000000000000000e+01 7.500000000000000000e+01 5.186775398337946399e+02 2.000000000000000000e+00
1.000000000000000000e+01 3.400000000000000000e+01 5.529178242754614985e+02 2.000000000000000000e+00
1.130000000000000000e+02 1.160000000000000000e+02 5.630922786405633360e+02 4.000000000000000000e+00
8.100000000000000000e+01 1.270000000000000000e+02 6.047666770191349315e+02 4.000000000000000000e+00
4.700000000000000000e+01 1.310000000000000000e+02 6.519465765792531329e+02 8.000000000000000000e+00
1.240000000000000000e+02 1.250000000000000000e+02 7.686158690678805669e+02 1.200000000000000000e+01
7.300000000000000000e+01 1.010000000000000000e+02 7.946903980767658595e+02 2.000000000000000000e+00
6.500000000000000000e+01 1.350000000000000000e+02 8.193660111740280172e+02 5.000000000000000000e+00
5.100000000000000000e+01 8.500000000000000000e+01 8.335387652628611477e+02 2.000000000000000000e+00
1.290000000000000000e+02 1.340000000000000000e+02 8.622215117887080851e+02 7.000000000000000000e+00
7.000000000000000000e+00 9.000000000000000000e+01 8.676062630163553422e+02 2.000000000000000000e+00
6.000000000000000000e+00 9.800000000000000000e+01 9.370823709661485736e+02 2.000000000000000000e+00
2.500000000000000000e+01 9.500000000000000000e+01 1.000118072743150151e+03 2.000000000000000000e+00
5.700000000000000000e+01 9.400000000000000000e+01 1.019471197410151262e+03 2.000000000000000000e+00
1.260000000000000000e+02 1.300000000000000000e+02 1.045328597797584507e+03 1.000000000000000000e+01
2.800000000000000000e+01 8.700000000000000000e+01 1.126015662968294237e+03 2.000000000000000000e+00
9.900000000000000000e+01 1.320000000000000000e+02 1.127509533972354575e+03 3.000000000000000000e+00
9.700000000000000000e+01 1.370000000000000000e+02 1.139576759200499509e+03 1.300000000000000000e+01
8.000000000000000000e+01 1.360000000000000000e+02 1.150557433720732206e+03 9.000000000000000000e+00
2.100000000000000000e+01 5.900000000000000000e+01 1.218157362442619615e+03 2.000000000000000000e+00
1.330000000000000000e+02 1.440000000000000000e+02 1.219549362623016805e+03 4.000000000000000000e+00
4.900000000000000000e+01 5.400000000000000000e+01 1.302673836575166206e+03 2.000000000000000000e+00
1.430000000000000000e+02 1.460000000000000000e+02 1.363319354704758325e+03 1.200000000000000000e+01
1.400000000000000000e+02 1.540000000000000000e+02 1.374044260662361921e+03 1.400000000000000000e+01
4.500000000000000000e+01 1.490000000000000000e+02 1.388768281444197328e+03 1.400000000000000000e+01
5.200000000000000000e+01 5.300000000000000000e+01 1.473902252613510427e+03 2.000000000000000000e+00
5.000000000000000000e+00 2.900000000000000000e+01 1.527477464364612842e+03 2.000000000000000000e+00
1.450000000000000000e+02 1.570000000000000000e+02 1.605427281332309121e+03 4.000000000000000000e+00
7.700000000000000000e+01 9.300000000000000000e+01 1.641601009483416874e+03 2.000000000000000000e+00
4.600000000000000000e+01 6.300000000000000000e+01 1.681675588259552569e+03 2.000000000000000000e+00
6.200000000000000000e+01 1.500000000000000000e+02 1.699593588218187733e+03 1.000000000000000000e+01
2.000000000000000000e+01 8.400000000000000000e+01 1.714992322784546104e+03 2.000000000000000000e+00
3.600000000000000000e+01 1.380000000000000000e+02 1.806134147008453056e+03 3.000000000000000000e+00
1.390000000000000000e+02 1.620000000000000000e+02 1.939830128097369879e+03 1.500000000000000000e+01
7.200000000000000000e+01 1.420000000000000000e+02 2.128987377303640642e+03 3.000000000000000000e+00
4.400000000000000000e+01 1.510000000000000000e+02 2.164751618397338916e+03 3.000000000000000000e+00
1.530000000000000000e+02 1.560000000000000000e+02 2.187953532498890127e+03 1.600000000000000000e+01
1.410000000000000000e+02 1.650000000000000000e+02 2.190280491169655306e+03 2.200000000000000000e+01
7.900000000000000000e+01 1.610000000000000000e+02 2.296323566148027112e+03 3.000000000000000000e+00
2.700000000000000000e+01 1.640000000000000000e+02 2.447478945253391885e+03 4.000000000000000000e+00
4.100000000000000000e+01 1.470000000000000000e+02 2.796417598238704613e+03 3.000000000000000000e+00
1.550000000000000000e+02 1.680000000000000000e+02 2.989653748839627497e+03 3.000000000000000000e+01
1.900000000000000000e+01 1.710000000000000000e+02 3.193633670330165387e+03 5.000000000000000000e+00
1.480000000000000000e+02 1.690000000000000000e+02 3.239789928286976647e+03 2.500000000000000000e+01
1.520000000000000000e+02 1.720000000000000000e+02 3.359887980097639229e+03 7.000000000000000000e+00
6.100000000000000000e+01 1.750000000000000000e+02 3.684626838441198743e+03 2.600000000000000000e+01
8.000000000000000000e+00 1.740000000000000000e+02 3.701921585991589382e+03 6.000000000000000000e+00
2.200000000000000000e+01 7.800000000000000000e+01 4.150374124193155694e+03 2.000000000000000000e+00
1.590000000000000000e+02 1.760000000000000000e+02 4.279728136494421960e+03 1.100000000000000000e+01
3.000000000000000000e+00 1.670000000000000000e+02 4.366005410301412667e+03 4.000000000000000000e+00
2.000000000000000000e+00 7.600000000000000000e+01 4.390236665977065968e+03 2.000000000000000000e+00
6.400000000000000000e+01 9.600000000000000000e+01 4.652260666718378161e+03 2.000000000000000000e+00
1.600000000000000000e+02 1.700000000000000000e+02 5.284150151324967737e+03 5.000000000000000000e+00
6.800000000000000000e+01 1.630000000000000000e+02 5.776617817249584732e+03 3.000000000000000000e+00
1.660000000000000000e+02 1.780000000000000000e+02 5.815533802893376560e+03 9.000000000000000000e+00
1.580000000000000000e+02 1.820000000000000000e+02 6.171939818646796994e+03 4.000000000000000000e+00
5.600000000000000000e+01 8.600000000000000000e+01 7.603171667008321492e+03 2.000000000000000000e+00
4.800000000000000000e+01 1.850000000000000000e+02 8.609314683420336223e+03 4.000000000000000000e+00
1.830000000000000000e+02 1.860000000000000000e+02 8.964612022816840181e+03 1.100000000000000000e+01
1.800000000000000000e+02 1.870000000000000000e+02 1.026278324182911820e+04 1.500000000000000000e+01
1.790000000000000000e+02 1.840000000000000000e+02 1.139407879054162549e+04 7.000000000000000000e+00
3.000000000000000000e+01 1.900000000000000000e+02 1.229800921938348620e+04 1.200000000000000000e+01
1.880000000000000000e+02 1.910000000000000000e+02 1.384027032018284444e+04 1.700000000000000000e+01
3.500000000000000000e+01 8.300000000000000000e+01 1.649000175796906478e+04 2.000000000000000000e+00
1.810000000000000000e+02 1.940000000000000000e+02 1.824461562968356156e+04 2.100000000000000000e+01
1.730000000000000000e+02 1.890000000000000000e+02 1.857379291226340865e+04 3.400000000000000000e+01
1.770000000000000000e+02 1.960000000000000000e+02 2.683279711340704307e+04 4.700000000000000000e+01
1.920000000000000000e+02 1.970000000000000000e+02 2.686611525469449407e+04 4.100000000000000000e+01
1.930000000000000000e+02 1.990000000000000000e+02 3.042929254691076858e+04 5.300000000000000000e+01
1.980000000000000000e+02 2.000000000000000000e+02 6.384018330129383685e+04 1.000000000000000000e+02
1.950000000000000000e+02 2.010000000000000000e+02 2.197850520964780590e+05 1.020000000000000000e+02
