3.195273307446078093e+01
8.803434664766345463e+01
1.005459573419495172e+02
5.085317135913558673e+01
7.264399839732502073e+01
1.145973247795448771e+02
9.391385903658348866e+01
2.174378552769381088e+02
2.015023958212147193e+01
6.829962907787891879e+01
9.460055270873296251e+01
1.041532160938314746e+02
3.249315857152586062e+01
1.030086336992657436e+01
1.550285757728232170e+02
1.036072385263594953e+02
1.039939218864727479e+02
6.735359449864694170e+01
1.012789074989679676e+02
8.545092808859467937e+01
8.413250547109461763e+01
1.537626338204842114e+02
4.553517942724151339e+02
1.569716386307599123e+02
8.016886489598826415e+01
1.999282047522884298e+01
9.476141225701066162e+01
1.303385671840744919e+02
3.330286734387084380e+01
8.833087774800608827e+01
6.207878619069039416e+01
1.046523939959619867e+02
1.431968794964917322e+02
1.840025038895586533e+02
7.858104642565677977e+01
5.113110672286094172e+01
2.054760275596313335e+01
1.056251951650026371e+02
1.121717234247288388e+02
7.808503658667750358e+01
1.210305722208188826e+02
1.018371708694363065e+02
3.740590596994068306e+01
1.338608847729956040e+02
6.685838601916832147e+01
1.093722361447206595e+02
3.978143319069160810e+01
1.143713804283582363e+02
4.374881807854634985e+01
8.908894507426204257e+01
1.035424111873245749e+02
8.002823220542762783e+01
4.839740830841957120e+01
1.394781031133665294e+02
4.188161581951573709e+01
1.185105182872687237e+02
4.572927489141581958e+01
4.378386067431267037e+01
5.641221837956397422e+01
6.512138436050069856e+01
2.232141039991650189e+02
2.543725371857523854e+01
1.095657450628415432e+02
2.251815215552236396e+02
4.780176303585609787e+01
3.865769598193210754e+01
8.062239042824816693e+01
4.736764741099782583e+01
1.241978712761539043e+02
5.764857622818875882e+01
1.059684390287933837e+02
1.132815736269687505e+02
7.958872789255812563e+01
1.014470077360226128e+02
3.686799639754564595e+01
7.212081679044365501e+01
1.061189064547239269e+02
9.386571858578543015e+01
1.997614987743754682e+02
2.969704059739405722e+01
7.421001134028173851e+01
7.699814951915053030e+01
1.035465049400398811e+02
3.409971586615770178e+01
3.503533534430428631e+01
9.075653638607843732e+01
1.079377776700252127e+02
9.959429730724416174e+01
3.274806772424593504e+01
8.614430098087578358e+01
7.520192005789367329e+01
8.810468469218099585e+01
1.464659362383494567e+02
4.488558900636202225e+02
1.598448893462961564e+02
8.062638123758210895e+01
3.392797513425870193e+01
1.038787648065911071e+02
1.163023806333544456e+02
1.555676608600898270e+01
9.479041931026127088e+01
5.346548633261683392e+01
1.038542815367230219e+02
1.473987403944849177e+02
1.140435788974739069e+02
4.878832268923257942e+01
2.635301921098522371e+01
2.439873278913723809e+01
1.056182067786607774e+02
1.091759609924958312e+02
7.573491540105335673e+01
1.248562363263919508e+02
9.164519361654427598e+01
2.853488014489422042e+01
1.253164297309774042e+02
4.418418848066392712e+01
9.371301809611594535e+01
1.438027260989937517e+01
9.852205058849335728e+01
3.581738486366892005e+01
8.702792617769668482e+01
8.788697518600915259e+01
6.052603393323136771e+01
2.709565961394662281e+01
1.123642561195615457e+02
4.188039249933461150e+01
1.146020502980773728e+02
2.742383639508398119e+01
3.798541378827101767e+01
5.407253690707851490e+01
3.749691755720746045e+01
2.326471966714683788e+02
3.060454889513829357e+01
1.106358019602408689e+02
2.290132971165649849e+02
4.343334324743700137e+01
1.959972318303581318e+01
5.624993926516733467e+01
5.040348754482987914e+01
1.177986678236759275e+02
3.975241440061923726e+01
1.079846741521167104e+02
1.158446981161188489e+02
1.622657418362662156e+02
8.487782477480722321e+01
1.381172251240038804e+02
1.606867327658936517e+02
1.481783759323816980e+02
1.940877533189530482e+02
8.421609517968646230e+01
1.415969946999551894e+02
7.477003650271623769e+01
1.603055026256929523e+02
1.041856886554544701e+02
8.546497936782253646e+01
1.841153673461277549e+02
1.538569917616059399e+02
1.625442823347473507e+02
1.003473481134200682e+02
1.481797730070216232e+02
1.354107657994508713e+02
8.078041067860942803e+01
2.052700145669976450e+02
5.101293041339619094e+02
2.150813149923836249e+02
9.522935346004238966e+01
9.098033867005450759e+01
1.618090507524892132e+02
1.825336638739157991e+02
8.682997145701732222e+01
1.509742050579122292e+02
1.276733046791700446e+02
1.581628559163776231e+02
1.997823461844868405e+02
2.103701101300261485e+02
5.900216572532530535e+01
9.169615403431123468e+01
8.102364721833608030e+01
4.596434170954574938e+01
1.715260069403758223e+02
1.346056702750521197e+02
1.860872967711897559e+02
9.041771562951119279e+01
8.435470490804019050e+01
1.021862867830634656e+02
1.113350827869404185e+02
1.519861016157030349e+02
8.874345332196313052e+01
8.273388895952879807e+01
9.248837473350515381e+01
1.492774886730141191e+02
1.575824740097528434e+02
5.095407817722301047e+01
8.555250718375364727e+01
1.734610552281020261e+02
7.906479618015461597e+01
1.687026392338133007e+02
7.967344139373548728e+01
1.016161073797606917e+02
9.870088077100760415e+01
1.097793352165833625e+02
2.942517577649114742e+02
9.103502370301579560e+01
1.002892651659520311e+02
2.921305596007775307e+02
9.246991085713624159e+01
9.102901010690735006e+01
8.547843407982595920e+01
1.070354557055626401e+02
1.754308288308327519e+02
9.166616901314286281e+01
1.640317438132075836e+02
1.742930962857538759e+02
1.351607186766387088e+02
9.314534632820165427e+01
6.260604996862674199e+01
7.498774666211339479e+01
2.952154562411238885e+02
9.652531483073171614e+01
1.191207029405216957e+02
1.710990497684578031e+02
5.863568537265294367e+01
9.994130546190569930e+01
1.032458948220566128e+02
1.954823426395605566e+02
1.723247709869577022e+02
6.592034962584489222e+01
1.349382016395165920e+02
7.711402396645019053e+01
5.484991631930588341e+01
1.617914665971669308e+02
1.315771620290967689e+02
4.967371328508226043e+02
8.932399908075460360e+01
1.585300298263969125e+02
1.121680001530174309e+02
3.039094681880983018e+01
4.810795952738957482e+01
1.110480451412821736e+02
4.560682146296846184e+01
1.346150746985282467e+02
7.865099917283968978e+01
6.291512413538254833e+01
1.956239894679735585e+02
1.455495322803900535e+02
1.238878730453368036e+02
1.005943233334591582e+02
1.783169583101976059e+02
7.515710424593910943e+01
5.804707771147023010e+01
4.043748294677392607e+01
1.772338539742426065e+02
1.066868120202662737e+02
2.129959716788255832e+02
1.199709311934366127e+02
5.875213250667698617e+01
1.133637127102602875e+02
1.863978461611919215e+02
1.246647284205898814e+02
6.839350590070674230e+01
3.050720652156981316e+01
1.516513428725463370e+02
1.232459564541185273e+02
5.805503705730776431e+01
1.321529717259528809e+02
4.290356855202375641e+01
1.245545980052664277e+02
1.283963798956739595e+02
1.193976077139330840e+02
1.355502380238497722e+02
1.471667237101175658e+02
1.108978795513681632e+02
2.021460216099926868e+02
1.461638831183154252e+02
1.273906254780484772e+02
1.080968885845715164e+02
1.564548004797425449e+02
1.098875956171491879e+02
7.631352146539310866e+01
1.360966141216075869e+02
2.751525697376131063e+01
4.999213671672863768e+01
9.782004927677797923e+01
1.446827403189476513e+02
1.269604314202273940e+02
1.818820156833293424e+02
5.060478733509538074e+01
9.397510830898416145e+01
6.602065616435474738e+01
1.331281346992753640e+02
5.907665917849821824e+01
5.553464257560927564e+01
1.918020618590093989e+02
1.066124035141692872e+02
1.366341810601042823e+02
5.943971343731584511e+01
1.250429328898337928e+02
1.135497270808765080e+02
9.259744599988901825e+01
1.760358262735441031e+02
4.675748984975587064e+02
1.954153247652639322e+02
8.438908806942971808e+01
3.385883910290623078e+01
1.356356671070690254e+02
1.531514899471725641e+02
4.122405043104727440e+01
1.266954530523957771e+02
6.097700373050740552e+01
1.338779140874557356e+02
1.745172194410014583e+02
2.241929172679195688e+02
4.513256975348363653e+01
2.995068190203900471e+01
3.854246155366756454e+01
8.566264775703564283e+01
1.455534165875899362e+02
1.090201742699518803e+02
1.587403915985846652e+02
7.505707822030581156e+01
5.237452956856836295e+01
1.121669340819648397e+02
5.832414694325049709e+01
1.325965449290643505e+02
3.663601071939010723e+01
8.602011962822344060e+01
4.492515029153972250e+01
1.195309921838807981e+02
1.299360630724617636e+02
5.551710845826622176e+01
2.558766152377292968e+01
1.530271233304456473e+02
2.888353584144488906e+01
1.453554584806096841e+02
3.277325700314017354e+01
3.442329211719930271e+01
6.647429185679563091e+01
6.304206101711719867e+01
2.634173069446599129e+02
4.830855246166736805e+01
9.113930847186171036e+01
2.638280507238300174e+02
3.303953728546326829e+01
4.560687858226173574e+01
4.749119159158551184e+01
5.819550440624247756e+01
1.472343784167537137e+02
2.927772177492749606e+01
1.392604327797833719e+02
1.470237331713959748e+02
1.076377244446276364e+02
8.485948917168200012e+01
2.253747190459355920e+02
7.100784098168803382e+01
5.951162847732712891e+01
1.333690694097734308e+02
8.943488315059957472e+01
6.509643278052551807e+01
7.835510444793456486e+01
1.650151452176776843e+02
1.329131952129625063e+02
9.425975623231019540e+01
8.471163248278989499e+01
7.929040704283124796e+01
7.328069134653448202e+01
1.276323961328140086e+02
1.311590883034064632e+02
4.359262781848356667e+02
1.579871366928025793e+02
1.286783167682372664e+02
8.066054347648216094e+01
9.365410327701181359e+01
1.050533119688606263e+02
8.149286410554087468e+01
8.377348371179144237e+01
9.792116262173531993e+01
9.309884885304053626e+01
1.265383689057539414e+02
1.667009385946086581e+02
1.131977684781368794e+02
9.309940838935780505e+01
7.703226427915625152e+01
1.501253148902273153e+02
1.003831249314680178e+02
7.163435588923728403e+01
1.081882348280842905e+02
1.276597505393678347e+02
8.296566982660424117e+01
1.792859027308576856e+02
8.587062957388735640e+01
9.055126745727535820e+01
7.807667632557260617e+01
1.407574351285997238e+02
8.662559807290702452e+01
7.970720164558774457e+01
9.424400164774172595e+01
1.242515745321983331e+02
9.699538159655736536e+01
1.116992717372213519e+02
9.468171686379230323e+01
1.028181126520130420e+02
9.242843324217955114e+01
8.632488297856926351e+01
8.233792632401018352e+01
9.567804678833388721e+01
2.158009083258772591e+02
8.436551364429669775e+01
1.614113056315340486e+02
2.183316946508596459e+02
9.136829803344973300e+01
6.832771508519005010e+01
1.196173466721893135e+02
6.682453866565175815e+01
1.072838901690610385e+02
9.645743353488992966e+01
9.977050136040432449e+01
1.004644050734501519e+02
6.681742503328973726e+01
2.933526304639713658e+02
1.112111889542676124e+02
1.344791465639087846e+02
1.665926895216823311e+02
6.584899184469641398e+01
1.115235260283768639e+02
1.148091290128830622e+02
1.893814221172789303e+02
1.708277448987935543e+02
9.785991119381112924e+01
1.392137137729287417e+02
7.263814572064411834e+01
6.177022616416137168e+01
1.749332668326059945e+02
1.235317370857524253e+02
4.854574366077007426e+02
9.536955879272596803e+01
1.689042684805468184e+02
1.223938514673437794e+02
5.248571562855649120e+01
6.855233707221729844e+01
1.195953728519519785e+02
4.389754769755288066e+01
1.386031743782173180e+02
7.330133065335290610e+01
9.387765017695166136e+01
1.892195174376925024e+02
1.472364015701587050e+02
1.271802932168056515e+02
1.083295648535068665e+02
1.807953879860555730e+02
7.614932639115733082e+01
5.573111199250062242e+01
7.358227063756572761e+01
1.747112058570183137e+02
1.141139957893729502e+02
2.009208025666368655e+02
1.141485931218927306e+02
4.297959181524674221e+01
1.254286316002666553e+02
1.900403649397253787e+02
1.187376893534564317e+02
7.041069189512685966e+01
4.859187885365205517e+01
1.473534862901291831e+02
1.340665581494400840e+02
4.566601240497399061e+01
1.329681188508587297e+02
5.284000229761861789e+01
1.225899680981749071e+02
1.435542695756121816e+02
1.154849651711207912e+02
1.424880149990552525e+02
1.725958178249389334e+02
1.188746677971542738e+02
2.018691990069825408e+02
1.744656596114214437e+02
1.293175560204094268e+02
1.079588449841296267e+02
1.429711058570558748e+02
1.162739944540619632e+02
6.967919617115553876e+01
1.425335930620743454e+02
5.467909363659278199e+01
5.117776617555212226e+01
2.792162789838363324e+02
8.916342542658090053e+01
1.118083308486280885e+02
1.527251844950303905e+02
7.787263820687746829e+01
9.143050507125965964e+01
9.640123072623183020e+01
1.662786714480674277e+02
1.509591680043193662e+02
1.097537473679157074e+02
1.248602315891172907e+02
3.276293305941148049e+01
3.329865679277169477e+01
1.544777796749010861e+02
8.720564476267595921e+01
4.350498136381190761e+02
8.663981755266449625e+01
1.531738297975857392e+02
1.031972252666992205e+02
5.409719747403517687e+01
7.426145989743208986e+01
1.048044166490245317e+02
4.522492483765766735e+01
1.215673200471436246e+02
1.577022852774122619e+01
1.147160398356404016e+02
1.631706485490414309e+02
1.324201917427884894e+02
1.111081084422359595e+02
9.414806200179445739e+01
1.678829510687010043e+02
2.859969408353731168e+01
1.737939335536079000e+01
7.158083411427817566e+01
1.651585479125093343e+02
9.853422395130516520e+01
1.990510343062751986e+02
1.017607383942044095e+02
4.532584715851822921e+01
1.058839041972441919e+02
1.696185229409602186e+02
1.086131044284503702e+02
2.470831627731094571e+01
5.309206223213036679e+01
1.352539676430236000e+02
1.154978962067619790e+02
6.487884214636579827e+01
1.210816399523979356e+02
5.119156994696535179e+01
1.096139637211414453e+02
1.197258566236203734e+02
9.651407716608483156e+01
1.277938619082003413e+02
1.527007609899639249e+02
9.933855637317296328e+01
1.913764844103215523e+02
1.572250460902157272e+02
1.148723551702137371e+02
9.676259745063380535e+01
1.370462303581570040e+02
9.598329984226057832e+01
4.447130436821491628e+01
1.260019317856612560e+02
5.918873424952656848e+01
4.940760061510366796e+01
2.108840246672087062e+02
2.017650519629875134e+02
1.232364610377014884e+02
2.815775420149485058e+02
2.002065215618641218e+02
2.231115507371428350e+02
3.324480086750813257e+02
1.882185893051714913e+02
2.949351626706958314e+02
2.078817032284594291e+02
2.702482318105306263e+02
2.679724100695398761e+02
1.455240050791879014e+02
3.209422777522521528e+02
3.760630986881391209e+02
3.502439934460335280e+02
1.583128615664039955e+02
2.040184666982462147e+02
2.951379401679045600e+02
2.947927416600467723e+02
1.954589437963012699e+02
2.880105249911247256e+02
1.771919030502780856e+02
2.851653219201403431e+02
3.236292201589762385e+02
3.620982083906594085e+02
1.535208551018754690e+02
1.909563529730580740e+02
2.065885476014360904e+02
2.025178174813325427e+02
3.048626293945542329e+02
2.669029417463513028e+02
3.158194151269520944e+02
1.587823322589060524e+02
2.136979221933364670e+02
1.418610625713887714e+02
1.948719585555613776e+02
2.741994122157394713e+02
1.933631932111412937e+02
1.342625456998070490e+02
1.930852805816315367e+02
2.725094688046177680e+02
2.864739978219009231e+02
1.847686003387610754e+02
1.938736004381356679e+02
2.956252858387126139e+02
1.803218625048768331e+02
2.970667502444943011e+02
1.884503065552845840e+02
1.933419834766372958e+02
2.189690007303678101e+02
2.000944223626077303e+02
4.245557857063368488e+02
2.136481059803627431e+02
1.161271712195348016e+02
4.242096233799118750e+02
1.917892749601253684e+02
2.011328684665002129e+02
1.613813632072451867e+02
1.954582139512361039e+02
3.018842105962131654e+02
1.716988011635952205e+02
2.892907178337101755e+02
3.035286190652968799e+02
7.289745289685507146e+01
8.776394804603863520e+01
9.996477874744850567e+01
3.683832985694507300e+01
2.780353777590298847e+01
1.452743184484295682e+02
1.015764308303473058e+02
9.816487316109439121e+01
5.519952684015498789e+01
8.810073453821517830e+01
7.808038752306609354e+01
8.023476445233313825e+01
1.449109925785363657e+02
4.578035774511302520e+02
1.605801352639015533e+02
8.005043522700765379e+01
3.139743541611034061e+01
9.315665807921224939e+01
1.180454075408092649e+02
2.489300027755917455e+01
8.808414999498202747e+01
6.750711197769550154e+01
9.551595192931831946e+01
1.399901184641850591e+02
1.735058587676580828e+02
7.095677689323564152e+01
4.586540777952454562e+01
2.860574245208251298e+01
1.027617319678479220e+02
1.060653167729253425e+02
7.454756171584824642e+01
1.135150152676522026e+02
9.723885895096827880e+01
3.199329140299898810e+01
1.368290195384898595e+02
6.253795887046749158e+01
9.647859072599824515e+01
3.741367143261314254e+01
1.029574974981444200e+02
4.365591438590681861e+01
8.308684258066165285e+01
9.754129137106816927e+01
7.580234735460805950e+01
4.819171833193672683e+01
1.203208893900067125e+02
4.346318831745907119e+01
1.110181960974343554e+02
3.946918104531782490e+01
4.477978570999408703e+01
4.085733814835675304e+01
5.625511748422572822e+01
2.255449629181592002e+02
3.822942780871678536e+01
1.121435272998298274e+02
2.289274350081329032e+02
4.997697999499951038e+01
3.145033230474349395e+01
7.389946486344943821e+01
4.593531413537137098e+01
1.178779850646919840e+02
5.349774187986614749e+01
1.002975798414980630e+02
1.112674736411950960e+02
9.844031263324981751e+01
1.238241268568555569e+02
4.765276728083086510e+01
7.337440861949987436e+01
1.955733524021766243e+02
1.477963547710636476e+02
1.141811038410697421e+02
8.890243861815700654e+01
1.182188691565401939e+02
1.017380021567274042e+02
8.645319820750562201e+01
1.670897773461405507e+02
3.832081658452183888e+02
1.800367710631119564e+02
8.016434079439045490e+01
7.861738436575852518e+01
1.160851745610024324e+02
1.476005289733364805e+02
8.007928394255380056e+01
1.093356927218657262e+02
4.955152925604469516e+01
1.223134820079626337e+02
1.593094668258272861e+02
2.066074909707854488e+02
1.195887961226186320e+02
9.952504198105199862e+01
7.752973703264416372e+01
1.509134436118857820e+02
1.272037325607971070e+02
9.570283555800952513e+01
1.393997620264702277e+02
1.002112660114660798e+02
8.634567590231814904e+01
1.416128640732841006e+02
8.682171877094256729e+01
1.202156054508951968e+02
7.612308135827318267e+01
1.116837373469873000e+02
9.088875063230590001e+01
1.073293615190173398e+02
1.185188157717730064e+02
1.242114554338074868e+02
9.851457137064321046e+01
1.494290459380649736e+02
9.316481939016891545e+01
1.362631693870476113e+02
9.441007684620235807e+01
7.992114136355944254e+01
1.063012808239995621e+02
7.905386352457514931e+01
2.387054409175989065e+02
8.286025300571613172e+01
1.125216208623042462e+02
2.443108807362279435e+02
8.675759191671210147e+01
7.732300750192305827e+01
1.224992495251687359e+02
6.192120990886359522e+01
1.403705785761237621e+02
8.634574111022622844e+01
1.250161783564541764e+02
1.281942784551448824e+02
1.625201452416179109e+02
7.791222288861082745e+01
9.563122263468426354e+01
1.845812200895955471e+02
1.446007800717816849e+02
1.712778591086153313e+02
8.506873224054767491e+01
1.450570821035165920e+02
1.395734340570726317e+02
4.818856470117573565e+01
2.034106985278498598e+02
4.351546794148265462e+02
2.212018182184654052e+02
5.250085398590329078e+01
8.580245323865732132e+01
1.684458015687144155e+02
1.777514547538625607e+02
7.519206209160495291e+01
1.608558985692559133e+02
6.906193889895143911e+01
1.594317062883025358e+02
2.037359266119746337e+02
2.104209039516854887e+02
4.450884503112265378e+01
7.581819115188932301e+01
8.316995146050616938e+01
9.771610936997228691e+01
1.795995866959903822e+02
1.412952818965237611e+02
1.887938814316119078e+02
4.784777569953367049e+01
8.760229670162232196e+01
6.159838886159866433e+01
7.659278091134039812e+01
1.529666559554752894e+02
7.677694981485478820e+01
2.932842532995296381e+01
8.009954657548384205e+01
1.511109286017692739e+02
1.610620755028686517e+02
7.608455184652486025e+01
8.078766845826031329e+01
1.697419778409767446e+02
6.303411850441579389e+01
1.728863784658928466e+02
6.921510703852926838e+01
7.947095456009286352e+01
9.430061544133327800e+01
7.764457242286646022e+01
3.010236000187029504e+02
9.362699435369563616e+01
4.317728547435839204e+01
3.003094417116529939e+02
7.908233449777722512e+01
7.914840072013279837e+01
6.159667610870723564e+01
7.603021464385901140e+01
1.772408014079098564e+02
6.510614820714984319e+01
1.628941351657196037e+02
1.795502927574279113e+02
9.709727964494859975e+01
1.112133448968930907e+02
1.978669995011187268e+02
1.587843171979890826e+02
6.347110356837927014e+01
1.278162669684689234e+02
7.543323714966015814e+01
6.768688855245525815e+01
1.643314525477151165e+02
1.198518007968970949e+02
5.010604815871868709e+02
1.217446518979881347e+02
1.677700607455356305e+02
1.172326372176499234e+02
6.126530721211072716e+01
6.451291857571689548e+01
1.122485638769728808e+02
6.430449954464593532e+01
1.333260543616218285e+02
8.162525147289352390e+01
4.672997440782742018e+01
1.968721166083101934e+02
1.401482892481639624e+02
1.168314431776226598e+02
1.089790152188977288e+02
1.780158276950385527e+02
8.766227898186322420e+01
6.338267978564945082e+01
7.580477453900998341e+01
1.753979097966320637e+02
1.074347081628162357e+02
2.114819750420669777e+02
1.093121364334601111e+02
5.919961234349830193e+01
1.059958379433790867e+02
1.780227658046644592e+02
1.133641527083447471e+02
7.272060221828722604e+01
6.064062222582415984e+01
1.411415570002807840e+02
1.206588990135481225e+02
5.422360618957623757e+01
1.306584235124937265e+02
5.937453756239038682e+01
1.167939505762813184e+02
1.223307857600685224e+02
1.000451281733093651e+02
1.383384901909701341e+02
1.545978598411984137e+02
1.081222451366621442e+02
2.018526570125080468e+02
1.563426502476809219e+02
1.292650313996631155e+02
1.019529841999417812e+02
1.402730635242625681e+02
1.021753493462948938e+02
7.058843674297013138e+01
1.351049758413070947e+02
5.996573835029864341e+01
5.961270966553406936e+01
3.511259255866112028e+01
1.342644426578523849e+02
9.537954676984645630e+01
9.958328047323080057e+01
5.329638951142407421e+01
8.553847972085343088e+01
7.964280797642618381e+01
8.081310592724642561e+01
1.453758948342083954e+02
4.371467220549459398e+02
1.584140304500694754e+02
7.635289424905894862e+01
4.329101107160784778e+01
9.685990873534956336e+01
1.121167662109860856e+02
3.693493249883549367e+01
8.888233744346055687e+01
4.432827049701658950e+01
9.655748874278970106e+01
1.415854577144205280e+02
1.562627550464224839e+02
7.317382369795845420e+01
5.378353621870611789e+01
4.033641142342534636e+01
1.261105574343246758e+02
1.099047918408188451e+02
7.397495115234222851e+01
1.167619384284901400e+02
9.623360823159715949e+01
4.957668183362536496e+01
1.276425151270594682e+02
3.961810366349052259e+01
9.865286083553118601e+01
3.711272254238914314e+01
9.462783795970749168e+01
4.582578729683201146e+01
8.263286517646409379e+01
9.544544497790973026e+01
8.447219082103845267e+01
6.168315352993499090e+01
1.146885374907959090e+02
5.376234374601617105e+01
1.079495784937068521e+02
5.162066082196102457e+01
4.395848435412205646e+01
5.904699339181364337e+01
5.054825967356818239e+01
2.282289064836889452e+02
4.505372074298711027e+01
1.112927821264872961e+02
2.288690730540668028e+02
5.600138305604026101e+01
4.071019188962077351e+01
6.925043795108054212e+01
3.004599656740176172e+01
1.146683597923080384e+02
5.282582153197417796e+01
1.003351889189669066e+02
1.144516936286606068e+02
1.710887563998140877e+02
1.109304609900498235e+02
1.017186953082525065e+02
7.000205964384367974e+01
1.034256848208279820e+02
8.588758110726035966e+01
9.426859492975404464e+01
1.613238073396736070e+02
4.630237364113492617e+02
1.572915252880421235e+02
8.020442663342311107e+01
2.387425990681596844e+01
1.002805413725052972e+02
1.385916026145531816e+02
3.589529593560106235e+01
8.855983365573172250e+01
6.723160451114284797e+01
1.109783585724775321e+02
1.472975455320436993e+02
2.031313564654902279e+02
7.805402939174550170e+01
5.498729227120753649e+01
1.730760322842759535e+01
1.072036822850726026e+02
1.141399781829726408e+02
8.213070538700570467e+01
1.238192592372649585e+02
9.722242371110507975e+01
3.823777906656310677e+01
1.318308192447360909e+02
6.481931842217565531e+01
1.082269913269088875e+02
4.383568625985186884e+01
1.187744823079204366e+02
4.241930178811595198e+01
9.748322692904716291e+01
1.094650307363734925e+02
8.043241906675991970e+01
5.199057455404933137e+01
1.389112430680183365e+02
4.345956570284184295e+01
1.220318445447041285e+02
4.669444720952751027e+01
4.918584461570128497e+01
5.807357901627518260e+01
6.536544486560630673e+01
2.282617561456092403e+02
2.576715987072471847e+01
1.133803093157643076e+02
2.287389429252132800e+02
4.668102753724883769e+01
4.044151807390682052e+01
8.306516318887656780e+01
5.237086538742644848e+01
1.302855909867491846e+02
5.763773498387235605e+01
1.096736741672637692e+02
1.178624627816462578e+02
2.084882109459139485e+02
1.580399927228580452e+02
1.714938851183098905e+02
1.613899261490606420e+02
1.316113826335488284e+02
2.234687431681184364e+02
2.280800832524796533e+02
5.797989657313338512e+02
2.224509054036026328e+02
2.256709912209080073e+02
1.501843216503348799e+02
1.863701055865175533e+02
2.155793055454844875e+02
1.387068367137424048e+02
1.860399388932443685e+02
1.613190155918839537e+02
1.929960354338876698e+02
2.252716025460644573e+02
2.387135097949429507e+01
1.577308729132716962e+02
1.463453343607214663e+02
1.133738942754904713e+02
2.144979749055001434e+02
1.892443813597234055e+02
1.315483770843507330e+02
2.084354609734443216e+02
2.108999241534164071e+02
1.485443877562409796e+02
2.564290137867500903e+02
1.297348960104907860e+02
1.284214999623563642e+02
1.471082697185126733e+02
2.345687928237497317e+02
1.453175370178851722e+02
1.774252225112278438e+02
1.494266065057533410e+02
1.602039883568735092e+02
1.542397019788917021e+02
2.445046324697533464e+02
1.604407190069186981e+02
2.153201613185721044e+02
1.426544916562510252e+02
1.676704810541579036e+02
1.723822587148903551e+02
1.522897232109625349e+02
3.222040136590444490e+02
1.905778586034506361e+02
2.379574735676565638e+02
3.084793450624381990e+02
1.706298356216242667e+02
1.099558415615838243e+02
1.653824707629420914e+02
1.220047155631801843e+02
1.952932712293607267e+02
1.509332116997305491e+02
1.852525068212266603e+02
1.925790055640864580e+02
1.723974492437682784e+02
1.368381176257085770e+02
1.485636060952049604e+02
1.469326984022115141e+02
1.733469923603183815e+02
2.010896580867994885e+02
5.161771190372779756e+02
2.270507477662566771e+02
1.768183523341536443e+02
9.839141514928502374e+01
1.662501743573196507e+02
1.749270448166087419e+02
1.112167847894772024e+02
1.637202582494282694e+02
1.103333618044568283e+02
1.586983381887306450e+02
1.941604345628801127e+02
2.345900040468174268e+02
1.208483629925824374e+02
9.174859254126430130e+01
1.048007107069647930e+02
1.697541148195674339e+02
1.825552321230782411e+02
1.424832609070694218e+02
1.905627028037924049e+02
1.642462423482205622e+02
1.074071777318176828e+02
1.929820144539391151e+02
9.204333161187071255e+01
1.511819011418773755e+02
1.058628148474016371e+02
1.646709906979444327e+02
9.327969198518530902e+01
1.487885498062628926e+02
1.661308714756710856e+02
1.242837880878205965e+02
1.132153574122176707e+02
1.731463818263431449e+02
1.046442616267344192e+02
1.679083996511546957e+02
9.751395020084966347e+01
9.559618053492229706e+01
1.046761667662418773e+02
1.376383384961438026e+02
3.049048598257105027e+02
1.098509065949033783e+02
1.680813676563286663e+02
3.048884291064466652e+02
1.183349217140837055e+02
1.051716436193013067e+02
1.131655946401693882e+02
8.507668586706276415e+01
1.753702151262819484e+02
1.066571582913897345e+02
1.642987673470043148e+02
1.837064788145561067e+02
1.225757264794115144e+02
1.035634111605258312e+02
9.056041290194885107e+01
1.675471523065380097e+02
1.603402822830677792e+02
5.086700938388972872e+02
1.353225642328024776e+02
1.604818056116799312e+02
1.129593983153381487e+02
7.624476550827327515e+01
8.538259224923699264e+01
1.123433440568989994e+02
8.575301914406355763e+01
1.305883163167980570e+02
1.201527098322039819e+02
6.475850765239256646e+01
1.637241611457290560e+02
1.426651927876538934e+02
1.206235081191460381e+02
1.024273658606590516e+02
1.800042924846371761e+02
1.067809634366522147e+02
9.511567728219051787e+01
8.509796284635025643e+01
1.660084019624242728e+02
1.022241953816329101e+02
2.120912763697646426e+02
1.145384877462769424e+02
7.711927024804322173e+01
1.096773898187573053e+02
1.869246745017094895e+02
1.175639486734288539e+02
1.088131940269693274e+02
7.340521264125298728e+01
1.550004474958499259e+02
1.228196522967508315e+02
9.328039725490731371e+01
1.280674936832639332e+02
8.848339683189026061e+01
1.236272300148747405e+02
1.271792446501883376e+02
1.188241106348056491e+02
1.235288591717589384e+02
1.480453608131392684e+02
1.077758504100956856e+02
1.992498380482145706e+02
1.489124597024104730e+02
1.226882222972990348e+02
9.945311300057275616e+01
1.524921153036668500e+02
1.095036625421127212e+02
1.162218888568614545e+02
1.312530549313087249e+02
8.176072455733566358e+01
9.124019975990798059e+01
1.037339896146922484e+02
1.085462381559186582e+02
9.742888565403576706e+01
1.634235075495843716e+02
4.386574684582618602e+02
1.973549240618055194e+02
8.883124840963643010e+01
6.533649268539785737e+01
1.385080517371628730e+02
1.314860511364441322e+02
4.452755293249036583e+01
1.276839559687836925e+02
7.302736084419321116e+01
1.387752751058774834e+02
1.702035728564653141e+02
2.027078234472253655e+02
6.717102112987095097e+01
5.196746553364368282e+01
5.303577044949810215e+01
1.228009645883688279e+02
1.386106784119398867e+02
1.087409519174942005e+02
1.449760362581553750e+02
8.068536154753778078e+01
5.218991545308220026e+01
1.355176499547325193e+02
6.270112557273242260e+01
1.227067912674127115e+02
3.983651269959163699e+01
9.248041626516265978e+01
6.153334296555397032e+01
1.221514400012025732e+02
1.229126582538655867e+02
7.778966759616486115e+01
5.552923328624365240e+01
1.441683688040424158e+02
6.388233916818599312e+01
1.453732671570668344e+02
4.511733812935369059e+01
6.060213032108541853e+01
6.279884492909852867e+01
3.493955986545333303e+01
2.564715374760696704e+02
6.165225601820971235e+01
1.220538803263732035e+02
2.552527624928017644e+02
5.456182469907562194e+01
3.027565168938182794e+01
7.222087452938117735e+01
5.968618951642232417e+01
1.428552216348149386e+02
5.333611041887458271e+01
1.429967844911195698e+02
1.462633814963673728e+02
2.811641208109568524e+01
1.573644704413290469e+02
8.188363897441396944e+01
4.467373906281450218e+02
1.059680864544367722e+02
1.577399370067456061e+02
1.109230240745443297e+02
7.433941658790863016e+01
5.546645278776261989e+01
9.341885125925909961e+01
6.453708882732709640e+01
1.242297293879962012e+02
3.327374426935944740e+01
1.117678804767588900e+02
1.598554554841246897e+02
1.191997030716580355e+02
1.019113052464022218e+02
9.678800474780366869e+01
1.742216777686475950e+02
4.702533903141796401e+01
3.012850045607896021e+01
8.081020643705745954e+01
1.602753699072471818e+02
8.808220306071471839e+01
1.996385424390722676e+02
9.204739332385494777e+01
5.236753650698519635e+01
9.686438142064103829e+01
1.613105966072759543e+02
1.053551784264505500e+02
2.337221137832758444e+01
5.724104087001163066e+01
1.289683788175643429e+02
1.109070350451492288e+02
5.249618277254489129e+01
1.191571043523884725e+02
7.277873202730613400e+01
1.049897866326322884e+02
1.203298257696119293e+02
8.503072797765057089e+01
1.123739326252137971e+02
1.752471770928407580e+02
1.053796572435160073e+02
1.908766454516758699e+02
1.754302440652471944e+02
1.225273270390451330e+02
8.324742477414027064e+01
1.242524616198465424e+02
8.846205583435596509e+01
5.244777198415251718e+01
1.208555258646801320e+02
6.366111195619083674e+01
7.104123787277519853e+01
1.441582134175572492e+02
8.760845104547408368e+01
4.647003303092608348e+02
9.944266357257897937e+01
1.404512937341384600e+02
9.299220105030815375e+01
6.372388430866643461e+01
7.277908811648418919e+01
8.669815644111041308e+01
5.024589534379317257e+01
1.097248756323113668e+02
3.973740698117976677e+01
1.020373955817789948e+02
1.283035670237064778e+02
1.142406066467228101e+02
9.517960694316133186e+01
7.996921364934172516e+01
1.577084542414090151e+02
4.299239512769469940e+01
2.140677163328953725e+01
8.307447892143298418e+01
1.537059199987762952e+02
7.707700340696096930e+01
1.853753812101049618e+02
8.737294547775054809e+01
4.868195253494290853e+01
8.761956727693792857e+01
1.575381522941480625e+02
9.814796894465075638e+01
2.669028050255291618e+01
4.651685161308172667e+01
1.238305970318751292e+02
9.727675215790446828e+01
5.888246619514259805e+01
1.098020292425109119e+02
6.998882101466688255e+01
9.725232098038027573e+01
1.087088981182424021e+02
8.981561129859530013e+01
1.068096176909761397e+02
1.726670467028744724e+02
8.842660088538966079e+01
1.789077838912172354e+02
1.693149320666965139e+02
1.053762705681480014e+02
8.110728025154712384e+01
1.245217478133589566e+02
8.554459868162045666e+01
6.462121415698476312e+01
1.112941357936681328e+02
6.155512301510141526e+01
6.015928186992829296e+01
2.096892621346540011e+02
4.196838636362288639e+02
2.209006002155485362e+02
3.105459266032826449e+01
9.323320320633460767e+01
1.562574833231399793e+02
1.851166993839907491e+02
8.717466578807157873e+01
1.515102822211138118e+02
8.728745232598765824e+01
1.614402072767074969e+02
2.043655064556172078e+02
2.472534764180369677e+02
7.598466634839704170e+01
1.090798207192671043e+02
9.076147999360031804e+01
9.526420840376096066e+01
1.722988856065607592e+02
1.385414582088723705e+02
1.804427255138571695e+02
6.796581609052607575e+01
1.054815884827595482e+02
6.531563274320610901e+01
1.186046644963946193e+02
1.661053297462319733e+02
9.058584639161333030e+01
4.277044428847196400e+01
1.032015492519776103e+02
1.477781337862862472e+02
1.611851753388048394e+02
1.080115963345480452e+02
1.001193951790555445e+02
1.916289546420523493e+02
7.935778619831769731e+01
1.758242902317085452e+02
9.951119869771413562e+01
9.791122418897036539e+01
1.149786113005676640e+02
9.248193876359687238e+01
2.855272129157133350e+02
1.042440016843073209e+02
4.941414999806086428e+01
2.900473896263353595e+02
9.203442201547771617e+01
9.554893955964189445e+01
9.670495486978509803e+01
9.608662208233243973e+01
1.822754993451310099e+02
8.884948949706706856e+01
1.660971412823524531e+02
1.747179077161152918e+02
3.945577137400634342e+02
1.236640364453720053e+02
2.132536554227576175e+02
1.651946002825218329e+02
1.363027727648876635e+02
1.209587758602648080e+02
1.534606597823193965e+02
1.274771222891437361e+02
1.779395696884729432e+02
9.454543200997454733e+01
1.536405025672697775e+02
2.300182645783959856e+02
1.834239159376872124e+02
1.588390863341988961e+02
1.554732799694882033e+02
2.260350361957780763e+02
1.042600635434037883e+02
8.894509337889786593e+01
1.503783939344366729e+02
2.176887837232140726e+02
1.457634098705983945e+02
2.555769078923525512e+02
1.513417012129351349e+02
1.164233935447540347e+02
1.540832400387114092e+02
2.197048070142569998e+02
1.577336294774221983e+02
8.290125992514028042e+01
1.196410191001000101e+02
1.811400513677256754e+02
1.691133907695874825e+02
1.213761236415751625e+02
1.759587318754818455e+02
1.344079528870674949e+02
1.571588189466911274e+02
1.755353643649277160e+02
1.392002667501060102e+02
1.782261025855739831e+02
1.847520198630483890e+02
1.596216848735157328e+02
2.433825674143938613e+02
1.892337257353631514e+02
1.731936399230228005e+02
1.393096608656811100e+02
1.733669801734324949e+02
1.450871142843780603e+02
8.841513073988230076e+01
1.816226321959432823e+02
1.305925760927533759e+02
1.310382565007172957e+02
4.397667930672894840e+02
4.163408958360940915e+02
4.588873659171626400e+02
4.786525916242917447e+02
4.810970713140891348e+02
4.510946066691158194e+02
4.736684144068426008e+02
4.045656109802480387e+02
4.445450125603603624e+02
5.263393272988720355e+02
6.309634657806186624e+02
4.835351599671745362e+02
4.659001626096276141e+02
4.592696465427682142e+02
4.807835133796352807e+02
4.242976584866510734e+02
4.456168172489399240e+02
4.867187903929814183e+02
4.483331309548830745e+02
4.605183358253148640e+02
4.051469287156476753e+02
4.501170514163918597e+02
4.687951315441524116e+02
4.523164738861620435e+02
4.257814677912807042e+02
4.615964440488749574e+02
4.460894066574334715e+02
4.726742882710508979e+02
4.592575852597570361e+02
4.727006052866893810e+02
5.029824022913541057e+02
4.619493762569887281e+02
4.854572393442320504e+02
4.671083749796351867e+02
4.604430122460847770e+02
4.699886542588328098e+02
4.250209870068009650e+02
4.520484982946026662e+02
4.594481962764533023e+02
4.018213067227980559e+02
4.627384883010781778e+02
4.512773784109939470e+02
4.371398897072957084e+02
4.735387751309996247e+02
4.283330941947908173e+02
4.337074201528314461e+02
4.569058328304608949e+02
4.863410975356451900e+02
4.690781295391855679e+02
2.117201371259186828e+02
1.662363464266822461e+02
8.079230553839427387e+01
9.904075446289118645e+01
1.729302438398664208e+02
9.111448476737228930e+01
1.888165496276249655e+02
8.784426788692923083e+01
1.318282034427415681e+02
2.213372392804986362e+02
1.987999864028139996e+02
1.802454084629015654e+02
1.540515242404352136e+02
2.361354594875343196e+02
9.682880423002148973e+01
9.268029237236473250e+01
9.211557887611279227e+01
2.269476087952335490e+02
1.672154036296463175e+02
2.484318713720937808e+02
1.704904377219982337e+02
9.782352629854770498e+01
1.747659683571296512e+02
2.401209389562731928e+02
1.747370359671770075e+02
9.824966940648343439e+01
8.441839189365860818e+01
2.060011360991877609e+02
1.836049475853047568e+02
1.002403047705502672e+02
1.806468639982705326e+02
8.244259278382472189e+01
1.805144059577330040e+02
1.926089340787592334e+02
1.718510573862025410e+02
1.921777155646044264e+02
1.162113325600207219e+02
1.639907727581709196e+02
2.499487349311961850e+02
1.161214494651156173e+02
1.749204343876614018e+02
1.642112652953064469e+02
2.075117909195928689e+02
1.686180193760540931e+02
7.745963754394048806e+01
1.906874738666826659e+02
8.028478084935463244e+01
9.180181733841767766e+01
8.387411527961107538e+01
1.588137631944299812e+02
1.909272480096267657e+02
8.263557967654472236e+01
1.459787756546126616e+02
7.955182635459772200e+01
1.649758276346310026e+02
2.044501752277142828e+02
2.540773966150617582e+02
7.472682635590111033e+01
1.045753458063586265e+02
7.583808282717045302e+01
1.093658742197673206e+02
1.693302413021322934e+02
1.377816297633469276e+02
1.797560585304532310e+02
5.875695281378639123e+01
9.999063440723263341e+01
7.363933040903617666e+01
1.119193508554830601e+02
1.623355329544338304e+02
8.403102772973201695e+01
6.023520636815922558e+01
9.515995020340803023e+01
1.526061291481493640e+02
1.619000454565554321e+02
9.557758761830133665e+01
9.460147186938435482e+01
1.902727889669525609e+02
7.041189811305423518e+01
1.767688980127426817e+02
9.156178633025031388e+01
9.396752912915100353e+01
1.140885992019786670e+02
8.197290459483494374e+01
2.833861137494940863e+02
9.218855231316356935e+01
5.702003245044556934e+01
2.846901470385949438e+02
7.462191353092096335e+01
8.850380886691593219e+01
8.876827254721682436e+01
9.351902986890887348e+01
1.849545803259211709e+02
7.878043610757389104e+01
1.663508237822957483e+02
1.742174564271345787e+02
1.066283544036078155e+02
1.412788650687565166e+02
3.855302649586994335e+01
9.842473759235542730e+01
5.337218815168293418e+01
1.156194945820903115e+02
1.565433097512438110e+02
1.762417881050233746e+02
6.162161258875401870e+01
3.285912784080348814e+01
1.775464032585119867e+01
9.479550569513993707e+01
1.226894203289222247e+02
8.838923880865165472e+01
1.325707873759557742e+02
8.630311278318498580e+01
4.419012909467727468e+01
1.203825370094444764e+02
5.624300719789415837e+01
1.152447483775587358e+02
3.941933118967823191e+01
1.082895210824132732e+02
3.733902457757148596e+01
1.012115039059169987e+02
1.102407190161341788e+02
7.608572728486826975e+01
3.239350471222650896e+01
1.419114125770886687e+02
2.866432606554196738e+01
1.282607365445107916e+02
3.852745003514666422e+01
2.811300444663242359e+01
6.127962981584652624e+01
5.965944591890996662e+01
2.367617265236139303e+02
2.732447429951815465e+01
9.590950523522425897e+01
2.367470672056070953e+02
3.188779294136611497e+01
4.124063984673431094e+01
6.549066509534948466e+01
4.878553144907655081e+01
1.351041564395700334e+02
3.953109789977850141e+01
1.166540956068314330e+02
1.254072467937700992e+02
4.572773426081050019e+01
1.139149081669725376e+02
2.982117003212684736e+01
1.332330086327385175e+02
5.661003444721408329e+01
7.767743484309944790e+01
1.863840836774490981e+02
1.474878763792501672e+02
1.252949335468286165e+02
1.026886589742981073e+02
1.767690483319151724e+02
6.175661194890977868e+01
4.863763413248947387e+01
3.153909358483093683e+01
1.780707947208815938e+02
1.103076018498806832e+02
2.137803051183574610e+02
1.205737202665104633e+02
4.463153855684838334e+01
1.157264735488112990e+02
1.835466784249001080e+02
1.242117947728584966e+02
6.127913108222984562e+01
2.301685984596588952e+01
1.535179804493467657e+02
1.243053504044447095e+02
5.449547616927308979e+01
1.285142526200344264e+02
2.211139123936891693e+01
1.258837494155817751e+02
1.272732716320354740e+02
1.158399913785242177e+02
1.368468800080934216e+02
1.408955105172917968e+02
1.105991984377816806e+02
2.014379628612153681e+02
1.438196270171898163e+02
1.276321393358597760e+02
1.103861446472424461e+02
1.553009783121007672e+02
1.040401504670762591e+02
5.786787594676500390e+01
1.364884749812952691e+02
2.160735020208679558e+01
2.632186214778798927e+01
1.242023022248081929e+02
6.714557929649527068e+01
1.537702696988392574e+02
7.330305157576566444e+01
7.881479936967350852e+01
2.170833450406559564e+02
1.506614673685659795e+02
1.300575352797076221e+02
1.287562852632795227e+02
2.048156610262424238e+02
8.446514301900553789e+01
6.428645129770683297e+01
4.549097570669712098e+01
1.909850090715621889e+02
1.198358548488602224e+02
2.351043406298942386e+02
1.246107703345630853e+02
5.642876395710825932e+01
1.229933487020292091e+02
1.882078558509132620e+02
1.370852384681468550e+02
6.781223714344210407e+01
3.521012114954342564e+01
1.583421934901417671e+02
1.407870006075873732e+02
4.340910007096279344e+01
1.525322673235148727e+02
4.302930257533320457e+01
1.352488243909628807e+02
1.484292984222636278e+02
1.121677157575198578e+02
1.441919947190748417e+02
1.570683171971167837e+02
1.342977129179980409e+02
2.219140590043769237e+02
1.592048594587150205e+02
1.532590432265992604e+02
1.089196303299237627e+02
1.526721050367828241e+02
1.165554966735175810e+02
6.089663252113405179e+01
1.527519455092470650e+02
3.441927079844024462e+01
5.650790644010461961e+01
1.052318164581157021e+02
6.543500400412258955e+01
1.105968779661461667e+02
1.559034144501226535e+02
1.695570623824667678e+02
5.432216495891284325e+01
3.380952069173618213e+01
2.835690871327004814e+01
1.152278420320234034e+02
1.195277989825408156e+02
8.894329080338881965e+01
1.296605616027549104e+02
9.683023555869432641e+01
3.204830525200316060e+01
1.290625297784985435e+02
5.060581004019528706e+01
1.050454942986310414e+02
2.343979856245092463e+01
9.882368224529864165e+01
3.962401438680311827e+01
9.653974545167139354e+01
1.049220626300188286e+02
6.807696747225676859e+01
4.064422566044365226e+01
1.277497714771630655e+02
4.033020876638833840e+01
1.267226827612230267e+02
3.117840526457112560e+01
4.480529695023911074e+01
5.554118239477973873e+01
4.462775603074513242e+01
2.429658355495034812e+02
4.186193343815634904e+01
1.038173101133484693e+02
2.419415470440279989e+02
5.040397625916609314e+01
2.416522746999282845e+01
5.741660418186420145e+01
5.297211423562826837e+01
1.299240584684324062e+02
4.668357230745759523e+01
1.133589148290146653e+02
1.271457662417316357e+02
1.245083608694477846e+02
5.051561367192849872e+01
9.380210688699222032e+01
1.871622300191647810e+02
1.380554762149907901e+02
1.168633152580758576e+02
8.915472546383408314e+01
1.674442321504085101e+02
5.018859961944217218e+01
3.702709072428675796e+01
4.993321012628310029e+01
1.650843375681077987e+02
1.014165897682977260e+02
1.956030487428047309e+02
1.113003620292146678e+02
3.730830118264343298e+01
1.076258220927593499e+02
1.759145411662698280e+02
1.136618760782007769e+02
5.521575654115270737e+01
3.713272328547831336e+01
1.448692790906781340e+02
1.160993187497130918e+02
5.250916957454747802e+01
1.185753693980924908e+02
4.254458345501528527e+01
1.162210667708408636e+02
1.190156360611058659e+02
1.090051356262727325e+02
1.267441585379781515e+02
1.553766693765483637e+02
1.011047568046137570e+02
1.894017875614683533e+02
1.580930855050933133e+02
1.148481398254387358e+02
1.001232028410889541e+02
1.484267254976344361e+02
9.956312007975370193e+01
5.591433319722186468e+01
1.255167529065115417e+02
3.605569472884278781e+01
3.328710336806848602e+01
1.328811674364508804e+02
1.758756881834787293e+02
1.909461665786025151e+02
7.925359362238096139e+01
5.505238764574052368e+01
6.045872168920020329e+01
1.281919133255920258e+02
1.426584931743309994e+02
1.063783631687204689e+02
1.557054662412458867e+02
7.778858787939290664e+01
7.285819377663882790e+01
1.076614244007994614e+02
4.449409621117960967e+01
1.266988517292744802e+02
5.777170576116875367e+01
9.047987547833216126e+01
6.176699632944861662e+01
1.180823814513690735e+02
1.242725367181677285e+02
9.767123278154450361e+01
6.053175360865811427e+01
1.524480855417996850e+02
6.030674639413732052e+01
1.452970304953443019e+02
6.384766326236358935e+01
4.990911832789218749e+01
9.276218619011586952e+01
6.108784389873234488e+01
2.586472488677947581e+02
5.900885646665809503e+01
8.215033034951997593e+01
2.599100193704501294e+02
5.873043735431166112e+01
5.481004900433681826e+01
8.330077856295247329e+01
4.517803295792099760e+01
1.493935681631467389e+02
5.227504160205653960e+01
1.376451274836020389e+02
1.459200319875640162e+02
1.157211204512718439e+02
1.922880749368090392e+02
1.384884188783276215e+02
1.185398136848206150e+02
1.057162081900452932e+02
1.820541709435779580e+02
3.230385561018705687e+01
2.407628022669187828e+01
7.125689836320331949e+01
1.813193740468161934e+02
1.078392851072764529e+02
2.100981446290699068e+02
1.096024927252250478e+02
4.854977843966898376e+01
1.121247004990391787e+02
1.733856023995307112e+02
1.208668561425493806e+02
2.254692705111277462e+01
5.492208475133766399e+01
1.437518175852328852e+02
1.246963318174765192e+02
6.937839636698339518e+01
1.326505568534258828e+02
5.613403432430236961e+01
1.214393153942747006e+02
1.309288585628800661e+02
1.066144247077153295e+02
1.375175181306640582e+02
1.575933873060222936e+02
1.160373375366520037e+02
1.995430105220616213e+02
1.617401757188016518e+02
1.317004066728023020e+02
1.068550027811549654e+02
1.447477909507998959e+02
1.035317462108750703e+02
3.973515139881666158e+01
1.345952897601362395e+02
5.216535848803538045e+01
5.496126991903716430e+01
2.245722851696762348e+02
1.856939209239255035e+02
1.625992645686563094e+02
1.474157061123778192e+02
2.128780153859291886e+02
1.195379913153190046e+02
1.005275221138980299e+02
7.528896195252123391e+01
2.121661156975677045e+02
1.474970103878100645e+02
2.490455652687242036e+02
1.537486783020229666e+02
9.863595326869541680e+01
1.516951547632780262e+02
2.159993585718977158e+02
1.565894376402472119e+02
1.071172976608591370e+02
7.941520567979824818e+01
1.808314754254105594e+02
1.637635830668046992e+02
8.662332792456172115e+01
1.740429544353471272e+02
7.905162437489948957e+01
1.603179330059248855e+02
1.643030895785840073e+02
1.372219972890434576e+02
1.783265209487693710e+02
1.178895917502489255e+02
1.488784204602474119e+02
2.414618648734700912e+02
1.204061473332753849e+02
1.657943151018491790e+02
1.472501261049267214e+02
1.820050120178899817e+02
1.411974768317023461e+02
1.073466980138790490e+02
1.793787897573286045e+02
7.182809194516632090e+01
8.956223285676016133e+01
1.818593408600083308e+02
1.729943712000915923e+02
1.383138731772497465e+02
2.402266174670614021e+02
1.891812441061684922e+02
1.275565879396009166e+02
2.093295875963464141e+02
2.423596178086552300e+02
1.791509761394289910e+02
2.837375177300818336e+02
1.559723986186154434e+02
1.240489403363896912e+02
1.752089104405072248e+02
2.596034786533271586e+02
1.725614620494108351e+02
1.769976207523356777e+02
1.473559247609899501e+02
1.864403491984318748e+02
1.818810985005459031e+02
2.478350499230110131e+02
1.902098045827281680e+02
2.152581724484308268e+02
1.749014838990061662e+02
2.011131639059539395e+02
2.014587850333057588e+02
1.802472894469766800e+02
3.244645729766027671e+02
2.217056472686488178e+02
2.729954011221872179e+02
3.091510412343470193e+02
1.992889470227550817e+02
1.370192059227824757e+02
1.911891709833873847e+02
1.451134429594168580e+02
1.936697799902424606e+02
1.822921942331331024e+02
1.852290345442678472e+02
1.927620877636858552e+02
4.408651443369191014e+01
5.818563180090038855e+01
7.609054614699266494e+01
1.522884058509759768e+02
1.170483173214298631e+02
1.664636738620642973e+02
5.669539934539794501e+01
6.664674329900124405e+01
8.492393103992306180e+01
5.614637493868779217e+01
1.304482701872307189e+02
4.908974806528858892e+01
6.572353025853641384e+01
5.598662106086290180e+01
1.259226045714703588e+02
1.307728509739255287e+02
5.081861064411264550e+01
4.381613753821397950e+01
1.440528812031633095e+02
4.325036966234032576e+01
1.488146584558857910e+02
4.742547900112425907e+01
5.729557243122063426e+01
8.058688879455260690e+01
6.915685976745048436e+01
2.790911732334706699e+02
6.733338339479523427e+01
7.042192987016869665e+01
2.736917063626194135e+02
5.185336422866721762e+01
5.731857061200223313e+01
3.123904502360077018e+01
7.437797204922586047e+01
1.538763020199038465e+02
4.035669553707992918e+01
1.435350804139633283e+02
1.581347887187395145e+02
3.423092856490524127e+01
1.017832765237599659e+02
1.312305820362188626e+02
9.476948623947744466e+01
1.458287432356291049e+02
9.327416051434263977e+01
3.959924142105954559e+01
1.233400732147448480e+02
4.161753780181752660e+01
1.091186660332205065e+02
2.990058902423123754e+01
1.006719384227305056e+02
3.867798294725287178e+01
1.035417617413183962e+02
1.084385096059033486e+02
5.969249881731526841e+01
2.538346278023835367e+01
1.278157621054011059e+02
4.024362746235766508e+01
1.289394928437004353e+02
2.712599899433774908e+01
2.996132198524438195e+01
5.814281232276581335e+01
5.445194298208406281e+01
2.553833332196116146e+02
4.110541392817319206e+01
1.047822057584470485e+02
2.510555762421151371e+02
4.276649214930193921e+01
3.400420639320270766e+01
4.921606709955063508e+01
5.406267089116592217e+01
1.320719556619230275e+02
3.715912796479189950e+01
1.236761102556450709e+02
1.355755684982488845e+02
9.973968454336343825e+01
1.117554009187194879e+02
7.859592165254873919e+01
1.257082611196896096e+02
8.552863792210500549e+01
3.548508660143586013e+01
1.181082039496645706e+02
5.389661913925392867e+01
9.997418937954107321e+01
3.067234213319510872e+01
1.006089586249835293e+02
3.507089329888864881e+01
9.277303082298809045e+01
9.885038612004001379e+01
6.533277170939788903e+01
3.285816218084958962e+01
1.224410607681166283e+02
3.406298891229415204e+01
1.172633609574054816e+02
2.863207781566952193e+01
3.759603410863701356e+01
5.346573045026428872e+01
4.624062149715530268e+01
2.301884806330131426e+02
1.679427717696264466e+01
1.031240627994175867e+02
2.282585449775636732e+02
3.157696273766052641e+01
3.182889977552470029e+01
6.699948855827946659e+01
5.088744682017899379e+01
1.272637107561132837e+02
4.069237570623572964e+01
1.107508822877867942e+02
1.190314696349317956e+02
1.872918563044802340e+02
1.517635898346658792e+02
2.036595580089358464e+02
9.694372239987582418e+01
1.091297523115697885e+02
1.044630630543078240e+02
1.264585373121332026e+02
1.749319925182950897e+02
1.070314096950402813e+02
1.007418045312036412e+02
1.141486439391989194e+02
1.693086362465808747e+02
1.758570495404991618e+02
7.443341090053426967e+01
8.624836101421033163e+01
1.989044338030259098e+02
9.028567585137078311e+01
1.924896507012513780e+02
1.016156737115958038e+02
9.881286228579806163e+01
1.241571036154615939e+02
1.279674625074046901e+02
3.053947822644601047e+02
1.060616257029815870e+02
1.046471826512185146e+02
3.067388172152296306e+02
9.326257021292221339e+01
1.093483666523007827e+02
1.028469631289959949e+02
1.171670878710998664e+02
1.941678104114853909e+02
1.008857955062402567e+02
1.867602222356907760e+02
1.883872893782751134e+02
3.360995845932261261e+01
7.067441547321250539e+01
1.822963083925001513e+02
1.120029723180212073e+02
2.220102858226171634e+02
1.265768328392222060e+02
5.391962298902075901e+01
1.207330439857584565e+02
1.938627281808720113e+02
1.333889806101197166e+02
3.703376293366042660e+01
5.867271981845900086e+01
1.598523147126349500e+02
1.308204315325995992e+02
8.049993097034366940e+01
1.415286556613417019e+02
6.766519946634532801e+01
1.319501331329921925e+02
1.393816486579622165e+02
1.246446510938477417e+02
1.402857576422455281e+02
1.353870050844107027e+02
1.195620438126571514e+02
2.099818236017204072e+02
1.382551884330545704e+02
1.338998249463284651e+02
1.121035510118382206e+02
1.622151263472573248e+02
1.175906553153538709e+02
5.630435918786801608e+01
1.444625985699064756e+02
6.800120502917692988e+01
5.027269209710637909e+01
6.880158044602453060e+01
1.524727984972813317e+02
8.342981839065724614e+01
1.861018368286234477e+02
8.956302231016940141e+01
4.447296558815278900e+01
8.440893605902134311e+01
1.570198056459392717e+02
9.638275405356218073e+01
1.986550534454395844e+01
4.206875620159360096e+01
1.239328059560230884e+02
9.354904082958231015e+01
5.607700104469503088e+01
1.069436506341935882e+02
5.302591566892805020e+01
9.649430765646710029e+01
9.963629945777722696e+01
9.067925993157086850e+01
1.106708970970821753e+02
1.587605950322878527e+02
8.308134607548548445e+01
1.786730170338124992e+02
1.608613140399760937e+02
1.019648304003555666e+02
8.250227750835364304e+01
1.266541745106079588e+02
8.260132731940451833e+01
4.408340250953008876e+01
1.099125325219151108e+02
5.138800493512174228e+01
4.698286169209334417e+01
1.911021630928302670e+02
1.313107865961213747e+02
2.351048336870315438e+02
1.386068851349437807e+02
5.742086200778716432e+01
1.371450003128747142e+02
2.000853828864837567e+02
1.448751527539795347e+02
7.964165082567495801e+01
4.194201556192248148e+01
1.744047941552772727e+02
1.461931315557870903e+02
6.487697715307407975e+01
1.507399101251707805e+02
3.766180779535596912e+01
1.467253966246920243e+02
1.496792902087135531e+02
1.242948384707649012e+02
1.493798123516675673e+02
1.274426585207732643e+02
1.363099366963562886e+02
2.236862905057485591e+02
1.318063321406676494e+02
1.483971316597801433e+02
1.232318965435562035e+02
1.721924601038135449e+02
1.282361468223788279e+02
6.954200913342988599e+01
1.562109468977880908e+02
3.155094609247058912e+01
4.709200381452076556e+01
9.845909071172999916e+01
7.592530724942375286e+01
9.661365311602745010e+01
1.675894550395460953e+02
9.424146429584349960e+01
6.009451548839543022e+01
8.874062189609401230e+01
1.692330847530575682e+02
1.766757767479976451e+02
9.517430516606792423e+01
8.623983009043580239e+01
1.944315240479728004e+02
6.616077575076947426e+01
1.895088118995212483e+02
8.501079038207556948e+01
8.535672484281556649e+01
1.037985643066052290e+02
7.371266946540528409e+01
2.952172127125074894e+02
9.907244766569692729e+01
5.932664361535719166e+01
2.952520699048319557e+02
6.832538051511860999e+01
8.135344841465629884e+01
7.793043058953102786e+01
8.228380294793977612e+01
1.952095978401129344e+02
7.048960443414740951e+01
1.840390436222563721e+02
1.843388082372125325e+02
1.373099451407331060e+02
5.880160970820620037e+01
9.591441831746082869e+01
3.632830955887400393e+01
1.051028041356061635e+02
4.892157071156383807e+01
9.145348170115408948e+01
9.650257517978626254e+01
6.991424525463079931e+01
4.572116610651779212e+01
1.153036928004773642e+02
5.505514608826443634e+01
1.201309523772987404e+02
3.915353195115873319e+01
5.009941884186715555e+01
4.442652685630692844e+01
5.332110860324794999e+01
2.384732009903516712e+02
3.928853116899777831e+01
1.211756763435853941e+02
2.347984359281724664e+02
5.824983723786397150e+01
2.899667407170274913e+01
7.306597136310283247e+01
5.050037838571778082e+01
1.268396813971085351e+02
6.098544032058606490e+01
1.109522304029789694e+02
1.178982338023828333e+02
1.272066793225162371e+02
2.027295632950505535e+02
1.278195163671257291e+02
6.392487084478504045e+01
1.221348177096889600e+02
1.987890897065823310e+02
2.103743494535030436e+02
1.225767582566352303e+02
1.208106613855260179e+02
2.243165580386941258e+02
9.676998061616200175e+01
2.206234468464848817e+02
1.188429490066452558e+02
1.204107528280812573e+02
1.486840655359567904e+02
1.221773085548091018e+02
3.382575542233184933e+02
1.297968184789821180e+02
3.604952149498473091e+01
3.391741171723656976e+02
1.004624946899357525e+02
1.291782898573099203e+02
1.072300621538694969e+02
1.268247664981509217e+02
2.312391850209987751e+02
1.022348337576618746e+02
2.151137929798769051e+02
2.241292282272554530e+02
9.664222259679424099e+01
4.558443391199219263e+01
1.081701490108736721e+02
3.987414021448125112e+01
9.847369187031819138e+01
1.059737902180209659e+02
7.429467423032215834e+01
5.629882048688389773e+01
1.146250781214748429e+02
5.669002208528988263e+01
1.184818074919503914e+02
4.373443271848716307e+01
4.707998628234051353e+01
6.616713774324544772e+01
6.175704108299407835e+01
2.531887260817268270e+02
5.675441605845893633e+01
1.127899006579923480e+02
2.476330483160899973e+02
5.606328693789541973e+01
4.182501973709932486e+01
5.275902234192597007e+01
3.534787657403821726e+01
1.243176407773701584e+02
4.474216415403451919e+01
1.141396949008807127e+02
1.309612681317414626e+02
1.065202147325217510e+02
1.735281299683080078e+02
1.073292375714525804e+02
5.758392160179969466e+01
3.863486970003973653e+01
1.350454227153259126e+02
1.184823878937433079e+02
3.189712511034067433e+01
1.260699432701671157e+02
3.761241248348405719e+01
1.110492829970542772e+02
1.248115225386126781e+02
9.914398848633202022e+01
1.242392825410603194e+02
1.661464551479905936e+02
1.076573641376062795e+02
1.969896202554577371e+02
1.652044856405189250e+02
1.231118849600838843e+02
9.640976430544007769e+01
1.310614961422652982e+02
9.996076993227551100e+01
5.478073409247202363e+01
1.265173369423573462e+02
4.491455026195278322e+01
3.476750136540777447e+01
9.542851917995265865e+01
3.635812925234512250e+01
9.563337649922988248e+01
1.017733939488655039e+02
6.171804874850229794e+01
3.071236099322630153e+01
1.214673013524999590e+02
4.806995708307222515e+01
1.221003798885491847e+02
3.095932772570603930e+01
3.252541697826299583e+01
5.364030257996468976e+01
4.394115802781244895e+01
2.442703905193558569e+02
3.647342114461116580e+01
1.116064098450881232e+02
2.397059135393872964e+02
4.310249612562044774e+01
2.599233623083370404e+01
5.236890170197894889e+01
4.906540506321238126e+01
1.236262566951037201e+02
3.871440962135119435e+01
1.172506721513137506e+02
1.252942938537272255e+02
1.051911993349877719e+02
1.627476883892934154e+02
1.779770666337356033e+02
9.487418465201763240e+01
1.042595440693125823e+02
1.911069422317154363e+02
8.698938824332569197e+01
1.889279481104196066e+02
9.260198007712186552e+01
9.679573797427786985e+01
1.098830559495133770e+02
8.662180421686667842e+01
3.147788037110631194e+02
1.160211648278490202e+02
5.245798001751696660e+01
3.131864395556822274e+02
9.726714893547982399e+01
9.582752536240231223e+01
8.474812314716902506e+01
8.820524058270565604e+01
1.939976359190911239e+02
8.748882102370214398e+01
1.788044805370860786e+02
1.948824256527411478e+02
1.070952524381261526e+02
1.204262211038379746e+02
6.341414184435311086e+01
5.044931118168808126e+01
1.304080802811780586e+02
3.777405842562279759e+01
1.241343081433481785e+02
2.607416601085907715e+01
3.989221767206232272e+01
4.786759871788151344e+01
5.975963556684651934e+01
2.522929914031021212e+02
3.807616712617011956e+01
1.060112833247703890e+02
2.518257519601650642e+02
4.198591896843936411e+01
3.496873924691989544e+01
4.854282315154790695e+01
4.484429563242807149e+01
1.364482337137010290e+02
3.972262718276629556e+01
1.244604474603743256e+02
1.377103350067282577e+02
5.121269947014860691e+01
1.311089098048973085e+02
1.073737797968280603e+02
6.543748539611179638e+01
1.202328354835365474e+02
6.778408834631940749e+01
1.062503442576329320e+02
1.156375707714164918e+02
9.638714261347654144e+01
1.221318227497135211e+02
1.627130811729010418e+02
9.913259869145269931e+01
1.882052810094151880e+02
1.646293946938961597e+02
1.178846158209644273e+02
9.168623471002909753e+01
1.323301118797402296e+02
9.136937226816432656e+01
4.837739134508814942e+01
1.208562357494626127e+02
5.774442222428574922e+01
6.235247096705382575e+01
1.418200331248624195e+02
1.086865921283613403e+02
3.475573385132076965e+01
1.330351974897640730e+02
3.005369254666526757e+01
1.155882964107350688e+02
1.266425187162529227e+02
1.145966494533653872e+02
1.217188172052813542e+02
1.487952684844518387e+02
1.059868002648344287e+02
2.012397598359458470e+02
1.470000111173320931e+02
1.262699660788509135e+02
9.667897707483446368e+01
1.412974398833410135e+02
1.034654126926934197e+02
5.493681561702075555e+01
1.288795290343102806e+02
2.498859588554185862e+01
3.372510012913572552e+01
5.918241401748517916e+01
1.519561318930995242e+02
6.416469396441743811e+01
1.505571866152446887e+02
4.615999065071127916e+01
7.886511198659016486e+01
7.681166305233206515e+01
8.763304137856825093e+01
2.846559890852260537e+02
7.183747849186968892e+01
1.112556690192027702e+02
2.818399713077306501e+02
7.394780952189603340e+01
6.667338639631495312e+01
5.151273880794460069e+01
8.419314090008271023e+01
1.537822916892924070e+02
6.345873626333138162e+01
1.498272889201674616e+02
1.629289164475183895e+02
1.416925389050968818e+02
3.881121963887880355e+01
1.371573178333740941e+02
3.402617622666510044e+01
3.513224849358321933e+01
7.197748967745259563e+01
5.726170738883837430e+01
2.537617096304772986e+02
4.058317795661987759e+01
1.011994457296740393e+02
2.495852288960752503e+02
3.773215592290102194e+01
4.199135969174413674e+01
5.443114143903875402e+01
6.360065601987524531e+01
1.351340344996494878e+02
3.205426127232972533e+01
1.291866351941330322e+02
1.360568232197508109e+02
1.511454412857518150e+02
4.398700773666914188e+01
1.280963402560168731e+02
1.532793678134902109e+02
1.123634733038824862e+02
1.471232095941193450e+02
1.787005928963661461e+02
1.391119882639280831e+02
2.220428586310255525e+02
1.736869380544007413e+02
1.466114660577844120e+02
1.152984165691578511e+02
1.495049565713224524e+02
1.168013626824772899e+02
5.460328367158013663e+01
1.472324403453936839e+02
4.398137548855853396e+01
5.075821091282799813e+01
1.423233782584821085e+02
3.901596230450579839e+01
3.766773968638786840e+01
6.442027688753353232e+01
6.107549855197397903e+01
2.562527067180506606e+02
4.868489380764122387e+01
7.470687613136092864e+01
2.591908687266376887e+02
2.711440048895108745e+01
4.741937114239670592e+01
4.175407429535324155e+01
5.569038238272985808e+01
1.517217979013162221e+02
3.104390063871005623e+01
1.352029310938851268e+02
1.474480165720862601e+02
1.261254639911974351e+02
1.389328347628931226e+02
1.137416108514451452e+02
1.501675793030984778e+02
1.489712801308134544e+02
1.257440723412312593e+02
2.143475849477626696e+02
1.527824856417071544e+02
1.396438051946623773e+02
1.163669770939717125e+02
1.533736677904514636e+02
1.131141033334059358e+02
5.270897528267106225e+01
1.427353418669740392e+02
2.580960276410003829e+01
3.388146273701887878e+01
4.231006814577786912e+01
4.427258981788490644e+01
5.012950273038757132e+01
2.557388301076096297e+02
3.810172027674364870e+01
1.051953210514374888e+02
2.534357972717907614e+02
4.146669651588511130e+01
2.970609839990508050e+01
4.674349196984611154e+01
5.006413178779389739e+01
1.353568989291860305e+02
3.564067138254372225e+01
1.254276750969501535e+02
1.376254720647218619e+02
6.458385879063851576e+01
5.678676889448205145e+01
2.575758253428990088e+02
4.470298955278281028e+01
9.622799048998940918e+01
2.597366525768615588e+02
3.654125925490680515e+01
4.638099131547723175e+01
5.792030539156721147e+01
4.415638713159356143e+01
1.432015398661417009e+02
3.151724859532671985e+01
1.363332059915840375e+02
1.413693778419142291e+02
7.011056921697684174e+01
2.440581057663605975e+02
6.424358979014537852e+01
1.344364568612126902e+02
2.441324426953021600e+02
7.309590072013885731e+01
4.118524840788928998e+01
7.501241582114911921e+01
5.026378003342742318e+01
1.197657612038058517e+02
6.967062561312532409e+01
1.099992273330032759e+02
1.254839078687320324e+02
2.627242812960551532e+02
6.145004952992717762e+01
1.054882039779257923e+02
2.589022569055969143e+02
5.782901013338889129e+01
3.973818857439856345e+01
7.317079538534136418e+01
5.001110215847385376e+01
1.527758698866912255e+02
5.045576220615033947e+01
1.392303915310320406e+02
1.481842795860860633e+02
2.373334796377859561e+02
3.242363992408812123e+02
2.879054217043301023e+01
2.465816335935735140e+02
2.327428091251910587e+02
2.861361861755441964e+02
2.381947878074405196e+02
1.393028326133400014e+02
2.668580244373679875e+02
1.442772363436760372e+02
1.426938590897061090e+02
1.164486923553420326e+02
2.314475721438480207e+02
4.014802154526667266e+01
3.384896672145305985e+01
7.236073732219789179e+01
5.328938398880212191e+01
1.310095793819132552e+02
5.281284204099868873e+01
1.200771502788817884e+02
1.214438506416768888e+02
3.269099481373996809e+02
8.580252996949542421e+01
1.132430994913472801e+02
8.509649867835381087e+01
1.059059850395921814e+02
2.222247881320577960e+02
7.912733032470512740e+01
2.033020229114675033e+02
2.133587983032120405e+02
2.502637978011003952e+02
2.310949773741296838e+02
2.848022703498187980e+02
2.387405779083736377e+02
1.456135703632835714e+02
2.648482198296465526e+02
1.476814827126592320e+02
1.476221360320029987e+02
4.666938368901011813e+01
5.561315223781515726e+01
5.591322389347543975e+01
1.489413362627840058e+02
2.896882148212165831e+01
1.348337710737507393e+02
1.386040324179099912e+02
6.167283715256504451e+01
4.254661098113606954e+01
1.179379423134170963e+02
4.820273253661424917e+01
1.119490464184587211e+02
1.191025771069651711e+02
6.522658414163106499e+01
1.604699657536564246e+02
4.139950374523163390e+01
1.472488334798684662e+02
1.642130574859665160e+02
1.213557212389918334e+02
5.378983897603959008e+01
1.070033631348158281e+02
1.181766781927526893e+02
1.514713593261941185e+02
5.710284500757316550e+01
5.355542663218233201e+01
1.387364547512509887e+02
1.504405250588135630e+02
3.753415320949996214e+01
