7.410147747880995666e+03
7.807582218980071048e+03
1.319051428326320820e+04
6.357098699201382260e+03
1.467590231774944186e+04
1.211702292929241958e+04
7.840023356400117336e+03
1.256572156264321893e+04
6.622584213227222790e+03
8.112883211557000323e+03
3.463825312698798825e+03
9.866105219401686554e+03
5.864884881817471978e+03
7.033865693326779365e+03
1.016980299015239689e+04
3.104128430153717090e+03
7.106860188941975139e+03
8.130521351039094952e+03
9.300988034795045678e+03
3.567364943890066115e+03
3.379776017533050435e+03
9.829630912718019317e+03
7.195970492266504152e+03
6.865356149169565469e+03
1.129479412765505549e+04
4.303646716703419770e+03
7.494547550827645864e+03
1.027597473462051857e+04
1.124326254226695164e+04
3.736292155973769695e+03
1.011384073417081163e+04
3.987439925649500765e+03
8.650898245944690643e+03
8.596935997159178442e+03
8.209174722691645002e+03
1.192620710431394036e+04
6.776000295881847705e+03
3.882334771686203112e+03
6.442183548769569825e+03
3.360808943095091763e+03
3.247563220170951354e+03
3.669978240099226241e+03
4.459469685332026529e+03
4.375590817629262347e+03
1.500565301810533128e+04
8.809559433950369566e+03
4.074936459527959414e+03
6.011120728770124515e+03
8.404282525900423934e+03
2.929255536621881220e+03
6.419028033286443133e+03
3.867568061658344504e+03
7.226945253114351544e+03
8.952835248047485948e+03
4.438072429196437952e+03
7.233314806267193489e+03
4.018789360614654925e+03
7.105644748518010601e+03
3.492019788697763033e+03
7.485052920987596735e+03
6.913994777933416117e+03
4.591590684056007376e+03
3.182673823681805970e+03
9.843890201321621134e+03
9.134829840968563076e+03
8.459217720867445678e+03
6.426789520987480500e+03
6.880144971245658780e+03
3.537241135593145827e+03
3.146873840407030912e+03
5.966060788522285293e+03
1.892213976800973342e+03
6.417152053233055085e+03
6.825066920529110575e+03
2.158794740527837803e+03
4.651629520867018982e+03
2.284000098224091744e+03
3.574647918482906334e+03
3.498440162216859790e+03
4.657042893155534330e+03
4.820305195248859491e+03
6.826763568648557339e+02
3.239144245984393820e+03
3.612167893295800241e+03
2.779769338951793543e+03
7.754178179400967565e+03
4.215073384368353800e+03
3.521242793498148785e+03
3.703531312320828420e+03
4.083904263257752518e+03
1.760775561087126789e+03
1.951440215338835060e+03
6.718419134242267319e+03
4.136975028206439674e+03
6.414599500887175054e+02
1.466715515736861107e+03
1.655538663811855804e+04
3.589546082530573585e+03
2.656942662022515833e+03
4.854362005166036397e+03
3.668463443474782252e+03
4.722267112334282501e+03
2.699822748930147554e+03
4.491172312655116912e+03
2.469016906658996504e+03
3.962155066259025261e+03
2.297852084354263752e+03
3.624030194526536434e+03
3.642735520719006217e+03
3.493819005700962407e+03
4.551505232480965788e+03
7.589774290545426993e+03
5.792084472709476358e+03
3.203940323960733167e+03
4.616921262984920759e+03
8.653321401482689907e+03
7.766638800770901980e+02
3.784305419403031465e+03
3.325562895105389543e+03
4.115233652771439665e+03
2.583323785024745575e+03
1.661987056526255856e+03
5.407359056170549593e+03
3.440251700202434677e+03
3.507339423718343824e+03
2.198277375423106150e+03
3.415097509553424061e+03
2.334116479140671800e+03
2.489948354765141175e+03
3.729852662103655348e+03
3.071520137616911597e+03
5.187090765694538277e+03
3.107892045848710950e+03
3.682105996616738594e+03
2.299531547765863252e+03
2.322263056005423095e+03
4.198913162622391610e+03
6.263454822264660834e+03
5.334191783740877781e+02
5.755554303261672430e+03
2.940625003722243946e+03
2.675372940634338647e+03
5.849935567493365852e+03
5.241109453367280366e+02
1.965558515036210792e+03
2.494620521644797009e+03
3.933419890285633301e+03
4.808834050990001742e+03
2.272608938357654097e+03
2.218244516162246327e+03
2.331917117213568417e+03
5.485217218462705659e+02
6.511721468188192375e+03
2.534720665680583807e+03
3.621507542062146968e+03
2.562940304452145028e+03
4.519527925946290452e+02
1.441581647446169200e+03
8.001779109590900134e+02
4.727395281865841753e+03
3.453411203829873557e+03
3.735163553204459276e+03
5.607258519230417733e+03
1.614318725614812138e+04
2.291000776286567998e+03
2.157264329841648760e+03
3.785307707893329280e+03
1.517905012088775493e+03
2.228003396204020646e+03
1.984734988633943203e+03
6.727998741965874615e+03
4.858032109170808326e+02
3.559024807233377942e+03
3.106245495687537641e+02
3.173128963093105995e+03
2.485011654258444651e+03
2.205931499459293718e+03
3.329506940228667190e+03
5.826605289303915924e+03
8.655113527318000706e+03
4.198523906554181849e+03
4.445777411939300691e+03
6.713157790610619486e+03
2.808450362528034475e+03
3.954112420098135772e+03
2.167174777611249738e+03
2.656438017456763646e+03
1.917047056898007440e+03
2.677740060900066055e+03
3.823101725861024534e+03
1.644987135769053566e+03
3.634784942123976634e+03
2.495056405907582757e+03
2.752430518721872431e+03
1.481129370961470386e+03
1.354116386831869931e+03
3.590228978685063339e+03
2.397496677890111187e+03
6.975969442520076882e+03
1.793968361180515330e+03
7.413391355067943778e+02
3.434423162991197387e+02
9.818413880423889850e+02
3.184036969652619518e+03
5.456108703578710447e+03
1.116409034541575920e+03
7.802411337644000923e+03
6.023554397603089456e+03
1.934950401513034194e+03
6.029185870932005855e+03
6.597182302804166284e+03
8.479482650284193369e+03
3.761006538090607137e+03
1.079612973061293451e+04
5.817940935154016188e+03
1.023939176449309161e+04
8.703442192985774454e+03
6.637211606215047141e+03
1.373262332545523350e+04
4.967304117830285577e+03
8.972867412932644584e+03
8.578982549075955831e+03
9.901113225124214296e+03
6.332640730022940261e+03
6.226432340736335391e+03
5.109757032768997306e+03
9.274417539804357148e+03
5.656738372606927442e+03
5.767579045175326428e+03
2.302559464136268798e+04
8.035526994769673365e+03
8.324958499383603339e+03
1.090294986249001158e+04
6.826678014755994809e+03
4.427075535005249549e+03
6.683356224254443987e+03
1.130102733214247564e+03
6.224337664754654725e+03
9.655789387168963003e+03
5.597314994998119801e+03
8.654917835947833737e+03
8.638629919220544252e+03
8.429346167672611045e+03
9.948364631531610939e+03
1.313244734056789275e+04
1.204551313162237420e+03
7.475955477396139031e+03
1.006382020242953149e+04
1.520905325933588574e+04
5.807400045431791114e+03
9.544396323310375010e+03
7.158544079527317081e+03
9.509241263443154821e+03
7.242565522814512406e+03
6.345325818164131306e+03
1.212461018941372822e+04
5.754438435855063290e+03
8.955454854120574964e+03
6.414590776348341933e+03
8.544773951888246302e+03
6.320020933820815117e+03
6.435271405750056147e+03
9.278973497294300614e+03
8.528879165890328295e+03
1.330218103949888973e+04
8.198648660769653361e+03
6.446054406902263509e+03
5.282383667442935803e+03
6.020637805917436708e+03
9.566683818321982471e+03
5.607811806461044398e+03
3.166209610781125320e+03
2.106901343973675921e+03
5.007280513801995767e+03
4.625508245828136751e+02
1.483325138738537134e+03
2.032068624490363618e+03
3.417445080007284105e+03
3.198731014804177448e+03
1.675625565512866160e+03
1.959130153816228813e+03
2.130212975562628344e+03
5.400289361494005789e+02
6.016953148633628189e+03
2.233872191931499401e+03
2.834812901306067488e+03
2.292003217771789878e+03
6.187091479602177060e+02
7.891330111614931866e+02
7.724015348998771060e+02
4.631408895340621712e+03
2.659879429986011473e+03
2.487808756363092471e+03
4.338287517316559388e+03
1.488183014124772853e+04
2.038604109026021661e+03
1.796283527094397868e+03
3.374777616533287983e+03
1.517739560635252928e+03
2.386437992305333410e+03
1.434898981470798844e+03
5.046925843948856709e+03
4.448753601650923883e+02
2.773407592013395970e+03
3.060277321639994170e+02
2.655349853006432568e+03
2.106563500207866582e+03
2.056176786287279356e+03
3.049956658811070156e+03
5.007326187070649212e+03
6.961479270461232773e+03
3.181574470264979027e+03
3.600034239213388901e+03
6.364768194178601334e+03
2.124252363064320889e+03
3.333956857118126209e+03
1.538029555941456010e+03
2.416839893454454796e+03
1.355666323393737684e+03
1.991321813504271176e+03
3.424763142198558398e+03
1.399823999368328714e+03
2.808044359808895024e+03
1.931204469141265690e+03
2.303395127139888700e+03
1.559007119138195549e+03
8.553062020613569985e+02
2.992512714781111299e+03
1.899917242370378290e+03
4.770008025472909139e+03
1.538951290533607335e+03
1.059686528179193829e+03
3.719165537481435422e+02
6.447836571494406144e+02
2.851388399512301021e+03
7.078863391042388685e+03
6.568547770506216693e+03
1.098053988216651305e+03
6.145236181532438422e+03
6.392152250747322796e+03
9.257908634747876931e+03
4.365277059434483817e+03
1.077782681833627066e+04
5.989143577317578092e+03
8.532209954400390416e+03
9.191875611953055341e+03
6.606793788823495561e+03
1.406664475217574000e+04
4.651265849870418606e+03
1.006763414629789258e+04
9.457958477823980502e+03
8.136194535522138722e+03
6.342417457473913601e+03
6.163560278834955170e+03
5.176865643418111176e+03
9.996079424060222664e+03
6.245550924440312883e+03
6.003675737964416840e+03
2.279178357851237161e+04
8.732072492210956625e+03
8.090072522176629718e+03
1.081437458976538619e+04
6.323831746802351518e+03
4.447394359661849194e+03
6.076302976666601353e+03
1.666699346195370708e+03
6.525887438255334928e+03
9.801542145864868871e+03
5.735765344492399890e+03
9.658666112465873084e+03
9.349075218016841973e+03
9.049956138094486960e+03
1.007690791924119185e+04
1.492196070475313536e+04
1.661974279443414616e+03
8.094360761699947034e+03
1.112309971380858951e+04
1.464705276198332285e+04
5.776674838009963423e+03
1.046930803926124281e+04
7.577184549413137574e+03
9.759932496384501064e+03
7.101146066049161163e+03
6.679954165285827912e+03
1.127655635895955129e+04
5.479922888975730530e+03
9.823343884734273161e+03
6.782226926465998076e+03
9.619431094234812917e+03
6.312542809034106540e+03
6.915661349544067889e+03
9.739008485475445923e+03
8.832750400866767450e+03
1.445968416192765289e+04
7.088211561036906460e+03
5.597600503441189176e+03
5.520813653513476311e+03
6.256983623747930324e+03
1.028285972853430212e+04
5.830957049364267732e+03
8.038280087197861576e+03
3.458662855094508359e+03
3.376704624646176399e+03
4.955275329474814498e+03
3.377493690266721387e+03
7.284623658515516581e+03
5.886486024369343795e+03
6.364735888156500550e+03
5.370515264672095327e+03
4.019228979662209440e+03
9.199025368109996634e+03
1.220967031788789427e+03
5.682431015646800006e+03
5.523503728244239028e+03
4.185829396931265364e+03
4.061368300803229431e+03
4.193544331500277622e+03
3.827553681062737269e+03
6.325003114141007245e+03
7.352458346923253885e+03
8.658467394386165324e+03
2.024913446858905445e+04
4.933777858969680892e+03
4.966446014526101862e+03
6.791242955391846408e+03
1.909499125108891803e+03
1.796891293991352995e+03
3.777424713370007339e+03
8.525266498495169799e+03
3.924662705589056714e+03
6.240803551172494736e+03
3.000137340541998128e+03
5.368934231901243038e+03
5.629143939517761282e+03
5.061671753015880313e+03
5.862548499170095965e+03
1.073642930939352846e+04
1.001765266283972960e+04
8.393487744593796378e+03
7.840931467668173354e+03
1.170138522950196784e+04
5.936638880753750527e+03
6.988279551913085925e+03
4.359751230272337125e+03
5.538690502483224009e+03
4.987001369759493173e+03
6.424849544370283184e+03
7.709007781092626828e+03
1.839272509323909617e+03
5.987928312151797400e+03
6.439901051932123664e+03
5.724540378546842476e+03
4.699756310716114967e+03
3.999561841676619679e+03
6.249724289684304495e+03
5.065843954724417927e+03
1.271313269490530365e+04
4.138786259412877371e+03
2.147889030144761819e+03
2.750509651539627157e+03
3.572082603249371914e+03
6.307116793243001666e+03
6.074042626875618225e+03
2.254137983035758680e+03
3.932174617934397702e+03
3.017130145712388185e+03
3.215040237254675048e+03
5.570126931643259013e+03
1.286264252984065934e+03
1.314349832982790076e+03
3.532661536101092679e+03
3.040563906600962127e+03
7.811977013001174782e+03
2.878058428771441413e+03
4.188406962341262442e+03
3.317151855649818572e+03
3.767540676698529751e+03
1.290624609813497500e+03
1.610143485228846885e+03
4.925422835097392635e+03
4.076441982272244786e+03
1.955622330268402720e+03
3.238147424032783420e+03
1.748906938481973339e+04
3.300850944748687652e+03
1.421192877868748610e+03
5.053365335629579931e+03
2.225398603623322288e+03
3.364327103977889237e+03
1.715540497700008927e+03
4.703499572749921754e+03
2.466594622119778251e+03
4.708097744752127255e+03
1.969541019354837545e+03
3.562241112428203451e+03
3.430106781701790169e+03
3.017844317149150811e+03
4.581940969020602097e+03
8.200851705769458931e+03
7.358589151130812752e+03
1.459775003713725255e+03
4.992610848985936173e+03
8.744008158974556864e+03
2.710947368503178495e+03
5.261665983770853927e+03
3.832433793645654077e+03
3.822241548016215802e+03
2.001590513545682143e+03
7.735637316875463512e+02
5.795734259261633269e+03
3.141826478999647861e+03
4.517340365360988471e+03
7.709265477535116133e+02
3.436049528528983501e+03
5.716247024145143314e+02
2.902734266529620072e+03
4.490835696385414849e+03
3.430670669076692320e+03
7.442191089167021346e+03
1.628431392033337488e+03
2.162470848579193444e+03
1.811835114064836489e+03
1.579611528147946501e+03
4.399877752733837042e+03
5.483638844718605469e+03
5.398417390022619657e+03
8.593535734476014113e+03
4.774602344102502684e+03
9.400300139824505095e+03
5.110454247761505030e+03
8.734806067098830681e+03
8.166493615109591701e+03
5.766165333310529604e+03
1.307859818178446585e+04
5.546451043369167564e+03
8.518226283078201959e+03
8.584626141281434684e+03
8.776611156316994311e+03
5.749350353315716347e+03
5.269805079666569327e+03
5.201730352424827288e+03
9.083643132202741981e+03
4.730579856049856062e+03
4.599919661304088550e+03
2.261838973499450731e+04
8.071168761840584921e+03
8.282799590006516155e+03
1.017232329005694737e+04
7.092170253508435053e+03
4.902639097505255450e+03
6.107296872631938641e+03
2.138807896629242350e+03
5.746171789261359663e+03
8.657703838495734090e+03
5.463106780033507675e+03
8.998430734252880939e+03
8.503980408671941404e+03
8.255397161976201460e+03
9.680703818974137903e+03
1.207677359932627223e+04
1.284410719978814996e+03
6.658264056135225474e+03
9.595446161467025377e+03
1.446798549157520756e+04
4.154744865062233657e+03
8.041737664177728220e+03
6.036137364068021270e+03
8.821464110668675858e+03
6.803542246827656527e+03
5.621025021350176758e+03
1.142806684360144573e+04
5.040136165649656505e+03
8.207531576999843310e+03
5.455676084267437545e+03
8.503628447172843153e+03
6.074578008996829340e+03
5.686377752488698206e+03
8.681084366773635338e+03
7.891821040220113900e+03
1.050652868727626446e+04
7.452026268329813320e+03
6.332355184605762588e+03
5.408506015552379722e+03
6.080918018750706324e+03
8.748422707656865896e+03
1.699374868490608378e+03
2.195800948883000274e+03
3.587499020121385001e+03
4.068676731865474267e+03
1.718685576758575053e+03
2.388215614246019868e+03
2.322778922355396389e+03
5.154650743709503331e+02
5.980618087546556126e+03
2.547320919052693171e+03
3.034350934547254383e+03
2.378871727869069218e+03
6.172987080669702209e+02
9.353919151233953926e+02
5.595696307670436909e+02
5.249700057999401906e+03
3.130863983781850948e+03
2.569894093502364285e+03
4.608319594147158568e+03
1.558076060477050305e+04
2.272579044532051739e+03
1.667008711924770068e+03
3.724926229445387435e+03
1.443153566748877438e+03
2.659995544733683801e+03
1.721864968607902938e+03
4.864262252986889507e+03
2.951047146152354799e+02
3.231993005017293854e+03
2.018159696830214216e+02
2.808748893036221034e+03
2.418283452870942256e+03
2.166186257892469712e+03
3.062894325287914398e+03
5.490558517757477603e+03
7.493988858701997742e+03
3.674497032831676279e+03
4.101986844659954841e+03
6.731813978871995459e+03
2.266889207251203061e+03
3.312214428295519156e+03
1.949737966996324985e+03
2.319902853840793796e+03
1.428270297335538544e+03
2.210818771508550526e+03
3.845235797793974143e+03
1.543964085909408368e+03
3.301381817242224770e+03
1.979832837110062883e+03
2.384003166110666371e+03
1.569373793453751205e+03
1.081532114983857809e+03
3.246403040470070209e+03
1.964953065429037679e+03
5.207885073349204504e+03
1.655548614875226576e+03
1.048192564153799594e+03
4.048732568438942963e+02
6.066717831776393268e+02
2.755397812437348421e+03
3.797234730196570581e+03
4.875281985177551178e+03
3.754772993382335699e+03
3.448388505008853826e+03
3.678385661041018011e+03
3.675604992467009197e+03
1.519988058155850013e+03
7.172950906404763373e+03
2.794031858432666468e+03
3.992406528237114344e+03
4.050124071938073030e+03
2.026738934269594665e+03
2.034884440373200960e+03
2.136103746394033806e+03
4.867686954106067788e+03
4.428910676622951542e+03
4.229253827632103821e+03
5.710174188138767022e+03
1.604151458980433199e+04
3.839619684335470993e+03
3.399268002715943112e+03
4.424355712359975769e+03
2.322302909642253780e+03
2.937203089609067320e+03
2.569424943366109346e+03
7.611894682147280037e+03
1.711371715943131449e+03
3.921275066664427413e+03
1.752858602581257401e+03
4.522750179971037142e+03
3.940575924818903786e+03
3.743239437082997483e+03
4.182397756889579796e+03
5.699619408819108685e+03
8.447745637154839642e+03
4.211060399926253922e+03
5.323528657433060289e+03
8.130139784941619837e+03
2.924234556049272214e+03
4.010427771810423565e+03
2.072655331991763887e+03
3.663726675214272291e+03
2.848799797808682342e+03
3.479486107782716317e+03
5.048668614798178169e+03
1.214115979860469452e+03
3.547655714674315732e+03
2.942479572739951891e+03
3.892065881038474799e+03
3.149768167188553889e+03
1.471232674219128512e+03
4.423301300299768627e+03
3.200126106538279146e+03
7.218420221587952256e+03
2.582212068260957949e+03
2.225495183458616793e+03
1.890455763511051600e+03
1.905474419425407177e+03
3.984947912295560855e+03
4.566986024870129768e+03
2.840877671827376616e+03
2.603115284051826620e+03
3.625025147155683499e+03
2.960389123857230516e+02
2.583978484874641708e+03
3.397920285621807125e+03
3.889693051202111747e+03
5.292352783949688728e+02
1.536779565887227363e+02
2.964411926087429947e+03
2.490096854219571014e+03
2.227460759701719326e+03
6.236135745842118013e+03
1.327147817066036851e+03
3.230667076647860085e+03
5.714385863316781979e+03
1.043306990443173345e+04
2.596991380733720689e+02
3.102731321443066918e+03
1.740493529155225133e+03
2.768699589366375221e+03
3.746423717556241627e+03
3.634294077570110858e+03
6.348322073980081768e+03
2.227172220136501892e+03
9.996390873273319357e+02
1.842906574769064036e+03
3.007158473061938366e+02
2.281564259979202234e+02
1.855261352699831150e+02
6.502905970097813224e+02
3.301006750843793725e+03
1.069004240812558055e+04
4.362802947256162952e+03
1.333839732843248612e+03
3.966165279445232954e+03
4.281938225650988898e+03
1.880942005668348884e+03
3.020463732683539547e+03
7.002152515676870053e+02
2.963785691436714842e+03
4.066876276670088373e+03
1.341918552308734434e+03
2.843118949764262197e+03
1.090111899423762907e+03
3.107820258855655993e+03
7.052784271122086466e+02
2.284367384254563603e+03
2.804004165406694483e+03
1.045718605950282836e+03
6.256219313448700632e+02
5.276823595277281129e+03
3.139625489210813612e+03
2.580789719137277643e+03
1.793411652686308571e+03
1.932856595819739823e+03
1.136419325351488169e+03
8.123749466223492163e+03
3.853426294818615588e+03
6.865216884235785074e+03
5.319948422453397143e+03
4.868526663048696719e+03
1.053200906605080309e+04
1.633575664030099006e+03
6.033863673711191041e+03
4.858851490919416392e+03
6.846323709451772629e+03
4.345891708887571440e+03
3.973894877981922491e+03
6.872968847309364264e+02
6.191335554686843352e+03
4.274178372066816337e+03
5.813602012549326901e+03
2.041521412885487007e+04
4.802856051111040870e+03
5.528336578276065666e+03
7.680238226442425002e+03
3.491585554965603933e+03
1.232602149931811937e+03
4.326451647024617159e+03
3.028738228347628137e+03
4.188908866843730721e+03
7.022078367924798840e+03
3.055390542161640496e+03
4.700598201762372810e+03
5.075879347642094217e+03
4.626264587736848625e+03
6.752394861317224240e+03
1.021474564860575992e+04
5.058771679938304260e+03
5.046773441930777153e+03
6.746489520888844709e+03
1.153056890704884063e+04
5.320212325876520481e+03
6.740829376628598766e+03
5.142081085163474199e+03
6.001982680989438450e+03
4.528100560782118919e+03
4.394947971938921910e+03
8.900419205097750819e+03
3.127560702517839218e+03
6.301345727801435714e+03
3.823469370414675268e+03
4.625435011431123712e+03
3.642793919182217451e+03
4.579917284377052056e+03
6.462752895187141803e+03
5.453818443661712990e+03
8.729127647782352142e+03
4.985742939770628254e+03
3.201147139156946650e+03
2.964446464041461695e+03
3.859147412706268369e+03
6.323591963701102941e+03
5.290188167724021696e+03
5.235634323788773145e+03
2.661350676309731170e+03
4.006149079703716779e+03
6.004871601588506564e+03
6.367683387448214489e+03
2.835335244295081793e+03
3.166864409849552430e+03
4.513528153785667200e+03
4.090080437960391464e+03
3.965127361386370467e+03
8.361309646464527759e+03
3.641935856125204737e+03
5.656117324151779030e+03
8.112135405564382381e+03
1.375634500784290685e+04
2.833432881819624527e+03
5.481255263879011181e+03
3.921046420235965343e+03
5.434546920436327127e+03
6.180024962073677671e+03
4.927153254719063625e+03
1.020369934774099420e+04
4.043297273744770791e+03
2.646947520711511061e+03
4.083109866173774662e+03
3.038331036354318258e+03
2.827964266501168368e+03
2.805861327293052000e+03
2.965888699394094147e+03
3.348413792390650087e+03
1.149497174022836407e+04
6.360349680189553510e+03
3.972030129949625461e+03
6.875766463296216898e+03
5.159155707586463905e+03
3.068506390672703674e+03
4.137530419496010836e+03
2.687647229637868804e+03
4.759195143745641872e+03
5.367302414533709452e+03
3.682415767063074782e+03
3.887270702969304693e+03
2.713792054436173203e+03
4.931886693561091306e+03
2.769687756278707639e+03
5.039144803979281278e+03
3.640543588309411462e+03
2.890310837387957690e+03
2.221828780160412862e+03
7.021833659214876207e+03
5.209250779168594818e+03
5.221474436488904757e+03
4.246130804091255413e+03
4.033499655756957509e+03
3.198299462379345641e+03
2.399835193198855450e+03
2.918654380370973740e+03
2.505038346398023350e+03
7.223004603954235790e+03
3.399594306670085643e+03
3.448269725159346763e+03
2.813241803931730828e+03
3.233908302056388038e+03
1.231823255895958710e+03
1.232725406615671545e+03
5.971218935291715752e+03
3.445243607271459950e+03
7.112704213731644813e+02
1.875852027809626179e+03
1.635304940538661504e+04
2.709564934895935949e+03
1.787026336451131101e+03
4.289718325356141577e+03
2.555711931257534161e+03
3.785323977944258786e+03
2.100385661839105524e+03
3.848396757014513696e+03
1.946018161978414128e+03
3.711646344857427721e+03
1.628213776989202188e+03
2.823915610605530674e+03
2.886027352774645806e+03
2.658445772431583464e+03
3.752458982056440618e+03
7.737130788755665890e+03
6.463818522212834068e+03
2.642048200130461282e+03
4.206537409516264233e+03
7.791855987943556102e+03
1.087497413782799867e+03
3.994264201607586983e+03
3.150504742324501422e+03
3.300829788193002514e+03
1.834646741778233263e+03
1.577186317375049384e+03
4.842285735933415708e+03
3.015970460000916319e+03
3.759540087160693474e+03
1.582891796782932943e+03
2.734947543987132576e+03
1.164966374798036213e+03
2.446975769370555099e+03
3.421853372600469356e+03
2.863966878995187471e+03
5.693995874099786306e+03
2.167589399958573722e+03
2.421789253951496903e+03
1.607769707907446673e+03
1.509319717418167329e+03
3.648403330089102383e+03
3.571736460526787596e+03
2.189352480291033316e+03
7.716421114704375213e+03
4.416245300371298981e+03
4.919483465562541824e+03
3.875110334059078468e+03
2.209660974297254143e+03
1.267088075414532796e+03
1.302462641545037968e+03
6.845069277872184102e+03
4.285846855210804279e+03
3.805505312871800925e+03
5.441930200247028552e+03
1.777424668561294675e+04
3.400472702894649046e+03
2.000484576192010536e+03
4.950671974438552752e+03
3.194667879648790858e+03
4.838421665256924825e+03
1.504755052242590637e+03
1.020922858544984956e+04
2.089904157377829506e+03
4.449025691429462313e+03
1.970531220773533278e+03
4.259153750972779562e+03
3.540232919710297210e+03
3.232577961295842215e+03
4.359888756533890046e+03
8.564887591900376719e+03
1.258721820936941003e+04
2.170662607643403589e+03
5.913262332564356257e+03
7.884379918978666865e+03
2.981407804670149744e+03
5.587006149986036689e+03
3.225218951208291401e+03
3.579905414323829973e+03
1.926175291240416072e+03
1.266002533573965366e+03
4.575615943048066583e+03
3.790901061865491101e+03
4.624949229359934179e+03
1.208135114559996055e+03
4.467666718741716068e+03
8.655124917475117172e+02
2.769022180202572599e+03
4.778172221215993886e+03
3.644296851126280671e+03
1.044361084799208402e+04
1.499132600830428146e+03
2.173630847041077686e+03
2.080591157643392762e+03
1.924778139173200771e+03
4.415707313413767224e+03
2.306294005489587562e+03
3.447641489283273586e+03
4.362367651859755824e+03
5.925864321180288243e+02
3.025003437423829382e+02
2.813535463881675696e+03
2.655115128202857704e+03
2.218939231886131893e+03
6.491064353439496699e+03
1.471980760606117656e+03
3.654260236728340260e+03
5.928990678892416327e+03
9.646007462551508070e+03
3.822293967447569685e+02
3.580648945503061441e+03
1.549587102298898117e+03
3.259009776372074157e+03
3.939105548643663951e+03
3.718283160343734835e+03
7.446406524654926216e+03
2.206760293225153873e+03
6.944238087960570738e+02
2.047306290415125432e+03
5.625919914699459241e+02
2.435266245294815235e+02
2.919663202345877835e+02
7.241596216593225108e+02
2.758509230071283582e+03
1.061361080848983693e+04
4.554114738224914618e+03
1.280670790844635349e+03
3.521651579838149701e+03
4.082788398016256906e+03
1.484813286217129189e+03
3.025290860718888325e+03
6.493448407203227362e+02
3.186198456182051359e+03
4.207077624584871955e+03
9.135338014478011246e+02
2.977471329610481462e+03
8.974366776867136650e+02
3.266153886954116388e+03
8.470119738041320261e+02
2.581358717272741160e+03
2.910430457307261804e+03
1.038964710366273948e+03
4.406693405913565584e+02
5.684073959093195299e+03
3.356388558285120780e+03
2.877629200528388992e+03
2.022849557091644101e+03
2.295325063609291647e+03
1.038886193843978162e+03
6.238153963259491320e+03
3.221767046929673143e+03
3.110801485189204413e+03
2.775488363460992787e+03
4.469157428333542157e+02
1.237434679367348963e+03
8.005560499291245833e+02
5.392251299251498494e+03
3.330622225031965172e+03
3.376456479557979492e+03
5.305777802883620097e+03
1.522418691788334036e+04
2.593629397818875077e+03
2.487017377636934725e+03
3.584461546266351434e+03
2.053244817907179822e+03
2.863129100445757558e+03
1.890881643093276580e+03
7.230181793184448907e+03
3.129989317614899846e+02
3.092330833139163133e+03
5.112754576035822538e+02
3.372866090048757087e+03
2.619941174639699057e+03
2.370459616454364095e+03
3.175823321314096574e+03
5.043888932641621977e+03
8.904675793269023416e+03
3.954567473778958629e+03
4.349896667989692105e+03
6.590508468485704725e+03
2.333549276460579222e+03
3.587783897649375376e+03
1.353066574914847479e+03
2.485452055661276518e+03
1.836042529164312782e+03
2.550567106153862369e+03
3.553232191415992475e+03
1.642797505292430515e+03
3.077642027614224844e+03
2.285406069115878836e+03
2.946667263714427918e+03
1.893763147906706308e+03
7.337324603513748116e+02
3.657575857580020056e+03
1.936746925052628740e+03
5.827659593819274960e+03
1.712769963036985928e+03
1.458054463263498292e+03
7.907062156431852600e+02
9.805785301478663314e+02
2.869822064142259023e+03
8.498595563808547013e+03
3.362934325519061531e+03
3.273095894550391677e+03
6.757149436464541395e+03
6.464425345015009952e+03
6.104691759624118276e+03
1.082570167431842856e+04
5.667225326208564184e+03
8.103021375213517786e+03
1.021954257384008088e+04
1.220482259025741223e+04
3.598565326263378665e+03
7.513876142461490417e+03
3.364828511385754155e+03
7.540527130793066135e+03
8.654917769174206114e+03
7.543695509716844754e+03
1.336968020938331938e+04
6.092306302726954527e+03
3.450622268707447802e+03
6.017880957398661849e+03
3.804597005343878664e+03
3.253237438268777623e+03
3.242960495125914349e+03
3.302045190715748504e+03
7.209255296918872773e+03
1.560032360544089715e+04
9.127430986685369135e+03
2.874376333667966264e+03
5.272618284973426853e+03
7.767024959043208582e+03
4.724688181599406562e+03
6.373158830826983831e+03
3.222457052503952582e+03
6.815198432102059087e+03
8.272226535677662469e+03
3.575067738498758445e+03
6.869361326787215148e+03
3.706144240407552843e+03
7.557086427670712510e+03
3.268175486651798565e+03
6.925578593582918074e+03
6.513062867383045159e+03
2.994511245925554249e+03
3.705730619018130710e+03
1.049948871977068120e+04
7.934012801463184587e+03
7.411091367546610854e+03
6.196952999678333072e+03
6.323337496680522236e+03
2.889064994312277577e+03
4.687100528333381590e+03
4.309391424155848654e+03
3.812825850670253203e+03
2.667100688936614006e+03
2.886787984718743701e+03
2.106638292578792971e+03
4.840230944764196465e+03
4.452909344045934631e+03
5.331395041323939950e+03
1.793181490993456100e+04
4.137888022082558564e+03
3.707633393876739774e+03
5.846187877707046937e+03
1.296398008206889244e+03
1.189182979280717973e+03
2.713841156027830948e+03
5.102464055843831375e+03
2.765610287810876798e+03
5.363258816559068691e+03
2.204835121374440860e+03
4.465187341358405320e+03
4.486718444671274483e+03
4.050719191610815869e+03
5.054498509007771645e+03
8.871223882724318173e+03
6.858790252402928672e+03
4.550897277095792560e+03
6.066056787270345922e+03
1.021881359621843330e+04
3.884036136861827345e+03
5.633333859169436437e+03
3.834193758980186431e+03
4.593640870776595875e+03
3.477598701992816132e+03
3.602769519979525739e+03
6.768627372190532697e+03
1.631026745011961339e+03
5.051561592505428962e+03
3.242263028042723363e+03
4.310825485659695914e+03
2.779524784343534520e+03
3.073254234271743371e+03
5.341294355892124258e+03
4.238678598500142471e+03
1.002319516017207025e+04
2.647847505540818474e+03
1.509353101334541407e+03
1.975184270039959529e+03
2.235881452902715409e+03
5.040683363238414131e+03
6.456250078088503415e+02
4.101147162842389662e+03
3.075985155447111538e+03
3.143816172757991808e+03
6.986400635168025474e+03
1.882297458002261237e+03
3.687109838868930638e+03
5.889437264011372463e+03
9.724520516024018434e+03
8.482252154664770387e+02
4.161072058277105498e+03
1.993572211659989989e+03
3.639453368158526246e+03
4.769911481613446085e+03
4.366120542211690918e+03
8.438865779357365682e+03
3.032352858708186886e+03
8.690402206949074753e+02
2.850289128418428845e+03
8.153412803246658314e+02
7.214522931709020668e+02
8.172990998015843616e+02
9.209555844281576356e+02
3.400763324702310456e+03
1.080087757003413208e+04
5.230660073900186035e+03
1.247742670689020315e+03
4.825474685244269494e+03
4.245684204842073086e+03
1.503842696489409263e+03
3.312024895400539208e+03
1.213758032774819640e+03
3.955750905095160306e+03
4.758048913606191491e+03
1.594046756326024706e+03
3.156638276895351282e+03
7.434726388740414222e+02
4.040078605387727293e+03
1.038116475892838025e+03
3.597064808074048869e+03
3.058929740242006119e+03
1.055903877370424425e+03
6.236196228652634090e+02
6.404778693151716652e+03
4.157017602127170903e+03
3.991382257929399202e+03
2.813365799513716411e+03
2.781615737665456891e+03
1.235088433701050462e+03
3.203890251925811754e+03
2.745139392745219084e+03
2.350466365842401046e+03
6.619323843790100000e+03
1.540564815999118309e+03
3.630114498940291014e+03
6.082510131065778296e+03
9.641494857870353371e+03
2.747445026300592872e+02
3.519389486628816940e+03
1.918900896271398778e+03
3.067249094511503245e+03
3.958065923964571539e+03
3.951764051939281671e+03
7.044393520762676417e+03
2.353197290299045562e+03
9.893289954290476089e+02
2.040320533765652272e+03
3.595805895338691016e+02
1.404574576195891495e+02
2.403821703023540977e+02
6.985972077811904910e+02
3.185471067741326806e+03
1.072158540922352040e+04
4.652015687765102484e+03
1.173414419220737500e+03
3.525833868740641265e+03
4.383175796592515326e+03
1.967594008100241808e+03
3.457756345478486310e+03
8.011574256863688106e+02
3.281624822494058208e+03
4.320165887314942665e+03
1.037176429645967346e+03
3.215862164026155824e+03
1.274829815159116151e+03
3.369588364020092286e+03
7.847212013833891433e+02
2.411976527760262343e+03
3.199265189681802440e+03
9.990739789651440788e+02
7.795149653043613398e+02
6.172283639008830505e+03
3.454680167789635561e+03
2.740618633961315481e+03
1.912668294990719687e+03
2.216234743073162917e+03
1.225041080983848133e+03
1.514845899241222696e+03
9.540639623978720465e+02
7.087140899336844086e+03
3.933953576843832252e+03
5.312311660148652663e+03
7.384645365502097775e+03
1.776681530049089997e+04
2.779972691595541619e+03
2.702131095087145241e+03
4.265242176858106177e+03
2.119941499791926162e+03
3.874375818211847218e+03
2.248555341792709442e+03
1.112498445472746607e+04
4.357545989521265710e+02
3.732146011154637108e+03
5.205571457176629337e+02
3.857681280112322384e+03
2.987246095714521289e+03
2.566515203472014491e+03
3.612447433760454260e+03
6.803221938923968992e+03
1.251782164750099764e+04
5.378638465878697389e+03
5.524832014901845469e+03
7.763399523329019758e+03
3.210510644531471826e+03
4.634041165307735355e+03
2.095139815396064478e+03
2.731170959982016939e+03
2.100275251063531414e+03
3.307052792323906942e+03
4.200833557217079942e+03
2.393680510446957214e+03
3.914082329473244499e+03
3.382094941375604321e+03
3.745720014080731744e+03
2.179226494195071609e+03
1.407612331561248084e+03
4.189220452803469016e+03
2.462517844465365670e+03
1.034541174319980928e+04
1.968881125456735390e+03
1.273456983235595089e+03
7.465599852378873038e+02
1.161466131732120175e+03
3.623073370834935304e+03
5.253322375629968519e+02
5.295277450905825390e+03
3.265374019158937699e+03
2.226532792742119454e+03
3.635606762657243507e+03
1.580554105685727336e+04
2.522084728532869576e+03
8.416765508042426518e+02
3.772147691359772580e+03
1.690401289574297607e+03
3.451184916647738646e+03
9.416205983416275558e+02
6.114905861233287396e+03
9.951920673600029659e+02
3.160837599682251494e+03
8.879715014042126313e+02
3.120522365322067344e+03
2.768314647428274384e+03
2.577291843088170026e+03
3.401893739506726433e+03
6.393770577981867973e+03
7.908883284096221360e+03
2.415143268632573836e+03
4.260614358932949472e+03
7.732124992144154021e+03
1.553463945007767052e+03
3.678206734547377891e+03
2.015595907200763804e+03
2.883827896798904476e+03
9.948512681694999173e+02
1.261190389993368854e+03
4.322517013439717630e+03
2.055059011686418216e+03
3.267493291773593228e+03
1.264063415052923119e+03
2.768241883479726312e+03
9.123265671731422799e+02
1.367692790017917105e+03
3.405953808150788973e+03
2.276622617143206298e+03
6.876610826231951251e+03
1.093033767299452393e+03
1.562937389595792638e+03
9.811802280796850937e+02
5.664250474598834444e+02
3.313154438352048601e+03
5.205889231004336580e+03
3.235429603981335276e+03
2.304756624503775129e+03
4.051453899137005919e+03
1.556061482701835848e+04
2.204776492095871163e+03
9.943146766457150534e+02
3.362686568148794322e+03
1.701952791833075707e+03
2.951729201827475663e+03
1.346396409834489987e+03
5.674686943177659487e+03
4.917031544127582947e+02
3.146152722178113891e+03
6.676699968108648591e+02
2.721551703580708818e+03
2.344668453530870465e+03
2.131963434793057786e+03
2.748417767719957737e+03
5.450034885394019511e+03
7.595318696143054694e+03
2.688589567066036579e+03
3.962667453552259303e+03
6.288629395963407660e+03
1.573079553816827683e+03
3.334197362282690847e+03
2.330161216338126451e+03
2.205108707006896566e+03
1.091177893681544674e+03
1.439340317753976251e+03
3.610487356445441037e+03
1.888735073385120359e+03
3.318136866316886426e+03
1.364865037593471243e+03
2.318501774074853529e+03
7.681161617755863062e+02
1.702765908977464278e+03
3.117284658028359445e+03
2.079589759514682555e+03
6.041583200223652057e+03
1.176245594794045246e+03
1.167847233119311568e+03
8.503525592958906145e+02
7.033574929635769877e+02
2.577033404379179501e+03
7.290086343042637964e+03
6.344390171158516750e+03
7.060630377923269407e+03
2.021747979007274625e+04
6.089001411595049831e+03
6.713388877850609788e+03
7.885086852372471185e+03
4.145968105044489675e+03
1.362422153898504348e+03
4.795669482882057309e+03
4.981484075953370848e+03
5.406021896726166233e+03
7.351212958177763539e+03
4.604010802297196278e+03
6.476473155572089127e+03
6.631276863131539358e+03
6.172821354810351295e+03
6.938942285281397744e+03
1.076064327782300097e+04
6.490647425080355788e+03
6.044594768616360852e+03
7.915679546066608964e+03
1.212566128868985288e+04
6.236990205399663864e+03
7.691612854258838524e+03
5.540197161322508691e+03
6.722286099517728871e+03
6.092330470550123209e+03
5.735382925053439976e+03
9.115455300565976358e+03
3.336902781480670455e+03
6.948749356267713665e+03
4.911356172702846379e+03
6.599920582106547954e+03
4.819446398061356376e+03
5.449732106251569348e+03
7.296178719364447716e+03
6.724307210461605791e+03
1.100319009853639363e+04
5.436956760085854512e+03
4.045283049227685297e+03
4.366643550445642177e+03
5.089963539352154839e+03
6.951943682678247569e+03
4.226486902089807700e+03
6.591155472222366370e+03
1.125441509088225212e+04
1.314364490409251175e+03
4.439944983591898563e+03
1.797148849711925777e+03
3.678890811645095710e+03
4.409304505052979039e+03
4.822658007087196893e+03
8.469397814395968453e+03
3.050888767835510407e+03
1.869742476872962925e+03
2.767797335464781554e+03
1.326478918436176855e+03
1.610280674765358981e+03
1.312276452040286358e+03
2.031380906596038130e+03
4.214048366884501775e+03
1.176110633581588263e+04
5.254550758512965331e+03
2.704300926019808230e+03
4.736456906023297051e+03
5.149735426665437444e+03
2.412691389522999998e+03
3.822089765951908248e+03
2.072155395778151160e+03
4.300520461912764404e+03
5.192048768400748486e+03
2.712540379446489624e+03
3.343196614377641708e+03
2.139028607452708457e+03
3.890001579729978403e+03
1.648116136541989135e+03
3.339139206511745670e+03
3.134798305400214758e+03
1.903008631986117962e+03
1.654090674940375493e+03
6.739526256879160428e+03
3.812285264363390525e+03
3.625205021096830023e+03
2.570664594154472070e+03
2.660244735368316924e+03
2.054247559124084091e+03
7.501982814239299842e+02
1.702106697447588886e+04
3.544837756594999064e+03
3.198719564936724055e+03
5.106558845182067671e+03
3.891486219560272730e+03
4.668241928645356893e+03
3.047887993853139051e+03
3.183671323974248480e+03
3.053014499662210255e+03
4.333543807415257106e+03
2.500603093538607027e+03
3.225293370211424190e+03
3.606145977624037187e+03
3.278825188657577201e+03
4.595113952914814945e+03
8.550200406483860206e+03
5.707471634825823458e+03
2.900700359014605965e+03
4.550218339762001051e+03
9.394135086638309076e+03
1.330488130645308502e+03
4.280261460864933724e+03
3.552661803202117881e+03
4.089339573885727987e+03
2.855676888279405830e+03
2.115017652973479017e+03
5.847668634484693030e+03
3.745008892129258129e+03
3.834167528723594387e+03
2.031041097625492057e+03
3.083754155050677127e+03
2.266136550175091543e+03
2.874082230815321509e+03
4.108324155639892524e+03
3.114616388533817826e+03
4.845108764874405097e+03
3.580617619985523561e+03
3.934917261281950687e+03
2.583277048040708905e+03
2.619461750956737433e+03
4.127705797863928638e+03
1.994009450331735934e+04
5.714351165888072501e+03
5.352147246525546507e+03
7.577339584553113127e+03
5.819804153172829501e+03
6.129123666066285296e+03
4.501812699143280952e+03
4.339000024317783755e+03
4.906891835962319419e+03
6.454956863475843420e+03
4.483939246477038068e+03
5.983309626152866258e+03
6.126418222149627582e+03
5.779392898038064232e+03
6.793894053479980357e+03
1.197207834448153881e+04
5.420251344827242065e+03
3.657982427092946182e+03
7.022849220393667565e+03
1.281093248205953205e+04
2.143055085181278628e+03
6.437793801402693134e+03
5.365131740514410922e+03
6.415313617328833061e+03
4.537420777865825585e+03
3.340612193197503530e+03
8.798775478837498667e+03
5.318323576648089329e+03
5.790601844838114630e+03
3.155558158670085959e+03
6.097237513103924357e+03
3.779871130046446069e+03
4.659677086352538026e+03
6.340076332309009558e+03
5.548054519164503290e+03
1.062608648182126490e+04
5.254633216116721087e+03
5.643274357277487979e+03
4.439671172570335330e+03
4.285693779741667640e+03
6.596747366920002605e+03
1.007830291822104482e+04
1.701176405115583839e+04
1.100681821493872485e+04
1.722942847479942793e+04
1.753356382227516588e+04
1.798952745380717897e+04
2.314018974463971244e+04
1.541609256620421729e+04
9.125508498479510308e+03
1.527209914583230056e+04
1.062098153366065890e+04
9.609244156025299162e+03
1.056206945950706904e+04
1.085499395874994661e+04
1.108207943505321600e+04
2.536060342861576282e+04
1.861230321402606205e+04
7.641829698903391545e+03
6.668948583455170592e+03
1.687170469392320229e+04
8.807262885626805655e+03
1.534131586154304023e+04
1.139985811691761410e+04
1.845355449148965999e+04
1.787959127731114131e+04
8.751646162936398468e+03
1.566921364022540729e+04
9.533257098853480784e+03
1.671366358189601306e+04
8.909751038249221892e+03
1.627127295667958242e+04
1.508996462125626931e+04
9.939868479705633945e+03
1.045195671756383308e+04
1.949082342219295970e+04
1.734873905870244562e+04
1.711741141466637782e+04
1.542148505630633372e+04
1.552749692338761270e+04
9.135456134818210558e+03
3.234040527914520680e+03
1.646359479760457816e+03
2.953399094667091049e+03
3.759114614601226094e+03
3.663800630213232125e+03
7.227134991668945077e+03
2.249793004751628359e+03
8.530425924394994581e+02
1.932300832116106903e+03
3.696121265270571712e+02
3.133889327307533677e+02
2.387549484818468954e+02
7.462117535435686477e+02
3.591226459316965247e+03
1.021581136744257310e+04
4.572951981114495538e+03
1.334027106293392080e+03
3.596367878620108968e+03
4.101215991250744082e+03
1.715555710933938371e+03
3.199285307556300722e+03
9.522482155953792926e+02
3.112616489005413314e+03
4.122348951820998082e+03
1.263108819282914283e+03
3.099647314830170217e+03
1.169158048513776521e+03
3.408937934949881310e+03
6.442049848650775630e+02
2.276931186747869560e+03
3.076424485075619486e+03
7.763172862311739664e+02
8.051778043391777828e+02
6.336043711524295759e+03
3.317151418023870065e+03
2.564746702237006502e+03
1.730547968157118930e+03
2.157404251539210236e+03
1.283866957348547203e+03
5.048323028687980695e+03
2.331358757509714451e+03
4.793496770359584843e+03
1.990528462815396324e+03
7.773193034432339118e+03
1.694235827619612337e+03
4.631622308014055307e+03
1.687902482881955621e+03
3.581746927089378005e+03
3.773465624669100180e+03
3.282728399069712395e+03
3.988820933527453690e+03
8.578328020947239565e+03
9.633161813611935941e+03
3.468951685431874012e+03
5.672476997079339526e+03
7.802361842228597197e+03
2.473900187182462105e+03
5.159416611973633735e+03
3.688525779010397855e+03
3.659352995065052710e+03
1.894504530797446478e+03
1.645311420675432373e+03
5.338302310554223368e+03
2.957999917868305602e+03
4.401535493899072208e+03
1.734732349784663711e+03
3.779358878910737076e+03
1.043161786580516718e+03
2.433721666975848166e+03
4.348226781836818191e+03
3.417694484708120399e+03
9.573599259771808647e+03
1.668296607790791995e+03
2.082719478326765966e+03
1.571806361732400092e+03
1.104185719661385974e+03
4.265081912929038481e+03
4.171800937261879881e+03
5.167961260787171341e+03
4.870956083518878586e+03
1.125198799813117876e+04
3.449580976209414985e+03
1.660307554040087098e+03
3.497917166226676272e+03
1.982062523015191800e+03
1.835497178637710249e+03
1.725000910889683382e+03
2.079306246584291785e+03
3.817526913376431366e+03
1.370564633750186840e+04
6.289709496521293659e+03
2.270714930040518993e+03
4.485103030523769121e+03
5.040524918322988015e+03
1.702827825233530348e+03
3.714642926675372564e+03
2.145297961115306862e+03
4.464212317255141897e+03
5.735562151464710041e+03
2.476222130004237442e+03
3.914526575588095966e+03
1.829959076533893267e+03
4.844462743607215089e+03
1.597285472604552751e+03
3.995580265306512956e+03
3.789697449883307854e+03
2.264536714224015668e+03
1.717678239653993387e+03
8.342239162788268004e+03
4.390636562354940907e+03
4.132234328940790874e+03
3.372527443608909380e+03
3.500152654035799969e+03
1.720512580362856170e+03
2.052744979535327275e+03
2.213470817800714485e+03
7.374423440972139360e+03
1.530264629448052347e+03
4.206109627668523899e+03
1.169574191492223918e+03
3.260534281051624475e+03
3.348216441851414402e+03
2.956112361178000356e+03
3.788770093013017686e+03
7.409644204115873436e+03
9.531198868429064532e+03
4.742011646145905615e+03
4.983092722616149331e+03
8.555477750511683553e+03
3.394715290634197117e+03
4.821887015926023196e+03
3.098104250024003250e+03
3.409989466461023767e+03
2.622486210905628923e+03
3.199310176069533554e+03
5.148852370221311503e+03
1.332079802378257909e+03
4.155145709365021503e+03
2.892140372944898900e+03
3.217752877366738630e+03
1.783057115109321558e+03
1.946578894177701159e+03
4.163946622714204750e+03
3.308389504137074255e+03
1.143784840612544031e+04
1.436963554133125626e+03
6.077656443576432821e+02
9.895806819952957767e+02
8.526129636981584099e+02
3.764955519167406237e+03
3.282870160972064696e+03
4.768658298045227639e+03
2.774311027311803628e+03
4.993552233698961572e+03
2.221832482239405635e+03
4.085493692203918272e+03
4.006555466706090556e+03
3.678458391385699542e+03
4.633557190903300580e+03
7.440438187304262101e+03
6.637102079226197930e+03
5.270009810266637032e+03
5.578302981643946623e+03
8.824277413341846113e+03
4.458713439133912289e+03
5.523317447844072376e+03
3.447951268888469713e+03
4.286251010148787827e+03
4.007133801480600596e+03
4.275933423189537280e+03
5.950780003262714672e+03
1.564299751565461975e+03
4.778572746909609123e+03
3.549075338533892591e+03
4.091940500046499437e+03
2.952358398078612936e+03
2.998309927868553132e+03
4.940923735190945081e+03
4.379522284942388978e+03
8.527561922629443870e+03
3.168242699317168899e+03
1.798329567113462872e+03
2.023982811310684156e+03
2.715399660130041411e+03
4.592059803395159179e+03
6.529537864886309762e+03
1.829968760306011745e+03
4.281537377336704594e+03
1.554605601796382189e+03
4.302403473619993747e+03
3.912169344407362587e+03
3.659325509551187679e+03
4.513122182374535441e+03
8.030052809398477621e+03
8.375781976760868929e+03
2.511764522703000694e+03
5.501626033595870467e+03
8.514582376456435668e+03
2.491822454573329196e+03
5.013206468377433339e+03
1.976286972735339305e+03
3.755381478930151388e+03
6.745929530242401597e+02
1.778429061540947941e+03
5.298056938357098261e+03
2.275768787074089687e+03
4.463758901235280064e+03
1.664946145117885862e+03
4.112005724212827772e+03
1.451492093597978055e+03
2.206929279181936181e+03
4.576176560650785177e+03
3.475496751658489302e+03
8.067302623144635618e+03
1.544585464097744079e+03
1.800361500238467897e+03
1.680254695833240930e+03
1.432367365438992920e+03
4.338303467850847483e+03
6.259000450008478765e+03
9.579851663523442767e+03
4.490687299707690727e+03
5.756465069236144700e+03
7.079376726763785882e+03
6.184195984676920489e+03
9.848236530073136237e+03
1.294505829291590817e+04
1.550683435177991214e+03
6.166414763264541762e+03
8.908095960720447692e+03
1.359154754404223240e+04
5.574776758985117340e+03
8.758136634089860308e+03
6.808708982063618350e+03
8.067328098745655552e+03
5.253660640451022118e+03
6.134294329349440886e+03
1.185452416348004590e+04
5.845983179959923291e+03
8.606670597789066960e+03
4.980379615140071110e+03
5.573276945982276629e+03
5.740396001709214943e+03
6.406064521687230808e+03
8.879483980118904583e+03
6.202087530242262801e+03
8.282862997361502494e+03
8.498272794398857513e+03
6.625951467283682177e+03
4.965758099266596219e+03
6.195468574073653144e+03
8.321562925802028985e+03
3.204179285099055960e+03
3.168132770795255055e+02
2.893570663533767402e+03
2.357215958201832109e+03
2.133312758724607193e+03
2.807270322284985923e+03
5.031946224997639547e+03
8.244840794303694565e+03
3.474046685559073467e+03
4.119197080348445525e+03
6.326283602472662096e+03
2.255137245825907485e+03
3.541745595084163142e+03
1.874972902993672506e+03
2.139682070930988175e+03
1.575984136636562653e+03
2.220734090687932621e+03
3.541118685624397131e+03
1.649159811510172858e+03
3.191962539742710760e+03
1.908096109316686352e+03
2.469617486982640003e+03
1.514314461843006256e+03
9.826109686005092954e+02
3.378389297455708856e+03
1.999593244374551432e+03
6.259154773016906802e+03
1.431237720757311308e+03
1.071758764238525828e+03
4.968760069053832922e+02
5.876073467879846248e+02
2.573837124472784126e+03
2.940332804317495629e+03
1.331725357212622839e+03
8.166710650174829880e+02
9.951484619585066866e+02
1.298726167078605840e+03
3.478324444157044582e+03
1.174166170876369870e+04
5.668850559193198023e+03
1.052886583952471938e+03
3.620959211203121868e+03
4.394316622157004531e+03
1.392234343565534800e+03
3.064978924010406899e+03
1.235588250352364412e+03
3.992883891725242847e+03
4.946390030992495667e+03
9.352011404614090679e+02
3.455579548623651590e+03
7.425225712382234633e+02
4.434191751704256603e+03
1.184856565519451124e+03
3.935716001193073225e+03
3.037323891959571483e+03
8.689635072794894768e+02
7.607452227362550730e+02
6.809094483513956220e+03
4.341582267350728216e+03
4.036507056032021865e+03
2.942268544578452293e+03
3.073192514036215925e+03
1.304851810593698247e+03
2.478830887837265436e+03
2.034376757835690341e+03
1.842017091042953325e+03
2.963048321126629617e+03
5.486352036027730719e+03
7.377208126173189157e+03
3.338630297753572449e+03
3.821244731815441355e+03
6.337716525240308329e+03
2.482982679345787346e+03
3.540774527137599307e+03
1.760346004088288964e+03
2.279316553876786202e+03
1.323351980287895231e+03
2.178307771030449203e+03
3.503567035579350886e+03
1.405465760709126243e+03
3.136878155786833759e+03
1.928001564916860161e+03
2.147274013675713832e+03
1.293657094485141897e+03
9.083760107301748121e+02
3.099629744764003590e+03
1.843078798264711622e+03
5.195907509214898710e+03
1.399231853464151754e+03
6.783110977729099886e+02
1.620477751888231523e+02
4.322620667189146388e+02
2.795184929789129910e+03
4.993685972138764555e+02
3.269669418800569929e+02
6.467027009240696316e+02
3.606176256408705285e+03
1.047737613349603816e+04
4.962817188053699283e+03
1.600060300173124460e+03
4.245475617328831504e+03
4.601315058841423706e+03
2.014886744991163141e+03
3.837753623952436556e+03
9.553634588485024324e+02
3.492331792887961456e+03
4.714186940368132127e+03
1.606914342981971458e+03
3.346620925018921298e+03
1.376753158403550060e+03
3.643811033480330480e+03
7.261086409683687179e+02
2.673331686827420526e+03
3.681268818412640940e+03
1.019898633301395193e+03
8.822997988594981962e+02
4.914978780413819550e+03
3.883608854726551726e+03
3.232762909293913253e+03
2.347785984482753520e+03
2.569694421625637005e+03
1.352040987267314904e+03
3.008619364618434702e+02
8.170882971355174504e+02
2.876025658790823400e+03
1.068936344161529451e+04
4.534477654812204491e+03
1.087118926513096085e+03
3.493854810947688748e+03
4.253149323403542439e+03
1.858524675101366938e+03
3.111133465297347811e+03
7.621639424620479986e+02
3.232505164801285446e+03
4.173896600262298307e+03
8.170492709378481777e+02
3.187453570895384473e+03
1.144283442982807401e+03
3.421522247975842220e+03
8.419426623480113676e+02
2.626958411253754548e+03
3.120032796451541344e+03
9.917819873188607289e+02
6.023488124326850084e+02
5.338705828557769564e+03
3.556027632018067379e+03
2.856871239171752677e+03
1.989228673104114478e+03
2.361110215685390358e+03
1.196187463902948821e+03
5.488546355824946659e+02
3.429645069628533747e+03
1.041046220810259911e+04
4.273490694566678940e+03
1.459760984058021222e+03
3.543294848046386960e+03
4.143844621468747391e+03
1.837784331730186295e+03
3.116083347059945936e+03
5.837049137734181841e+02
2.979815931867458403e+03
4.054864923253642701e+03
1.185058186645622754e+03
2.948926366040887842e+03
1.141345385451010088e+03
3.012363294865604985e+03
7.545480359623791173e+02
2.156078805474745423e+03
2.932836701953425290e+03
9.605980275560714290e+02
7.232361448799110804e+02
5.085717907106401981e+03
3.087171506470308032e+03
2.481927011962371580e+03
1.759377392200440681e+03
2.087031521690409591e+03
1.072258920727166242e+03
3.575504185859291283e+03
1.254894963079906665e+04
5.619018199537626060e+03
1.885630097601664602e+03
4.228389644219757429e+03
4.554703815980219588e+03
2.081364967617807451e+03
3.776754288846911550e+03
4.929020749624796736e+02
3.976313775885240830e+03
5.195558209282247844e+03
1.283196548942904428e+03
3.431978015429391235e+03
1.273618330886069089e+03
4.087015499356942200e+03
1.312897101019715592e+03
3.298162741554893273e+03
3.710260510594831430e+03
1.107669628547807633e+03
1.004625303764848013e+03
8.365263259306126201e+03
3.973177396583104382e+03
3.625690629497437840e+03
3.022435402465041079e+03
2.942553019327267066e+03
8.699356912283333259e+02
1.623411587008438801e+04
8.904767303511154751e+03
4.087131633129635702e+03
6.305059040428700428e+03
7.820979143077889603e+03
3.158655153364200032e+03
5.448187533135936974e+03
3.272233637105758589e+03
7.421529752197494417e+03
8.243629689825840615e+03
3.239858110061389198e+03
5.681269799531897661e+03
3.268445479007173617e+03
7.056007066224367918e+03
3.283752883686288897e+03
6.722319732556557938e+03
5.485247688917137566e+03
4.566576408295479268e+03
2.626751504834394837e+03
8.176462819998459963e+03
7.792589810277608194e+03
7.099857109799791033e+03
5.495214786817297863e+03
5.937061583821949171e+03
3.474476808995052124e+03
8.690886882522405358e+03
1.164865675174591888e+04
1.703046339219784568e+04
5.896247677649106663e+03
1.022679983732551227e+04
8.614903492589091911e+03
1.136899202352670181e+04
8.497149362426582229e+03
7.364468022927534548e+03
1.426494405701973483e+04
7.471009819751596297e+03
1.058200710661164703e+04
7.590824833594199845e+03
1.038899552041350944e+04
8.395905663865807583e+03
8.154286200943092808e+03
1.083666709132114011e+04
9.923959603828456238e+03
1.333960493955099992e+04
1.065625202969878410e+04
9.094047368360783366e+03
7.372360003362086900e+03
8.474987423426133319e+03
1.151095260160515681e+04
6.266177356772901476e+03
1.037542080731212991e+04
3.490967628088872516e+03
5.930364848099874507e+03
4.305227739492180262e+03
4.641171814107465252e+03
2.828680426464352422e+03
1.498466125133441210e+03
7.145205706004532658e+03
4.321719607682249261e+03
4.990176022491881668e+03
1.071361244340900157e+03
4.825054307927262926e+03
2.026881320571450260e+03
4.079530282701500710e+03
5.835292462792389415e+03
4.575619917003905357e+03
8.483290180368883739e+03
3.185522950848318942e+03
3.878773681549359480e+03
3.367411372486086293e+03
2.991058013727831622e+03
5.104055820352607043e+03
2.904711723540077855e+03
5.355221445645212953e+03
1.959626822075763812e+03
4.274424880198148458e+03
2.075626069844627636e+03
5.007632443844819136e+03
5.805292686314069215e+03
1.489775454940179998e+03
4.415719777197467920e+03
1.411546393779355185e+03
5.049554252117945907e+03
6.601924793365783444e+02
4.491033228533566216e+03
4.189847923196303782e+03
1.061835089774154767e+03
1.662281073831569074e+03
6.597085524790860291e+03
5.573445787312950415e+03
5.009780224486286897e+03
3.681871216745585116e+03
4.067885334355684790e+03
1.306945604478232099e+03
8.855901787691867867e+03
4.040956520531121441e+03
7.141669831496018560e+03
4.104447110086437533e+03
7.986581205875940213e+03
9.281197201545455755e+03
3.395612602633626011e+03
7.547923102100528013e+03
4.586061726263455057e+03
7.904351445602145759e+03
2.985093929560074685e+03
7.053387464529068893e+03
7.493795202109660750e+03
3.832279713831049776e+03
4.391478670324288032e+03
1.080020454395497291e+04
8.470507074625707901e+03
7.677709665260030306e+03
6.536560983331511125e+03
7.115191266280914533e+03
2.795414293680510127e+03
4.163867084938789958e+03
2.913998708036489006e+03
4.217941729411766573e+03
2.659250217579760374e+03
1.952699351762555580e+03
5.664868231964897859e+03
3.185560464327014415e+03
4.057086819534436927e+03
2.230894056564483435e+03
4.308259512796946183e+03
2.399340507303951199e+03
2.587495117442742412e+03
4.436005750333681135e+03
3.609142942973515801e+03
6.879020699132674054e+03
2.664017803927870773e+03
3.265296433496720056e+03
2.598518447856283274e+03
2.340080428955050593e+03
4.247152316054894982e+03
3.696262127220884850e+03
2.148596601373500107e+03
4.569324252206112760e+03
5.250739465071695122e+03
2.283231080244139775e+03
3.638042666546640703e+03
1.361200179457989179e+03
4.519543279690902637e+03
1.502198903519177520e+03
4.412974175626042779e+03
3.922203693123839457e+03
1.962459311383408476e+03
1.383275194228500595e+03
5.956575995727560439e+03
5.107553358223500254e+03
4.837136603653969360e+03
3.517396404324002106e+03
3.892205725462094051e+03
1.490501728395369582e+03
3.163171065301264662e+03
1.931108493420192644e+03
3.864881104167770445e+03
4.044395133360118962e+03
2.345152338631231487e+03
3.153698703553819541e+03
3.111545709878292200e+03
3.599410839955322444e+03
3.271742826457497813e+03
1.469860326530024395e+03
4.070906299478655001e+03
2.598740760429125203e+03
5.161217937372874985e+03
3.051777727378999771e+03
2.915923037550438039e+03
2.007820372580969206e+03
2.277985139792939663e+03
3.560666265888748057e+03
3.068763575580333509e+03
4.394717494881346283e+03
1.315855060871248270e+03
3.019423333605674998e+03
1.507088776425859123e+03
3.099071183973089319e+03
1.429141919751869182e+03
2.864670452163833943e+03
3.105230355749659338e+03
1.558513687919293716e+03
7.570995023739969838e+02
6.190684939501313238e+03
3.475275584470600734e+03
2.962593016759115926e+03
2.502133708834843219e+03
2.398738862015260565e+03
7.051034157496856096e+02
2.218906279092379009e+03
4.911742305964934530e+03
2.615030678069483656e+03
4.105834260797372735e+03
1.836043340182588054e+03
3.185253253082649735e+03
1.601122260986081528e+03
2.174221430821500689e+03
4.058850393479135164e+03
2.812639452421999067e+03
5.929185504773973662e+03
1.997438293806480033e+03
2.190517974304349536e+03
1.543736178178999580e+03
1.357378054043985003e+03
3.817034532728915565e+03
6.077578549703586759e+03
3.571293403557196143e+03
4.889568417574378145e+03
8.726728883472887901e+02
4.383535615945736936e+03
1.140683549959420816e+03
2.927515620074741491e+03
4.945591681421048634e+03
3.802352935667280690e+03
7.309146338497328543e+03
2.151195370810600707e+03
2.687500543347832263e+03
2.167972960973926092e+03
1.917824609599105543e+03
4.770420486820697079e+03
4.643194012160990496e+03
1.328719427511877711e+03
5.403738001481788160e+03
1.996622418842536945e+03
4.289257965900784257e+03
4.048064629854620307e+03
1.544088142800889045e+03
1.124733441800790615e+03
8.295236271888643387e+03
5.123091672805436247e+03
4.646875166211848409e+03
3.569724068400693795e+03
3.973789569060515532e+03
1.649285659679231912e+03
3.308328909110746281e+03
2.783184266794574796e+03
3.071406615868093468e+03
2.655500423389318712e+03
1.460500968194662619e+03
3.481110599837403697e+03
2.752745423117960854e+03
6.435202641952121667e+03
2.221876005390719456e+03
1.437343319960681356e+03
1.395115789133962153e+03
1.546061278953261990e+03
3.125936960416996953e+03
4.310025846646468381e+03
1.406508951268146575e+03
3.923446001950647315e+03
2.880217256368761809e+03
1.305259634226875733e+03
8.205147945792459723e+02
5.457202213640555783e+03
4.340762568538482810e+03
4.226727301596331927e+03
3.031878815442782070e+03
3.204192924713626326e+03
1.556707770057297466e+03
3.397390183538104793e+03
8.752166861543485084e+02
2.548659869410106694e+03
4.489562482530680427e+03
3.236954414499949962e+03
6.248809073586956401e+03
1.735532566339264122e+03
2.416576461997351089e+03
1.941517562066298524e+03
1.691494418000025235e+03
3.590638858658896424e+03
2.651593166321501485e+03
3.085448534921214559e+03
9.287456508569448488e+02
1.097624640856648966e+03
4.408524404512773799e+03
3.777400930962701295e+03
3.121403575074011314e+03
2.012476427555625378e+03
2.420412486995554900e+03
8.853610667118573474e+02
2.446426350243966681e+03
3.641454560707435576e+03
2.962820855815726645e+03
7.733626979716902497e+03
1.112347036637007477e+03
1.268813482149087804e+03
1.136004996592547286e+03
1.039135379097359873e+03
3.377336583603147119e+03
3.635903287532186368e+03
2.355940168710035323e+03
5.534015599138885591e+03
1.962539693965939932e+03
2.048185746485266918e+03
9.705065848458539222e+02
1.023897552721449529e+03
3.387572963671975231e+03
1.315187999277058680e+03
6.906173638183277944e+03
4.583411919091272466e+03
4.104226692976642880e+03
2.973981130402863528e+03
3.192057032278964471e+03
1.319634397631293496e+03
4.373312067570682302e+03
3.300397505411583097e+03
3.059448847781722634e+03
2.016159530197999857e+03
2.130136829359308649e+03
1.066682769456155029e+03
1.170428292243241594e+04
9.749752817549433530e+03
5.794792230920515067e+03
7.797607772942803422e+03
6.212367863824229062e+03
1.194769987096463865e+03
1.351573325435733295e+03
8.701247238196795024e+02
4.130323939064170190e+03
6.076047682140966799e+02
8.166569850894436513e+02
3.581020911166263886e+03
4.597344241186151521e+02
2.946166481945235319e+03
2.905871661858566313e+03
