2.100000000000000000e+01 4.100000000000000000e+01 1.404574576195891495e+02 2.000000000000000000e+00
3.900000000000000000e+01 6.700000000000000000e+01 1.620477751888231523e+02 2.000000000000000000e+00
1.100000000000000000e+01 4.200000000000000000e+01 1.855261352699831150e+02 2.000000000000000000e+00
3.000000000000000000e+01 7.200000000000000000e+01 2.673793738074718931e+02 3.000000000000000000e+00
9.000000000000000000e+00 3.700000000000000000e+01 2.951047146152354799e+02 2.000000000000000000e+00
1.600000000000000000e+01 7.000000000000000000e+01 3.065371387162340397e+02 3.000000000000000000e+00
7.300000000000000000e+01 7.500000000000000000e+01 3.592798914795902192e+02 6.000000000000000000e+00
2.000000000000000000e+00 7.100000000000000000e+01 3.663427308754031628e+02 3.000000000000000000e+00
1.700000000000000000e+01 2.200000000000000000e+01 4.469157428333542157e+02 2.000000000000000000e+00
4.000000000000000000e+00 7.700000000000000000e+01 4.670533570739939933e+02 4.000000000000000000e+00
4.300000000000000000e+01 5.200000000000000000e+01 4.929020749624796736e+02 2.000000000000000000e+00
4.000000000000000000e+01 7.600000000000000000e+01 4.941902338394295384e+02 7.000000000000000000e+00
2.300000000000000000e+01 2.400000000000000000e+01 5.253322375629968519e+02 2.000000000000000000e+00
7.400000000000000000e+01 7.900000000000000000e+01 5.542845091414969829e+02 6.000000000000000000e+00
7.000000000000000000e+00 6.000000000000000000e+01 5.716247024145143314e+02 2.000000000000000000e+00
3.300000000000000000e+01 6.600000000000000000e+01 6.077656443576432821e+02 2.000000000000000000e+00
2.000000000000000000e+01 6.300000000000000000e+01 6.236196228652634090e+02 2.000000000000000000e+00
1.000000000000000000e+00 2.700000000000000000e+01 6.414599500887175054e+02 2.000000000000000000e+00
4.700000000000000000e+01 5.900000000000000000e+01 6.601924793365783444e+02 2.000000000000000000e+00
6.800000000000000000e+01 8.200000000000000000e+01 6.720923137915241341e+02 3.000000000000000000e+00
3.500000000000000000e+01 5.300000000000000000e+01 6.745929530242401597e+02 2.000000000000000000e+00
1.200000000000000000e+01 2.500000000000000000e+01 6.872968847309364264e+02 2.000000000000000000e+00
1.400000000000000000e+01 8.700000000000000000e+01 7.147107511708126140e+02 3.000000000000000000e+00
3.800000000000000000e+01 5.700000000000000000e+01 7.425225712382234633e+02 2.000000000000000000e+00
7.800000000000000000e+01 8.300000000000000000e+01 7.837423052903247935e+02 8.000000000000000000e+00
6.900000000000000000e+01 8.000000000000000000e+01 8.689007254470570842e+02 3.000000000000000000e+00
5.400000000000000000e+01 5.800000000000000000e+01 8.726728883472887901e+02 2.000000000000000000e+00
8.600000000000000000e+01 9.300000000000000000e+01 8.999219658277056624e+02 4.000000000000000000e+00
8.400000000000000000e+01 9.600000000000000000e+01 1.042012242590664982e+03 4.000000000000000000e+00
6.200000000000000000e+01 8.800000000000000000e+01 1.086933051288528986e+03 3.000000000000000000e+00
5.000000000000000000e+00 8.000000000000000000e+00 1.098053988216651305e+03 2.000000000000000000e+00
3.100000000000000000e+01 8.900000000000000000e+01 1.129704867837312122e+03 4.000000000000000000e+00
3.000000000000000000e+00 3.600000000000000000e+01 1.130102733214247564e+03 2.000000000000000000e+00
1.900000000000000000e+01 3.400000000000000000e+01 1.189182979280717973e+03 2.000000000000000000e+00
1.000000000000000000e+01 5.600000000000000000e+01 1.214115979860469452e+03 2.000000000000000000e+00
4.900000000000000000e+01 9.200000000000000000e+01 1.243968430203364051e+03 4.000000000000000000e+00
1.500000000000000000e+01 9.800000000000000000e+01 1.334455557115876900e+03 5.000000000000000000e+00
6.100000000000000000e+01 9.400000000000000000e+01 1.349380695237040527e+03 9.000000000000000000e+00
6.500000000000000000e+01 1.010000000000000000e+02 1.430615190615535539e+03 5.000000000000000000e+00
4.500000000000000000e+01 1.020000000000000000e+02 1.464467340791440620e+03 3.000000000000000000e+00
5.500000000000000000e+01 9.700000000000000000e+01 1.492790205343854041e+03 5.000000000000000000e+00
8.100000000000000000e+01 9.500000000000000000e+01 1.626062170249666224e+03 1.000000000000000000e+01
6.000000000000000000e+00 1.030000000000000000e+02 1.635542873387215423e+03 3.000000000000000000e+00
3.200000000000000000e+01 5.000000000000000000e+01 1.702827825233530348e+03 2.000000000000000000e+00
1.100000000000000000e+02 1.110000000000000000e+02 1.883878965556039248e+03 1.500000000000000000e+01
2.800000000000000000e+01 1.050000000000000000e+02 1.958641151772186504e+03 5.000000000000000000e+00
4.600000000000000000e+01 1.060000000000000000e+02 2.030332139525588900e+03 6.000000000000000000e+00
9.900000000000000000e+01 1.140000000000000000e+02 2.106746781931747591e+03 1.800000000000000000e+01
1.000000000000000000e+02 1.090000000000000000e+02 2.147023698026673628e+03 5.000000000000000000e+00
5.100000000000000000e+01 9.000000000000000000e+01 2.222213968969990219e+03 3.000000000000000000e+00
2.600000000000000000e+01 1.130000000000000000e+02 2.251075658125028440e+03 3.000000000000000000e+00
8.500000000000000000e+01 1.080000000000000000e+02 2.344957433644018238e+03 7.000000000000000000e+00
1.040000000000000000e+02 1.070000000000000000e+02 2.740949727180793161e+03 1.100000000000000000e+01
1.170000000000000000e+02 1.200000000000000000e+02 2.885085845203551344e+03 2.100000000000000000e+01
1.210000000000000000e+02 1.220000000000000000e+02 3.259235701548651832e+03 1.800000000000000000e+01
1.300000000000000000e+01 4.400000000000000000e+01 3.348413792390650087e+03 2.000000000000000000e+00
1.190000000000000000e+02 1.240000000000000000e+02 3.442446967515018969e+03 2.100000000000000000e+01
9.100000000000000000e+01 1.120000000000000000e+02 3.563251615027438675e+03 5.000000000000000000e+00
1.800000000000000000e+01 1.230000000000000000e+02 4.790024987921425236e+03 2.200000000000000000e+01
4.800000000000000000e+01 1.280000000000000000e+02 5.252376006412897368e+03 2.300000000000000000e+01
0.000000000000000000e+00 1.290000000000000000e+02 5.448710688238760667e+03 2.400000000000000000e+01
1.250000000000000000e+02 1.300000000000000000e+02 5.735201958209839177e+03 2.600000000000000000e+01
1.150000000000000000e+02 1.160000000000000000e+02 5.914626043244460561e+03 1.100000000000000000e+01
1.260000000000000000e+02 1.320000000000000000e+02 8.821520459424405999e+03 3.200000000000000000e+01
6.400000000000000000e+01 1.310000000000000000e+02 9.391858605026083751e+03 2.700000000000000000e+01
1.270000000000000000e+02 1.330000000000000000e+02 1.137787270559891840e+04 3.700000000000000000e+01
2.900000000000000000e+01 1.340000000000000000e+02 1.451441469088911435e+04 2.800000000000000000e+01
1.180000000000000000e+02 1.350000000000000000e+02 1.876880572174485133e+04 4.200000000000000000e+01
1.360000000000000000e+02 1.370000000000000000e+02 3.168802298706223519e+04 7.000000000000000000e+01
