4.694970329447039694e+04
5.657117222726390901e+04
6.501604358034478355e+04
3.333496757986687589e+04
6.091707349466082815e+04
2.928171393074920707e+04
4.778778051737347414e+04
7.241893882955475419e+04
5.594416680927733250e+04
3.852330470757023431e+04
5.384110263268024573e+04
7.139706907106982544e+04
6.474862356697824725e+04
6.046426438759131270e+04
5.335550719187381037e+04
3.174767010037950968e+04
5.041771077547656023e+04
4.505872781959310669e+04
5.453218885826111364e+04
5.073739583917547134e+04
5.297301276897391654e+04
6.804452572860746295e+04
3.821091777483763872e+04
4.972396814411746163e+04
6.217866432074883051e+04
3.310350356376457057e+04
4.370433789975423133e+04
4.325239491972708493e+04
6.200893657554290257e+04
2.983824573365550896e+04
6.562544403774813691e+04
4.145844755868595530e+04
7.720930326382747444e+04
5.842848732533487782e+04
6.716011927505949279e+04
4.733783867734092200e+04
6.359704672616816242e+04
3.211925743953394704e+04
6.525396286298979248e+04
7.903277134757187741e+04
8.011275391330537968e+04
2.987459676976369883e+04
3.364383469352638349e+04
5.194646020476322155e+04
8.791770317001463263e+04
5.670524254926000867e+04
7.893925927802296064e+04
8.990208049307706824e+04
6.258753236262592691e+04
4.195486768903855409e+04
5.979140885272672313e+04
6.934448625547697884e+04
3.834250221770465578e+04
1.754561292359379149e+04
6.283085601232411864e+04
6.293739816597200115e+04
4.732935329652384098e+04
5.105452458524183749e+04
6.956177207493333844e+04
6.549842466812326165e+04
6.702162212856912811e+04
6.796127038962162624e+04
5.345210010061109642e+04
3.965113071875582682e+04
5.815512541758185398e+04
3.690760583461044007e+04
6.963524781421497755e+04
6.531495617726078490e+04
7.568917354560372769e+04
2.150755612180564276e+04
4.075131538164665835e+04
2.827913629145774030e+04
7.852243761138712580e+04
5.785030939595623931e+04
3.005463665901734203e+04
9.343437987957445148e+04
6.023027921397403406e+04
5.216453077018398471e+04
2.616813526944226032e+04
5.830766234992041427e+04
8.960689153286191868e+04
5.951968945860636450e+04
1.433859129917208629e+05
5.157164219903748017e+04
4.182387027212053363e+04
4.961064552331808227e+04
1.041322278327917229e+04
4.564148733150690532e+04
3.820014638248743722e+04
3.513285275648337119e+04
1.854029209877423636e+04
3.759429804788860201e+04
1.652433257998613408e+04
3.606120485414971336e+04
3.395677120980959444e+04
3.127249553406186897e+04
4.590383337903914071e+04
7.402886575046819416e+03
1.770218525835403489e+04
1.543033346521224848e+04
4.879858473504324138e+03
2.832823087274418867e+04
3.312118630732074962e+04
1.634422554559712626e+04
1.471541752648862712e+04
4.403798372075568295e+03
3.537799654488776287e+04
1.380698396389465051e+04
1.807498350250206568e+04
2.440021908644506766e+04
3.213738853211489186e+04
3.767052911117613257e+04
1.793897834658341526e+04
5.633568114443118975e+04
5.772494658908106430e+03
5.959949386911452166e+04
4.194979752328597533e+04
4.744267724596653716e+04
1.206756547936866991e+04
2.015450900747048945e+04
1.771017995749907641e+04
4.232664418976031448e+04
3.488711046410161362e+04
3.325779878673727217e+04
7.730313312994585431e+03
1.366076058867925349e+04
9.678250971480661974e+03
2.541812057060986626e+04
3.395173475614425843e+04
2.429549045790923628e+04
2.843492414780252875e+04
1.931422238747335359e+04
4.787405745379848668e+03
1.202481681313583249e+04
5.401692389562907920e+04
2.159845665833821477e+04
1.998408593360468512e+04
1.637549793684081669e+04
2.275553259575611082e+04
1.194972950738766485e+04
3.867352704137745604e+04
5.550479251580611890e+04
1.937887824921674110e+04
3.033599445313012984e+04
4.618666341093662049e+04
3.517233697146506893e+04
1.149947702000127174e+04
1.405103104161573719e+04
1.003617665847195167e+04
4.338514692633736558e+04
4.728729492820977612e+04
2.107538276862381463e+04
1.725728345842166163e+04
2.565721508703655491e+04
1.695150043038844524e+04
6.796395222369660041e+04
1.572559293621366123e+04
8.596681885722886364e+03
2.677489970808740327e+04
1.568849957111374533e+04
3.267202370202065504e+04
2.544854830264075645e+04
4.231689220791541447e+04
7.106370088900164410e+04
2.604805795359473268e+04
6.332532700991088495e+04
2.658127426832389756e+04
3.326283745417158934e+04
3.487502787320858624e+04
3.503068802165591478e+04
2.881784862409300695e+04
2.111273592927727441e+04
2.958484539652989042e+04
1.288445269063222440e+04
2.718254318340057216e+04
3.120836302186031753e+04
3.899006871993302047e+04
3.226344434072482909e+04
3.392225285638088826e+04
4.344634673872745770e+04
2.164347802683714690e+04
2.375756543582009908e+04
3.750511975737965986e+04
4.998040190995496232e+04
2.582711049098031071e+04
4.050579462176231755e+04
6.376549647756819468e+04
2.977433577447880816e+04
2.439315606311894226e+04
2.245626392985675193e+04
2.671786799331157818e+04
2.120908012061911359e+04
1.959296754473491092e+04
4.168685745085288363e+04
2.280057513501930953e+04
3.654028556170140655e+04
3.565547883433243260e+04
4.008418567109805736e+04
1.745690578615839695e+04
5.788512538279304863e+04
2.569580690615561252e+04
5.862997468524490978e+04
2.254878863110832390e+04
2.236302242134120752e+04
4.822888161262266658e+04
5.291618658202545339e+04
3.215540790969038426e+04
2.363592120861462536e+04
3.735934333254514786e+04
6.145419434795210691e+04
2.634310237628600589e+04
3.976276190002911608e+04
4.853995022862095357e+04
3.392995432818516565e+04
3.659259866885904194e+04
2.990461726486240514e+04
4.253187814667624480e+04
3.957162587292370881e+04
4.369056235070318507e+04
2.483311519192589185e+04
4.380544752517527377e+04
4.403329223437351902e+04
2.327938694277835020e+04
5.276761780128334067e+04
3.664177859536882897e+04
3.614784391363650502e+04
7.369651950751758704e+04
2.584285520684989751e+04
4.222150105685642484e+04
2.882640938772357185e+04
4.077190318433743232e+04
4.452003124529516936e+04
3.534192663615140191e+04
6.517744766866389546e+04
2.396834589062117448e+04
3.468281556175780861e+04
4.196957244387887476e+04
5.602193066892860224e+04
3.391767838986756396e+04
3.377835290102508588e+04
6.376701002638191130e+04
2.193737370638846915e+04
2.232078124911533814e+04
3.032233351915726234e+04
1.713402607947842262e+04
4.829700035502131504e+04
4.273091645651299768e+04
1.038796753639388771e+05
2.340513895943209718e+04
5.950918548294685024e+04
1.041165777183275350e+04
5.386358118388159346e+04
1.047125575367456258e+04
5.789698709906480508e+04
3.343807666225363937e+04
4.759942267254526087e+04
4.802648800885431410e+04
7.526416045675895293e+04
5.015747790989250643e+04
5.541857731236117615e+03
5.424745173616423563e+04
4.283448584715550533e+04
5.179310317245493934e+04
5.579632045547201415e+04
4.118993955844682932e+04
7.170100678622526175e+03
6.722814062964387995e+04
7.630141346839652397e+04
4.817666265819254477e+04
2.184027997476576274e+03
4.600008224244443409e+04
4.969846565330007434e+04
5.626204665903117530e+03
1.773739789295900846e+04
7.929037143259347067e+04
4.571058600249411393e+04
2.853033642574845726e+04
4.989818877139926190e+04
3.426325544797086332e+04
3.545112742962720949e+04
9.717858160032049636e+04
5.288127320785680786e+04
7.217857625496857509e+04
4.389317473463645729e+04
4.966582462660967576e+04
7.671297152890572033e+04
5.741271726691623917e+04
5.383483324917760910e+04
4.102901580991766241e+04
5.184206495677028579e+04
3.994186086077878281e+04
1.143371493108071263e+04
5.773391208429355902e+04
8.247831092968385201e+04
3.234458388878327605e+04
5.013461321145480179e+04
3.113226414861227386e+04
3.225838804726205854e+04
3.907020902589518664e+04
4.898011545041694626e+04
4.679316809448436834e+04
6.216197730039745511e+04
4.101058849610270408e+04
1.717954174564411005e+04
3.010273083224621951e+04
2.853161802766311666e+04
6.997496657897048863e+04
4.431905472113395808e+04
4.234270278602871258e+03
6.139565850172729552e+04
3.100712282348981535e+04
6.113075469919652096e+04
2.425301996412239896e+04
2.425752590744169720e+04
9.510948827913562127e+04
4.788993205164433311e+04
6.806151939914522518e+04
6.654566602051819791e+04
4.156514664922824886e+04
3.340698216867409064e+04
5.665150887246030470e+04
4.660148057619599422e+04
4.628100809046713402e+04
1.266313142514898209e+04
5.701726446280997334e+04
3.154338684675731201e+04
6.799379621027399844e+04
6.060171433572802925e+04
7.492504896130922134e+04
2.550506459770736910e+04
5.144974552987056086e+04
2.757947716811451392e+04
4.129876628259221616e+04
2.308286335747262638e+04
3.616746415367076406e+04
1.326650595995811454e+04
4.491927015852324257e+04
2.620837489983309933e+04
4.407738209396303864e+04
4.914858548243284167e+04
1.710865830085560447e+04
1.331516294881531576e+04
8.481348841851639008e+03
7.480428485119929974e+03
4.162094061708599475e+04
3.683423987791699619e+04
1.192802140238828542e+04
2.727957655136190806e+04
3.885836941630776437e+03
4.025879777773638489e+04
1.572968491296143111e+04
1.241425355708273855e+04
2.782074670499045897e+04
3.363146726350056997e+04
3.273565478679114312e+04
1.122413223859374193e+04
6.756968254935106961e+04
6.006256226853278349e+03
7.820476546493347269e+04
3.785832741829818406e+04
3.974959044873476523e+04
7.075281742182954986e+03
3.910099358480917726e+04
1.306127440798995667e+04
4.507091563456816948e+04
4.038212467243722494e+04
4.658297202377465146e+04
2.921985396475472044e+03
1.168994290510393876e+04
1.477412028510149503e+04
4.581594509899591503e+04
4.743475140171691601e+04
3.124748103672230718e+04
4.120458724060541863e+04
2.404909904576955887e+04
4.434415138376706636e+03
1.898345713216633158e+04
6.677497501586303406e+04
2.038105741495865368e+04
9.083719098260244209e+03
1.808727833818536601e+04
3.237516530079774384e+04
2.593797224671462754e+04
4.492845806382563751e+04
6.298078067516648298e+04
2.441041654436008685e+04
2.190439845004325252e+04
7.304697142251874902e+04
4.094254800944502495e+04
8.771072072364253472e+03
1.835080069314607681e+04
1.527785107800986680e+03
4.593141660977320862e+04
5.832064472431071044e+04
3.714937179049563565e+04
8.290134523108223220e+03
1.006842152878235902e+04
4.515859690174236675e+03
7.336738300866940699e+04
2.402014801187438206e+04
4.020699144032496406e+03
4.906937710714884452e+04
1.468907362834255764e+04
3.974903586579956027e+04
1.104534574532832812e+04
4.190828861116543703e+04
7.438618689837542479e+04
2.180973725554758857e+04
9.258758750517066801e+04
3.148702845711480404e+04
4.814180085366287676e+04
1.841659388960461001e+04
5.236281009551302122e+04
3.542596304475625220e+04
4.229610943485598546e+04
4.156204146183885314e+04
6.047145304596694041e+04
4.712219123240560293e+04
1.148724047976621296e+04
5.093927408297309739e+04
3.856366451894288184e+04
4.524316368580778362e+04
5.138561764695385500e+04
3.778907383722890518e+04
9.112504704407432655e+03
6.177794183885642997e+04
7.361365209401448374e+04
4.162360640827588941e+04
9.880218981107685977e+03
4.121611046152858762e+04
4.509710644381243765e+04
7.714696336799913297e+03
2.013877698337673428e+04
6.798282068877246638e+04
4.020889173900229798e+04
3.837023132119830552e+04
4.363042127924466331e+04
3.291403930599295563e+04
3.364674945308062161e+04
8.277029394333325035e+04
4.614239520028732659e+04
6.590406988441932481e+04
3.887722829472336161e+04
5.483480300119031017e+04
6.840278356487603742e+04
6.177115044301205489e+04
4.684010431048105238e+04
3.867511641488924943e+04
4.765102453351278382e+04
4.314265187440750015e+04
1.940119004771343680e+04
5.353186703833730280e+04
8.041226936284148542e+04
3.368041873484457756e+04
4.425142333834098099e+04
3.252664851720372462e+04
4.068740651817647449e+04
3.699499071103509050e+04
4.669459518190738163e+04
4.312252622915623215e+04
5.995277727668908483e+04
4.203823508798003604e+04
2.199908274798704952e+04
2.257020379785558180e+04
3.064135575711502679e+04
5.668934578109114955e+04
3.954276699269726669e+04
7.827183215295598529e+03
5.450032084594415937e+04
3.258765848940762226e+04
5.511548120117683720e+04
2.962425176935952913e+04
3.425749884063269565e+04
9.131898349784572201e+04
4.175906412310701853e+04
5.979065181150961143e+04
5.933811930162258068e+04
3.250505672297849742e+04
3.382198333364163409e+04
5.052611654372722842e+04
4.580761531460169499e+04
4.164134500188577658e+04
1.976692606634505501e+04
5.595274022644526121e+04
2.678695178531597048e+04
6.352199058543045976e+04
4.538860498471539177e+04
7.004121907367138192e+04
2.750756915606863913e+04
3.344140976613655221e+04
3.236894281985574708e+04
2.886855587258828746e+04
2.104516208759742949e+04
2.592868203163833095e+04
3.211746013449821839e+04
2.828204836835069727e+04
4.615874515288083057e+04
3.966373548972654680e+04
1.812112383257182228e+04
2.533386332953115561e+04
3.404965618551597436e+04
3.540948176379135839e+04
3.961229812597853015e+04
3.173759712954222050e+04
5.291840415549731551e+04
2.730007180811013677e+04
4.065705259894808842e+04
2.997345890524585411e+04
1.905144627983177634e+04
3.322533289999823319e+04
3.277305570753932261e+04
3.391400191429406550e+04
1.600829495635733656e+04
4.572755633873134502e+04
3.107899436335023347e+04
6.086344013500698202e+04
2.057236093576208441e+04
5.021663525586271135e+04
2.557333628929062252e+04
5.019653725809699972e+04
1.775797881425172091e+04
4.601682372958574706e+04
4.308676888673936628e+04
6.071186498474668770e+04
2.493738008109475049e+04
1.888077710937855227e+04
3.608719810329083703e+04
7.184911416490087868e+04
4.936326819262136269e+04
4.820024747083411785e+04
5.137985784135112044e+04
4.534594536163387966e+04
3.147439530966238090e+04
3.850993456320001133e+04
5.618307715398818254e+04
3.469573687351653643e+04
2.632994881804155011e+04
3.163849329037943608e+04
4.012363446616767033e+04
3.600849292012985097e+04
3.884905062136385823e+04
6.470371332131973759e+04
4.464042366998516809e+04
3.414117898550267273e+04
6.235632740716631815e+04
4.269726495375060040e+04
2.998257781583092219e+04
3.932634010532792308e+04
2.986242480792913921e+04
5.014861365147530159e+04
5.936835982752122800e+04
6.606117549784830771e+04
1.419819333973195171e+04
2.677794715267693755e+04
2.866896445594333272e+04
4.212698148390845745e+04
3.818061622162895219e+04
2.562125915078823891e+04
7.486166499670578924e+04
3.001781420973790227e+04
4.325489753983086848e+04
1.854355086402814050e+04
3.116500978309842321e+04
6.512564950322731602e+04
3.866469336844905774e+04
1.205576800122940622e+05
3.766844551220339054e+04
3.607553147665727738e+04
2.519441465609206352e+04
3.706989318379930046e+04
3.507114104560967826e+04
5.154054662361580267e+04
3.914391743427736219e+04
1.155737747338484041e+04
4.324774027630157798e+04
3.272259494035750686e+04
3.640332903380455537e+04
3.896360248982159828e+04
3.290791186821259907e+04
1.051854532325676701e+04
5.131052449790475657e+04
6.406839186463721853e+04
3.383459855250467808e+04
9.234318166046525221e+03
3.254427695051836054e+04
3.654077016050651582e+04
8.370893955815274239e+03
1.500400349330320932e+04
5.340849266456787154e+04
3.242988746436122165e+04
1.680016733263995411e+04
3.577258968262621784e+04
2.533435258773054011e+04
2.369993186640190834e+04
7.308014917305384006e+04
3.677433312244718400e+04
6.079174679111576552e+04
3.258145525565335993e+04
3.278749616756695468e+04
5.248554448504233733e+04
3.607098775430065871e+04
3.689043499824444007e+04
3.204831261920294492e+04
4.072728249542093545e+04
3.975339125112094189e+04
9.800004326345710069e+03
4.568274127770487394e+04
5.465803519927450543e+04
2.124670024830632610e+04
3.590095054364141834e+04
2.166989515357889104e+04
2.132080929511594877e+04
3.057105952251263443e+04
3.777743688483775622e+04
3.362898073921501782e+04
5.068154973401775351e+04
3.274802007798112027e+04
1.509513233956471777e+04
3.768567391372914426e+04
2.165431306599634263e+04
4.974559670213030040e+04
4.251113253849224566e+04
1.035311287689161327e+04
4.142522203993661969e+04
2.053114758881156740e+04
4.310826572828006465e+04
2.761294096637527400e+04
1.845107190084809554e+04
6.667502739894908154e+04
3.380242288030916825e+04
4.773402365491571254e+04
4.688632511025086569e+04
3.243831778669603227e+04
1.973064307464768717e+04
3.823457973099222727e+04
4.290867520562341815e+04
3.300705443421416567e+04
7.903773420571064889e+03
4.144358593182352342e+04
2.793915707001962801e+04
6.242484142199379858e+04
4.570109514435505844e+04
7.776309400039138563e+04
1.800621634316270502e+04
2.704390109627245693e+04
1.667430210285917565e+04
2.035631362311524936e+04
1.859273278356900846e+04
1.947121566821564556e+04
4.895482611935988825e+04
1.338378008858047906e+04
1.901151553846868410e+04
1.192732859060970804e+04
1.644237443634562806e+04
2.995032228244325597e+04
4.101413432983563689e+04
2.105244183401848204e+04
2.582943041541516868e+04
1.469428642257491083e+04
4.184116964212950552e+04
5.884716206945424346e+03
2.106827367049622626e+04
3.109606624396569168e+04
3.868328563013124221e+04
2.628910929079329435e+04
1.692365245726396097e+04
5.476708795652769186e+04
1.991198624349210149e+04
7.008267477280180901e+04
2.558256527572846244e+04
4.292602715616813657e+04
1.267716478900269794e+04
2.084788008773668844e+04
2.034780015743996410e+04
2.753022163652960808e+04
2.012326798647423857e+04
2.695284167412401803e+04
1.935353910807895954e+04
2.028814710721134907e+04
1.216199116911597775e+04
3.826954868025860924e+04
4.114581572347426845e+04
1.317141350587168563e+04
6.972836002124340666e+03
2.043742031894876709e+04
2.003366789676515327e+04
1.495624652271864761e+04
5.022406022759986809e+04
3.545951025856574415e+04
4.124460399107419653e+04
8.916417299104617996e+03
1.287663829258098849e+04
2.560437067876162109e+04
4.466556823219396756e+04
7.286522626852458052e+04
2.079345240407625170e+04
1.908218724109415052e+04
5.387493453606466937e+04
4.186595714706864965e+04
2.199644754640825704e+04
1.604839509390828607e+04
2.761758445032310556e+04
4.185508204471594945e+04
4.992675007256516983e+04
2.823506357802390266e+04
1.956461849256052301e+04
2.682249901217355000e+04
3.176265309943752800e+04
5.815349495843876502e+04
1.585965034526892669e+04
2.273784807923203334e+04
4.035946039733583166e+04
7.842244642141307850e+03
3.580178855700854911e+04
3.111363618620266061e+04
3.417357598020570003e+04
5.729130345111693896e+04
2.320785572958380362e+04
7.031019921861014154e+04
2.265461792189653352e+04
2.638942231445208745e+04
2.712642961746943911e+04
3.893765431673215062e+04
2.946865200744879621e+04
3.144030388810150180e+04
3.618337795381915203e+04
2.050054028704411394e+04
2.467793751991192403e+04
3.503222566307137458e+04
3.901283167666600639e+04
2.845653247787920554e+04
4.009998822374486917e+04
5.807611651168073149e+04
2.851782040714106552e+04
2.679907411982038320e+04
2.121150441008462076e+04
2.623887296572708510e+04
2.301150148958745558e+04
1.745852610627845934e+04
4.090835018908073835e+04
2.159143044692343756e+04
3.419030153465087642e+04
3.415020912191645766e+04
2.915039294743923165e+04
1.501768605457281956e+04
5.701418646765059384e+04
2.444332082161202197e+04
5.201274604672512942e+04
2.065551140895723802e+04
1.950999703010398662e+04
4.328698563610967540e+04
5.397366652229151805e+04
3.360504374400211964e+04
2.456581446011861772e+04
3.358106256717795623e+04
5.968201979017235135e+04
3.158672965558731812e+04
3.532448737142885511e+04
4.458718897824954911e+04
3.485637737557939545e+04
3.449579296729726775e+04
2.961772963775254175e+04
4.631229373085146653e+04
4.332373486964883341e+04
4.440417948555349722e+04
2.313096911152167013e+04
3.728510446784550732e+04
4.010693573578829819e+04
1.707228065745675849e+04
5.631842875235810789e+04
3.633623640810194047e+04
3.795293869681189244e+04
5.804945004695154785e+04
3.187205470718470315e+04
4.102914778700934403e+04
2.795937446306074344e+04
4.119525603908794437e+04
3.268709833388137122e+04
3.817034333053526643e+04
6.308682731130844331e+04
2.483318428110402965e+04
3.937877615724041971e+04
4.367108608676221047e+04
5.677389586998622690e+04
3.482825026521639666e+04
3.550022464883936482e+04
6.303297358524394804e+04
2.177566295829683077e+04
2.846470474511146313e+04
3.392009059053265082e+04
1.484210823692836311e+04
4.383536778286438494e+04
3.991926611518650316e+04
1.032919445283074456e+05
1.950988063051981590e+04
1.569138950119086439e+04
2.641179841233132902e+04
1.804763505767733295e+04
4.470933770757881575e+04
1.396114205526653132e+04
3.380800200603902340e+03
8.652306548341042799e+03
1.428437339795691878e+04
2.501523055414854025e+04
3.188516969592001260e+04
8.974174898167520951e+03
2.438738228638937289e+04
8.397457400413739379e+03
3.398676032549354568e+04
1.034863549130420324e+04
2.766314657399032967e+03
2.332174146809320882e+04
2.688105030204283321e+04
3.181673612871750083e+04
5.195156164150476798e+03
5.990977116948635376e+04
1.128880283778596277e+04
6.279745553484441916e+04
2.841881367923921789e+04
3.654675934793819033e+04
5.688455081747714758e+03
2.329140723084348065e+04
2.454049148003060964e+03
2.996752784030933981e+04
3.143720227459930902e+04
4.866636009607117012e+04
1.131891466181682881e+04
3.394367388653626676e+03
1.109821714998634343e+04
4.220485712926003180e+04
3.751280246814883867e+04
2.160924287165612986e+04
3.077572788224524993e+04
2.685069463555483526e+04
1.115976779064086077e+04
2.194877892029716531e+04
5.770230916471526143e+04
2.503922273362634951e+04
1.809472901422797804e+04
1.346684965809991991e+04
1.693384581023542705e+04
1.993189809225512727e+04
3.709287572625785106e+04
4.953953374455804442e+04
2.564176118513819529e+04
2.118319804816729447e+04
3.931619384432041261e+04
3.300050959572706779e+04
1.959207897635400877e+04
2.231161810836012592e+04
1.372710415984864812e+04
4.273166289102748851e+04
4.911838392576076876e+04
3.351724097469706612e+04
5.414767637684832152e+03
1.759519392893849363e+04
1.845308792633008852e+04
6.424781850534748082e+04
2.531787011603380597e+04
1.384799380627013306e+04
4.525609391639604291e+04
1.234231339429627769e+04
3.405840999375236424e+04
9.957338134304034611e+03
2.075906510444863670e+04
4.204599819370209298e+04
2.494524157570058742e+04
8.124815089507149241e+04
2.787987090402741160e+04
5.017405854033164360e+04
9.401831802051929117e+03
4.861229889530322544e+04
2.901468617898813682e+04
1.710050373260461856e+04
3.179499339928293921e+04
3.765821077321328630e+04
1.902040982733984856e+04
3.709613704374662484e+04
3.776787485016420396e+04
3.937013365072531451e+04
3.241426503886541832e+04
3.946864510800085554e+04
2.195754159250895464e+04
2.022878914522154082e+04
3.188859890459699818e+04
3.528432024389187427e+04
5.148967943540717533e+04
1.983934872489095869e+04
4.979392067881830735e+04
3.555660498675250710e+04
5.709332643311695574e+04
2.237679242651832828e+04
6.330977582477906981e+04
3.049799788453061046e+04
3.234680979549446056e+04
1.767890486525888264e+04
3.313028722041034780e+04
3.702004330177279189e+04
5.652426212130390195e+04
3.864463885324748844e+04
2.012556018139283697e+04
2.799394214984287828e+04
5.485787448047913495e+04
3.845428221235203091e+04
3.343216132431605365e+04
3.413036489075521240e+04
4.390843449577815772e+04
3.647048346838692669e+04
3.796330838333491556e+04
5.089617971280645725e+04
4.954036367405160854e+04
4.656866109096669970e+04
2.502343702092123567e+04
2.604286536860396518e+04
2.717242055301593791e+04
4.129684922337179160e+04
5.688279994496583822e+04
4.299189157650857669e+04
4.682316680368412926e+04
2.775071289200481260e+04
3.746649890433100518e+04
4.036862343788764701e+04
3.969643566638116317e+04
4.652026149236960191e+04
4.748216406587383972e+04
5.308480364265332173e+04
4.912197179979587236e+04
2.278603825177335239e+04
4.809298806529414287e+04
5.167495393385074567e+04
4.725798357611730171e+04
3.830885585073971015e+04
4.073331670295302320e+04
5.879835023299269960e+04
2.536574915091004004e+04
3.807364934521844407e+04
3.595279629059857689e+04
2.313259407045054832e+04
4.658185251426207833e+04
4.700630719529620546e+04
8.729012072096236807e+04
3.126977613880925492e+04
4.856906222833756328e+04
5.888284116005960823e+04
3.432511400607821997e+04
2.730630080877181172e+04
1.370020291588432701e+04
3.076519676921874998e+04
5.565590536409322522e+04
4.991960975532308657e+04
2.741663785577904127e+04
5.035838858298454579e+04
2.195833878147026189e+04
4.926619515372718161e+04
1.834607377422461286e+04
2.960022755040039920e+04
3.823048717884780490e+04
4.249119625172963424e+04
1.080178535089310208e+04
2.590274527817706985e+04
7.601245576662784151e+04
2.751549044216925540e+04
9.373739037772052689e+04
3.710470661541960726e+04
2.232598016724479021e+04
1.681126085599337966e+04
4.993586363892256486e+04
2.827531250943774285e+04
4.957922589613943273e+04
2.393849427775873482e+04
4.877131701584617258e+04
2.467224551069771769e+04
2.751678436612542646e+04
2.752341296853029053e+04
6.511958410092587292e+04
5.944905240422996576e+04
3.609672145154154714e+04
3.570692613692489977e+04
3.348652417602253263e+04
2.867330890003274544e+04
2.927073138979804935e+04
7.506402167193440255e+04
4.327897248586342175e+04
4.397089781806865358e+04
2.157946311632290599e+04
3.263334136767906602e+04
5.034254993980056315e+04
5.464249238989766309e+04
7.942524331482540583e+04
3.575046765876575955e+04
2.432726262532380133e+03
9.835613170496927341e+04
5.164992468188581552e+04
2.993288236596226488e+04
2.904520616698142112e+04
3.169873934075619036e+04
5.119052600119473209e+04
7.240957337539391301e+04
5.627359028419930110e+04
2.397919751615002315e+04
3.098299940723070176e+04
3.480501160997065745e+04
6.211270307942352520e+04
3.182154878809265210e+04
2.718735561674631026e+04
6.390655355960259476e+04
1.604697994138187642e+04
5.299328083565139241e+04
3.419663517245963158e+04
4.860368911265171482e+04
7.586638250025053276e+04
1.457531922079559990e+04
1.023492280385523918e+05
3.424791537081335264e+04
5.181874004860952846e+04
2.390268061894994753e+04
1.855527953089770745e+04
3.021886564146674209e+04
3.085886352748825084e+04
1.660586410326749319e+04
4.086726625192188658e+04
3.398070860947526671e+04
3.405193556527647888e+04
3.009835247651844838e+04
4.206729198522368097e+04
1.779252194980529021e+04
2.106116329292114096e+04
3.268340213525356739e+04
4.070389532375326962e+04
4.713217738637158618e+04
2.174304789050676482e+04
5.371967192146257730e+04
3.238142795447841854e+04
6.100096922141689720e+04
2.850110612594264967e+04
6.146514938296130276e+04
2.786361189138284681e+04
2.589744532753503881e+04
1.950651136983963806e+04
2.900846599033744860e+04
3.358351461498733988e+04
4.940876267375663156e+04
3.820237711226767715e+04
1.918864682193449335e+04
2.486159363829074209e+04
4.716889495886405348e+04
3.687876967569580302e+04
2.748964974472883114e+04
2.946878368910626159e+04
4.105037863230717630e+04
3.325263905795495521e+04
3.350587072078124766e+04
4.273486416061279306e+04
4.170707676750406972e+04
4.655104413518223009e+04
2.014673634103932636e+04
2.051927602740512521e+04
2.401107938730488240e+04
4.643943983770255727e+04
5.762309315824813530e+04
4.022075486430423189e+04
4.669431776647352672e+04
3.380067162818404904e+04
4.167117827496052632e+04
3.406245771423161204e+04
3.568050494780613371e+04
4.416484863520834188e+04
5.328989844906150392e+04
4.595496110132021568e+04
4.116113618614272855e+04
2.715423728254425077e+04
4.990002148336727987e+04
5.278391778361050092e+04
5.326232162090479687e+04
3.533296909188978316e+04
4.023239819423168956e+04
5.051917310294754861e+04
2.103729316215456493e+04
3.672586945410619956e+04
3.526904075741780980e+04
2.626686837541098066e+04
4.911134432970816852e+04
4.668381155853471864e+04
7.591727861305378610e+04
3.224671339755098597e+04
5.302547672496318410e+04
4.102226588440863998e+04
4.376590009033229580e+04
4.952603058201080421e+04
4.390783750148690888e+04
7.056257109673525520e+03
6.051107407035613141e+04
7.526164008194667986e+04
4.152120299242576584e+04
5.677616330367216506e+03
4.023318380057186005e+04
4.600321626267176907e+04
6.924173803258830958e+03
1.723048054168361705e+04
6.705840017266497307e+04
4.304517189934113412e+04
3.178160884074524074e+04
4.347689323343784054e+04
3.337759890659018129e+04
3.224588998433095185e+04
8.085698991162229504e+04
4.377052634032454807e+04
7.191900758414971642e+04
4.075426802469770337e+04
4.830585257709250436e+04
7.070954906985440175e+04
5.567424769648177607e+04
4.474862617099295312e+04
4.076626694270977168e+04
4.992097433010887471e+04
4.614910259122324351e+04
1.630545205830416489e+04
5.785892184149842069e+04
7.483470003716635983e+04
3.090250291598563126e+04
4.320954228852494998e+04
2.874724123965335821e+04
3.536193359306898492e+04
3.767194268771649513e+04
4.624990731171134394e+04
4.282057447993256210e+04
6.352593832596470747e+04
4.526862465011689346e+04
1.621025762539421885e+04
3.559637218912183016e+04
2.595223754997522337e+04
5.539488277346382529e+04
5.048380166897510935e+04
8.392856902557485228e+03
5.293537841709453642e+04
2.876541050301339419e+04
5.239035893777199817e+04
2.156276064615662835e+04
2.660310426242982794e+04
8.987399118132588046e+04
4.317105640003053850e+04
5.802333266289243329e+04
5.613407903003028332e+04
4.159442541326729406e+04
3.179855539273508475e+04
4.824868847788545099e+04
5.008833290878767002e+04
4.123828996526975970e+04
1.608055702527752328e+04
5.328672234055348963e+04
3.265732950717402855e+04
6.575715209915349260e+04
4.324669793934262998e+04
8.491993504319310887e+04
2.859827022258741636e+04
1.800663567510917346e+04
1.404677772445380288e+04
9.887031832059386943e+03
2.328541762265084253e+04
3.883654668179297005e+04
1.812779621880730701e+04
5.919060578161129342e+03
6.684863742284115688e+03
4.215264886626353837e+04
8.218553450701403563e+03
1.833738004071346950e+04
3.012915788390585658e+04
3.735691732591389882e+04
4.059346644091339112e+04
1.936501078663542285e+04
6.625079474878023029e+04
9.038944064314364368e+03
6.643065024757778156e+04
3.958992108109968831e+04
4.593180923830784741e+04
1.119705376461289779e+04
1.351967883477510986e+04
1.694439234938830123e+04
3.654945170801932545e+04
3.291155852143315860e+04
3.491694410437894840e+04
1.341474404980425243e+04
1.576935578056589657e+04
2.757607355658446977e+03
2.856851918228710565e+04
4.323556681693103747e+04
1.868998520940708840e+04
2.161575728827080457e+04
2.424125937245226669e+04
8.184978583302610787e+03
1.982925480255135335e+04
5.225578107769996132e+04
1.939075464395164818e+04
2.894781702047454019e+04
1.117609767972099507e+04
1.401750532273488352e+04
1.908489433248190835e+04
4.575106488497033570e+04
5.269290400082049018e+04
2.348887068729969178e+04
3.030012164924798708e+04
4.503918904178669618e+04
4.298437827282813669e+04
1.385470641666759002e+04
1.795819799631066417e+04
1.694370340327159647e+04
4.802990079057914409e+04
4.596242248630226095e+04
1.495635150120718026e+04
2.087361703802315969e+04
3.005530300200913189e+04
2.484813053096882140e+04
7.154429079319325683e+04
2.253769961597533984e+04
1.580873484818216093e+04
2.982142563035246712e+04
1.121700604454911445e+04
3.248562696723088447e+04
2.937510982788173715e+04
3.826273834312431427e+04
6.281610961349257559e+04
2.829763784890917304e+04
6.528546910961192771e+04
2.972647940952530189e+04
1.079189839024328649e+04
1.516591475847222318e+04
2.831269736153649865e+04
2.892226652219134485e+04
1.072387463743839180e+04
2.762162361337191396e+04
9.385528663700859397e+03
2.981160258026851443e+04
1.302155573179017301e+04
2.921231031797734886e+03
2.118465391775943863e+04
2.372170427542490143e+04
3.041466059781210060e+04
4.712245142419065814e+03
5.147731558751310513e+04
1.175990367438979592e+04
5.758088515242050926e+04
2.556527574534626183e+04
3.571844062332374597e+04
7.460632962376266732e+03
2.995957209776370291e+04
1.473138101326351716e+03
2.680048026137249690e+04
3.338113811209968844e+04
4.775378669754457951e+04
1.091808131572171442e+04
2.335585188842077514e+03
1.452491557565371477e+04
4.667334191572562850e+04
3.288005455542629352e+04
2.400100352867699985e+04
3.323439401911549066e+04
2.872131701867704760e+04
1.285417934720074481e+04
2.164580180466109232e+04
5.287356772424406518e+04
2.201000155198029825e+04
1.549749759636446470e+04
1.619824550484145402e+04
2.215357260098613551e+04
1.721625040826105760e+04
3.206055546204385973e+04
4.995833808268103166e+04
2.701219779015154927e+04
2.180414980669051874e+04
4.336577380498862476e+04
2.947622364948593167e+04
1.959252402772906498e+04
2.307263786714737580e+04
1.364926445581199005e+04
4.052196315977233462e+04
4.665424140865349182e+04
3.487713166112376348e+04
3.286907945558334177e+03
1.681483366143461171e+04
1.680843844278221877e+04
6.075896028018459037e+04
2.571343848206494295e+04
1.263130091171030290e+04
4.933360261675687070e+04
1.361538542989796952e+04
3.110656208130091909e+04
7.779152174734897017e+03
2.047537100981481490e+04
4.305571772957936628e+04
2.312810533154421864e+04
8.435943239555478795e+04
2.452009723388034035e+04
1.160130906345337644e+04
3.956302283136828919e+04
3.184592757038992568e+04
1.017425509837682694e+04
2.497517458441504277e+04
4.763078488795878002e+03
3.363549662390883896e+04
3.259920884890183061e+03
9.329124089590684889e+03
2.199471180930364062e+04
2.781184506358294311e+04
1.990263303885402638e+04
9.865298273225369485e+03
6.208217359763558488e+04
9.798267471638610004e+03
7.187635311879350047e+04
2.724405809593936283e+04
2.537799528917061980e+04
2.727397666689689686e+03
3.119486496298785278e+04
1.008631355989332769e+04
3.299140970342935179e+04
2.865458240907506843e+04
3.979324542513058987e+04
7.692445736162579124e+03
1.036014130186593502e+04
1.129989955382913467e+04
3.804072925442823907e+04
4.267249700733523787e+04
1.903235038306143178e+04
2.483863198796296274e+04
1.844496857874279885e+04
9.535028684214925306e+03
1.235354629121248581e+04
6.075147933615217335e+04
2.578162253503012471e+04
2.261506103641569644e+04
3.854460954659499293e+03
2.031635232052326319e+04
3.018716311212548680e+04
3.806403651481508132e+04
5.907813698286426370e+04
1.818173424147952392e+04
9.907590660449890493e+03
7.375558789698543842e+04
3.502417908295273082e+04
1.672025386448024801e+04
1.332308510769723398e+04
1.037950063980734922e+04
3.633279125269326323e+04
5.379168272475060076e+04
3.199502236342286778e+04
7.074322292083525099e+03
7.813787358752730142e+03
1.439522962278927298e+04
6.290954609185834124e+04
1.798422511839780054e+04
9.839953359665698372e+03
4.134179260154503572e+04
1.816968811349348016e+03
3.775722421015326836e+04
1.479427913376973629e+04
3.043855220609021490e+04
5.962766016993500671e+04
1.360854619250475844e+04
8.116653668886117521e+04
2.185985136708885329e+04
3.030218838556798437e+04
3.668021755822456180e+04
1.269245832726781009e+04
1.218679944139026520e+04
4.759984357661244758e+03
3.949819333847895177e+04
1.305786355126700255e+04
1.430340027756735617e+04
2.841633429217225421e+04
3.409262151168798300e+04
3.693835565396968741e+04
1.285019744967649240e+04
6.010191900483037898e+04
6.621143739850176644e+03
6.568124389397220511e+04
3.898861086693739344e+04
4.557765786182602460e+04
9.723659169207025116e+03
2.706314452105388045e+04
1.486998653884516716e+04
3.299363618080815650e+04
3.110737230969834491e+04
3.322867615059805394e+04
7.224554195690573579e+03
1.318244725204224051e+04
1.053555262743181629e+04
3.397597543584541563e+04
3.835468230852056877e+04
2.304760475510027027e+04
1.959111231573855912e+04
2.228877272797431942e+04
5.191245094417257860e+03
1.551055611351016705e+04
5.083905094396877394e+04
1.873932747082404239e+04
1.834128717440310720e+04
1.546484779648029871e+04
2.539629741019006542e+04
1.586089841076597077e+04
4.296136351631096477e+04
5.682424999954686791e+04
2.374892024269523972e+04
2.661940667840539390e+04
5.326740892107709806e+04
4.033749594118617097e+04
7.161176052022756267e+03
1.545519170112293978e+04
7.664580116611587073e+03
4.534163592670956859e+04
4.626149479077247088e+04
1.202751810703089177e+04
1.457405415165328486e+04
1.983737012989238428e+04
1.416170114355023543e+04
7.166683822773944121e+04
1.940645838467051726e+04
9.152336663107997083e+03
3.511145601696238737e+04
1.331030165865725576e+04
3.334300931920229050e+04
1.897267787934752050e+04
3.829383362079784274e+04
5.776349224081485590e+04
2.463194356724771205e+04
6.783774385514421738e+04
2.554019139142844506e+04
3.208661357062514435e+04
4.353700212576998456e+04
3.660357241491503373e+04
2.672422336869526771e+04
3.350503618590814585e+04
2.922779241091981748e+04
2.877158820273129459e+04
2.661437038037704770e+04
3.816090089096261363e+04
5.433200435950173414e+04
3.043655230317475070e+04
4.699473715280662873e+04
2.891301934729415007e+04
5.484174879991756461e+04
3.473600935594185285e+04
6.735596992996848712e+04
3.597303729612773895e+04
2.275856472609776756e+04
2.698041757098753442e+04
4.577632138688839041e+04
3.882307337506570912e+04
4.581039732636261033e+04
3.539691441882286745e+04
2.441749395219521102e+04
2.367857787645642384e+04
4.220410261632537004e+04
3.245829752862008172e+04
4.168027995614170504e+04
3.941003925042592164e+04
3.603250571221719292e+04
2.818204340224857879e+04
3.012843876363211166e+04
3.971047173512999143e+04
3.811520528412926797e+04
3.839525207244508056e+04
3.171303952866206964e+04
3.044942474046456846e+04
1.679968344548285677e+04
3.981457142203919648e+04
4.467777348834495933e+04
3.682914596906449151e+04
5.683413812602715916e+04
9.136039216143148224e+03
3.335590595532378211e+04
3.405223981228103366e+04
3.110174983828699624e+04
4.343974894653169031e+04
4.400884716238311375e+04
4.135022962780164380e+04
4.265572596013100701e+04
3.568780847668544448e+04
6.033328997950182384e+04
5.206341215178638231e+04
4.324341932883573463e+04
2.942720762520536300e+04
3.911921599475749827e+04
4.512141437464682531e+04
3.281995365308404143e+04
3.286795116010239872e+04
4.572759269052871969e+04
4.262838521062005020e+04
6.666785876855422975e+04
4.793885454828057846e+04
6.724071171659330139e+04
3.522293932429162669e+04
4.784667961765165819e+04
5.531284198702184949e+04
2.873118880436989639e+04
5.242524294195434777e+03
3.089149022998284636e+04
3.188693384408668499e+04
1.215133872203590727e+03
1.521522383082076522e+04
5.653544304236102471e+04
2.937830189751916259e+04
3.282854316041294078e+04
3.125458675939952082e+04
3.303799034172191750e+04
3.045493578388498281e+04
6.681965912195380952e+04
3.333609371065362211e+04
5.970558927157167636e+04
2.810018201614538339e+04
3.617823373402225116e+04
6.048570639704989298e+04
4.707375720030072989e+04
3.253071872450108640e+04
2.689152941366861342e+04
3.756498038664003252e+04
3.707748569382967253e+04
1.038500291717996515e+04
4.812689072349756316e+04
6.055548043172471807e+04
2.249905046064368798e+04
3.204500968930579256e+04
2.030603189499414657e+04
3.088840574847006792e+04
2.448566813219839969e+04
3.053626776546050678e+04
3.300405482069341815e+04
5.194971526949881809e+04
2.994592122077141175e+04
1.809595505970996965e+04
2.447786541570514237e+04
2.171053681834032614e+04
4.396295339250164398e+04
4.137162540906138747e+04
4.511570784913610623e+03
3.992332547711524239e+04
1.912937415407231310e+04
3.957021247134474834e+04
2.512623229684613761e+04
1.950053327951190658e+04
6.531796103437248530e+04
2.987502892857266124e+04
4.376427786514794570e+04
4.272973919301459682e+04
3.974241259093767439e+04
2.487384114151076938e+04
3.544839900045500690e+04
3.838729030813067948e+04
2.985586095868165648e+04
1.037115201302725109e+04
3.756691659843340312e+04
2.658481838304971097e+04
5.813362913958423451e+04
3.463558591310876363e+04
7.465968372408588766e+04
2.323546649169552256e+04
2.514868222779354983e+04
8.253412057271667436e+03
4.916965682371392904e+04
1.501051864003107039e+04
8.145296542112728275e+03
3.745257597526011523e+04
4.329886400555777072e+04
3.017082962773611507e+04
1.203195348216870843e+04
7.260285532552801305e+04
9.965045311963278436e+03
8.141364812895798241e+04
4.525152921520867676e+04
3.700077162672067061e+04
3.292329454617680767e+03
2.939734093167021638e+04
1.113848785275469345e+04
3.996937061688811082e+04
3.214520018086206619e+04
4.952743907378365111e+04
1.084202203011239726e+04
1.022979257472618156e+04
1.710263558250747155e+04
4.617927723516453989e+04
5.254973598710526858e+04
2.410782295888452063e+04
3.032459029461221871e+04
3.334210207928570162e+04
9.840659237084615597e+03
2.779734954431813458e+04
7.137385149846819695e+04
3.303857316500083834e+04
2.604078877398184341e+04
1.869175832601043294e+04
1.966099470487469443e+04
2.990613473102466014e+04
5.410205837744534801e+04
6.981333331809582887e+04
3.647927032334869727e+04
2.546314549316171178e+04
7.576819317263735866e+04
5.192609261689760751e+04
1.759823788740233431e+04
2.793466555168365085e+04
1.132835242541096704e+04
5.998179807054336561e+04
6.255741419016168220e+04
2.906796700115185740e+04
1.077661631872161524e+04
1.955575746150110717e+04
1.760383343983646046e+04
8.352062430123861122e+04
3.160248546188753244e+04
1.264268135246764359e+04
4.733124330242869473e+04
1.761216656750153925e+04
4.660420798833232402e+04
1.639319112583886817e+04
4.238283754251796199e+04
6.470843748845788650e+04
2.870442451559579786e+04
8.741700324713936425e+04
3.526153325063004741e+04
1.435406067930380595e+04
6.055161015783820039e+04
1.891808246931237227e+04
2.632901439199239030e+04
4.704447908242866833e+04
5.304491830998138175e+04
5.817811164532666589e+04
2.852096527226681064e+04
8.493161981910296890e+04
1.507573623012836470e+04
8.046213634140956856e+04
6.231575138854124816e+04
6.174154960270593438e+04
2.083578992305627980e+04
2.457092530114930560e+04
2.737768046375297854e+04
4.504039288009294251e+04
4.320950397911249456e+04
4.413876801700052602e+04
2.147463031654206134e+04
2.316056584684054906e+04
7.403242928393025068e+03
4.163565552883814962e+04
5.650890327314171009e+04
2.915128293545608540e+04
3.342062544125379645e+04
4.204921348410629435e+04
1.542948454434087762e+04
3.095460132522263666e+04
6.158315308972494677e+04
1.723555812101522315e+04
3.917753633294899191e+04
2.180555524943145065e+04
2.870501530782597183e+04
2.473026905826621078e+04
6.628391893240105128e+04
5.910344673805289494e+04
4.074295842701948277e+04
4.573484422787984658e+04
6.281477641598413902e+04
6.600945485777594149e+04
1.704984672456184489e+04
2.770238615811713680e+04
2.469665189342660960e+04
7.149593426031775016e+04
5.436307997839473683e+04
1.862148075827810680e+04
3.156645533878017159e+04
4.397846273049007868e+04
3.448517015024769353e+04
1.019340884514189383e+05
3.813942082716625737e+04
2.458224084983193825e+04
4.302899969304534898e+04
2.219459513177734698e+04
3.945569544530437270e+04
3.712025691498617380e+04
5.123956105199396552e+04
7.158581783866565092e+04
4.007036193538287625e+04
7.604593217684424599e+04
3.868378395257594821e+04
3.169817043893675145e+04
7.805634385877288878e+03
9.284238521771756496e+03
2.049652188749487686e+04
2.704698717347197089e+04
2.671652519785996628e+04
9.851460248593135475e+03
5.760296892119979020e+04
1.923269045973461289e+03
6.323038985920341656e+04
2.998619530635113551e+04
3.440294564719872142e+04
4.086672503355818662e+03
2.101971720112938419e+04
9.718878384252093383e+03
3.707869721229185961e+04
3.083134849410200695e+04
3.680515615298305784e+04
2.820787446590295076e+03
8.164455992361466997e+03
5.675851675576703201e+03
2.770810946695126040e+04
3.622672997877606394e+04
2.076568467549428897e+04
2.832039028623008562e+04
1.735272361299677505e+04
9.700499837167290025e+02
1.140374200362070587e+04
5.626833490635494672e+04
1.676511749865674574e+04
1.285390724389655406e+04
9.347070603403639325e+03
1.885089944653444400e+04
1.794429972980192179e+04
3.589221031781447527e+04
5.159511271190727712e+04
1.682166137458277444e+04
1.820560121728096419e+04
4.961905712042080995e+04
3.185839584833006666e+04
9.847069322412282418e+03
1.189699140544853435e+04
3.591133640462245239e+03
3.691354349026512500e+04
4.648400626201456180e+04
2.504345077769766067e+04
8.410335293830610681e+03
1.257808256719977362e+04
8.853995970592477534e+03
6.146405572412932815e+04
1.525913804003891164e+04
4.681071205225487574e+03
2.961090686258005007e+04
8.400217925905151787e+03
3.189978173097275430e+04
1.376734070750465617e+04
3.285872962088943314e+04
6.464374856358675606e+04
1.762125917381941326e+04
6.687850401247480477e+04
2.459902489520452582e+04
3.249969340615457986e+04
3.415422798232643981e+04
3.578175132676631620e+03
1.538553552522847531e+04
5.291109583869220660e+04
3.116263179091918209e+04
2.691994899520299805e+04
3.389837190580865717e+04
3.309129093674833712e+04
3.128161656332412531e+04
6.315879647989313526e+04
3.522326319148974289e+04
5.948841548606586730e+04
2.966418347479209478e+04
3.604389084037528664e+04
5.771655872579934658e+04
4.448551686781404715e+04
3.619796494599316065e+04
2.845928408142556145e+04
3.992317520574596711e+04
3.761951080039279623e+04
8.690020583214032740e+03
5.128477133685458830e+04
6.171715670623807091e+04
2.196035794659974636e+04
3.411866276737868611e+04
2.102444808180187101e+04
2.786438252049340008e+04
2.587773496068043460e+04
3.356516042275229120e+04
3.457866204032637324e+04
5.073962188059525215e+04
3.219170816249598283e+04
1.596296712354015654e+04
2.528862460605659362e+04
2.133856745185909676e+04
4.558307985143957922e+04
4.183657201932612224e+04
4.379433772187519935e+03
4.310882598489814700e+04
2.058804211178515834e+04
4.277970567121403292e+04
2.067902322203006770e+04
1.905624394549895806e+04
6.820896385928851669e+04
3.266452307869781362e+04
4.784367253281515877e+04
4.643653013617280521e+04
4.179662494307715679e+04
2.435048323122383590e+04
3.899956544801769633e+04
3.916867556360119488e+04
3.181383197274336635e+04
8.250557999592288979e+03
4.003723997311820131e+04
2.834151632465860894e+04
5.594131182955847180e+04
3.627717112306499621e+04
6.981858483427007741e+04
2.045421828453923445e+04
1.386305621607822104e+04
2.181767864323394315e+04
2.917652864516201589e+04
2.296467289444637572e+04
1.347762053581111104e+04
5.795875505496656842e+04
1.231682913198257665e+04
6.396747176966853294e+04
2.217405889508479959e+04
3.304059127686073771e+04
5.024465384911611181e+03
1.650962355515404852e+04
1.350081803869705254e+04
2.709577490074285015e+04
2.466265464377218814e+04
3.262057755055630696e+04
1.242059526631541303e+04
1.400568557889297881e+04
7.298691012505403705e+03
2.653956395522440653e+04
3.860633242973904999e+04
7.353952532290657473e+03
1.408000053276095787e+04
1.586138280360396311e+04
1.278266980317676644e+04
1.101083870987916816e+04
5.304149914571690897e+04
3.163777667981714330e+04
3.120591425259162497e+04
1.228297684426385104e+03
9.286939914707312710e+03
2.373442812079878422e+04
3.487790510316994914e+04
5.630118573735935206e+04
1.500154570234830680e+04
1.610026405388114472e+04
5.619385488145048294e+04
3.199703268344309618e+04
2.013471830308780045e+04
1.174594011098812916e+04
1.960736854482087074e+04
3.552831533805772779e+04
4.836379818263510242e+04
2.506815806692811748e+04
1.154850403067040679e+04
1.658670285916926878e+04
2.298311589584199464e+04
5.855488400793955225e+04
1.429345634224863534e+04
1.483259522187782932e+04
3.028958660485928704e+04
6.876570265809937155e+02
3.353921497250699031e+04
2.490231025160439094e+04
2.497580843131283837e+04
5.691969996532017103e+04
1.873910971370647894e+04
6.380425470669695642e+04
1.998743317985090107e+04
2.359555075304329512e+04
2.662759962209425794e+04
3.574927456736158638e+04
4.033304499322101492e+03
5.904349202131063794e+04
1.231285369174512016e+04
6.244880448692581558e+04
2.945892087079457997e+04
4.194688579876925360e+04
6.402674559088839487e+03
3.175548701601668654e+04
1.928009288427046613e+03
2.662108591180793883e+04
3.463487031279547955e+04
4.893401710806381743e+04
1.162180444992030607e+04
2.876390722523513887e+03
1.594662696724550369e+04
4.463584091503675154e+04
3.715673152760971425e+04
2.442052034905819164e+04
3.086212506660720828e+04
2.998640225290284070e+04
1.234790317643782691e+04
2.424462552559932374e+04
5.467543332237818686e+04
2.339009648535503220e+04
1.707771012992136821e+04
1.601858625803484210e+04
2.314617947718860523e+04
1.990181289273058792e+04
3.704514451930303039e+04
5.065882392196901492e+04
3.101485681542968450e+04
2.401389517324899498e+04
4.594755801763921045e+04
3.595801463137733663e+04
1.944740906403306144e+04
2.499492571049314574e+04
1.324611405508772441e+04
4.506601925118313375e+04
4.596853142582455621e+04
3.269436043508975854e+04
4.232228272339663818e+03
1.717808634760980567e+04
1.772104401068564039e+04
6.666974312489251315e+04
2.880239436044279864e+04
1.366979565982882013e+04
4.657939358155996888e+04
1.434867101924260714e+04
3.282883106618632883e+04
7.559777887839498362e+03
2.187401180896866572e+04
4.377974296529310959e+04
2.801759440369558433e+04
8.327713075543243031e+04
2.620471301841260356e+04
1.155929977843692541e+04
4.299642467651516927e+04
2.297798609576069794e+04
2.846420841593146906e+04
2.255217083847848335e+04
2.708323866406867819e+04
2.345038113198996143e+04
5.167913638745270146e+04
2.414657936212617642e+04
4.763399041526476503e+04
2.074731406209658599e+04
3.187783858717496332e+04
4.892214669682575914e+04
4.098189055296203878e+04
2.481168348563731342e+04
1.976504096992479026e+04
2.814413271868766606e+04
3.228817895412551297e+04
8.454643494720003218e+03
3.919864320677667274e+04
5.045530032471084269e+04
1.699264358924893531e+04
2.312334947021285552e+04
1.483976552539044860e+04
2.831981539874866212e+04
1.957657622888021433e+04
2.423758592520491584e+04
2.387302102736226880e+04
4.065712120084930211e+04
2.397411334950375021e+04
1.434479688195487688e+04
2.165774776953232868e+04
1.712914793202023429e+04
3.410853332061634865e+04
3.469270507286141219e+04
3.105613186837475951e+03
3.181551528882321145e+04
1.420015762235568945e+04
3.086907667577154280e+04
2.357419680462020187e+04
1.803965774068888277e+04
5.622600790344392590e+04
2.231602307933311022e+04
3.532672227059907163e+04
3.433852337282975350e+04
3.533613690203588340e+04
1.940026212749901606e+04
2.733797454323441343e+04
3.313731995617137727e+04
2.066916527549030434e+04
8.135487309996163276e+03
3.056955540398490848e+04
2.216576823310674808e+04
5.222008917168699554e+04
2.817337696312036496e+04
6.589097444614299457e+04
1.746673649765473237e+04
5.007897371697500057e+04
2.626057621264328918e+04
2.474361187468339631e+04
3.050091047867605448e+04
1.831763274418263609e+04
1.988249171567332814e+04
5.835555527298619563e+04
3.102696583160360751e+04
5.495715283074791660e+04
2.331390829635056434e+04
2.803840646554701380e+04
5.514251540333477897e+04
5.393388759056042181e+04
3.116622148245304197e+04
2.475714199346721580e+04
3.462237460159852344e+04
4.881850986979162553e+04
2.181906114206089842e+04
4.705569613411695173e+04
5.721719942392847588e+04
3.015388564533488534e+04
2.954286174312906223e+04
2.695269317156597754e+04
3.933091730632791587e+04
3.469077482310468622e+04
3.532003971102726064e+04
3.060264874392260390e+04
4.812282529964040441e+04
3.451683963924017735e+04
4.314918737445462284e+03
3.445348434073587850e+04
3.213132276614919101e+04
3.841326651554436103e+04
4.673845995113851677e+04
1.540626796594591360e+04
3.769751048078830354e+04
2.531201078109642185e+04
3.644484258485760074e+04
3.235952004534136722e+04
2.992593608325495006e+04
6.137309445013156801e+04
2.589772469612128771e+04
4.195171785670732061e+04
4.079941988730413141e+04
3.901800206908149266e+04
3.220426656209152497e+04
3.389971833817294828e+04
5.268114677181602019e+04
2.711657825562023936e+04
2.069330578827226418e+04
3.435418426245059527e+04
1.926809311360275024e+04
4.304764583398608374e+04
3.765071541323402926e+04
9.119600043186568655e+04
2.087719766004069970e+04
2.853618484818121942e+04
7.204654079075442860e+04
3.142855771835782798e+04
9.942549571200036735e+04
3.932704624325990153e+04
1.333965990645487909e+04
1.980932360672947107e+04
3.518919671502419806e+04
3.378093605516586831e+04
5.576497235385532258e+04
2.549488927372261242e+04
5.392683833631655580e+04
2.935701371273313271e+04
3.246933111384850417e+04
3.339504242097415408e+04
7.223355757272450137e+04
6.573302936354053963e+04
4.324245168770996679e+04
4.473762664009041328e+04
3.874117498316642013e+04
3.302170637015925604e+04
3.273373150167081258e+04
7.740544291965983575e+04
4.681763565556226240e+04
4.713303520164969086e+04
2.554944026031685280e+04
2.425507463664293027e+04
5.082238333947063074e+04
5.904593977459636517e+04
8.413599537252768641e+04
4.009643524245075241e+04
1.345660844003487728e+04
1.023025986735410697e+05
5.765579529002842901e+04
3.239335638399742311e+04
3.260215115511266777e+04
3.749395397709149984e+04
5.968940164855498733e+04
7.700045285920760944e+04
5.936327806136688014e+04
2.773857428035134944e+04
3.565407945443814970e+04
3.935407694305384211e+04
6.619994082756820717e+04
3.315086647077259113e+04
2.999979067066600692e+04
7.311612464839266613e+04
2.238823053705129860e+04
5.509026337774715648e+04
4.075044034671079862e+04
5.357788765631541901e+04
7.924000783094730286e+04
1.238568549532068573e+04
1.165916291259272402e+05
4.116871399609438959e+04
5.119107213863103971e+04
1.405922258754154427e+04
5.693789195834076963e+04
2.623842959083233654e+04
4.164599231142758072e+04
7.421007379012355159e+03
3.397562353322646231e+04
3.070746093776438101e+03
2.258793291265368316e+04
3.326967137661651941e+04
4.137204593023666530e+04
1.073954892195688444e+04
4.452819856740929026e+03
1.643763461501483835e+04
4.764665711152719450e+04
3.441758297737871908e+04
2.670110088968178388e+04
2.276042329543168307e+04
2.747549066924519138e+04
1.308302625842716589e+04
2.152076889953563295e+04
4.690002254089884809e+04
1.832325266573836416e+04
1.415132158356275067e+04
1.522465842095693915e+04
2.552140283220877245e+04
1.873075946144575573e+04
3.568565863880576944e+04
5.332250363617333642e+04
2.695436119395026981e+04
2.243723687894429531e+04
4.922451407136952184e+04
3.095322170903820370e+04
1.801029131083960601e+04
2.159164344882167643e+04
1.248269632896543408e+04
4.048042206616861222e+04
4.159811819650162943e+04
2.662935727101312659e+04
3.390825684502563490e+03
1.451017440896649168e+04
1.571821202631393317e+04
6.234239916372435982e+04
2.591005845443054568e+04
1.171758370050075428e+04
4.712647109787209774e+04
1.377203763053719376e+04
2.987183418018964949e+04
7.956551276834572491e+03
2.332936237400549726e+04
4.052658425913508836e+04
2.497755441287555732e+04
7.827870810400557821e+04
2.512482666019186581e+04
5.792074014873730630e+04
2.516869029841353040e+04
3.007054444426911141e+04
8.761103763480159978e+04
6.156310269227404206e+04
7.330413179648228106e+04
5.377452289552525326e+04
4.337628245189244626e+04
7.107107039776642341e+04
5.615402533251985733e+04
6.164288932908639981e+04
5.145974284696910763e+04
6.438932277580116352e+04
6.589277951836521970e+04
2.213575709673715028e+04
7.045054966133367270e+04
7.288707489421973878e+04
4.474850205334832572e+04
5.976054997307073791e+04
4.239986474506579543e+04
3.121055862666773828e+04
5.633700855881433381e+04
6.045068439710300299e+04
6.051346495705184498e+04
6.670833880925714038e+04
4.366592308149997552e+04
2.288175404022580187e+04
6.069827698916087684e+04
4.545187790746660903e+04
7.276177311931931763e+04
5.757561448169210780e+04
2.966276588936799089e+04
6.129622812560996681e+04
4.364216744112261222e+04
6.817784986633562949e+04
4.316349599362313165e+04
3.476018234464487614e+04
7.985555269600020256e+04
5.652231773195786809e+04
7.490035321107947675e+04
7.179481875361454149e+04
4.499084525728286826e+04
4.014662305484270473e+04
6.237119852069563785e+04
6.820646565493085654e+04
5.913329776183369540e+04
2.580256524714163243e+04
6.289919084378414118e+04
4.433684243393782526e+04
6.966294131274418032e+04
6.948408955977308506e+04
9.709403675330844999e+04
3.008188635822364085e+04
6.519923542713417555e+04
3.514247124584087578e+04
3.722174314797759871e+04
6.472790189125002144e+03
2.363949202605209575e+04
1.333023044168180058e+04
3.995865240805036592e+04
3.533605250887035072e+04
3.876250765713147848e+04
3.454092626717885651e+03
9.255809424963088532e+03
7.789119828185541337e+03
2.977198825470942029e+04
3.650715184305178991e+04
2.460680955097965489e+04
3.269480872477010780e+04
1.964921804902447911e+04
1.683142253228999380e+03
1.252480300136785809e+04
5.732612913769899751e+04
1.874146178706877981e+04
1.379423309075371253e+04
1.499701756712777387e+04
2.308233617343115475e+04
1.745411962364148349e+04
3.767849944328308629e+04
5.311769706336714444e+04
1.806404231778674148e+04
2.250807243975399615e+04
5.043163789359415387e+04
3.344916111277124583e+04
1.054298713905969635e+04
1.414787729942366423e+04
5.181453051421670352e+03
3.999857906302697666e+04
4.876964923218693730e+04
2.563620948371080885e+04
1.116365497439798855e+04
1.574840274048002902e+04
9.429144489296724714e+03
6.225290329967886646e+04
1.616530560300482830e+04
5.145726743272965905e+03
3.135801801771483588e+04
1.365758721472308025e+04
3.357860112821125949e+04
1.653510166755904720e+04
3.747501626134698017e+04
6.937447448017423449e+04
1.964787325770837924e+04
6.842973066442221170e+04
2.705351307526056189e+04
3.376624018698077998e+04
1.145672694852721906e+05
7.338377978888736106e+04
8.422194585849708528e+04
5.809511964169261046e+04
4.999560020944759890e+04
9.070620683965399803e+04
7.508859983404728700e+04
7.093505887469142908e+04
5.676928882098736358e+04
6.987204772336949827e+04
6.502114353551625391e+04
3.205194766055351647e+04
7.452966916355630383e+04
8.188578180026693735e+04
5.290344960082315083e+04
6.604621484539577796e+04
4.775752731160591793e+04
4.958339710378557356e+04
6.167677315291984996e+04
6.613679163879728003e+04
6.525507931209883827e+04
8.134600798865486286e+04
4.962178456380737043e+04
1.470362193284552450e+04
5.976274345549305144e+04
5.579858274363561213e+04
8.988116682494356064e+04
5.481089587486736127e+04
3.626940293212617689e+04
7.365854041001835139e+04
5.084812175217173353e+04
7.710819767113382113e+04
4.139909259359983116e+04
4.409208364023668400e+04
9.810236060004537285e+04
6.171155311008014542e+04
9.033863906721332751e+04
8.579951705793295696e+04
5.596042186115424556e+04
5.201466877714291331e+04
7.111720460793725215e+04
6.569057912717034924e+04
6.415145569425642316e+04
3.679201376853093097e+04
7.121409534279815853e+04
3.566179266893529712e+04
7.214245706011209404e+04
8.249147967753531702e+04
9.984651206226534850e+04
2.763007088998052495e+04
6.088422227790681063e+04
2.718285768947343604e+04
5.103226660360566893e+04
2.660168505535734221e+04
2.851782498591500917e+04
4.059808605289229308e+04
5.646468504070055496e+04
3.242776321643892152e+04
2.832259109377003188e+04
3.430210476293156535e+04
6.455504705692880816e+04
3.800857049528565403e+04
3.701523883720413869e+04
4.487387523978767422e+04
4.034914449673132185e+04
3.715443982976793632e+04
3.141018855796876596e+04
4.655537793762845831e+04
4.465511599065428163e+04
4.758811337346851360e+04
2.490383725298345234e+04
3.774107537328386388e+04
4.099863538121801685e+04
2.187486201719841847e+04
5.061532536069055641e+04
3.785197991454326257e+04
3.859244593767473270e+04
5.716991210966820654e+04
3.068323522131904247e+04
4.002126868435507640e+04
3.347243486541717721e+04
4.607722814008064597e+04
3.992335966516102053e+04
4.572326733912389318e+04
6.623604505713736580e+04
2.591535998244713483e+04
3.985601836291873042e+04
4.769607178189921979e+04
2.473618360758801282e+04
3.348318408795427240e+04
3.503995326200737327e+04
7.044198177248440334e+04
2.336105847458165590e+04
3.501319953169983637e+04
3.716280381564440904e+04
1.212623710102025871e+04
4.045475163163963589e+04
4.236043045293696923e+04
1.134797521166909137e+05
2.934821769534460327e+04
2.900693909509972582e+04
4.860650876055176195e+04
3.846405095721749240e+04
6.741011256576396408e+04
4.162480903098000272e+04
6.642385916769923642e+04
3.728822016933649866e+04
3.809555063110877381e+04
3.544141934153782495e+04
8.801801824541266251e+04
7.947838619700117852e+04
6.148009648430100060e+04
6.203678741282071860e+04
5.345183252802234347e+04
3.840494330731603259e+04
4.904060536460716685e+04
9.382516231515124673e+04
5.645328613533767202e+04
5.371878078194674890e+04
3.745920417415258271e+04
3.624119691826557391e+04
6.247335391522060672e+04
7.144996544953028206e+04
8.625095518959377659e+04
5.555041467059703427e+04
2.413985028782909649e+04
1.105294919331594720e+05
6.842221111906567239e+04
4.230676647014094488e+04
4.769268448591256310e+04
4.208861080215031689e+04
7.316402692035942164e+04
9.101789170979651681e+04
6.770998719489267387e+04
3.743565202464225149e+04
4.975330540159489465e+04
4.621705703370305127e+04
8.986448395395194530e+04
5.106377896661053819e+04
4.034798965509901609e+04
8.784754217282122409e+04
2.971016784913366791e+04
6.888097031934231927e+04
4.779326467312371824e+04
6.834157720104815962e+04
8.421267353406127950e+04
1.989098345878423424e+04
1.290865285718921077e+05
5.563522801043323852e+04
2.301973134925738123e+04
7.266127651800350577e+03
3.301515354935253708e+04
2.650282183609660569e+04
4.181340685023565311e+04
6.128086844645265046e+03
6.640857034157597809e+03
9.360671190647002732e+03
3.768033745395803271e+04
4.269792581062758109e+04
1.792793868073397607e+04
2.546740672241388893e+04
2.003392573284688842e+04
6.320857326627552538e+03
1.438206592523691870e+04
6.271064577622139768e+04
2.446500827963803749e+04
1.995490446833042006e+04
6.900543139519388205e+03
1.482266672380550335e+04
2.534903355943713905e+04
3.870368778238136292e+04
5.963648283116673701e+04
1.879532328742955360e+04
1.477570622738113525e+04
6.880102438608741795e+04
3.537332664047007711e+04
1.449872800738390833e+04
1.480428944580009556e+04
7.831446125281782770e+03
3.890172308669115591e+04
5.358578331388286460e+04
2.927124267165348647e+04
5.983485342876061623e+03
9.943945351364094677e+03
1.218277590995471292e+04
6.455763929908752471e+04
1.834652292505852165e+04
7.584181324191498788e+03
4.151186383789336833e+04
5.637265107902585441e+03
3.689569724551987019e+04
1.304699231078338562e+04
3.054772853094063612e+04
5.966532447655749274e+04
1.663031077854269097e+04
8.440784566818682652e+04
2.511854833360204429e+04
3.051956779810473381e+04
5.294561959083096008e+04
2.514086881481241289e+04
4.813515334549787076e+04
3.131012139795576513e+04
3.080585059726204781e+04
1.410556022716056395e+04
4.541215117190891760e+04
5.934180941710631305e+04
2.914830707713606535e+04
3.485554685613205220e+04
3.912168110977295873e+04
2.376968617623369937e+04
3.407147350741260743e+04
6.605445967652963009e+04
4.491148344033786270e+04
5.234888921803903213e+04
2.201945381594378705e+04
7.911794745637612323e+03
2.781161459027827368e+04
6.301635925305631827e+04
6.907411164639012713e+04
3.952186740582027414e+04
4.590507641636744665e+04
4.342489727383328864e+04
6.035197166155135346e+04
2.860902434191049178e+04
3.433239831608519307e+04
3.697558772104081436e+04
7.168330282799203997e+04
6.601473462105679209e+04
3.641317281378096959e+04
3.776212113809520088e+04
5.564460200601027464e+04
4.709957647482750326e+04
7.862726801788242301e+04
3.258500027791172397e+04
3.455875729560243781e+04
4.659380013054450683e+04
2.309568200733039339e+04
5.100153813889567391e+04
4.926680107805943408e+04
5.183415691227211209e+04
8.179052788868013886e+04
4.695405708237232466e+04
8.163753958158739260e+04
4.568605234244165331e+04
2.677664250591293603e+04
3.503629697975255840e+04
5.117256494510001357e+04
1.237331498068706969e+04
1.972710697260577035e+03
1.512266530900879116e+04
4.582116638645772764e+04
3.375348801597572310e+04
2.570178853979557607e+04
3.368719003527011955e+04
2.948049362716550240e+04
1.251981991445891617e+04
2.414962712705531158e+04
5.421959405673346191e+04
2.161764399797890655e+04
1.581288544168374392e+04
1.570928546793061105e+04
2.261039820296649486e+04
1.889285658251246423e+04
3.265587777122955231e+04
4.826055872224520863e+04
2.897436810823518317e+04
2.379313118114935787e+04
4.354119483657435921e+04
2.996889128054027242e+04
2.021354310381890537e+04
2.443157881946131602e+04
1.337430243385696667e+04
4.132781150712248927e+04
4.491524415649365255e+04
3.458426488852638431e+04
3.094596601052678125e+03
1.793878384939426178e+04
1.870110256189650681e+04
6.099735080210565502e+04
2.793804745882366842e+04
1.417481722114810691e+04
4.887466669020816335e+04
1.452224008596959902e+04
3.100287069009670813e+04
8.131191582911567821e+03
1.975220155674791749e+04
4.364457451402087463e+04
2.664359668195786799e+04
8.533631975327916734e+04
2.461223573713309452e+04
4.345985968613468867e+04
4.170506774291559123e+04
4.401801951787732105e+04
2.846070063456331263e+04
3.953966706090225489e+04
6.363700305025078706e+04
3.059144532279332634e+04
3.961153396856228937e+04
2.853960715061402880e+04
4.313186665930745949e+04
4.138814673193573253e+04
3.500811851137973281e+04
2.963851303755540721e+04
3.884008717707978940e+04
5.710142628458375839e+04
2.984192119249366442e+04
4.527578277375595644e+04
3.810971219584897335e+04
3.162365295203786809e+04
5.047087566282987973e+04
5.017995046316559456e+04
4.654972782494887360e+04
6.191837848379163188e+04
4.440623511483858601e+04
4.040003659058792982e+04
3.284854512888041791e+04
4.792555137229728280e+04
5.631209420752128790e+04
2.862403039994378560e+04
3.201793958579924220e+04
3.384694021884465474e+04
5.163169869087843108e+04
5.499804191438343696e+04
6.892749033064769174e+04
4.134006956275233824e+04
4.668367472576011642e+04
5.629827529949213204e+04
2.765526040667267080e+04
2.279398360487908576e+04
3.747234229962364043e+04
1.648759086611170642e+04
2.957656971015176896e+04
5.320769200918350543e+04
9.054790489184060425e+04
2.428365532601873565e+04
3.979581219066708582e+04
3.741328063372446923e+04
3.457839439582934574e+04
2.977032735250181577e+04
5.633494173071801197e+04
6.036069322323038796e+04
2.719144622361537040e+04
2.270448814726824639e+04
4.056413642588426592e+04
3.499073197494961641e+04
3.622770530660776421e+04
6.163849730629895930e+04
4.978552297589751834e+04
5.620862494200971560e+04
2.409302389912217768e+04
1.986545965440981672e+04
3.933896945861141285e+04
6.170141633243384422e+04
8.317987770119465131e+04
4.335895148312589299e+04
2.756154444056797365e+04
6.759707752041285858e+04
6.013821595779836935e+04
3.029834797157228604e+04
3.563329712413773086e+04
4.244668103579155286e+04
6.575043592665799952e+04
6.689078259277035249e+04
3.399597312237735605e+04
3.780133913788711652e+04
4.795858157767108787e+04
4.922869749289008905e+04
6.734728081034707429e+04
3.188250384947780549e+04
4.006514017986109684e+04
5.706246707259217510e+04
2.686997838094415783e+04
5.371844930044411012e+04
4.669230053033182776e+04
4.910849400763031008e+04
6.347562609249166417e+04
3.461163459029936348e+04
7.257917974678616156e+04
4.162221580014472420e+04
4.177382837665917759e+04
4.629171953703002509e+04
3.681114681328449660e+04
3.181127613311881578e+04
3.662647703085286776e+04
4.555014253953743901e+04
3.082128989395259123e+04
2.345977438281025388e+04
3.932127001263694547e+04
2.096303032577518388e+04
3.267627211196113785e+04
3.746116272087757534e+04
5.819023632303165505e+04
3.663148042207425897e+04
4.973168339330324670e+04
3.876758693782278715e+04
5.871830862500732474e+04
6.481984502419808996e+04
2.773860903218399471e+04
4.747372068150425912e+04
6.619629231956462900e+04
4.777974718004926399e+04
3.391889597977765516e+04
2.128855695535905397e+04
4.705701854466156510e+04
5.403557770590584551e+04
4.534254640774136351e+04
3.242806113280794307e+04
5.108411288665243774e+04
5.703361760482936370e+04
5.449156419268602622e+04
7.062504129457703675e+04
1.672557323502878717e+04
4.457641728931722901e+04
3.292417932766770537e+04
3.330047268389587407e+04
3.289542222616928484e+04
5.830621447460431227e+04
6.000066048048257653e+04
7.337591929374779284e+04
4.373821121538005536e+04
5.809425194484676467e+04
3.128263284440364805e+04
1.046106366456251635e+04
1.137560757901535544e+04
3.803971219912220840e+04
4.137678810490455362e+04
2.786891899925893813e+04
3.875325341010068223e+04
2.084827516214223579e+04
3.459266944937525750e+03
1.438986613688907528e+04
6.216667951705653832e+04
1.846085094368992577e+04
7.679804239048014097e+03
1.441693379346258735e+04
2.641455382553926756e+04
2.142736914961208095e+04
4.061094288251720718e+04
5.796103931743613794e+04
1.993003006998881028e+04
2.038274410297835493e+04
6.299984411187870137e+04
3.554425483680150501e+04
9.217969159360016420e+03
1.548375536174361332e+04
2.567820158856244234e+03
4.093014794851710030e+04
5.313635625932772382e+04
3.615313600287507143e+04
6.700762270474059733e+03
8.016194088432435819e+03
2.876134309134135947e+03
6.374616185510478681e+04
1.900625777299156471e+04
1.383387560426637720e+03
4.043634139155978482e+04
1.228247746404116879e+04
3.624237812752618629e+04
1.053307054370784681e+04
3.766007532578970131e+04
7.107648786743139499e+04
1.787667086548360749e+04
8.178760362579148205e+04
2.864847914041619515e+04
1.403586951052252698e+04
4.010087949650779046e+04
3.096296912792589865e+04
2.453613085735310597e+04
3.338231949226153665e+04
2.690642300198711746e+04
8.802519430082131294e+03
2.116732286545617535e+04
4.971836717663655872e+04
1.823572467118422355e+04
1.303643995531295695e+04
1.672900307593122488e+04
2.337290417845500633e+04
1.578582989586823896e+04
3.311107482603360404e+04
4.355859302552598092e+04
2.665568423527440973e+04
2.346949772995641251e+04
3.988819821299921023e+04
2.952085506590513614e+04
1.743570343995789517e+04
2.231630284959691198e+04
1.130888762657449479e+04
4.186185699356603436e+04
4.052751685366331367e+04
3.264145392117788288e+04
4.629977500200900067e+03
1.794571446205250686e+04
1.661950448749578936e+04
6.100681281585973920e+04
2.544240689997178561e+04
1.247284928319092796e+04
4.156656124429521151e+04
1.495639299399898118e+04
2.870642984967045049e+04
7.530389215139034604e+03
2.257731724332199519e+04
4.461228437312065216e+04
2.516140846374957619e+04
7.247169940068593132e+04
2.453473181577716969e+04
3.120218112503598240e+04
4.336385297761914262e+04
1.685045625740959804e+04
2.048412194564539823e+04
2.233646695055542659e+04
7.426194674587121881e+03
1.829027805156542308e+04
5.902952000326728739e+04
2.075397221611065470e+04
2.604877592399585410e+04
1.087147498496671506e+04
1.327261551432490523e+04
2.079451185669185361e+04
4.367231198692880571e+04
4.991721253162619541e+04
2.116436677838538162e+04
2.293671021870078403e+04
4.568301896892163495e+04
3.980836094672344188e+04
1.461189779245720274e+04
1.851520709818573960e+04
1.578950374358241243e+04
4.300379701731913519e+04
5.088859529614634812e+04
2.100404119322392944e+04
1.691290346516488353e+04
2.430364702160167872e+04
2.192947361792112133e+04
6.774521863120385387e+04
2.071004394361095183e+04
1.405710420253375923e+04
3.336385861660585215e+04
1.067811205988888105e+04
3.658681573711179954e+04
2.544823869691987420e+04
3.323959865757992520e+04
5.905877964935304044e+04
2.226542779679840896e+04
6.684564591558200482e+04
2.739279429940206319e+04
3.234053789880243130e+04
3.521084442761482205e+04
5.376267571949860576e+04
7.184416562287346096e+03
3.066546317488692875e+04
7.332929809297080283e+03
6.002499960570011899e+04
3.587886090682155918e+04
5.690611395018182520e+04
2.762292018373992323e+04
4.091518533354323881e+04
3.896376614412092749e+04
4.844755120583956887e+04
5.890825841373861476e+04
7.642664371125225443e+03
6.011207820618506230e+04
6.129477544255151588e+04
3.631040656012846011e+04
4.418469200708755670e+04
5.571611028447990975e+03
4.422851674267992348e+04
4.293573321104130446e+04
5.299826993942268018e+04
5.984621825780285872e+04
5.054187069404339127e+04
5.914676279762703052e+04
5.477864522536699951e+04
6.997030727564681729e+04
8.854268633454959854e+03
4.022117804533468734e+04
4.406437694838394236e+03
2.763779822402861464e+04
3.705499736785281129e+04
5.688534710501541849e+04
6.180316612512135180e+04
9.726535693397466093e+04
4.787633447841207089e+04
3.354877493485307059e+04
3.575032038318268314e+04
4.928423678009463765e+04
5.301898333070703666e+04
2.169227226820587384e+04
3.833806201252884057e+04
1.816951013165870245e+04
1.721743665330114527e+04
2.767132802882595934e+04
3.853857383432731149e+04
4.051355684318378917e+04
5.338758640152429143e+04
2.304431686833248386e+04
2.412896875083090708e+04
3.935266040570285986e+04
2.206394839089778907e+04
5.516324513904713967e+04
3.986004907171972445e+04
9.591112148485332000e+03
4.587657463553367415e+04
1.990993248389450309e+04
4.698615116883572773e+04
2.936070624289266925e+04
1.557958173105069727e+04
5.833361555329825933e+04
3.751935824621461506e+04
5.653444925141170097e+04
5.293231420161695860e+04
5.455505411592753080e+04
2.199796457182531231e+04
4.280149395912072214e+04
3.112030648271851533e+04
3.928208405674067762e+04
5.653317685901243749e+03
4.278037486564255960e+04
3.387780481709466403e+04
6.132724112476267328e+04
5.079574848916423798e+04
6.130366855205380853e+04
1.674524571760122490e+04
1.992746816419462266e+04
2.794683116641373636e+04
2.525522133179449884e+04
2.358344292072994358e+04
6.641019270822028921e+04
4.661171837642957689e+04
4.981467324770782579e+04
1.087087234271379930e+04
1.622820292590942699e+04
3.395960012429013295e+04
5.089966074898607621e+04
7.604739172146021156e+04
2.736545923853041313e+04
3.141635764732547250e+04
7.012232490321282239e+04
4.873698003591676388e+04
3.132846794296776352e+04
2.457017988836160293e+04
3.216284753101020760e+04
5.293371313023135735e+04
6.313858033508615335e+04
3.515228582803477912e+04
2.791087111113534047e+04
3.682298589435376925e+04
4.004738356703713362e+04
7.656023131896133418e+04
2.574253085458104397e+04
2.990360855402073139e+04
3.750673392782732844e+04
9.844185876237643242e+03
4.581690277184557635e+04
3.573170774793851888e+04
3.637820680810497288e+04
6.839180531583436823e+04
3.181392068953107810e+04
6.365719731429443345e+04
3.088613407327002642e+04
3.942598033309023594e+04
3.223070749579093899e+04
2.822760099964743131e+04
5.173311219013036316e+04
3.790751333105949016e+04
6.390899688885236537e+04
1.597109903200328699e+04
2.724615908067183773e+04
3.295754054020005424e+04
6.420647008380074112e+04
7.511451001425643335e+04
4.384383710639132187e+04
3.763877026297418342e+04
6.244179987571771198e+04
6.783481600758459535e+04
3.014988084700824402e+04
2.460334818979633928e+04
4.296929573068588070e+04
6.772836192737495003e+04
5.442520868525042897e+04
2.166202401889306930e+04
3.917578710917206627e+04
4.890081763321380276e+04
5.395415074652479962e+04
7.283468037176203507e+04
2.978583697202409894e+04
4.173106063838938280e+04
4.588576472519181698e+04
1.522781178719335185e+04
3.965441063482829486e+04
4.525183912909841456e+04
3.852700298510082939e+04
5.620778707352744095e+04
4.376917233293093159e+04
7.535066711176937679e+04
2.982226391126708768e+04
1.963582519326179317e+04
4.003746603826852152e+03
4.103690677275096823e+04
2.307375954993139021e+04
3.413129285891915060e+04
1.738692689343167876e+04
3.132525515652573813e+04
3.170992877037975632e+04
3.296559063060904737e+04
5.359740645200738072e+04
3.205444411650161783e+03
2.995929376820323523e+04
5.592420407001121202e+04
2.274328075444851493e+04
2.777132795339553559e+04
1.446930837081555183e+03
2.619918541018559335e+04
2.917415036242240603e+04
3.415408338147090399e+04
5.047820085581294552e+04
2.621600285529936446e+04
3.059155185472522862e+04
3.086022066479821660e+04
5.934338254248785961e+04
5.063443734679680347e+03
2.247278961682404770e+04
8.310008823536307318e+03
1.620733568504377763e+04
1.861819854232171929e+04
3.672509522676932102e+04
4.407786066403241421e+04
7.406276791991443315e+04
2.575084788349498922e+04
3.384614439439507987e+04
1.967890638946307445e+04
1.394074632924022808e+04
5.969066013423563709e+04
1.876983008987381618e+04
1.388704272299028707e+04
1.548317726468745968e+04
2.294694488168950193e+04
1.745534337506195516e+04
3.804876992872586561e+04
5.228394045884399384e+04
1.918582815752596798e+04
2.427670658520689176e+04
5.103194950784296088e+04
3.412852319132888078e+04
1.024212067048001336e+04
1.459106630534296892e+04
3.988585991380209634e+03
4.079820150899892178e+04
4.841068778451516846e+04
2.519021145081949362e+04
1.149445908893157321e+04
1.753755619007489076e+04
9.859212747177289202e+03
6.577553269260832167e+04
1.751021094855605770e+04
5.568045906875745459e+03
3.292699292510760279e+04
1.447669549419598115e+04
3.358077977920345438e+04
1.708984746201746020e+04
3.789510626932464947e+04
7.049594796792304260e+04
2.142294066193516483e+04
7.070502748541784240e+04
2.884083582309301710e+04
3.701541320230419660e+04
2.160454369202109592e+04
2.717433707843274169e+04
1.339866858987314117e+04
2.735842230971152821e+04
2.171319324644642256e+04
2.988590815622928130e+04
5.301494621745945187e+04
3.292789476371372530e+03
2.448186432983991472e+04
5.063107582250331325e+04
2.133919067659820939e+04
2.085958784205168922e+04
2.465673065997782942e+03
2.015808422744292329e+04
2.750170757648345898e+04
3.210259433306587380e+04
3.779368359592270281e+04
1.913722945024190994e+04
2.322165311180338176e+04
2.411358647637484319e+04
5.483084825635886955e+04
3.560065225581452978e+03
1.564805012678145613e+04
9.098055231692271263e+03
1.085210107954911837e+04
1.855773803037260222e+04
3.030953298704534245e+04
3.954765837886925146e+04
6.916893339410435874e+04
2.001758160007725746e+04
4.066110365784339228e+04
1.610364571130618424e+04
4.115265272759318032e+04
6.085011769311936223e+04
5.604163359063239477e+04
7.120945739484060323e+04
3.965014323998896725e+04
4.079698722448650369e+04
4.482948426190784085e+04
4.485596789818378602e+04
7.111484260470047593e+04
4.996323407573613804e+04
3.210629023206951388e+04
5.088995973383756063e+04
3.600275728733104188e+04
6.826833069616611465e+04
4.842279978639545880e+04
2.137750415564707509e+04
5.246069151558694284e+04
6.015325905497689382e+04
7.503024108249350684e+04
7.367389818816291518e+04
5.069325776906880492e+04
3.764611011581306229e+04
6.598249402943183668e+04
5.992956711162724241e+04
5.360296690461594699e+04
1.670299080203044286e+04
6.027480605401590583e+04
4.470226626662990020e+04
5.934382060190355696e+04
6.744982092427338648e+04
8.701920257639349438e+04
2.829475630759464548e+04
1.945160929526707696e+04
3.331073675556096714e+04
4.650686365588158515e+04
2.344917050574974928e+04
3.921682313400667044e+04
4.049037998913641059e+04
2.417503134223466986e+04
3.917822639190971677e+04
5.854429333194548235e+04
2.542344903730435908e+04
2.126353968187847204e+04
1.859286263664834405e+04
2.272037030414841865e+04
4.424471440352057107e+04
3.091178873136960465e+04
2.910285481039379374e+04
1.962856450089535065e+04
3.010440504297142252e+04
2.577086511071016503e+04
5.907333199869749660e+04
2.449870754575329192e+04
2.026894938327829732e+04
3.772707598605712701e+04
3.144165988670419756e+04
2.124465459465915774e+04
2.583027463376934611e+04
4.375064193909356982e+04
5.779749708797559288e+04
3.151999573568521009e+04
7.396657370955310762e+04
3.075324021732358960e+04
3.276983675402482913e+04
4.637152471240331215e+04
2.487873270568337830e+04
4.220098626882106328e+04
5.262555566385672137e+04
3.295141162920117495e+04
3.785324578830727842e+04
5.685745869993006636e+04
3.480252441094406822e+04
1.801010244957344185e+04
2.879925714753969805e+04
9.345039220335187565e+03
5.003382060689008358e+04
4.956110548006864701e+04
5.652299562398027047e+04
8.223373827123297815e+03
1.631164184898352687e+04
6.570075620594934662e+03
6.950177889099629829e+04
3.235652798303935560e+04
7.078718485892266472e+03
5.992469898125804320e+04
2.960232903282481129e+04
3.512092790226025681e+04
1.159557197013282166e+04
4.974820095823713928e+04
8.714891042566286342e+04
3.485679918175121566e+04
1.009381007421247050e+05
3.734000630885562714e+04
1.410113991575122418e+04
2.797311329541508894e+04
3.640278076334331126e+04
5.670648241054985556e+04
1.750379382506394177e+04
1.945908046129809372e+04
6.206300840407479700e+04
3.420914251874700130e+04
2.260809886157879009e+04
1.359927449636515121e+04
2.187622468434541952e+04
3.717302397122378170e+04
5.124468630640072661e+04
2.788923655330429392e+04
1.377135255963110831e+04
1.752760306731751552e+04
2.492580882118824957e+04
5.941636335633356794e+04
1.642697475853496871e+04
1.685227762571943458e+04
3.215119640610102942e+04
5.973987271183564189e+02
3.617206180626080459e+04
2.735161844603844293e+04
2.663770419136674900e+04
5.516615979361649079e+04
2.452158965403963157e+04
6.733909084471054666e+04
2.165650606225983211e+04
3.307271879654549411e+04
5.410880686209689884e+04
7.270106227180507267e+04
2.977737862829190271e+04
3.205920371118964249e+04
5.812264123382436082e+04
5.149504585860886436e+04
2.876127650009257923e+04
2.803711249798035715e+04
3.351971546584882890e+04
5.734886117181119334e+04
7.016424440137346392e+04
3.772918798456736840e+04
2.725362611968028068e+04
4.005285767660662532e+04
3.984552674476165703e+04
6.863699608043281478e+04
2.796302511791103461e+04
2.939890274931302702e+04
4.467987286361959559e+04
1.457913689874938791e+04
5.081339678508845100e+04
3.856954467311820190e+04
4.022714136414086533e+04
7.015043772263116261e+04
3.373672091035662015e+04
8.031628747743440908e+04
3.724207835432620050e+04
3.853486016432194447e+04
4.358269109061777272e+04
3.216399889740589060e+04
4.610616528089193162e+04
2.126547474119492108e+04
3.345716027312017832e+04
2.188146023315804268e+04
2.430361142208108868e+04
2.499817487763742247e+04
5.021249680194647226e+04
3.643228992121686315e+04
2.915974228927979493e+04
2.305711531437119629e+04
4.307833200671206578e+04
3.223727127020684566e+04
6.444966639328157908e+04
2.539902688998333178e+04
2.335422478918865818e+04
4.097689836220596771e+04
2.741329587800573427e+04
2.530491929414545302e+04
2.776474743515265436e+04
3.997631235732984351e+04
6.362519582529759646e+04
4.223112566838756902e+04
6.633793533659573586e+04
2.891094004948677684e+04
3.577135248037639394e+04
3.330624807906182832e+04
5.105795524462847243e+04
4.884400661254603619e+04
1.804587261114246212e+04
4.830952980899859540e+04
2.848607472505930491e+04
4.696411031362247741e+04
3.166141976416725811e+04
3.243687058490807249e+04
7.214837173658993561e+04
3.660292342916563211e+04
5.248898340534259478e+04
5.192333112888635515e+04
4.142957582227262901e+04
3.255319705810966843e+04
4.317701906484134815e+04
5.209240034771521459e+04
3.528761918327225430e+04
2.206543425174716322e+04
4.413255234821365593e+04
2.085282058802418760e+04
4.611151814404324250e+04
4.738115602185452735e+04
9.204008631083884393e+04
2.299016704928974286e+04
5.412699582858251961e+04
7.513154724435581011e+04
5.071189174191282655e+04
2.779423081664458732e+04
6.142118558833819407e+04
4.888023902289335092e+04
6.349442474247670907e+04
5.422922764824501064e+04
3.310443755587421765e+04
6.394241052336130815e+04
5.548900706251054362e+04
7.743975526031026675e+04
7.188354511670100328e+04
4.464009291865318664e+04
5.411889321995290811e+04
6.334400829702330520e+04
6.383024108066836925e+04
5.629342436270529288e+04
3.107314119522473266e+04
6.008839163457862742e+04
2.999685783242905018e+04
3.501013475623775594e+04
6.344290245311926992e+04
8.991154109527777473e+04
4.820372677428515453e+04
2.856803647197619284e+04
5.497584742954968533e+04
1.943930901711290790e+04
2.898678025476557377e+04
2.930202024672722473e+03
2.674780822775299021e+04
2.688900495340968337e+04
3.765027309935312951e+04
6.263678944353049155e+04
2.464546726149972528e+04
3.024266316052174807e+04
3.012319972165593572e+04
5.800632579030726629e+04
4.814297220327388459e+03
2.170655795620143545e+04
8.385407722788828323e+03
1.537950424060081787e+04
2.105258143584697245e+04
3.781242441600471648e+04
4.398303291093164444e+04
8.136430047568364535e+04
2.301401815995848665e+04
3.510432382450567093e+04
2.312652073073270003e+04
9.330600639937087544e+04
4.666655170672321401e+04
2.818425878965035736e+04
2.583196024605590355e+04
2.710066463900120652e+04
4.439955431458759995e+04
6.837457079373644956e+04
5.257399179301878030e+04
1.905319667432369897e+04
2.392745989330430166e+04
2.842604943734774133e+04
6.323471804635318404e+04
3.074045581689229948e+04
2.235775875627799542e+04
6.009328363560679281e+04
1.252368360999680226e+04
5.004164261250484560e+04
2.929050053988955915e+04
4.330414877608407551e+04
7.321728812245224253e+04
1.394417662771436881e+04
9.700222872827929677e+04
3.134183143107121577e+04
4.057729055324730871e+04
6.150561807441672136e+04
5.285739532745221368e+04
7.161606939030216017e+04
5.525173020980790898e+04
5.217169720778059855e+04
6.584335045880073449e+04
5.738920872946004965e+04
1.045436412813228962e+05
8.549244761596144235e+04
5.712699424286947760e+04
5.066748171996486053e+04
6.824331942712156160e+04
6.202705114917516039e+04
6.263477247029043065e+04
4.552411560024062055e+04
6.537701066913422983e+04
4.969681130837067030e+04
7.322742824769267463e+04
7.387290692279612995e+04
8.565306992873757554e+04
4.395836924410132633e+04
4.379246588006040838e+04
2.058700153145703007e+04
4.345073316385657381e+04
2.650434313442058192e+04
2.460037989669697708e+04
8.119142642504088872e+04
3.110996362697741642e+04
4.849059621853310819e+04
4.665385733320633153e+04
3.999973130264621432e+04
2.413434654235558264e+04
3.825577354394891881e+04
3.661600504956423538e+04
3.266397593200561823e+04
1.098360123719638432e+04
4.379865821072023391e+04
2.665452571711787823e+04
6.623151870740625600e+04
3.921200037001576857e+04
6.955959747272889945e+04
2.402846664487153976e+04
2.082292792622891284e+04
9.199941837775446402e+03
5.052707428727452498e+04
5.373578456153460138e+04
2.161230345224577104e+04
1.813995926522310765e+04
2.084568614033256745e+04
1.349505110405020241e+04
6.200657567128924711e+04
2.258856339150891290e+04
1.167657883777275310e+04
4.404423283672876278e+04
1.967398099397967599e+04
3.860032636032549635e+04
2.238635878105765005e+04
4.639601141289349471e+04
6.880055803351610666e+04
2.550793261428384722e+04
8.093714990654186113e+04
3.102625617868420522e+04
2.111871161758225207e+04
2.985744003387562043e+04
2.735367366119650251e+04
3.492342175834243244e+04
2.031136632260231272e+04
2.572989043398719150e+04
2.469720954488668940e+04
5.464431195197349007e+04
3.861765192087881587e+03
1.769252589170370629e+04
7.452865247509007531e+03
1.170525777693074997e+04
1.528316326525769182e+04
3.172669062461958674e+04
3.855144659958439297e+04
6.444901628709890792e+04
2.146011612416051503e+04
3.844780522716479027e+04
1.959340087380812474e+04
5.111247376057501242e+04
5.774629849760040815e+04
3.722854146281239809e+04
9.276247019604581510e+03
1.206221120621364389e+04
4.419882993366818482e+03
7.822126452028266795e+04
2.472395958660355245e+04
3.373029550856330388e+03
4.731654897402673669e+04
1.924050679450474854e+04
4.078193849085234251e+04
1.273305794574639731e+04
4.619078447339840204e+04
7.968775592404487543e+04
2.644584407104711863e+04
8.913815765111133805e+04
3.341966847023631271e+04
4.314200146969017806e+04
8.815755616997256584e+04
4.068873120654194645e+04
4.858823023334181926e+04
5.273961301021657709e+04
5.818571883145355969e+04
3.055647549244601760e+04
4.450487835211306810e+04
4.382200844196596154e+04
3.492408723366314371e+04
3.313981401636892406e+04
5.413437793366609549e+04
3.939005684934888995e+04
7.630977238598433905e+04
3.395599108466733014e+04
6.627770412295107963e+04
2.231420036861753033e+04
5.614584346679622104e+04
5.121209729288323433e+04
6.765627207155304495e+04
6.566810568182525458e+04
6.342420485388595262e+04
3.620702635912841652e+04
5.506378055660704558e+04
4.763729405312207382e+04
4.965614336008523969e+04
8.953103028691408326e+03
5.381463705813537672e+04
3.731115128010962508e+04
5.211508471079249284e+04
6.160088163261600130e+04
8.238209389804996317e+04
2.846535694660711306e+04
4.433644290583649126e+04
5.796583343885354407e+04
5.095630445239052642e+04
8.637589755038736621e+04
4.385490281627469085e+04
3.965100175847245555e+04
5.577772935352414788e+04
2.856035698772423711e+04
4.216522181822518178e+04
4.909412447332954616e+04
4.583411157607009227e+04
6.163882843547244556e+04
5.546613235288451688e+04
8.324145556428276177e+04
4.072416299035596603e+04
7.064576541001804799e+03
8.853167535018903436e+03
6.173008549671871151e+04
2.494740545108876904e+04
6.811649652059134496e+03
5.345436779068769101e+04
1.142343131928132061e+04
3.361488754753155808e+04
3.751253195896393663e+03
2.584597565575519184e+04
5.724758829274685559e+04
2.114806001086293327e+04
9.514535041196719976e+04
2.718317319186456007e+04
7.497078602950112327e+03
7.454755941104350495e+04
3.047310846723353461e+04
7.770977142928211833e+03
6.275529178193670668e+04
1.435305893939556699e+04
5.012231417954797507e+04
1.154775713856969742e+04
4.470088135296120890e+04
8.228273614722823550e+04
2.910362677916629036e+04
1.081233443171208637e+05
3.529779986302938050e+04
7.785252107796007476e+04
2.923906972364772810e+04
2.796485921077034618e+03
5.770752714578418818e+04
2.149198810240289458e+04
4.650059012474531482e+04
1.175374122310032544e+04
5.022307844376722642e+04
8.762230950152568403e+04
2.843964953210349631e+04
1.060432472165818035e+05
3.801053732972769649e+04
5.109896547149308753e+04
6.748557068234978942e+04
7.369155983543033653e+04
5.787144677447361755e+04
5.324796583290825220e+04
7.732833612298831576e+04
4.456510980420585838e+04
7.095584533231551177e+04
6.770897538713252288e+04
1.017616783170361305e+05
5.253739670730139187e+04
2.038387470020768524e+04
9.753600363661545998e+03
1.539880492169500212e+04
2.110809857277003903e+04
3.556779521712859423e+04
4.185285821974110149e+04
7.116001926472487685e+04
2.511008374675101368e+04
4.072748694097992848e+04
1.996444023482249395e+04
4.244609594534929056e+04
1.438282571850044405e+04
3.855573807232247782e+04
1.065914572902986401e+04
4.100058498756849440e+04
7.981778031211625785e+04
2.159357547135830828e+04
8.461121243090121425e+04
2.924762612571899081e+04
3.160383341152557114e+04
3.725328821694706130e+04
5.877284569519583602e+04
6.179202668169677781e+04
9.594753580247370701e+04
4.634832660349651997e+04
2.677894055081436818e+04
3.430743766784766922e+04
3.528016810986248311e+04
2.321431943775877517e+04
2.599759214028478891e+04
5.621995085009276227e+04
1.653296287253792980e+04
6.593454886005549633e+04
1.907807771250059886e+04
3.872848276841594634e+04
3.122708911752334097e+04
5.067099333940999350e+04
4.390233040710316709e+04
7.054809120109751530e+04
1.984145488412676787e+04
3.443729762975144695e+04
6.052766319015089539e+04
3.375341338264664955e+04
9.656235732471883239e+04
3.218053576870323013e+04
1.191148939514209997e+04
4.676225624415856146e+04
9.355662196624692297e+04
2.708368096181682267e+04
7.280531019640316663e+04
1.198649454798714141e+05
4.973839539931026957e+04
7.177604052926959412e+04
2.962124613919193143e+04
5.487607889055628038e+04
