2.700000000000000000e+01 3.400000000000000000e+01 8.669081679975883858e+00 2.000000000000000000e+00
9.000000000000000000e+00 2.400000000000000000e+01 1.173140554281261139e+01 2.000000000000000000e+00
7.000000000000000000e+00 2.500000000000000000e+01 1.258623904095775714e+01 2.000000000000000000e+00
4.300000000000000000e+01 4.500000000000000000e+01 1.370762839918886300e+01 2.000000000000000000e+00
4.000000000000000000e+00 4.600000000000000000e+01 1.395630551796563168e+01 2.000000000000000000e+00
3.000000000000000000e+00 2.100000000000000000e+01 1.697387134152523203e+01 2.000000000000000000e+00
3.900000000000000000e+01 5.500000000000000000e+01 1.843299555815238122e+01 2.000000000000000000e+00
2.200000000000000000e+01 2.800000000000000000e+01 1.948094017971087766e+01 2.000000000000000000e+00
5.700000000000000000e+01 6.800000000000000000e+01 1.980814312668886856e+01 2.000000000000000000e+00
1.500000000000000000e+01 7.500000000000000000e+01 2.169212493304497613e+01 3.000000000000000000e+00
4.000000000000000000e+01 7.900000000000000000e+01 2.174888642196751576e+01 3.000000000000000000e+00
4.100000000000000000e+01 7.600000000000000000e+01 2.289512845754261861e+01 3.000000000000000000e+00
1.200000000000000000e+01 7.800000000000000000e+01 2.291644758198719245e+01 3.000000000000000000e+00
3.700000000000000000e+01 6.000000000000000000e+01 2.370446579956840694e+01 2.000000000000000000e+00
5.900000000000000000e+01 7.400000000000000000e+01 2.376353472138270106e+01 2.000000000000000000e+00
1.900000000000000000e+01 7.000000000000000000e+01 2.433372637498006341e+01 2.000000000000000000e+00
6.200000000000000000e+01 8.600000000000000000e+01 2.518897261219040828e+01 4.000000000000000000e+00
2.900000000000000000e+01 3.600000000000000000e+01 2.669313782454545603e+01 2.000000000000000000e+00
2.300000000000000000e+01 7.100000000000000000e+01 2.673597811748548025e+01 2.000000000000000000e+00
7.700000000000000000e+01 8.100000000000000000e+01 2.721133389954961501e+01 4.000000000000000000e+00
1.800000000000000000e+01 2.600000000000000000e+01 2.756203829581681575e+01 2.000000000000000000e+00
3.000000000000000000e+01 5.000000000000000000e+01 2.787083213166532758e+01 2.000000000000000000e+00
3.200000000000000000e+01 4.800000000000000000e+01 2.811357151675135668e+01 2.000000000000000000e+00
5.800000000000000000e+01 8.700000000000000000e+01 2.819274717553557608e+01 4.000000000000000000e+00
6.700000000000000000e+01 9.100000000000000000e+01 2.827005338276953950e+01 5.000000000000000000e+00
4.400000000000000000e+01 6.100000000000000000e+01 2.866459066120989618e+01 2.000000000000000000e+00
6.000000000000000000e+00 6.400000000000000000e+01 2.882598747560105679e+01 2.000000000000000000e+00
3.800000000000000000e+01 9.400000000000000000e+01 3.089620515626378250e+01 5.000000000000000000e+00
8.300000000000000000e+01 9.000000000000000000e+01 3.093641989666032543e+01 4.000000000000000000e+00
2.000000000000000000e+00 6.300000000000000000e+01 3.123546366477642522e+01 2.000000000000000000e+00
4.700000000000000000e+01 5.600000000000000000e+01 3.234834116000730830e+01 2.000000000000000000e+00
8.500000000000000000e+01 9.600000000000000000e+01 3.394284906580665506e+01 5.000000000000000000e+00
3.500000000000000000e+01 8.900000000000000000e+01 3.439643877998909005e+01 3.000000000000000000e+00
1.300000000000000000e+01 7.300000000000000000e+01 3.615532094997693946e+01 2.000000000000000000e+00
5.100000000000000000e+01 8.400000000000000000e+01 3.739112668579409160e+01 4.000000000000000000e+00
5.400000000000000000e+01 1.070000000000000000e+02 3.740295423773810768e+01 4.000000000000000000e+00
3.100000000000000000e+01 9.200000000000000000e+01 3.759945847126009966e+01 3.000000000000000000e+00
5.200000000000000000e+01 9.300000000000000000e+01 3.857520913890647307e+01 3.000000000000000000e+00
6.900000000000000000e+01 9.900000000000000000e+01 3.930808529356899328e+01 6.000000000000000000e+00
9.800000000000000000e+01 1.090000000000000000e+02 4.312124108349816254e+01 8.000000000000000000e+00
8.200000000000000000e+01 1.020000000000000000e+02 4.466747347551523006e+01 7.000000000000000000e+00
6.500000000000000000e+01 1.060000000000000000e+02 4.495834994996709355e+01 6.000000000000000000e+00
1.000000000000000000e+00 5.300000000000000000e+01 4.628628719433066863e+01 2.000000000000000000e+00
5.000000000000000000e+00 1.100000000000000000e+01 4.887324723014658190e+01 2.000000000000000000e+00
6.600000000000000000e+01 9.700000000000000000e+01 4.963942748476502231e+01 3.000000000000000000e+00
1.010000000000000000e+02 1.080000000000000000e+02 5.052368065395882013e+01 4.000000000000000000e+00
1.030000000000000000e+02 1.100000000000000000e+02 5.158772200597851310e+01 8.000000000000000000e+00
1.110000000000000000e+02 1.160000000000000000e+02 5.301938654361020298e+01 9.000000000000000000e+00
4.200000000000000000e+01 1.170000000000000000e+02 6.021523887641789941e+01 3.000000000000000000e+00
4.900000000000000000e+01 1.120000000000000000e+02 6.242798523403369870e+01 4.000000000000000000e+00
1.600000000000000000e+01 1.700000000000000000e+01 6.310412401395293358e+01 2.000000000000000000e+00
1.040000000000000000e+02 1.130000000000000000e+02 6.439160550279254380e+01 8.000000000000000000e+00
0.000000000000000000e+00 1.180000000000000000e+02 6.470703436441161216e+01 3.000000000000000000e+00
1.000000000000000000e+02 1.210000000000000000e+02 6.563816274145749219e+01 1.000000000000000000e+01
9.500000000000000000e+01 1.190000000000000000e+02 6.588217340130753996e+01 5.000000000000000000e+00
1.050000000000000000e+02 1.290000000000000000e+02 7.784766799047541497e+01 7.000000000000000000e+00
1.220000000000000000e+02 1.240000000000000000e+02 8.036510469945724822e+01 1.300000000000000000e+01
1.140000000000000000e+02 1.260000000000000000e+02 8.978024248423284348e+01 1.600000000000000000e+01
1.200000000000000000e+02 1.320000000000000000e+02 9.462493605066990199e+01 2.000000000000000000e+01
7.200000000000000000e+01 1.280000000000000000e+02 9.812506751387066117e+01 1.100000000000000000e+01
3.300000000000000000e+01 1.150000000000000000e+02 1.061209107309150852e+02 8.000000000000000000e+00
8.000000000000000000e+00 1.310000000000000000e+02 1.092130181008204346e+02 1.400000000000000000e+01
1.250000000000000000e+02 1.330000000000000000e+02 1.249733078861441271e+02 2.200000000000000000e+01
1.400000000000000000e+01 1.370000000000000000e+02 1.400629427975034957e+02 2.300000000000000000e+01
1.270000000000000000e+02 1.360000000000000000e+02 1.476779815012915833e+02 1.700000000000000000e+01
1.230000000000000000e+02 1.340000000000000000e+02 1.556464323321824281e+02 1.400000000000000000e+01
2.000000000000000000e+01 1.300000000000000000e+02 1.686628334066183754e+02 8.000000000000000000e+00
1.350000000000000000e+02 1.390000000000000000e+02 2.006883559907081462e+02 2.500000000000000000e+01
1.380000000000000000e+02 1.400000000000000000e+02 2.012232244314281502e+02 3.700000000000000000e+01
8.800000000000000000e+01 1.420000000000000000e+02 2.706449644923867481e+02 2.700000000000000000e+01
8.000000000000000000e+01 1.430000000000000000e+02 3.125272908890304393e+02 3.900000000000000000e+01
1.410000000000000000e+02 1.450000000000000000e+02 3.611655231190528639e+02 4.700000000000000000e+01
1.000000000000000000e+01 1.460000000000000000e+02 6.310250084633725010e+02 4.800000000000000000e+01
1.440000000000000000e+02 1.470000000000000000e+02 7.827545266408452562e+02 7.500000000000000000e+01
