1.200000000000000000e+01 6.400000000000000000e+01 3.697933217014534080e+01 2.000000000000000000e+00
7.100000000000000000e+01 8.300000000000000000e+01 3.988506812713382743e+01 2.000000000000000000e+00
6.300000000000000000e+01 1.050000000000000000e+02 4.386446698821801959e+01 2.000000000000000000e+00
3.700000000000000000e+01 1.090000000000000000e+02 4.883952634562731276e+01 3.000000000000000000e+00
2.800000000000000000e+01 7.000000000000000000e+01 5.018865921668481178e+01 2.000000000000000000e+00
5.400000000000000000e+01 1.070000000000000000e+02 5.281249039205775375e+01 2.000000000000000000e+00
1.100000000000000000e+01 1.300000000000000000e+01 5.339152562804602553e+01 2.000000000000000000e+00
2.600000000000000000e+01 1.120000000000000000e+02 5.739553586700206722e+01 4.000000000000000000e+00
2.100000000000000000e+01 2.200000000000000000e+01 5.946728783874574731e+01 2.000000000000000000e+00
9.000000000000000000e+00 2.300000000000000000e+01 5.992732667201553909e+01 2.000000000000000000e+00
4.300000000000000000e+01 1.110000000000000000e+02 6.090818874616910961e+01 3.000000000000000000e+00
9.500000000000000000e+01 1.100000000000000000e+02 6.248311169247863006e+01 3.000000000000000000e+00
3.100000000000000000e+01 6.800000000000000000e+01 6.695563300065511214e+01 2.000000000000000000e+00
8.100000000000000000e+01 8.700000000000000000e+01 6.891724320111700308e+01 2.000000000000000000e+00
3.000000000000000000e+00 8.000000000000000000e+01 7.239024157650055713e+01 2.000000000000000000e+00
2.000000000000000000e+00 1.080000000000000000e+02 7.441713822065334227e+01 2.000000000000000000e+00
3.200000000000000000e+01 7.500000000000000000e+01 7.634822386140098160e+01 2.000000000000000000e+00
1.190000000000000000e+02 1.200000000000000000e+02 7.691493825999708633e+01 6.000000000000000000e+00
6.000000000000000000e+00 9.300000000000000000e+01 7.933856559691788846e+01 2.000000000000000000e+00
4.800000000000000000e+01 7.700000000000000000e+01 8.144662272753764398e+01 2.000000000000000000e+00
4.600000000000000000e+01 9.200000000000000000e+01 8.188501529821391500e+01 2.000000000000000000e+00
8.900000000000000000e+01 1.150000000000000000e+02 8.620335068210057727e+01 3.000000000000000000e+00
3.000000000000000000e+01 3.500000000000000000e+01 9.011974037756013445e+01 2.000000000000000000e+00
6.500000000000000000e+01 8.800000000000000000e+01 9.089369757568316288e+01 2.000000000000000000e+00
9.800000000000000000e+01 1.280000000000000000e+02 9.115857388218327628e+01 3.000000000000000000e+00
6.900000000000000000e+01 1.230000000000000000e+02 9.212064374013539236e+01 3.000000000000000000e+00
1.140000000000000000e+02 1.260000000000000000e+02 9.263059172661739638e+01 8.000000000000000000e+00
1.130000000000000000e+02 1.330000000000000000e+02 9.985139132371651272e+01 5.000000000000000000e+00
5.000000000000000000e+00 2.700000000000000000e+01 1.006492882899722190e+02 2.000000000000000000e+00
5.800000000000000000e+01 1.220000000000000000e+02 1.016312345820261385e+02 3.000000000000000000e+00
5.300000000000000000e+01 9.400000000000000000e+01 1.024472649000409632e+02 2.000000000000000000e+00
3.800000000000000000e+01 9.600000000000000000e+01 1.025301896503870438e+02 2.000000000000000000e+00
6.100000000000000000e+01 6.700000000000000000e+01 1.029556056089537890e+02 2.000000000000000000e+00
1.160000000000000000e+02 1.170000000000000000e+02 1.046654598438391588e+02 6.000000000000000000e+00
1.000000000000000000e+00 3.400000000000000000e+01 1.052650298039374093e+02 2.000000000000000000e+00
1.600000000000000000e+01 7.400000000000000000e+01 1.074847764958139464e+02 2.000000000000000000e+00
4.900000000000000000e+01 7.300000000000000000e+01 1.086528649942469826e+02 2.000000000000000000e+00
4.000000000000000000e+01 7.900000000000000000e+01 1.104038192732946158e+02 2.000000000000000000e+00
4.400000000000000000e+01 7.800000000000000000e+01 1.126662088257767778e+02 2.000000000000000000e+00
5.500000000000000000e+01 1.250000000000000000e+02 1.156308061246498653e+02 3.000000000000000000e+00
1.270000000000000000e+02 1.440000000000000000e+02 1.164746529531624759e+02 4.000000000000000000e+00
8.200000000000000000e+01 1.340000000000000000e+02 1.165875371139794083e+02 4.000000000000000000e+00
5.200000000000000000e+01 1.210000000000000000e+02 1.210363945336173686e+02 3.000000000000000000e+00
1.180000000000000000e+02 1.420000000000000000e+02 1.214627473342028168e+02 8.000000000000000000e+00
4.100000000000000000e+01 1.240000000000000000e+02 1.238386753878887419e+02 3.000000000000000000e+00
2.500000000000000000e+01 6.000000000000000000e+01 1.247670778037798556e+02 2.000000000000000000e+00
1.350000000000000000e+02 1.360000000000000000e+02 1.255966544299020171e+02 1.300000000000000000e+01
1.300000000000000000e+02 1.500000000000000000e+02 1.269179558428071033e+02 7.000000000000000000e+00
1.020000000000000000e+02 1.490000000000000000e+02 1.281594034318865454e+02 5.000000000000000000e+00
9.100000000000000000e+01 1.380000000000000000e+02 1.298843541138684259e+02 4.000000000000000000e+00
2.900000000000000000e+01 1.480000000000000000e+02 1.309298667199261956e+02 4.000000000000000000e+00
2.400000000000000000e+01 7.600000000000000000e+01 1.320868046424854469e+02 2.000000000000000000e+00
3.600000000000000000e+01 1.400000000000000000e+02 1.328087614950133002e+02 3.000000000000000000e+00
8.400000000000000000e+01 1.040000000000000000e+02 1.356360131571922807e+02 2.000000000000000000e+00
4.000000000000000000e+00 6.200000000000000000e+01 1.414940276838675857e+02 2.000000000000000000e+00
4.200000000000000000e+01 1.530000000000000000e+02 1.448948363826975765e+02 4.000000000000000000e+00
2.000000000000000000e+01 1.600000000000000000e+02 1.499709104571361422e+02 3.000000000000000000e+00
1.470000000000000000e+02 1.550000000000000000e+02 1.503994511359389605e+02 1.500000000000000000e+01
5.600000000000000000e+01 1.010000000000000000e+02 1.532665289420742170e+02 2.000000000000000000e+00
1.370000000000000000e+02 1.570000000000000000e+02 1.554572319191433962e+02 7.000000000000000000e+00
1.450000000000000000e+02 1.590000000000000000e+02 1.556381443291020048e+02 6.000000000000000000e+00
3.900000000000000000e+01 1.540000000000000000e+02 1.589183040968227374e+02 3.000000000000000000e+00
8.500000000000000000e+01 1.460000000000000000e+02 1.686509070967494779e+02 3.000000000000000000e+00
0.000000000000000000e+00 1.000000000000000000e+01 1.803722777029236113e+02 2.000000000000000000e+00
8.000000000000000000e+00 1.310000000000000000e+02 1.812007725804757570e+02 3.000000000000000000e+00
1.000000000000000000e+02 1.030000000000000000e+02 1.817599039971983927e+02 2.000000000000000000e+00
3.300000000000000000e+01 1.060000000000000000e+02 1.873586868686397224e+02 2.000000000000000000e+00
1.320000000000000000e+02 1.580000000000000000e+02 1.906201050224445339e+02 6.000000000000000000e+00
5.000000000000000000e+01 7.200000000000000000e+01 1.910513815295081486e+02 2.000000000000000000e+00
1.680000000000000000e+02 1.700000000000000000e+02 1.972888546257276232e+02 1.000000000000000000e+01
1.610000000000000000e+02 1.620000000000000000e+02 2.005497139126165962e+02 5.000000000000000000e+00
4.500000000000000000e+01 5.900000000000000000e+01 2.018154247485493897e+02 2.000000000000000000e+00
1.710000000000000000e+02 1.720000000000000000e+02 2.019300932815743295e+02 5.000000000000000000e+00
8.600000000000000000e+01 9.900000000000000000e+01 2.064756210963846002e+02 2.000000000000000000e+00
1.290000000000000000e+02 1.510000000000000000e+02 2.142480277453419149e+02 5.000000000000000000e+00
1.390000000000000000e+02 1.410000000000000000e+02 2.195984277592337719e+02 4.000000000000000000e+00
1.900000000000000000e+01 1.760000000000000000e+02 2.257839237317874108e+02 7.000000000000000000e+00
1.640000000000000000e+02 1.690000000000000000e+02 2.272980424746758672e+02 1.000000000000000000e+01
1.650000000000000000e+02 1.660000000000000000e+02 2.278906918833047257e+02 1.800000000000000000e+01
9.700000000000000000e+01 1.770000000000000000e+02 2.303844344463511504e+02 3.000000000000000000e+00
5.700000000000000000e+01 1.790000000000000000e+02 2.342334471180957678e+02 6.000000000000000000e+00
7.000000000000000000e+00 1.750000000000000000e+02 2.376442857683589125e+02 3.000000000000000000e+00
1.700000000000000000e+01 5.100000000000000000e+01 2.455113462362068049e+02 2.000000000000000000e+00
1.860000000000000000e+02 1.870000000000000000e+02 2.545165382191169385e+02 2.800000000000000000e+01
1.400000000000000000e+01 1.810000000000000000e+02 2.788437780602812950e+02 6.000000000000000000e+00
1.560000000000000000e+02 1.670000000000000000e+02 2.824331489514615328e+02 9.000000000000000000e+00
1.630000000000000000e+02 1.850000000000000000e+02 2.826386994467058003e+02 9.000000000000000000e+00
1.430000000000000000e+02 1.740000000000000000e+02 2.970635278068361345e+02 4.000000000000000000e+00
1.520000000000000000e+02 1.730000000000000000e+02 3.057816968232605745e+02 1.100000000000000000e+01
1.890000000000000000e+02 1.940000000000000000e+02 3.129527829926981326e+02 1.500000000000000000e+01
1.820000000000000000e+02 1.920000000000000000e+02 3.418051899291652376e+02 3.000000000000000000e+01
1.930000000000000000e+02 1.980000000000000000e+02 3.429479030650388722e+02 2.100000000000000000e+01
1.800000000000000000e+02 1.960000000000000000e+02 3.738922708351844904e+02 6.000000000000000000e+00
1.880000000000000000e+02 1.910000000000000000e+02 3.778262744418919965e+02 5.000000000000000000e+00
4.700000000000000000e+01 6.600000000000000000e+01 3.841653289412756749e+02 2.000000000000000000e+00
9.000000000000000000e+01 1.900000000000000000e+02 3.952488968973655119e+02 4.000000000000000000e+00
1.830000000000000000e+02 1.950000000000000000e+02 4.091269062239785512e+02 1.400000000000000000e+01
1.780000000000000000e+02 2.000000000000000000e+02 4.444589866055260927e+02 3.100000000000000000e+01
1.840000000000000000e+02 1.990000000000000000e+02 4.523396054267834074e+02 3.400000000000000000e+01
2.020000000000000000e+02 2.040000000000000000e+02 4.851035614210874201e+02 9.000000000000000000e+00
2.050000000000000000e+02 2.060000000000000000e+02 5.376871882276266206e+02 4.500000000000000000e+01
2.030000000000000000e+02 2.090000000000000000e+02 6.272111833022125893e+02 4.700000000000000000e+01
1.970000000000000000e+02 2.010000000000000000e+02 6.566010398467159348e+02 1.700000000000000000e+01
2.080000000000000000e+02 2.100000000000000000e+02 7.065152007498684270e+02 5.600000000000000000e+01
2.070000000000000000e+02 2.110000000000000000e+02 7.280286672458256589e+02 5.100000000000000000e+01
1.800000000000000000e+01 2.120000000000000000e+02 8.546953967483763108e+02 5.700000000000000000e+01
1.500000000000000000e+01 2.130000000000000000e+02 1.253717597544715090e+03 5.200000000000000000e+01
2.140000000000000000e+02 2.150000000000000000e+02 1.931535607202123174e+03 1.090000000000000000e+02
