1.900000000000000000e+01 3.100000000000000000e+01 3.535055171832891574e+02 2.000000000000000000e+00
2.600000000000000000e+01 8.300000000000000000e+01 6.770712914542702947e+02 3.000000000000000000e+00
1.300000000000000000e+01 8.400000000000000000e+01 1.089525050224023289e+03 4.000000000000000000e+00
8.000000000000000000e+00 8.500000000000000000e+01 1.781304497263682151e+03 5.000000000000000000e+00
3.200000000000000000e+01 7.700000000000000000e+01 1.922859962500926486e+03 2.000000000000000000e+00
6.000000000000000000e+00 2.700000000000000000e+01 1.982224196670606716e+03 2.000000000000000000e+00
3.000000000000000000e+00 1.700000000000000000e+01 2.097489808400103357e+03 2.000000000000000000e+00
6.500000000000000000e+01 8.600000000000000000e+01 2.233061068447912476e+03 6.000000000000000000e+00
1.600000000000000000e+01 8.800000000000000000e+01 2.944379446186002951e+03 3.000000000000000000e+00
1.200000000000000000e+01 4.700000000000000000e+01 3.114112313645311588e+03 2.000000000000000000e+00
1.500000000000000000e+01 7.600000000000000000e+01 3.378158904579118371e+03 2.000000000000000000e+00
5.000000000000000000e+00 3.400000000000000000e+01 3.480609656345058283e+03 2.000000000000000000e+00
2.200000000000000000e+01 6.600000000000000000e+01 3.719829240164236126e+03 2.000000000000000000e+00
0.000000000000000000e+00 8.900000000000000000e+01 3.855442232764412893e+03 3.000000000000000000e+00
8.700000000000000000e+01 9.500000000000000000e+01 4.086471877610532374e+03 4.000000000000000000e+00
5.700000000000000000e+01 8.100000000000000000e+01 4.087551043600049525e+03 2.000000000000000000e+00
6.400000000000000000e+01 9.000000000000000000e+01 4.518603796585285636e+03 7.000000000000000000e+00
4.000000000000000000e+01 9.300000000000000000e+01 4.818565726055569939e+03 3.000000000000000000e+00
8.200000000000000000e+01 9.400000000000000000e+01 5.692100846592099515e+03 3.000000000000000000e+00
3.000000000000000000e+01 8.000000000000000000e+01 5.978802898602611094e+03 2.000000000000000000e+00
5.600000000000000000e+01 7.800000000000000000e+01 6.152373382135443535e+03 2.000000000000000000e+00
5.400000000000000000e+01 9.700000000000000000e+01 6.154273193826727038e+03 5.000000000000000000e+00
2.300000000000000000e+01 6.100000000000000000e+01 6.210363093429587934e+03 2.000000000000000000e+00
9.200000000000000000e+01 9.900000000000000000e+01 6.507789363679312373e+03 9.000000000000000000e+00
7.500000000000000000e+01 9.100000000000000000e+01 6.514713403327136803e+03 4.000000000000000000e+00
4.400000000000000000e+01 4.500000000000000000e+01 7.110034256246573932e+03 2.000000000000000000e+00
2.000000000000000000e+01 5.100000000000000000e+01 7.322552417689081267e+03 2.000000000000000000e+00
7.100000000000000000e+01 1.040000000000000000e+02 7.612207525828351208e+03 6.000000000000000000e+00
7.000000000000000000e+01 9.800000000000000000e+01 7.688211749475698525e+03 3.000000000000000000e+00
6.700000000000000000e+01 1.070000000000000000e+02 7.779899874763712432e+03 5.000000000000000000e+00
1.400000000000000000e+01 9.600000000000000000e+01 8.682417232541984049e+03 4.000000000000000000e+00
1.000000000000000000e+01 1.010000000000000000e+02 8.687264711683479618e+03 4.000000000000000000e+00
2.400000000000000000e+01 1.020000000000000000e+02 9.018252339545284485e+03 3.000000000000000000e+00
2.500000000000000000e+01 4.100000000000000000e+01 1.135961039663525662e+04 2.000000000000000000e+00
9.000000000000000000e+00 4.200000000000000000e+01 1.230077288684683117e+04 2.000000000000000000e+00
3.900000000000000000e+01 1.140000000000000000e+02 1.248444586277382405e+04 5.000000000000000000e+00
1.800000000000000000e+01 1.030000000000000000e+02 1.301275832620756591e+04 3.000000000000000000e+00
5.000000000000000000e+01 1.180000000000000000e+02 1.330004742207740674e+04 6.000000000000000000e+00
3.700000000000000000e+01 1.150000000000000000e+02 1.338923040349187431e+04 4.000000000000000000e+00
7.200000000000000000e+01 7.900000000000000000e+01 1.342610874333515858e+04 2.000000000000000000e+00
1.090000000000000000e+02 1.120000000000000000e+02 1.448935940740620572e+04 7.000000000000000000e+00
4.300000000000000000e+01 1.100000000000000000e+02 1.465866581090313230e+04 7.000000000000000000e+00
1.000000000000000000e+00 1.050000000000000000e+02 1.511937810846867433e+04 3.000000000000000000e+00
4.900000000000000000e+01 1.080000000000000000e+02 1.541112597433937481e+04 3.000000000000000000e+00
1.100000000000000000e+01 3.600000000000000000e+01 1.766736402446755528e+04 2.000000000000000000e+00
4.000000000000000000e+00 1.190000000000000000e+02 1.813880967446103750e+04 4.000000000000000000e+00
3.300000000000000000e+01 5.800000000000000000e+01 1.819877694918201450e+04 2.000000000000000000e+00
2.000000000000000000e+00 7.000000000000000000e+00 1.854478272060283052e+04 2.000000000000000000e+00
3.500000000000000000e+01 1.270000000000000000e+02 1.887325622779492915e+04 3.000000000000000000e+00
1.110000000000000000e+02 1.200000000000000000e+02 1.896947078892216450e+04 9.000000000000000000e+00
5.500000000000000000e+01 1.060000000000000000e+02 1.897570425482392238e+04 1.000000000000000000e+01
1.130000000000000000e+02 1.160000000000000000e+02 2.004675481786016826e+04 6.000000000000000000e+00
1.170000000000000000e+02 1.330000000000000000e+02 2.007386607620620634e+04 1.200000000000000000e+01
2.100000000000000000e+01 7.300000000000000000e+01 2.152915529837022405e+04 2.000000000000000000e+00
2.900000000000000000e+01 1.210000000000000000e+02 2.169467661744133147e+04 5.000000000000000000e+00
6.800000000000000000e+01 1.240000000000000000e+02 2.387285889760639839e+04 8.000000000000000000e+00
1.220000000000000000e+02 1.360000000000000000e+02 2.388467561378381652e+04 4.000000000000000000e+00
1.000000000000000000e+02 1.350000000000000000e+02 2.565838354520000212e+04 1.500000000000000000e+01
5.900000000000000000e+01 1.290000000000000000e+02 2.639669510095025180e+04 3.000000000000000000e+00
1.370000000000000000e+02 1.410000000000000000e+02 2.867215275976308476e+04 8.000000000000000000e+00
1.320000000000000000e+02 1.380000000000000000e+02 3.259899856383251245e+04 1.700000000000000000e+01
6.900000000000000000e+01 1.310000000000000000e+02 3.281823807826691336e+04 4.000000000000000000e+00
1.260000000000000000e+02 1.340000000000000000e+02 3.749450320867637492e+04 9.000000000000000000e+00
1.250000000000000000e+02 1.300000000000000000e+02 3.755219568044905463e+04 5.000000000000000000e+00
6.200000000000000000e+01 1.390000000000000000e+02 3.845822304412582889e+04 5.000000000000000000e+00
3.800000000000000000e+01 1.470000000000000000e+02 4.062132399271383474e+04 6.000000000000000000e+00
5.300000000000000000e+01 1.430000000000000000e+02 4.116932339255232364e+04 1.800000000000000000e+01
1.230000000000000000e+02 1.400000000000000000e+02 4.453664827186194452e+04 2.200000000000000000e+01
1.280000000000000000e+02 1.420000000000000000e+02 5.366617007601876685e+04 1.200000000000000000e+01
1.440000000000000000e+02 1.450000000000000000e+02 5.434091174658296222e+04 1.300000000000000000e+01
1.490000000000000000e+02 1.520000000000000000e+02 5.576678253403704002e+04 3.100000000000000000e+01
1.460000000000000000e+02 1.500000000000000000e+02 6.719204111719812499e+04 2.700000000000000000e+01
6.300000000000000000e+01 1.480000000000000000e+02 6.744414379844993528e+04 7.000000000000000000e+00
6.000000000000000000e+01 7.400000000000000000e+01 7.505287890417904418e+04 2.000000000000000000e+00
4.600000000000000000e+01 1.540000000000000000e+02 7.563170337890341762e+04 2.800000000000000000e+01
4.800000000000000000e+01 1.530000000000000000e+02 9.126902977199162706e+04 3.200000000000000000e+01
5.200000000000000000e+01 1.510000000000000000e+02 9.150367950656333414e+04 1.300000000000000000e+01
2.800000000000000000e+01 1.550000000000000000e+02 9.902803792620945023e+04 8.000000000000000000e+00
1.560000000000000000e+02 1.590000000000000000e+02 1.104597886052032554e+05 1.500000000000000000e+01
1.570000000000000000e+02 1.580000000000000000e+02 1.259964924045741063e+05 6.000000000000000000e+01
1.600000000000000000e+02 1.620000000000000000e+02 1.582010540413661220e+05 6.800000000000000000e+01
1.610000000000000000e+02 1.630000000000000000e+02 2.017880597366354486e+05 8.300000000000000000e+01
