6.600000000000000000e+01 7.700000000000000000e+01 2.269099848864216540e+01 2.000000000000000000e+00
3.700000000000000000e+01 5.800000000000000000e+01 2.622114137503685072e+01 2.000000000000000000e+00
2.800000000000000000e+01 9.500000000000000000e+01 2.726889571304569770e+01 3.000000000000000000e+00
9.000000000000000000e+00 4.600000000000000000e+01 2.764737765344978371e+01 2.000000000000000000e+00
2.000000000000000000e+00 6.700000000000000000e+01 3.187297565542353084e+01 2.000000000000000000e+00
2.200000000000000000e+01 3.200000000000000000e+01 3.201158528092583566e+01 2.000000000000000000e+00
1.400000000000000000e+01 3.400000000000000000e+01 3.350642228483020801e+01 2.000000000000000000e+00
5.900000000000000000e+01 6.800000000000000000e+01 3.709358320376305329e+01 2.000000000000000000e+00
1.900000000000000000e+01 3.600000000000000000e+01 3.906366478584426005e+01 2.000000000000000000e+00
9.700000000000000000e+01 9.800000000000000000e+01 4.000785359139197794e+01 5.000000000000000000e+00
4.200000000000000000e+01 5.000000000000000000e+01 4.188486741277946379e+01 2.000000000000000000e+00
9.900000000000000000e+01 1.010000000000000000e+02 4.489651034458945844e+01 4.000000000000000000e+00
8.900000000000000000e+01 9.200000000000000000e+01 4.494676061206956774e+01 2.000000000000000000e+00
4.000000000000000000e+00 5.500000000000000000e+01 4.624079243429757469e+01 2.000000000000000000e+00
1.800000000000000000e+01 2.900000000000000000e+01 4.707953282810493079e+01 2.000000000000000000e+00
0.000000000000000000e+00 6.100000000000000000e+01 4.777663898570659029e+01 2.000000000000000000e+00
9.600000000000000000e+01 1.040000000000000000e+02 4.850483381249606651e+01 7.000000000000000000e+00
5.100000000000000000e+01 1.100000000000000000e+02 5.361827993156639138e+01 3.000000000000000000e+00
6.200000000000000000e+01 7.300000000000000000e+01 5.435242375904505252e+01 2.000000000000000000e+00
5.400000000000000000e+01 1.110000000000000000e+02 5.786716395829730430e+01 8.000000000000000000e+00
3.500000000000000000e+01 4.800000000000000000e+01 5.788724658641150000e+01 2.000000000000000000e+00
2.000000000000000000e+01 2.400000000000000000e+01 5.850458950332760821e+01 2.000000000000000000e+00
1.060000000000000000e+02 1.140000000000000000e+02 6.049599600921422393e+01 1.200000000000000000e+01
1.020000000000000000e+02 1.030000000000000000e+02 6.184612872331996414e+01 4.000000000000000000e+00
6.000000000000000000e+00 1.050000000000000000e+02 6.206112733040405516e+01 3.000000000000000000e+00
2.300000000000000000e+01 1.070000000000000000e+02 6.473659631638808776e+01 3.000000000000000000e+00
7.500000000000000000e+01 7.600000000000000000e+01 6.475721315352281238e+01 2.000000000000000000e+00
1.600000000000000000e+01 9.300000000000000000e+01 6.673860749070864529e+01 2.000000000000000000e+00
3.000000000000000000e+00 1.300000000000000000e+01 6.862792634664759817e+01 2.000000000000000000e+00
4.000000000000000000e+01 7.800000000000000000e+01 6.951187648054195733e+01 2.000000000000000000e+00
8.100000000000000000e+01 1.000000000000000000e+02 7.007268562929988320e+01 3.000000000000000000e+00
3.800000000000000000e+01 1.190000000000000000e+02 7.069994496074826884e+01 4.000000000000000000e+00
1.080000000000000000e+02 1.200000000000000000e+02 7.074090647830246326e+01 5.000000000000000000e+00
6.000000000000000000e+01 1.240000000000000000e+02 7.179681603978063720e+01 3.000000000000000000e+00
1.000000000000000000e+00 4.900000000000000000e+01 7.995821126358949016e+01 2.000000000000000000e+00
1.090000000000000000e+02 1.290000000000000000e+02 8.512191834289113501e+01 4.000000000000000000e+00
5.600000000000000000e+01 7.100000000000000000e+01 8.603652717079057766e+01 2.000000000000000000e+00
2.500000000000000000e+01 1.130000000000000000e+02 8.697378159545866083e+01 3.000000000000000000e+00
8.300000000000000000e+01 9.400000000000000000e+01 8.785798797880175925e+01 2.000000000000000000e+00
3.100000000000000000e+01 8.700000000000000000e+01 8.808209064532064758e+01 2.000000000000000000e+00
6.900000000000000000e+01 1.250000000000000000e+02 8.816945164041352712e+01 4.000000000000000000e+00
1.160000000000000000e+02 1.220000000000000000e+02 8.821051815662670492e+01 4.000000000000000000e+00
1.180000000000000000e+02 1.280000000000000000e+02 9.192554773780108235e+01 7.000000000000000000e+00
1.500000000000000000e+01 1.210000000000000000e+02 9.262009348105162587e+01 3.000000000000000000e+00
5.000000000000000000e+00 1.310000000000000000e+02 9.447828097578667439e+01 3.000000000000000000e+00
4.300000000000000000e+01 8.000000000000000000e+01 9.596797200486186341e+01 2.000000000000000000e+00
8.500000000000000000e+01 1.150000000000000000e+02 9.599767755401380498e+01 3.000000000000000000e+00
1.230000000000000000e+02 1.350000000000000000e+02 9.626171547703746967e+01 6.000000000000000000e+00
8.000000000000000000e+00 4.500000000000000000e+01 9.852243648038938773e+01 2.000000000000000000e+00
5.700000000000000000e+01 7.000000000000000000e+01 1.017263743294055729e+02 2.000000000000000000e+00
3.300000000000000000e+01 1.370000000000000000e+02 1.024279997296587936e+02 8.000000000000000000e+00
2.600000000000000000e+01 5.300000000000000000e+01 1.026081938819417445e+02 2.000000000000000000e+00
1.120000000000000000e+02 1.360000000000000000e+02 1.040339961602238787e+02 7.000000000000000000e+00
1.000000000000000000e+01 7.900000000000000000e+01 1.059010764560280933e+02 2.000000000000000000e+00
1.300000000000000000e+02 1.340000000000000000e+02 1.082659376933178521e+02 6.000000000000000000e+00
2.100000000000000000e+01 9.100000000000000000e+01 1.130013025985382740e+02 2.000000000000000000e+00
1.170000000000000000e+02 1.460000000000000000e+02 1.154199863176082346e+02 1.400000000000000000e+01
1.470000000000000000e+02 1.510000000000000000e+02 1.192938919567489222e+02 2.100000000000000000e+01
1.380000000000000000e+02 1.400000000000000000e+02 1.213567940442077315e+02 5.000000000000000000e+00
1.100000000000000000e+01 4.100000000000000000e+01 1.224587639208636176e+02 2.000000000000000000e+00
4.700000000000000000e+01 6.500000000000000000e+01 1.243142374401543293e+02 2.000000000000000000e+00
3.000000000000000000e+01 7.200000000000000000e+01 1.259363800665300062e+02 2.000000000000000000e+00
5.200000000000000000e+01 1.560000000000000000e+02 1.288935019950947947e+02 3.000000000000000000e+00
1.260000000000000000e+02 1.420000000000000000e+02 1.347430383268045375e+02 1.000000000000000000e+01
4.400000000000000000e+01 1.500000000000000000e+02 1.390119675590148631e+02 3.000000000000000000e+00
7.400000000000000000e+01 1.440000000000000000e+02 1.398298240216394674e+02 3.000000000000000000e+00
1.330000000000000000e+02 1.390000000000000000e+02 1.464085366312568226e+02 5.000000000000000000e+00
1.320000000000000000e+02 1.600000000000000000e+02 1.476446238262598456e+02 6.000000000000000000e+00
1.700000000000000000e+01 1.480000000000000000e+02 1.484095346605436703e+02 3.000000000000000000e+00
7.000000000000000000e+00 9.000000000000000000e+01 1.532664893383469860e+02 2.000000000000000000e+00
1.450000000000000000e+02 1.530000000000000000e+02 1.556751741330594427e+02 1.300000000000000000e+01
1.410000000000000000e+02 1.430000000000000000e+02 1.614292672296249691e+02 5.000000000000000000e+00
3.900000000000000000e+01 1.570000000000000000e+02 1.775584836972297751e+02 4.000000000000000000e+00
1.490000000000000000e+02 1.660000000000000000e+02 1.850003751687526687e+02 1.100000000000000000e+01
1.590000000000000000e+02 1.640000000000000000e+02 1.859497781173554358e+02 5.000000000000000000e+00
1.520000000000000000e+02 1.580000000000000000e+02 1.893108954208235275e+02 3.100000000000000000e+01
6.400000000000000000e+01 8.400000000000000000e+01 1.900165468304175818e+02 2.000000000000000000e+00
8.200000000000000000e+01 1.550000000000000000e+02 1.975969675197512458e+02 3.000000000000000000e+00
8.800000000000000000e+01 1.630000000000000000e+02 1.983166434124814543e+02 4.000000000000000000e+00
6.300000000000000000e+01 1.670000000000000000e+02 2.038318956142189506e+02 5.000000000000000000e+00
1.610000000000000000e+02 1.620000000000000000e+02 2.146010819464398196e+02 1.100000000000000000e+01
8.600000000000000000e+01 1.270000000000000000e+02 2.277781602626609470e+02 6.000000000000000000e+00
1.540000000000000000e+02 1.700000000000000000e+02 2.494461650596557831e+02 3.300000000000000000e+01
1.710000000000000000e+02 1.740000000000000000e+02 2.661663089933339279e+02 7.000000000000000000e+00
1.200000000000000000e+01 1.750000000000000000e+02 2.718253475878199197e+02 1.200000000000000000e+01
1.690000000000000000e+02 1.720000000000000000e+02 2.750377825291690215e+02 8.000000000000000000e+00
1.650000000000000000e+02 1.680000000000000000e+02 3.010255740982411226e+02 2.400000000000000000e+01
1.730000000000000000e+02 1.760000000000000000e+02 3.495767679705564888e+02 1.000000000000000000e+01
1.770000000000000000e+02 1.810000000000000000e+02 3.619645374473293487e+02 5.700000000000000000e+01
1.800000000000000000e+02 1.820000000000000000e+02 4.020943414141286780e+02 1.800000000000000000e+01
2.700000000000000000e+01 1.780000000000000000e+02 4.106360568266032374e+02 8.000000000000000000e+00
1.790000000000000000e+02 1.830000000000000000e+02 4.790908866597332008e+02 6.900000000000000000e+01
1.850000000000000000e+02 1.860000000000000000e+02 6.999684545661277753e+02 7.700000000000000000e+01
1.840000000000000000e+02 1.870000000000000000e+02 7.812602002037983766e+02 9.500000000000000000e+01
