2.006230725016431506e+02
2.459177713877681413e+02
1.938084519388215767e+02
2.404317129029305988e+02
2.116674637215476196e+02
2.188522588779287048e+02
1.905697463155135551e+02
2.334262829035786808e+02
2.249512826534215151e+02
1.991476801925762743e+02
2.346386007362845305e+02
1.708966622634274017e+02
2.056490574322129987e+02
2.014621180132444067e+02
2.415827615783431384e+02
3.981720242449438274e+02
2.226589771792926342e+02
2.252417126874877908e+02
1.873132124743229383e+02
2.119254701451342839e+02
1.831459292084937545e+02
2.082004770573428232e+02
2.264868599291172018e+02
2.197082457827184498e+02
1.588440333586407576e+02
7.453437168771197321e+02
1.973573308799336132e+02
2.125291345288168827e+02
1.675118127323078738e+02
1.780643969547976440e+02
2.449056735277187045e+02
2.369129737117770560e+02
2.378250824233922458e+02
2.187509056619039711e+02
1.802860247336669204e+02
2.146677757330116663e+02
2.399898400259475011e+02
9.767351137896879720e+01
2.221887862034536738e+02
2.378315963616103659e+02
3.258884399680329693e+02
2.486149300794134831e+02
1.932903876467527482e+02
2.538953300894078779e+02
2.172574170139016587e+02
1.890130997964201924e+02
2.611266481502001966e+02
2.213049531699461454e+02
2.200897710662005693e+02
2.376762231686733458e+02
2.134119145782018450e+02
2.402362386019026985e+02
3.008782967623529885e+02
2.097481121811572962e+02
2.350727249252683180e+02
2.169057127655258341e+02
1.643359421824753781e+02
2.218060377262513896e+02
2.556825679802004174e+02
1.992023761372214494e+02
2.357814900222175538e+02
2.789996078851041261e+02
1.933784910496239888e+02
2.210682069231082210e+02
1.889599119853778575e+02
1.702592000820766316e+02
2.249147302129675552e+02
2.279469915199214824e+02
2.721470301755284709e+02
2.159058505173964591e+02
1.713226141554604851e+02
2.392218767153605654e+02
2.191993436358460485e+02
2.105335686013942791e+02
2.092595550791766073e+02
1.963761816942993619e+02
1.708447480171354869e+02
2.123771647845354664e+02
4.910054083190085521e+02
1.717484281643883719e+02
2.473791378276237651e+02
2.159021338257605862e+02
3.502252007687572899e+01
3.503643431470855063e+01
4.755769984619748669e+01
1.528580644262833133e+01
4.891888820693390016e+01
3.554872189233606150e+01
1.229410882842253443e+02
1.045684052870488756e+02
4.028213720810326492e+01
4.191536343920610364e+01
8.227658116155983237e+01
9.034953308174978659e+00
7.893356619530418072e+01
6.131921836732573183e+01
4.868013083844989524e+02
5.710503397910234469e+01
5.820001498994162858e+01
1.870011675900054371e+01
1.319343305234737329e+01
8.790974852157019370e+01
1.530030163950583066e+01
7.807557684339101911e+01
8.826511329650935522e+01
4.525315895284759904e+01
8.175324062080600243e+02
1.136499269788596962e+02
6.809581783062620275e+01
2.672047894551977265e+01
8.760388292321636072e+01
5.375825534066019884e+01
5.610047317573515357e+01
1.025439883068544447e+02
3.723158168244578548e+01
1.556539624679593459e+01
2.187234311993222846e+01
4.213448671131115475e+01
7.274778621019265756e+01
2.657873290824902313e+01
6.667825628495234014e+01
9.036992200114289631e+01
4.247942810984606865e+01
3.519551678237094450e+01
3.277682432647009136e+02
5.966081370934809769e+01
3.001361540903646841e+01
6.931352060480810451e+01
3.185584317335863602e+01
5.103279750557453553e+01
4.195758337002107652e+01
1.981624021385211876e+01
6.014322684467099123e+01
8.693952323775971536e+01
4.224202595494585211e+01
6.313778458062704146e+01
4.232911609257759267e+01
2.701086779076529965e+01
2.272818445705807733e+01
5.782672343567818984e+01
6.384884127764641448e+01
6.079554340501574927e+01
1.777229505391670443e+02
6.540320232229311159e+01
2.220585200425862382e+01
9.172050547395386388e+00
9.669154614078320265e+01
5.624382570711797058e+01
5.803854062436668926e+01
5.521890806989234335e+01
3.409052041301604419e+01
2.545485684099263324e+01
6.591433510854149347e+01
7.594432258990292439e+01
2.091344146106806789e+01
1.289852028873454337e+01
4.197363371465614534e+01
2.478133155255991937e+01
1.698693457573030585e+01
5.136667954862693932e+02
9.181005616054585516e+01
1.206662992644780559e+02
1.581806053785239463e+01
3.230895561904173263e+01
1.903318962594285324e+01
3.282829244892478471e+01
2.931447777539618826e+01
3.807849783089549334e+01
1.670378911759775349e+02
1.564275457506456348e+02
4.110870142140762340e+01
7.813759546284485680e+01
1.221527820108641436e+02
2.550101186306514478e+01
7.606256263901855164e+01
3.819502656877082103e+01
4.634134250245903104e+02
2.443473090734578790e+01
5.549761305788237564e+01
5.222490555911026178e+01
4.442511531375353684e+01
1.250971660517758153e+02
5.088814215322503998e+01
1.086460906784713814e+02
1.297016020518439916e+02
7.340407577915028980e+01
8.165002838655187816e+02
1.239608186358135384e+02
3.674125288021452462e+01
5.731498655507326845e+01
1.305023364096218756e+02
1.617135592464147820e+01
1.988096008569593209e+01
1.419761597297264757e+02
4.842134456220763639e+01
5.264629996791587274e+01
4.674358933972664687e+01
9.361043932453604555e+00
1.055153406928925506e+02
5.977887229869202201e+01
4.766486614852816217e+01
7.854570685771034277e+01
1.704275466587193577e+01
7.195622385188332260e+01
3.420891408846332524e+02
3.280530884045122519e+01
5.919710588983840438e+01
8.895519153946541735e+01
4.133349335312862394e+01
8.812862564587203451e+01
1.300703648685663794e+01
3.610496579014883878e+01
2.352826591346914142e+01
7.182761281650242324e+01
3.355980565142520788e+01
2.970810128084762169e+01
2.675977427966326516e+01
5.503199192682409091e+01
1.623245296957437489e+01
3.899482425776635353e+01
7.742132493037537699e+01
2.126222346882083869e+01
2.021912349012422396e+02
1.096328498126554507e+02
1.894927249528166868e+01
3.960804774884694268e+01
1.349717997832804315e+02
2.778649469157041452e+01
2.609815813774422111e+01
8.303811824208207781e+01
5.216310913972377250e+01
5.781335390405385510e+01
2.563240027186067493e+01
6.066866978541864341e+01
5.222538646080487013e+01
4.108333429801125192e+01
3.568651321660549769e+01
4.303327408035810464e+01
3.257345118110225002e+01
5.537219014636543761e+02
1.268506512308991603e+02
1.479545621062143255e+02
5.124780908066779261e+01
3.255025682192843561e+01
3.119239291634928435e+01
1.759799243617246489e+01
9.581881967722836180e+00
1.656292243631690440e+02
1.627174275491875619e+02
1.069443306405379879e+01
7.447038626497425184e+01
1.137978712428298422e+02
2.415429843801480558e+01
4.964449608535949210e+01
3.639921832935726087e+01
4.438917169187540708e+02
2.892642881331198979e+01
4.803621366826443051e+01
2.874340860399810182e+01
4.767220322954254641e+01
1.153456100108295175e+02
4.839979848025068776e+01
9.563015342475995340e+01
1.287194130811576258e+02
4.288551266342111035e+01
7.839058067797288913e+02
1.039230843195177840e+02
3.024980293433779721e+01
2.506699536423151997e+01
1.149047224034483179e+02
2.883427661220536464e+01
2.447513308244297292e+01
1.424857639443051198e+02
4.184740687709805940e+01
3.658027008701354532e+01
4.409019608421809266e+01
2.691543243496453286e+01
1.047351817051357443e+02
6.131735039545443300e+01
5.172302331051770352e+01
6.362045743417101562e+01
4.121166090830197959e+01
7.287984606761258988e+01
3.321119163722079293e+02
2.067915690236769066e+01
2.460325313286424631e+01
8.626343110181456098e+01
3.403685171655544650e+01
8.818371728759613859e+01
3.584600054705783378e+01
3.069706110010038813e+01
3.135288877822585363e+01
9.375375373303938886e+01
8.782228918034398646e+00
2.933661886144874487e+01
1.844758029195456928e+01
2.211033401874794180e+01
2.213123452865351126e+01
5.960290980484101198e+01
5.819383647791091363e+01
2.988586390077691135e+01
1.841164005745073666e+02
1.049516972443246345e+02
2.310716625538952229e+01
2.936668541430439205e+01
1.200927826199559831e+02
2.383454987706218375e+01
2.968875381999741592e+01
8.357508213197715463e+01
4.751855988591954372e+01
2.931895633080991459e+01
3.572597300282792787e+01
4.596854805514366404e+01
4.915951903370616805e+01
3.954911648783060940e+01
1.123085157327209416e+01
1.685017584768542420e+01
3.033722292694897860e+01
5.523400679085633556e+02
1.205984728281830627e+02
1.448909840864965588e+02
5.291822971108963714e+01
3.933672679052612153e+01
2.734565119764236130e+01
3.750775277130787089e+01
1.777673104483291127e+02
1.554557829653507781e+02
5.095498637854397828e+01
8.219935393738522578e+01
1.315064277674786126e+02
3.571969725701874410e+01
5.504296591960695650e+01
1.842616103138181671e+01
4.593053090436317802e+02
2.905112206149639320e+01
4.322115070158391603e+01
5.259338930564356218e+01
6.328167360618579096e+01
1.281823614256084340e+02
5.873757126343155477e+01
1.066608006600071832e+02
1.399997441401103515e+02
6.941821276268410656e+01
8.096249628798549338e+02
1.058280910689562120e+02
3.505472003773238754e+01
5.612269972492705961e+01
1.166699062418050516e+02
1.778405347586058483e+01
1.860466177940838151e+01
1.547544422915474911e+02
5.868460480215384223e+01
5.098402413754043749e+01
5.748109885314249823e+01
1.748843819130691912e+01
1.146666789261340682e+02
7.404730154954788190e+01
4.567414955584767711e+01
9.503776117604098772e+01
2.954298396963997320e+01
9.000264356178678327e+01
3.194791001158566814e+02
2.769170941963781374e+01
5.564354603892599016e+01
9.754420090712763169e+01
4.859260821175648459e+01
9.960330676851842213e+01
1.461498968631720352e+01
4.331203303256896930e+01
3.483539821979854878e+01
8.264916476108506060e+01
3.236610854024930006e+01
2.626505476440302900e+01
3.136134418169987725e+01
5.437407094283637576e+01
2.506798839737194129e+01
4.608199813505349596e+01
7.011375758267540448e+01
2.985891120884168259e+01
1.774381713448079552e+02
1.177920639433128684e+02
2.919731418672222034e+01
4.539008576606983780e+01
1.236901377823166968e+02
3.003277207366551238e+01
2.159577754377965775e+01
9.870205526611158575e+01
5.597122398916665986e+01
6.437136937273135118e+01
2.868861181246512970e+01
5.100822696009232970e+01
6.461406876957491363e+01
4.887311765396572127e+01
3.686501654184419152e+01
4.078879560991718023e+01
4.153681912364250195e+01
5.662486732456032996e+02
1.390265731400717186e+02
1.266964627628380953e+02
6.401280556480458017e+01
4.496691678667987446e+01
3.226242018731122840e+01
1.248615901718277712e+02
1.144241511024461886e+02
3.899568221320980399e+01
3.861446173046327601e+01
8.727481489184874874e+01
1.537128948068390777e+01
7.503885659391072238e+01
5.922016419498411466e+01
4.828498216971761394e+02
5.849153669418509338e+01
5.284418318615512078e+01
2.367927018515451465e+01
2.008178232740202418e+01
8.985874620748813868e+01
2.077871024245766662e+01
7.554232804253611278e+01
9.151508571256390212e+01
4.066065761213559426e+01
8.141720132280411235e+02
1.115607688241115198e+02
6.310159628871276283e+01
2.739213694300066848e+01
9.338620189881262945e+01
4.902921076949025547e+01
5.171291406123602030e+01
1.061484244742791958e+02
3.277265161001885474e+01
2.313278998114218865e+01
1.752690822574764340e+01
3.986077773798400159e+01
7.952920261173620986e+01
3.400591048386715443e+01
5.650232084326010096e+01
9.543147306882485736e+01
3.718227988666543382e+01
4.006628544339847053e+01
3.240659654205331321e+02
5.686623340046075725e+01
3.280742590909940759e+01
5.771026088508283181e+01
2.311699512570709913e+01
5.522465395581918557e+01
3.854075558348152697e+01
1.201954701136827630e+01
6.146859800250793171e+01
8.275826342272324609e+01
3.717797716112109185e+01
6.008431563884850846e+01
4.280708250089153211e+01
3.228926952011188689e+01
1.501563610644498503e+01
5.219876278852063933e+01
5.773031867328186451e+01
6.174032185922546034e+01
1.792310617447269294e+02
6.972272477359223330e+01
2.326527738515521548e+01
1.795169580609330140e+01
1.014288166886955338e+02
5.420374008160933244e+01
5.620121317513759607e+01
5.695439858102346875e+01
3.286682941865566221e+01
3.214230994492291416e+01
6.528190256808144909e+01
7.383803619578198152e+01
2.685315307840092558e+01
1.771574767009726870e+01
3.905267522851083584e+01
2.253460688905521536e+01
1.283381274424861829e+01
5.164897381717331655e+02
9.473922996105713423e+01
1.228775713587773026e+02
1.850875466429434724e+01
2.265091677656040758e+01
1.942750450849762274e+02
2.054861624428273217e+02
2.760900746246599269e+01
1.038727826973039043e+02
1.406028189544409770e+02
3.586549938942539484e+01
7.024362439932880875e+01
3.206759765402230755e+01
4.394708527524124406e+02
2.048683417791561823e+01
6.511258652264541524e+01
5.423790708730042098e+01
6.677583668399853423e+01
1.392627292415303941e+02
6.804540687290950984e+01
1.171017454971496932e+02
1.527136263250613695e+02
5.744349198655481814e+01
7.838325759341876164e+02
1.199015367577618036e+02
2.854251820500731185e+01
5.338908241729996007e+01
1.452239477924336484e+02
1.901495351699516689e+01
1.348362634196291765e+01
1.678213390140492720e+02
6.255827189014684109e+01
5.401504993905274432e+01
6.382645572424372205e+01
2.106475813467347535e+01
1.202621126874508661e+02
8.020423555528468285e+01
4.752445974131803297e+01
5.225229516908117944e+01
4.028535494653498716e+01
9.090394052594712093e+01
3.629249868676972142e+02
1.680078290402711971e+01
5.553103168907619391e+01
1.017495599414904746e+02
5.094884946905143863e+01
1.086903471714914957e+02
2.954162697254718850e+01
4.794228957303428729e+01
2.048082950106615385e+01
9.000582036929938567e+01
1.760176440955917343e+01
1.844812891481388561e+01
1.477039395209861539e+01
4.167694520641791200e+01
2.860188147875944509e+01
5.481765300289354315e+01
6.896548245855716175e+01
1.953941440235469429e+01
2.188783403487997248e+02
1.329678109733028180e+02
2.713045166451294321e+01
4.616684446105706030e+01
1.472219774204920100e+02
1.489100472891808735e+01
1.919624664913725454e+01
8.754005703189824317e+01
6.553953999947390230e+01
5.196211745282533911e+01
2.345817133271093979e+01
4.697945200423352219e+01
6.636627270465216100e+01
5.842862823018423057e+01
1.922528303122207660e+01
3.225432645430476697e+01
4.605349264186519065e+01
5.739686510491973195e+02
1.432299078071788188e+02
1.856370523376689619e+02
7.605704189921304703e+01
1.638416147851736184e+02
1.588768595450462726e+02
9.400497785023368635e+00
7.074334208695309201e+01
1.132852090436549588e+02
2.563984336744670856e+01
4.988833495813886998e+01
3.592839211269263444e+01
4.431530539245644036e+02
3.292314763176872106e+01
5.386097454506439419e+01
2.825653478563128829e+01
4.525760603846824637e+01
1.144162637606134325e+02
4.461618197685265841e+01
9.804407332605651959e+01
1.283620127252309544e+02
4.619026116270277527e+01
7.780734166105571603e+02
1.036864753223256344e+02
2.978588915417287808e+01
2.718603506146874693e+01
1.143485555102309945e+02
3.246059423489171536e+01
3.085611425417770093e+01
1.409652334588120937e+02
4.124172821679781009e+01
3.742029566931558549e+01
4.067451743625775151e+01
3.033137485859988658e+01
1.002092041518697272e+02
5.828479154452348610e+01
5.599292240722552094e+01
6.247969269019441185e+01
4.405393989721518722e+01
7.286054535095271945e+01
3.300714606273496088e+02
2.297681994538967842e+01
2.592858267967723407e+01
8.689378872272186527e+01
3.606916225418792266e+01
8.429277575697616953e+01
3.999548163070202378e+01
2.685620196463126774e+01
3.724656465145869078e+01
8.964303450278222840e+01
1.138456131172017649e+01
3.508541596836803222e+01
1.977928533745973283e+01
2.152225758223740470e+01
2.666882958311743579e+01
6.203158663882270218e+01
6.052127776302616269e+01
3.529305946673659378e+01
1.843099428126352848e+02
1.035130390251058543e+02
2.723338543554736901e+01
2.889678293584630353e+01
1.190444491472883897e+02
2.516381816488024725e+01
2.967655191684454863e+01
7.795455096776616699e+01
4.498619276837653302e+01
3.147963257191023700e+01
4.202305727343799902e+01
4.598690717216798163e+01
4.732861975979331248e+01
3.612537657931356705e+01
1.387967442015112240e+01
1.751969327974936519e+01
3.165946642060015392e+01
5.470550380390783403e+02
1.224099040804985776e+02
1.450097582556824705e+02
4.970168985476503565e+01
9.598929747802742440e+01
1.737280677325234990e+02
8.158119497004761911e+01
6.395506439691042999e+01
1.281062761703802835e+02
1.746568154380746876e+02
2.028493692779736080e+02
6.032199255781390548e+02
2.152161196153433593e+02
1.122136927889392837e+02
1.312377991265093158e+02
9.451438184146910260e+01
7.129786170700816683e+01
1.096786410676251933e+02
8.825348512392761791e+01
5.324624855231941467e+01
1.128719999561644585e+02
8.967578077012624362e+02
1.428236896521450774e+02
1.794182518558321249e+02
1.313586562454537159e+02
1.196720782057974191e+02
2.073025246915240700e+02
2.134252941111734287e+02
2.330460017174389264e+01
1.032156512904627590e+02
1.138670901381210143e+02
1.013373454703334744e+02
1.922101641000400321e+02
1.363055638205573530e+02
8.425251182153334639e+01
1.538383782617097211e+02
2.571847436673848506e+02
1.282810025707182717e+02
8.884760114240656037e+01
4.083966791231101752e+02
1.928547211166685429e+02
1.451704577334276962e+02
7.676042427178686012e+01
8.978172985753576540e+01
6.442637842745048715e+01
1.573784975726545667e+02
1.308093434930711680e+02
2.238838172286809822e+02
1.648986007647337146e+02
1.794288113705785577e+02
2.290021753579561619e+02
1.962059790767564209e+02
1.339385776005634341e+02
1.314183983266681821e+02
1.133112709771133808e+02
1.178015209618983761e+02
2.270345637791632498e+02
2.067087558145576907e+02
6.075531688637652650e+01
1.223033754592460980e+02
1.236958530797538032e+02
1.066031309864913084e+02
2.116303508005392757e+02
2.070016809788749583e+02
1.054776732470700722e+02
1.251981264687138093e+02
1.373427451272305575e+02
2.332645067847320774e+02
2.180233510567716451e+02
8.365089676459393786e+01
1.270061940924101691e+02
1.773842586934191559e+02
1.364478926526026612e+02
1.089074207287364402e+02
5.255788563654418795e+02
4.500599170724489539e+01
1.571376066124867634e+02
1.135659413508821274e+02
1.615617970835905339e+02
7.800228407499415084e+01
6.242019198639847843e+01
1.121599717203464621e+02
1.322171362992160937e+02
1.806253256763375532e+02
6.380726898513114520e+02
2.128192685066827039e+02
8.681443744771659965e+01
1.015545551364010208e+02
7.173872722362307286e+01
5.978892628043718105e+01
8.986931894375578622e+01
9.453433937641256080e+01
6.400255749264987060e+01
9.880066397053238347e+01
9.131778220211525650e+02
1.038333813219542350e+02
1.625598545547709080e+02
1.123673228709755136e+02
5.737575310986623123e+01
2.056493895509244396e+02
2.164071345394161483e+02
9.169195764075783472e+01
8.442888473314751252e+01
9.327667595982556747e+01
7.929376694631125133e+01
1.859758557467584694e+02
1.337410347020354493e+02
6.434281261611158698e+01
1.921672757768176325e+02
2.832600299476542887e+02
1.282911690268036295e+02
7.193646466167589892e+01
3.741342834279800513e+02
1.726344765583205003e+02
1.305081202450705291e+02
9.293289212315242764e+01
9.262970863110352582e+01
6.101513754714578397e+01
1.481947898476848309e+02
1.150024711109485054e+02
2.152864821836828924e+02
1.599501883807782576e+02
1.805051548665543635e+02
2.358663910480207164e+02
1.984262463898949136e+02
1.154726389902283898e+02
1.203938351817126460e+02
1.075443072178675266e+02
1.035500790683389738e+02
2.305202292996588085e+02
1.605114050047797036e+02
6.881704983794500663e+01
1.168671766362279953e+02
1.058042618339211174e+02
6.953127449567132601e+01
2.138604253106645672e+02
1.989502933106535352e+02
1.188971855950159693e+02
1.029921457926413382e+02
1.130536080142411777e+02
2.356738749148665875e+02
1.335976537758332086e+02
7.957694980555906739e+01
1.103693855563864759e+02
1.682092750585610190e+02
1.267886006549797457e+02
8.953512370323592506e+01
5.436943716325076821e+02
6.664857348141747195e+01
8.505045954701816413e+01
8.803828847385297252e+01
8.379926395790226934e+01
1.196623899269224012e+02
2.542857780845736215e+01
5.320595776129265175e+01
4.247740772773359907e+01
4.545159284366611132e+02
3.213079246749745721e+01
5.414319069649651794e+01
3.798314466253459898e+01
5.056222757270930401e+01
1.212690937349750300e+02
5.503935236787504692e+01
1.040140776103612836e+02
1.391632437461692007e+02
5.161295631581631937e+01
7.892098806623027940e+02
1.064868720875005295e+02
2.954370814526102507e+01
3.237593769693408774e+01
1.158637381762993073e+02
4.288056873574764438e+01
3.948975901376043396e+01
1.522464630539324730e+02
5.092566868306799677e+01
4.496102173338658758e+01
5.426071924635752453e+01
3.854990888335500898e+01
1.107626612824889918e+02
6.644187052180770081e+01
6.302932240192995295e+01
7.795614212753156380e+01
5.212335702461775355e+01
7.494019622465907560e+01
3.369769396885203605e+02
2.963475390967470702e+01
3.443194200472712652e+01
9.820694758092645316e+01
4.429279056123301217e+01
9.823030109903520213e+01
4.668659620345155048e+01
3.716283193384369810e+01
3.571991230720944799e+01
1.052523514932142916e+02
1.834022685682807818e+01
4.316748383660993227e+01
1.798557229948927016e+01
2.732345031222534359e+01
2.947791294997108480e+01
6.786120857208550206e+01
6.018960203326787450e+01
3.841659063084311043e+01
1.842299039045834093e+02
1.121295357584551624e+02
2.753065293454628559e+01
3.610666889178740036e+01
1.223278907134208566e+02
2.955035204438544483e+01
3.530754108037975669e+01
9.377529251130533794e+01
4.796946861091747394e+01
3.107318077779509125e+01
4.486397937732236585e+01
4.708021458173347895e+01
5.357755564434950912e+01
4.547557595748095594e+01
1.637862256876565681e+01
2.207857146928769509e+01
3.752493567632048155e+01
5.536451196965804229e+02
1.290219819909253260e+02
1.473175986128077284e+02
5.885006654700306683e+01
7.896720016085482996e+01
3.962993668358152632e+01
1.045065181206219620e+02
1.049162220332587196e+02
5.431377643520472702e+02
1.151227598836154016e+02
5.263183137597707884e+01
4.577451764701918790e+01
2.141597348944308266e+01
8.028817446229953703e+01
2.989261350771743508e+01
6.675152565285972628e+01
6.050752291577065023e+01
5.932675606512759714e+01
8.480753636726567493e+02
1.222534733503843967e+02
1.044505542236952778e+02
4.975484844872578094e+01
9.394072191841534902e+01
1.092693405850820909e+02
1.149285353840160866e+02
6.532469838960300024e+01
2.753074277858951646e+01
4.374012290262781022e+01
2.283142227686883885e+01
9.617684945910541217e+01
7.977893885719106493e+01
1.601206277400282829e+01
1.053940162285317825e+02
1.811083735323729229e+02
5.207015296883002975e+01
5.549686855400966579e+01
3.494922542210766210e+02
9.923275810485580450e+01
5.762157211493955344e+01
2.601792282437062198e+01
1.763439084689117209e+01
2.639127992307480142e+01
7.064848877797304283e+01
4.225295006295519329e+01
1.264451947329910695e+02
1.061911505627347196e+02
8.448507479118116237e+01
1.289650152254301361e+02
1.010906956930775493e+02
5.167716593861359087e+01
4.709437759456758954e+01
5.745115707355746792e+01
7.906427285759230017e+01
1.271108639005140617e+02
1.810445083486401074e+02
5.205948771230112726e+01
4.424629305827579628e+01
4.106320719896797300e+01
9.627435884066770200e+01
1.148355659387438692e+02
1.071357492617927960e+02
8.567227750647219864e+01
5.598154293591746011e+01
6.022901914557134972e+01
1.323171853565153526e+02
1.270170158196746684e+02
1.496740053537445547e+01
3.800720326094496926e+01
8.530980019133309611e+01
4.843105255428813649e+01
2.825586909399270041e+01
4.917478605435199484e+02
7.005915446272990721e+01
1.159162629088703085e+02
3.341397826241638569e+01
8.831466989211310192e+01
9.671777380788692824e+01
1.495168642832909427e+02
5.485542343485508354e+02
1.558429082624737134e+02
9.999145857935998549e+01
7.999692795412305202e+01
7.470257821113563068e+01
2.679442987951347277e+01
7.413625655950960436e+01
7.670017177410467468e+01
3.647228594649320854e+01
6.159439596268313721e+01
8.427288717740100310e+02
8.578631542785873876e+01
1.203315149170662437e+02
8.393707336983509038e+01
4.832082123248102334e+01
1.517092962915387773e+02
1.566793724716999634e+02
6.330191108792558907e+01
7.228469067546039639e+01
6.922722835991419288e+01
7.294442290731657863e+01
1.395555004902814176e+02
1.129138508714284512e+02
6.993193591579266410e+01
1.124798631683956529e+02
2.009040317866525527e+02
1.125743775232686659e+02
4.998089682979750137e+01
3.572336716822198923e+02
1.337233719133886893e+02
9.000407916560766353e+01
8.278131431002366014e+01
8.865258367157495911e+01
6.915750249303668795e+01
1.175986901339540225e+02
8.950323125984800754e+01
1.658957946637263774e+02
1.440766462627629494e+02
1.261845912906382807e+02
1.664909946014882109e+02
1.411578182286313847e+02
8.299441902776842994e+01
9.784420445138033529e+01
9.509374428168410986e+01
8.073992569984609702e+01
1.657219907278788753e+02
1.618955636844110586e+02
3.129728200802131255e+01
9.997907982312756303e+01
7.975694452483131158e+01
5.225441870935911481e+01
1.524993047288745629e+02
1.503232017314600171e+02
8.209599162824784457e+01
8.175850234512931536e+01
8.425885487128114448e+01
1.709855778394960737e+02
1.309254627477447173e+02
7.921625338961673890e+01
8.621773920338020503e+01
1.195673335889122768e+02
9.018796891924610293e+01
8.050203467574823435e+01
5.506353237453167822e+02
1.858370180905681934e+01
1.089804489245379102e+02
7.647523897715856833e+01
6.733207578512077873e+01
4.868481530979484972e+01
4.701540037827299443e+02
4.226400898655163729e+01
4.742773914894654297e+01
1.998767753389069313e+01
1.678015492219348204e+01
9.253644551983383337e+01
1.674823548420469876e+01
7.702095829697081797e+01
9.281331975623746189e+01
4.908731207156056087e+01
8.067523478879608092e+02
1.089486721426678173e+02
5.289476180206725076e+01
2.773470209231125239e+01
9.417030014084841127e+01
3.922644408226937429e+01
4.228375438339510595e+01
1.078353478375471610e+02
2.608133170116781940e+01
2.274568253568437726e+01
1.891504161151681984e+01
2.893517427967073274e+01
7.426136354065621958e+01
3.067314259828049217e+01
5.968409587991533272e+01
6.219753148014491728e+01
2.970143648537062120e+01
3.930310055138559733e+01
3.201395375182806902e+02
4.450990838992412790e+01
2.749212366893465642e+01
6.417672655508734181e+01
2.079575712355661210e+01
5.542806576977987731e+01
3.203982601553477139e+01
1.220714673037358899e+01
4.257521404836511891e+01
6.934221012796483308e+01
3.074648657869870050e+01
4.644429325089387106e+01
2.896187838262386904e+01
2.825085381234925919e+01
1.516821524204674887e+01
4.882097774322588180e+01
6.200572458821940813e+01
4.497532465635983101e+01
1.757913103493820017e+02
7.029317663178159137e+01
1.363426884097893144e+01
1.420325981276476668e+01
1.030460995656926286e+02
4.225843455328047327e+01
4.231201885950967068e+01
4.946932322452597930e+01
2.614693433218483776e+01
3.020190399023853445e+01
5.042094789796617249e+01
6.682256542733432525e+01
2.243758937717574042e+01
1.092966476720188673e+01
3.187762888438361841e+01
2.479701813361498708e+01
1.212545949109968291e+01
5.144865443751075418e+02
9.703000221115715362e+01
1.185941027127876168e+02
1.780297458895651630e+01
5.771488982563740677e+01
4.853569427755679158e+02
7.930322997925284767e+01
3.777128168068647085e+01
5.941640758098111519e+01
8.693380813693806886e+01
9.715197603728429954e+01
8.186813896617614716e+01
8.478988792802769581e+01
1.320946875683623034e+02
4.629700538245918295e+01
8.028268693964677141e+02
6.624980781597483315e+01
3.750892741133367281e+01
4.704948442787568297e+01
8.040736779304189952e+01
7.587963125527909369e+01
7.859897388942042085e+01
1.580293166043217639e+02
7.302600653062377489e+01
6.661025100861050419e+01
8.292841976831164175e+01
7.106837249896558717e+01
1.336838096668533353e+02
9.558687361112819758e+01
7.891775012809725354e+01
1.296435773440638854e+02
7.914562878414314184e+01
8.486711215359864013e+01
3.230459651303452233e+02
4.213667396571834445e+01
5.349156695618805912e+01
1.085999343348349413e+02
7.330131684967058447e+01
1.204776144758428131e+02
7.646471277151010781e+01
6.903841833022177354e+01
7.949172273168284164e+01
1.046207967282905429e+02
5.886233497345433818e+01
9.057735519926650625e+01
7.103741210594905908e+01
4.870788569814464353e+01
6.322456676376067009e+01
7.505164755691285450e+01
4.977108213846926787e+01
8.724454479554735542e+01
1.457666793627648190e+02
9.614149372078578892e+01
6.652425966319000850e+01
6.521372399938351805e+01
9.000950015917204894e+01
7.445073569752028675e+01
6.764592642183202997e+01
1.003678276533767075e+02
5.209870135411821934e+01
5.289265275530145516e+01
9.153320578531044305e+01
3.651204566135470486e+01
8.433225659842084099e+01
7.631382295344027966e+01
4.678790888711112927e+01
5.050684861778537993e+01
7.006543066483445159e+01
5.730111728349858140e+02
1.122407598225747307e+02
9.973790152457677038e+01
8.154750822985313619e+01
4.689327702526632038e+02
2.717703324668775622e+01
5.118415582463648406e+01
6.457499000269899625e+01
7.651475455817696059e+01
1.453547815951890527e+02
7.247270020093476717e+01
1.212973340414177414e+02
1.658187587435333228e+02
7.958063751234735150e+01
8.082100316196042513e+02
1.111208966709343429e+02
2.657732926081135361e+01
6.436613970289300823e+01
1.325813951109419122e+02
2.516377453294808575e+01
2.896289037690374002e+01
1.772012551030554164e+02
7.659561100721310822e+01
6.877779678387315698e+01
7.402349949231413007e+01
3.127376128880054296e+01
1.277307053211889070e+02
8.276053757207046147e+01
6.229337626409517270e+01
9.682334245055810129e+01
5.266144513693421203e+01
1.061786588102841051e+02
3.452240261926079370e+02
2.443778347384640171e+01
6.236614577461276809e+01
1.214957923504609738e+02
6.429285703690401022e+01
1.182629189787724329e+02
3.734905240226788692e+01
5.727874950949710353e+01
2.950673973178462717e+01
9.259842337291493664e+01
3.227056421934231167e+01
3.628222457676001511e+01
3.031733504014345826e+01
5.873074027272824083e+01
4.123049705503051854e+01
6.190868601726381826e+01
7.122054722192409315e+01
2.997296748189807047e+01
1.907868489138022028e+02
1.400780113175420638e+02
3.866474968276731516e+01
5.891718238526112827e+01
1.400170995265080478e+02
3.094057926304391870e+01
1.827211012856421490e+01
1.138106962548117735e+02
6.718883358001200179e+01
6.433983332243489883e+01
3.424890933463015585e+01
4.679539611753030925e+01
7.343602490603575461e+01
6.366374295281414675e+01
3.276082012049370462e+01
4.802534552057381489e+01
5.648631544280228667e+01
5.800375472865863458e+02
1.615012262941219774e+02
1.483343303610588464e+02
8.454490684027867076e+01
4.400496184359918175e+02
4.958526467169261878e+02
4.876576402599311564e+02
5.067777457979726137e+02
5.489090990848284264e+02
5.054040932341873713e+02
5.436586204041466317e+02
5.734277601057561924e+02
4.710501315959435260e+02
5.092275440323946896e+02
5.123637036877920536e+02
4.507141216554647372e+02
4.721396312264196808e+02
5.589269732059448188e+02
4.529262083499416462e+02
4.385907531088569726e+02
5.883332464026392472e+02
5.021958502760811029e+02
4.869228322014375863e+02
5.054594768926617689e+02
4.541992575098819316e+02
3.171425326866795444e+02
5.189146122946399373e+02
4.602865941881441927e+02
5.302348110601867575e+02
4.767292457732539219e+02
5.239204288252821016e+02
2.559754474458664504e+02
4.509388340038882461e+02
4.865483946410583940e+02
5.414851357325690060e+02
4.885677088580845293e+02
5.488065858138909334e+02
4.531443984961954925e+02
4.893651976406949871e+02
4.506633923331974074e+02
5.388296736587368514e+02
4.500774366398705411e+02
4.367948213684024381e+02
4.393721942357495323e+02
4.596379289023403203e+02
4.564296409044299594e+02
4.853094608761696804e+02
4.888582232299795010e+02
4.421179124639805877e+02
6.237940249906114332e+02
5.501030885074499110e+02
4.574638683024850252e+02
4.845791940019364574e+02
5.515506554535120358e+02
4.372631910724880981e+02
4.475289812556904394e+02
5.624059975274724366e+02
4.985523156937864542e+02
4.718730293393277861e+02
4.444978507326051158e+02
4.673210339890371756e+02
5.036175322442805964e+02
4.948399952851956414e+02
4.439861214937970431e+02
4.494113867073401707e+02
4.840032546453428495e+02
2.340136238557245179e+02
5.515333517998499246e+02
6.115204093334840536e+02
5.154236964299163901e+02
7.146861611434670181e+01
6.503573416642643679e+01
7.438264121160442244e+01
1.565276384904811096e+02
7.878695035220765419e+01
1.330682684142818459e+02
1.751460137951630429e+02
7.972308883447735184e+01
7.862332686932792285e+02
1.313702924812082529e+02
2.758899886636759646e+01
6.697550565377220266e+01
1.574718070490929733e+02
1.717502286641206410e+01
1.420821310400458337e+01
1.844273968950160736e+02
7.407292122462941109e+01
6.467165056427620584e+01
7.767928173718676987e+01
1.697682752825517483e+01
1.306239370395805111e+02
8.886655531118775286e+01
6.010394765231435343e+01
3.861933744242782041e+01
4.148923590480148960e+01
1.067754819801352397e+02
3.673093075834743786e+02
2.229916409505093355e+01
6.745774659515423366e+01
1.251878252547969339e+02
6.336465246801319751e+01
1.218261211001465654e+02
2.567126768317977792e+01
6.009704458134333294e+01
4.858016159829842806e+00
8.644914803816462268e+01
3.027224892823725710e+01
9.975658045367937987e+00
1.530353514134114512e+01
5.128426010843157457e+01
3.490778838459023348e+01
6.756860902704502791e+01
8.694725584155555964e+01
8.740639766413208278e+00
2.265472553112582261e+02
1.529787662070029910e+02
3.011741139102660370e+01
5.716420706479843972e+01
1.603091745959832224e+02
1.138741437369533926e+01
8.402861684386921937e+00
9.965073197141428807e+01
7.577942492586356593e+01
5.765698800512238620e+01
9.530998459027919978e+00
4.825661877025413560e+01
7.579874789920224032e+01
6.755936135965438893e+01
2.862614665287767579e+01
4.454317517143162775e+01
5.620593679365769191e+01
5.791278281373400887e+02
1.629463821114802613e+02
1.905950587510846788e+02
8.959799816904273939e+01
5.968081878541335072e+01
5.497198891973061308e+01
9.367369541039737157e+01
5.387864121276244589e+01
5.812215077630535376e+01
8.835387826082950369e+01
6.839748298598760812e+01
8.266829539619232037e+02
7.610422472239217484e+01
4.434383991797084690e+01
6.296495903901927704e+01
8.862539261418940839e+01
6.644967688073325007e+01
7.187245588633368243e+01
1.011650378733450708e+02
5.070853877965040368e+01
6.426174404950567975e+01
5.315691926092058850e+01
5.746898064530080319e+01
1.096894363193388102e+02
5.540981540699279151e+01
6.919605127057415928e+01
1.263278448896919741e+02
4.908580972206709703e+01
6.793792418104879971e+01
3.160345450935913618e+02
4.536169777714687967e+01
6.248959866873437363e+01
5.065777753960792751e+01
4.462518602352436403e+01
7.058935340002939540e+01
5.724087559078775200e+01
5.015649133945319704e+01
7.121120068064224995e+01
7.829595272263583183e+01
5.599205102319758254e+01
8.697647580913438503e+01
6.422072036673296225e+01
6.585246411463738525e+01
4.167074933384451185e+01
4.143482307967634881e+01
4.818963968583480550e+01
8.215742448049127233e+01
1.517569073152849626e+02
8.067311601209817695e+01
4.406297096293384641e+01
6.053702152514571111e+01
9.931645010800880868e+01
7.150544037575771483e+01
6.021303247481281318e+01
8.353377172023681396e+01
4.080210183905091270e+01
6.856338996908586125e+01
8.629694769046707847e+01
5.237640106010244523e+01
5.142557120351047217e+01
5.446783712621162010e+01
5.156133138137004579e+01
6.236569620665837022e+01
4.586819287752378926e+01
5.126076228180173757e+02
1.018239679124625496e+02
1.001510337408662252e+02
5.272731376549212001e+01
2.723939356413276158e+01
8.187759904275327472e+01
1.879432650226396717e+01
8.303310038692676187e+01
9.451094275967200531e+01
3.334070021011729068e+01
8.057771092850011883e+02
9.792187760496709359e+01
5.772508778432512599e+01
1.497286201759317237e+01
7.773813518976264447e+01
6.259672375353501650e+01
6.527128053557382259e+01
1.110500522896006146e+02
3.656497327469706704e+01
1.239303922516249301e+01
2.556679244392928751e+01
5.124880350433521414e+01
7.771877304159185940e+01
3.932617139253969896e+01
7.042414524270125753e+01
1.228251643287623267e+02
5.646575735889832970e+01
4.911928113267862983e+01
3.246172578842225676e+02
5.576389022667343909e+01
1.145356238358238343e+01
7.173327508374538297e+01
3.526830375918672189e+01
5.876059337432869967e+01
4.940981140333969535e+01
2.284461496997145602e+01
7.856590157530760621e+01
1.104333570620305522e+02
3.877085827582732236e+01
7.311959674954903221e+01
5.075762222998761786e+01
1.264061110169775581e+01
3.401362048434948093e+01
7.326866945904731665e+01
6.048975172043017778e+01
7.329306294240379316e+01
1.682709432256461355e+02
6.978194445846793315e+01
3.458129372527362477e+01
9.532830151611619840e+00
8.668137148012301907e+01
6.299498030208325616e+01
6.213118727081004522e+01
8.105217363399552255e+01
4.103278800146063787e+01
2.111918058309535340e+01
7.720662898175250177e+01
7.724494963232511680e+01
2.746162699753908853e+01
1.858547133069112789e+01
3.621219609326067257e+01
1.504365398599704129e+01
2.381458403494936960e+01
5.296828479113937647e+02
9.616124984811641241e+01
1.151314262794675898e+02
2.503583875038888706e+01
8.089925768424672015e+01
1.516408371071996974e+01
6.926928972300272846e+01
6.642031692873496240e+01
5.458086553966007415e+01
8.306274698101038894e+02
1.166885297673987765e+02
7.784031459093330341e+01
3.545709790922708748e+01
8.777205199007332226e+01
7.273982900472582003e+01
7.607740002479991404e+01
7.389774025961359882e+01
2.680378594903726608e+01
2.565757892973975629e+01
1.325029243776450549e+01
5.869130608100073232e+01
6.623430577075258441e+01
1.099735670597643100e+01
7.902008439725233302e+01
1.111006997855233749e+02
3.509533840631026891e+01
3.894636542915964128e+01
3.338631513092581713e+02
7.525771266787860725e+01
3.874497656366946785e+01
4.433398311504839739e+01
1.950950577279061093e+01
3.096688692563871470e+01
4.696132198669507574e+01
2.238503525028010444e+01
8.181197345542358335e+01
8.520819087272791137e+01
5.493027979502183200e+01
8.561219146282077475e+01
6.153280367391615613e+01
3.568554122520808392e+01
2.572731846413259404e+01
5.032459793247700475e+01
6.658761015700497410e+01
7.990852820810282253e+01
1.793735789088228501e+02
5.356418043115017724e+01
2.270142185095239640e+01
1.653747618489570215e+01
9.435840174086233390e+01
7.305022642339608296e+01
7.133350810611297277e+01
5.563880031976738394e+01
3.699461187543090546e+01
3.767118275035675623e+01
8.621364487803390375e+01
9.516309748735631047e+01
9.323940209278495317e+00
1.983351745526780263e+01
5.556467514440871724e+01
3.370069663902327761e+01
1.451718351104731219e+01
4.936576062459475338e+02
7.469561342147248695e+01
1.159598590160148177e+02
1.384593139194350719e+01
7.909892183301178648e+01
7.478577032484653841e+01
5.109732391904050530e+01
6.588223693514005674e+01
8.439923519085486987e+02
7.327381078060888342e+01
1.213080293001769405e+02
8.481390987442767937e+01
4.591467700929128171e+01
1.520088874026237704e+02
1.551607657925264050e+02
8.203061614986769712e+01
7.294883302883040699e+01
7.506457204447654874e+01
7.571774157012272610e+01
1.406387574497227320e+02
1.193974919150309688e+02
7.498333647969235471e+01
1.161855881966986175e+02
2.018013705200493746e+02
1.157870350021891426e+02
6.045920619046799516e+01
3.515255807128647803e+02
1.282835146288406918e+02
9.229505129766131688e+01
8.281447795837000569e+01
9.037151270840212192e+01
8.014826517457387922e+01
1.204185278868366140e+02
9.022342223543779482e+01
1.653321045609163775e+02
1.424153888352576871e+02
1.271029902755420125e+02
1.667346737681943409e+02
1.422681283998917650e+02
8.772137363585252956e+01
1.003984399155479821e+02
9.545566786664173264e+01
8.076046526154311778e+01
1.667947991426812564e+02
1.527326220835862216e+02
3.964785042715656971e+01
1.046330823577796139e+02
8.533845609834078516e+01
4.449081325079968963e+01
1.537709712856194528e+02
1.495055219081624500e+02
8.837255605123112900e+01
8.253729837654103108e+01
8.803511664814206483e+01
1.712730389865475331e+02
1.211657326138210777e+02
8.464872116416275105e+01
8.752784210053506797e+01
1.215149338346755457e+02
9.242822443520360309e+01
8.334134811637369467e+01
5.510346507641172593e+02
3.574684001857723104e+01
9.824240285645912252e+01
7.658398518151517465e+01
7.328819738988022436e+01
7.338125549504599121e+01
4.667365574034079145e+01
8.233447655117045088e+02
1.119061551391238538e+02
7.454295304618140960e+01
2.931256929031301439e+01
8.414531304446310855e+01
7.693326653590882813e+01
7.940567036663048839e+01
8.883424384656592565e+01
3.470101553455339882e+01
1.926100444999706696e+01
1.408408136510829856e+01
6.458772781256878659e+01
6.618105021732138482e+01
2.441363764482350618e+01
7.800056882897769128e+01
1.227192419291048253e+02
4.982994911239982372e+01
3.843627525677196388e+01
3.262033897314057640e+02
7.150248509335729352e+01
3.479574818499951760e+01
5.403239015644119547e+01
2.565512678805098545e+01
4.005262762662619735e+01
4.576405032713031318e+01
2.145715003038759505e+01
9.104574334311308803e+01
9.321394968682059812e+01
5.660509433413383107e+01
8.737003676839833588e+01
6.552383265163156523e+01
2.846239664980096151e+01
3.037809409304430375e+01
6.098134138665722759e+01
6.286083578759568979e+01
8.825094188806475870e+01
1.764062682058374776e+02
5.681903143772381526e+01
2.868758661523818176e+01
1.927701892534116368e+01
9.179306018330599670e+01
7.901072616994632369e+01
7.604331993371361875e+01
5.601978636845688442e+01
3.277239897483784148e+01
3.662208541328205769e+01
9.056694264199306588e+01
9.251345030918946577e+01
1.693121508195646641e+01
1.313252352801820955e+01
5.987500349142243294e+01
3.073034576226067571e+01
1.337879837628339175e+01
5.091151339829543758e+02
8.232568721414210700e+01
1.147453129823625488e+02
1.327617731001276269e+01
5.692316637575140703e+01
8.327025589361981872e+01
8.583757747778945486e+02
9.401874467746553421e+01
1.111259006733814800e+02
8.245384728178946432e+01
9.592836413988467825e+01
1.275142498421808455e+02
1.301940645329332540e+02
7.882216474842674359e+01
7.741921079017384955e+01
7.974311753857716667e+01
7.142512054691921719e+01
1.166233364721182681e+02
1.127906937964628611e+02
6.836025726760156829e+01
1.032342339564571745e+02
1.762049682864246734e+02
9.616524865014795864e+01
7.009437981206355062e+01
3.442597901633567972e+02
1.139095222782566736e+02
8.664980867980062840e+01
6.102087757824120473e+01
7.183596666812947262e+01
7.306281018686435402e+01
1.073170501288470149e+02
7.772269899187304532e+01
1.394814304219268308e+02
1.199042290475306345e+02
1.073489201042918637e+02
1.452617248028739425e+02
1.196218394181064326e+02
9.107678083483432374e+01
8.197547245619658440e+01
8.257514594568871757e+01
6.922976052043792095e+01
1.433530325459450694e+02
1.511143570576969353e+02
5.273865959670351344e+01
8.484736855756898422e+01
7.948290864138351708e+01
1.021015652454216678e+02
1.307908729214093455e+02
1.260036699443085695e+02
9.172919347514414312e+01
5.802443055050869702e+01
9.304190305161320396e+01
1.476027256057939780e+02
1.158789250163343780e+02
6.716661339442080703e+01
7.429073937374968750e+01
1.005031903974362422e+02
8.743006590429192215e+01
6.904803606060522725e+01
5.027415999287760542e+02
7.439291231505984570e+01
1.139178470146694195e+02
6.491696579344247198e+01
7.397023311135535550e+01
8.688995785947131480e+02
1.290116613554803564e+02
1.420562377411333159e+02
9.446544609243571244e+01
8.768073040390225970e+01
1.664645920321219705e+02
1.696677320432224576e+02
5.284756183301826127e+01
7.620898331305373574e+01
7.708481153324655111e+01
6.738334667648378229e+01
1.533873210413455581e+02
1.052991048052250846e+02
5.989412023115144734e+01
1.244095950424102455e+02
2.287067439405961409e+02
1.041071871444563754e+02
5.289440094647571300e+01
3.795784012983107232e+02
1.539264532854069785e+02
1.082895111752344519e+02
6.450655972920176850e+01
7.512636791414541904e+01
5.658885982793239577e+01
1.180284356835823587e+02
9.647917148286737188e+01
1.863849104427204679e+02
1.395814825649130455e+02
1.404040984624453472e+02
1.859303196370386786e+02
1.575487088582952708e+02
9.772920431514745587e+01
9.510950348642155916e+01
8.633335537833949047e+01
9.394332404590375063e+01
1.858768417324703819e+02
1.918449047759858672e+02
2.200273090655300834e+01
9.172053939778810161e+01
8.795162168045510498e+01
8.557383428540782688e+01
1.721947139570774254e+02
1.681150333740641827e+02
9.019293480390204820e+01
8.483272500845050956e+01
1.034284495073485317e+02
1.914260691026354948e+02
1.811736009527432998e+02
6.638315494461171795e+01
9.062909523681062751e+01
1.388251207011644510e+02
1.015012230289001423e+02
7.513669022584480217e+01
5.309766209258975778e+02
3.295795268569801806e+01
1.345987254381536502e+02
7.343228167930926986e+01
7.950992092595283793e+02
8.001944800513638256e+01
5.712530049065065896e+01
2.734590145487270263e+01
6.465611103233892720e+01
7.252524140016537046e+01
6.980815191846896539e+01
9.836569320812006367e+01
5.280157147476180057e+01
3.285620789339468217e+01
4.670723506465439812e+01
7.003220701188345743e+01
9.993588425093260241e+01
5.940372617462188742e+01
6.878801769046060599e+01
1.148667417867093548e+02
7.827588763971648689e+01
3.432470685499597352e+01
3.343403618044897030e+02
6.496268416182422811e+01
3.438045512673494386e+01
6.145536109569179928e+01
5.882543599791323885e+01
7.221241433445995028e+01
7.366561870894695119e+01
4.591437941744328555e+01
8.507219757386077674e+01
1.148304609000421692e+02
5.221832152213966083e+01
7.832933049499544609e+01
6.343341142763443230e+01
2.814880108204888387e+01
5.372159668568111357e+01
6.630812218256929214e+01
5.666830290682906934e+01
8.322645906427024443e+01
1.640791291376734762e+02
5.656969382633361221e+01
5.951499851351640302e+01
3.707884997292295282e+01
7.535449167427617567e+01
7.118982412478533206e+01
7.930042910171211190e+01
7.090863045635512663e+01
4.803445338381732199e+01
2.781935126601153385e+01
8.778622600972798296e+01
6.457261587656435609e+01
5.814278446307139347e+01
4.684664420909641791e+01
4.814685235601619695e+01
2.746680919794420817e+01
4.895336781761440648e+01
5.389668583322913946e+02
7.323948027625088741e+01
1.152633599392428465e+02
4.170679570482871412e+01
8.214200541841196355e+02
7.954210364582477268e+02
7.896800879670320228e+02
8.450842440720947479e+02
8.061357612461595181e+02
7.968594094643509607e+02
8.937367748643559935e+02
8.121645268092154311e+02
8.079632806395279658e+02
8.284559623988521935e+02
8.065271569575620560e+02
7.061838510823592969e+02
8.343268712955464252e+02
8.128810018952242444e+02
8.372116486195103562e+02
8.268531547341592614e+02
8.342961557769189085e+02
6.593278028413486709e+02
7.942163750009414116e+02
7.999997334327943008e+02
8.470982833836374084e+02
8.204532699356350349e+02
8.624305207055042501e+02
8.058258418388954851e+02
8.150301814417842934e+02
8.018948554605213985e+02
8.735517021251739607e+02
7.854751842370671966e+02
7.906426783072290618e+02
7.837124964857649729e+02
7.879573817348135663e+02
8.028639900227092312e+02
8.293277168226743470e+02
8.216789217657278641e+02
7.944447194661299818e+02
8.941935307560648880e+02
8.427726765081899885e+02
7.952173389901374776e+02
8.087376635129552369e+02
8.382638785184033168e+02
7.876160996039618567e+02
7.961885186794842184e+02
8.639556742785623555e+02
8.157430366855153352e+02
7.928306408617252146e+02
7.950483000844953949e+02
8.005986146047455350e+02
8.295910805883061130e+02
8.130259987410981921e+02
7.806599771299004260e+02
7.835997843934812863e+02
8.127887437064443930e+02
6.313094065134441735e+02
8.467790370708087266e+02
8.953166666701574741e+02
8.275552599046261548e+02
8.969962461899544337e+01
9.241417361500488425e+01
5.045115794893534655e+01
1.269380116493152855e+02
1.291145552100833243e+02
1.536493791328512373e+02
1.026473489539598916e+02
9.864468054890278381e+01
1.113924582791460978e+02
1.218467080017901623e+02
1.498360446282333385e+02
1.223606763860662028e+02
9.812384461827630844e+01
1.646215860483945335e+02
1.222031237463403528e+02
1.041613296699936484e+02
3.227910464161849404e+02
9.721862743883255575e+01
1.009160709866512775e+02
1.223094823393953163e+02
1.107002121526742400e+02
1.371730839054444004e+02
1.238961278866115094e+02
1.071403010617656548e+02
1.327195997467630946e+02
1.212783640038517774e+02
1.127162055556892000e+02
1.404021872567555818e+02
1.228825173423727222e+02
9.458360219715706307e+01
1.096508026310891637e+02
1.124869413315110620e+02
6.776354720444626878e+01
1.389150562428779949e+02
1.343455027734162286e+02
9.927026082469774337e+01
1.155902486531233251e+02
1.032968904776081445e+02
6.089377158485383745e+01
1.284329188145222815e+02
1.224827336498736514e+02
1.173221893301099499e+02
8.515506601358426053e+01
9.607121654422198276e+01
1.414771729575467987e+02
7.389824574876806196e+01
1.156962042555204278e+02
1.114980950836470726e+02
1.041579694479598288e+02
9.744024547093125932e+01
1.068223985839473755e+02
5.680757871329092268e+02
9.762381508483581172e+01
6.647541423839881247e+01
1.096755540459879654e+02
4.815824635571505752e+01
1.085220032595818225e+02
2.966708752844187558e+01
3.002485475485502064e+01
1.609699057887991103e+02
7.521706519094406929e+01
6.350421738729041010e+01
7.867206323132526791e+01
3.153741108524229730e+01
1.293210371624364257e+02
9.010409942300822195e+01
4.924158897284124237e+01
7.341359839720215064e+01
5.355056249191087403e+01
8.533247399673028610e+01
3.359056094243646839e+02
2.540776416514684399e+01
5.434684485827328615e+01
1.092051686993066539e+02
6.892359075414552194e+01
1.179277435572949599e+02
3.604107366963919645e+01
6.359227371805414464e+01
2.888383870223112382e+01
9.703186627619183469e+01
3.128911345956966272e+01
3.151783463118759343e+01
2.395472059169994239e+01
4.632692894100929237e+01
4.252785167386115717e+01
5.394710741542560584e+01
5.531936278749382296e+01
3.073271805069689222e+01
1.726369651758143107e+02
1.168246845344539793e+02
4.231018006582681323e+01
6.101280519699845684e+01
1.214327371816446970e+02
2.704104578439207529e+01
2.927552958910559511e+01
1.020641427700637678e+02
5.646286729218604705e+01
4.759788701730377625e+01
3.036086579061655044e+01
3.592006958702160091e+01
7.902235592235636830e+01
6.746870858938092397e+01
2.962506835783642600e+01
3.972453867514899883e+01
6.109722193627879250e+01
5.740245518230838115e+02
1.339248261736912582e+02
1.365091809744322120e+02
7.775450329824828088e+01
8.008216317102919390e+01
6.367243894504736801e+01
6.647528207233662556e+01
1.122565269027725492e+02
3.780175433171552157e+01
2.141680082315498979e+01
3.111231682257266229e+01
5.433939428604244171e+01
8.833157916122880238e+01
4.448705126670230214e+01
7.225637337713472164e+01
1.074629706210069742e+02
6.118708145269778953e+01
4.910658786690339639e+01
3.259124545622979099e+02
4.842572740287129562e+01
1.292628618670691765e+01
7.104279927493635682e+01
4.118115995410594365e+01
6.399757691268087711e+01
5.825729815377719945e+01
2.835229048777141969e+01
7.394662051979805995e+01
1.073482012785315192e+02
3.702198608267334379e+01
7.578294447449209770e+01
5.239157372688986669e+01
8.766317593333972980e+00
3.940352473920784604e+01
7.245910993607532191e+01
5.995681613687327172e+01
7.447147090693130167e+01
1.605982343379996848e+02
7.024774918125289958e+01
4.291844838830618158e+01
1.840610013024168623e+01
8.750206829149159660e+01
6.156532333416239311e+01
6.397125497650006309e+01
6.905418007710846950e+01
4.585859099732716970e+01
1.310563990623332131e+01
7.911835688835370206e+01
5.472167328277098619e+01
3.882601511935654059e+01
2.523217717910305780e+01
3.032129411057618285e+01
1.122728404763039478e+01
3.057002766060326948e+01
5.297271821768367772e+02
9.358427164614292337e+01
1.191816510273698242e+02
3.017077195803994627e+01
1.521533355764450164e+02
1.594850529072807319e+02
1.218850893227355812e+02
8.132935725256248816e+01
7.380724977742269743e+01
8.440960032189060769e+01
1.409176032180209859e+02
1.328808681266978624e+02
8.405935025119643456e+01
1.348450749345107056e+02
2.212061439346913403e+02
1.272992057912605475e+02
6.623119236785538533e+01
3.436455135130943290e+02
1.184773719355766275e+02
9.130402955258672648e+01
1.010949622699271941e+02
9.834437260658529567e+01
9.480497889742873951e+01
1.311507671449376744e+02
9.279487212207853020e+01
1.603664265041286114e+02
1.543639898716803600e+02
1.292258538858243071e+02
1.729517452887632771e+02
1.449073042916618590e+02
8.323546216037297540e+01
1.085618786121785320e+02
1.080071703624053896e+02
7.359840703720296062e+01
1.706755984931523926e+02
1.336103454757638644e+02
7.163901180957917347e+01
1.132795504767688897e+02
8.337770803330118952e+01
3.764389419508085410e+01
1.562196944844879738e+02
1.473828618307057070e+02
1.110705899951189508e+02
8.094686412136388753e+01
8.129033459668862349e+01
1.747782603197760238e+02
8.236888236712860589e+01
9.173247893104387174e+01
8.982068774525916410e+01
1.178848905436622516e+02
9.092550592201978077e+01
8.956393523586507399e+01
5.638368073490773895e+02
6.258177920687533913e+01
6.657849227459186636e+01
8.066469626236722945e+01
6.772443026753280471e+00
1.773629052797505778e+02
7.069751775525703863e+01
6.351499831173058652e+01
7.125295239191950714e+01
1.085151104259044530e+01
1.297013572627776057e+02
8.611543602736641390e+01
4.846936669603780246e+01
7.631275823733088259e+01
3.336777986025966669e+01
1.036719047506739741e+02
3.618371130242781533e+02
2.540464749645143172e+01
6.322339077304184940e+01
1.179654116945620927e+02
5.833518791470592646e+01
1.178539085086984954e+02
1.613380312576973097e+01
5.468039717423452828e+01
1.848973820126115442e+01
9.254010220898349814e+01
2.702151540361749227e+01
1.529928707292827283e+01
2.021129336140065647e+01
5.234088452197218544e+01
2.858935169761967998e+01
5.290977191898132048e+01
7.918801189982647770e+01
1.132650248391144032e+01
2.178542594796171556e+02
1.455589761058392071e+02
3.207865281927600876e+01
5.073497614328456962e+01
1.546096728446021871e+02
1.778872840608459427e+01
1.456354226332589796e+01
1.079903679237731353e+02
7.448897240972465283e+01
6.153136604912965169e+01
1.349861229455868106e+01
5.546673942376109778e+01
7.405967392340274102e+01
6.511750375463338969e+01
2.972575783945664796e+01
3.861150138909516727e+01
5.017425163315706982e+01
5.864182426215809301e+02
1.571522019033644426e+02
1.800777482583009999e+02
8.381319291566923368e+01
1.825457087173216451e+02
7.186137791401513653e+01
6.198643800257166703e+01
7.372126202499873671e+01
1.252973836652814832e+01
1.315056089414821656e+02
9.035314396571976658e+01
4.791581732364994650e+01
6.113730043672737935e+01
3.727533357186636209e+01
1.065820833885867387e+02
3.671362264349965017e+02
2.205857308235210823e+01
6.734481752035578950e+01
1.191877145754434082e+02
5.787395400642414245e+01
1.216262209653600621e+02
1.755361923232633359e+01
5.771938680498912788e+01
1.416917417942786273e+01
9.365385003229047811e+01
2.291415196166849455e+01
7.297223587856138671e+00
1.807822258282937256e+01
5.076894361681180357e+01
3.073999347995983911e+01
5.585415281526897502e+01
8.156152474408605713e+01
9.674911718855909726e+00
2.273881851928655919e+02
1.508812022638682322e+02
3.313022862586824147e+01
5.353456055867531660e+01
1.593314654026993082e+02
1.379039844723739172e+01
1.350604538194803084e+01
9.965855432886826293e+01
7.889579800346415084e+01
6.113242827899955500e+01
1.066833948028339130e+01
5.487289767242272376e+01
7.744594150681761846e+01
6.779150831570919422e+01
2.764289419126238556e+01
3.722980919846208536e+01
5.275012411628781450e+01
5.879269255374574641e+02
1.569377232609331827e+02
1.921437458619946597e+02
8.868621894287178975e+01
9.053258694026901310e+01
9.466515124391330005e+01
8.223851351651401842e+01
1.642448070517087331e+02
1.232113977579407305e+02
6.712987580275937205e+01
1.347387693455479507e+02
2.306553105355704361e+02
1.062616427462102564e+02
7.478641494447130356e+01
4.034089768660791151e+02
1.716943557921987349e+02
1.255873194193710845e+02
6.520545856636428539e+01
7.120665061156128672e+01
4.684965026023002110e+01
1.315616352849475561e+02
1.106359990601147416e+02
1.939792612849284410e+02
1.532828994338638324e+02
1.534664782917993193e+02
1.937787267017890258e+02
1.674672505957300359e+02
1.140309809550401496e+02
1.107050777675084703e+02
9.838297855642591117e+01
1.066272869620581929e+02
1.928957556996781193e+02
2.078635530189280587e+02
5.288485631124198960e+01
9.993243378524424259e+01
1.027231688356104797e+02
1.135783641065121827e+02
1.812477811942845562e+02
1.783892072567170430e+02
9.837528778614608882e+01
1.082946074196705268e+02
1.197124741252371507e+02
1.974966778215369345e+02
1.948164262276252146e+02
6.300745259146221144e+01
1.062101474636598653e+02
1.538898937733776791e+02
1.167431097792497496e+02
9.001525808049122190e+01
5.227510999408610814e+02
3.835231963302676661e+01
1.531064755807933011e+02
9.616061259387105054e+01
3.636293307650790041e+01
2.355475549792152279e+01
6.027882104188730494e+01
8.515093480802124759e+01
2.578363721206238779e+01
7.867698784415597402e+01
1.285033079325615688e+02
3.385362161013568283e+01
5.505936358473362446e+01
3.286056150940503358e+02
6.980378659648826556e+01
4.164119602003256659e+01
4.158871417449478258e+01
1.716465816739133388e+01
4.884412324551826856e+01
4.398319684887943737e+01
2.710585881764462712e+01
8.489591775294988452e+01
8.811543853712328200e+01
4.902652596551029518e+01
8.114907436846289102e+01
6.028785952452371788e+01
3.952004106341826883e+01
2.461885603620576646e+01
4.326422338432739423e+01
7.485447618811782888e+01
8.000888503487070125e+01
1.703407731441837427e+02
5.953944873267745663e+01
2.426102419186708303e+01
3.352556657312222654e+01
8.661282524961734453e+01
7.174615725349868001e+01
6.940269260534694240e+01
8.094328067782561220e+01
4.595265891893423316e+01
4.755184845281301165e+01
8.527409338223249335e+01
9.560257692255011364e+01
2.762903025039750560e+01
3.370270362292635014e+01
4.980186765154628148e+01
3.480508296779355959e+01
2.063728759467959151e+01
5.114919031339828734e+02
6.941111528313641088e+01
1.051505038440547253e+02
3.521720017989991902e+01
2.836637732745118967e+01
5.227387670897265792e+01
7.745569729388753899e+01
3.296575376981907368e+01
7.074422030378597981e+01
1.079030407524989243e+02
5.607353959406913191e+01
3.393104625862947188e+01
3.234734852470154465e+02
6.449603215918837407e+01
2.018774774783091885e+01
6.617134770553487044e+01
3.812716114093807107e+01
4.767865723863900485e+01
4.865662430974163044e+01
2.644381360740808518e+01
7.898212632951481282e+01
1.030338773827411671e+02
4.326608794939723168e+01
6.674911323090402959e+01
5.187346999230389599e+01
2.140264164582834283e+01
3.376143848126679359e+01
6.690109435522943215e+01
6.379151617030631627e+01
7.280056617088462190e+01
1.676499135445680508e+02
5.339161642231152882e+01
3.381299941113942964e+01
1.272186131685632660e+01
8.218142599198098708e+01
6.455734457994921627e+01
6.538251844220694409e+01
6.372491266351268280e+01
4.242928663769526310e+01
2.329641042133100370e+01
7.443861948353159619e+01
8.014016398735630275e+01
2.934284113389028192e+01
1.824342439062889554e+01
4.103595944655290850e+01
2.214540505679396531e+01
2.530009521770875836e+01
5.213064851093508878e+02
8.017446836434464785e+01
1.117528037739652547e+02
2.042894031035334734e+01
6.202356746112784691e+01
6.940420240020665688e+01
2.294733587119542051e+01
7.225003614161607857e+01
1.265054593270121472e+02
3.768578901184116603e+01
4.330743521244981764e+01
3.325105397460843619e+02
6.874238828449031757e+01
3.437547485489989896e+01
4.220802878432753147e+01
1.686425772006700186e+01
3.619819893475931138e+01
4.562687976260491496e+01
1.592254800707896578e+01
8.709672646608778734e+01
8.778830395823945310e+01
5.141980671707470663e+01
8.581120110086423836e+01
6.269762306965407106e+01
3.272542747870162572e+01
2.369848911385706458e+01
5.313617712913482904e+01
6.048012622499217628e+01
8.320897287141710308e+01
1.774914716514306008e+02
5.559003820482131886e+01
2.909871821486789756e+01
2.096853930785934139e+01
9.058202308647921086e+01
7.423480007671378189e+01
7.121548753832152556e+01
6.354056658702917559e+01
3.994718064062194429e+01
4.166993903062535765e+01
8.940879119803337005e+01
9.656054553620366221e+01
1.551551614845156557e+01
1.833029411708916712e+01
5.418677920646867818e+01
2.820277345394985247e+01
1.183214085831409257e+01
5.099458620496895378e+02
7.944636478973279736e+01
1.139265066426727060e+02
1.715094045387410659e+01
1.185187090519222011e+02
7.481107470310433882e+01
4.754593476337740299e+01
7.204004780027872812e+01
2.321884795131076373e+01
9.158487993099612368e+01
3.444247056953281572e+02
2.510094436974392096e+01
5.526790975855410437e+01
1.078853331473461878e+02
4.988385858928052841e+01
1.065561585840009968e+02
1.466048329490852531e+01
4.424484357940471568e+01
1.900212699814284179e+01
8.350745893141146325e+01
2.652762988612635908e+01
1.958196114042709368e+01
2.001035799420432326e+01
4.863982064156824947e+01
2.176249837765911366e+01
5.037556293792591333e+01
7.603690246608981340e+01
1.539625046969816147e+01
2.041196344957597830e+02
1.306968620718651266e+02
2.196438032242521388e+01
4.085357172086412447e+01
1.443033845616200210e+02
1.929885294362822989e+01
1.568998226885099534e+01
9.610851705496858699e+01
5.829638501384647498e+01
5.648435036136468312e+01
1.856156001509565812e+01
5.435155780538683956e+01
6.291646375485250076e+01
5.299254836545371461e+01
2.886558287824683688e+01
3.683555936241094741e+01
4.165192672536887386e+01
5.692582308750533002e+02
1.459627374931715735e+02
1.632250126139392705e+02
6.865518336552212020e+01
7.118376484071882260e+01
1.180779880058391313e+02
1.653891013168261566e+02
1.000498395082939282e+02
8.772571433110857697e+01
1.180441102424339306e+02
1.268485054403255816e+02
8.757582548164060654e+01
9.572450651196572835e+01
8.015329799444056391e+01
8.872024339880934463e+01
1.002022852251507317e+02
7.760147518967522728e+01
1.448012720689962691e+02
1.380972311107287851e+02
1.106053416834430436e+02
1.390166964901250140e+02
1.184597510865205976e+02
8.797337003933702704e+01
8.520939489057096239e+01
1.046009710332918416e+02
1.095204703486753033e+02
1.400603639766796960e+02
2.183413235707899673e+02
9.204576114857246694e+01
8.034017423355588505e+01
7.475511907834140857e+01
1.385488680949313220e+02
1.325875793394659752e+02
1.293239138782430757e+02
1.088010104754329461e+02
8.263856640693126110e+01
9.184746895895692376e+01
1.424506547434111781e+02
1.482154450115916404e+02
6.831295842214572644e+01
6.690853765939100128e+01
1.136029341433174409e+02
9.020286451741826284e+01
7.280045900301166739e+01
3.311570632290890330e+02
1.187368591134607243e+02
1.686050704174462567e+02
6.758075696707319935e+01
9.122168641646084097e+01
1.379304553991333080e+02
4.422197578228967529e+01
4.396797614744552618e+01
3.434330108780177966e+02
8.672610144081266981e+01
4.877561207707188373e+01
3.840696667915689488e+01
2.382168963965741071e+01
2.705315176597894578e+01
5.828573651065651262e+01
3.661301797461084107e+01
9.833017886824001152e+01
9.903680851160278564e+01
6.923083854406614535e+01
1.000284286113188585e+02
7.459661973839793347e+01
4.486005467905890498e+01
3.747868569816719031e+01
4.805050219896956776e+01
7.465900356310881136e+01
9.502256003283014252e+01
1.807576903446581582e+02
4.881043886369519669e+01
2.997390312627301157e+01
2.986014309249588905e+01
8.922925387292649191e+01
8.873891069943617538e+01
8.629210007836319107e+01
7.374631463556184485e+01
4.699830846238143778e+01
4.394801702331976401e+01
1.011524052537873359e+02
1.056668555931855451e+02
1.150769445363587451e+01
2.647439169453849672e+01
7.118365679820873027e+01
4.427999806337744815e+01
2.363721777129471491e+01
4.821257273395682432e+02
6.576072946890283788e+01
1.116563837693203993e+02
2.444725379453657865e+01
1.096382165681096978e+02
5.891708804151566881e+01
8.413963607591153959e+01
3.416201321714981987e+02
5.447252026398957980e+01
7.580836406130548255e+01
9.428353075059631294e+01
6.587039585908543415e+01
1.147190423740339327e+02
4.968527631173269299e+01
5.936220464900844718e+01
5.913039031849742599e+01
8.879867724784475058e+01
5.300807313758166117e+01
5.579901628357937682e+01
5.302035968577535385e+01
7.281000973238479901e+01
4.727899699952747170e+01
5.547917427537361590e+01
5.973984807390458940e+01
5.806115901944718871e+01
1.920513706704851700e+02
1.073254228389040890e+02
5.706881721598439583e+01
6.644257660523429365e+01
1.277474558056194809e+02
5.593066124359090452e+01
5.604248335373884515e+01
8.144196718626068332e+01
6.298601463520385124e+01
7.694770114840248709e+01
6.066725268904002633e+01
7.647326062616848219e+01
8.126789679445450076e+01
6.971457733261794942e+01
6.198648383321029343e+01
6.038402515478240673e+01
6.019269795521767463e+01
5.635509555156252190e+02
1.245173422006877360e+02
1.670582578611589497e+02
8.075237761997377106e+01
9.506325911165924936e+01
1.524677463628486294e+02
4.770839579249501412e+02
8.548960608682799034e+01
1.394178665766883114e+02
1.953010548098732784e+02
9.689806127966897975e+01
1.727033250695028528e+02
6.274945303091982396e+01
1.046364288795146535e+02
7.232860828211960325e+01
9.275818079263459026e+01
7.426562087488619568e+01
6.243195504297729315e+01
4.299307449768842559e+01
8.720345529688071906e+01
6.314561660675334309e+01
1.197671551496440401e+02
1.342651893726599042e+02
5.509067142579102239e+01
2.911265556131269250e+02
1.906727498993873837e+02
4.851976050875489932e+01
8.353382301674392352e+01
2.063485254081940639e+02
5.257456916770441069e+01
5.919500328861042249e+01
9.420719710233387900e+01
1.207842259518603782e+02
1.075901367245520248e+02
5.448314722746943772e+01
1.043253009320205678e+02
1.113895428741058140e+02
1.301138180368931501e+02
6.636995073392901645e+01
7.151437068037461131e+01
9.151463108658964529e+01
6.599123734930436740e+02
1.963136059412944974e+02
2.666808477303135305e+02
1.423257167719672225e+02
7.366344176048306736e+01
3.424858318705593092e+02
4.177761860381747994e+01
6.551436421063431226e+01
5.778143311982472596e+01
2.534813105651323895e+01
6.356443949410486027e+01
1.920184632245881318e+01
3.689522049030464501e+01
4.267532751365996546e+01
6.313767562668765265e+01
4.158924039015778362e+01
4.670270650692360448e+01
3.954780390853530747e+01
6.221519540946829352e+01
1.745410512719526253e+01
3.186266770104362678e+01
7.694387016338905028e+01
4.047944801974961848e+01
1.990119851337840657e+02
9.461355959697736751e+01
1.550600511180042851e+01
4.343766627875288577e+01
1.294517798966128623e+02
3.924278062345713636e+01
3.560599205877065998e+01
8.758642460155475362e+01
5.347990676698645274e+01
6.773579646704835966e+01
4.497913727688234076e+01
7.068915468434495608e+01
3.888455699247414543e+01
4.563601641278179954e+01
4.473259583435490327e+01
4.831183937286289165e+01
2.936514994035829318e+01
5.302553931335427251e+02
1.046987140140484200e+02
1.419103608033909154e+02
4.908253014042659146e+01
3.377806947583385409e+02
1.058443267136194521e+02
5.701279307467189028e+01
6.231553942058853579e+01
5.581408223978878880e+01
5.254089520666554591e+01
7.607843104005327461e+01
5.031288335363782949e+01
1.138228538694552157e+02
1.143362748891862282e+02
8.425430414777025590e+01
1.200650123252964363e+02
8.778117681484025070e+01
5.250102956197923021e+01
4.914479798288668633e+01
6.015296247702892174e+01
6.453592570877697199e+01
1.156714118457488496e+02
1.733412291443075333e+02
4.089128666348330654e+01
5.329402915821170694e+01
3.976740439620112966e+01
7.861522429026648240e+01
1.056133750489288730e+02
1.073805586256889057e+02
5.978158577278357200e+01
4.033650697796702644e+01
4.852457716251755215e+01
1.220544548347892260e+02
1.182708166782151125e+02
4.549407616048764424e+01
4.138587592503915147e+01
8.245637062454842692e+01
5.234451278993158496e+01
4.161835569820264169e+01
5.207665197783434223e+02
6.045188669917565960e+01
1.139766002317859659e+02
3.259204849066286869e+01
3.408140282245619233e+02
3.362997193692432347e+02
3.638660791439526747e+02
3.258114166667912741e+02
3.663568315204315695e+02
3.374530906894686950e+02
3.242391420501225525e+02
3.735429827361991784e+02
3.733922604306923176e+02
3.421467913083529879e+02
3.836821360235173302e+02
3.557298612088128493e+02
3.290920613570669957e+02
3.232583085237102978e+02
3.444523862863172781e+02
3.238451390470461320e+02
3.805622297763001143e+02
4.111192644005361672e+02
3.440677087473197844e+02
3.259097115731296981e+02
3.275231273936338425e+02
3.521040698696560867e+02
3.681403666910760535e+02
3.555556717816949686e+02
4.014251868671283319e+02
3.124164088366110832e+02
3.361895434778702452e+02
3.841695570075920045e+02
3.370929333821162572e+02
3.332474860842607995e+02
3.248504025373766808e+02
3.338442809319403182e+02
3.269988891525713370e+02
3.186233334698844715e+02
3.135152942016878796e+02
3.729178782540838029e+02
3.613337966900105585e+02
3.324687660850835869e+02
4.865351723184745936e+01
1.138163498134277916e+02
5.787664256987026334e+01
1.128328577728859585e+02
3.208611642461582392e+01
5.428371120823562279e+01
2.692661508651293545e+01
9.338409575894999648e+01
2.006374442220411680e+01
2.753712453417052330e+01
2.094705040823222930e+01
4.322038590865623320e+01
3.580992589368530332e+01
6.275280161533244438e+01
6.222327681229629093e+01
2.443200540909765550e+01
1.818157831704446039e+02
1.285457517023076832e+02
3.524409320814241653e+01
5.538624712269301398e+01
1.248378119857878943e+02
1.969544534609139674e+01
1.970351243176381217e+01
1.138408953347986312e+02
6.710947301682509192e+01
5.394096845141490348e+01
2.991207959618580503e+01
3.949492300422924984e+01
7.228201488801482810e+01
6.423667935227990711e+01
1.707352678611308505e+01
3.449958552992966077e+01
5.479804128179565481e+01
5.850835775953232769e+02
1.457403504004563501e+02
1.418262813603471670e+02
8.030381269621967988e+01
8.216129328709124024e+01
4.215197268338616254e+01
7.259208815273514404e+01
5.912149931522713331e+01
3.084939990418403255e+01
8.125949421263652539e+01
1.191620671788260211e+02
3.505777891846143746e+01
7.851664988178040971e+01
5.145467725687538518e+01
1.453365020377804484e+01
3.926802500659425732e+01
8.320970623168585689e+01
6.298544736382454801e+01
7.637948601987633879e+01
1.710202611162463882e+02
7.605007198863017948e+01
4.089676372349835987e+01
1.590499684825429227e+01
9.813972011758718850e+01
6.438629921570004910e+01
6.284748150455020976e+01
9.629177391080372672e+01
4.784433957492839085e+01
1.843409077335533297e+01
8.373917069628947729e+01
6.912308095769705574e+01
3.799167224078939142e+01
2.525360827872968983e+01
3.113936707217305155e+01
1.498812001049651244e+01
3.365857194158229504e+01
5.435315677335415785e+02
9.915151498361844062e+01
1.290504196242216892e+02
3.685918577602304680e+01
2.988667471115065410e+01
4.464568381861130320e+01
8.007623866546944669e+01
6.374331600532444497e+01
1.363691669414587295e+02
1.120773058566377074e+02
9.506821074195600829e+01
1.328508532157975708e+02
1.079113578178068025e+02
7.656731366907388292e+01
5.541722284581197755e+01
4.358409001855660847e+01
7.823604901018190105e+01
1.332022950709919940e+02
1.840421955423336442e+02
5.182462595991225385e+01
5.088646366218669925e+01
6.863164518934179625e+01
1.012526838892201226e+02
1.224913544852468164e+02
1.202440314101250465e+02
1.033668986131796714e+02
6.077977362357083990e+01
8.274522573782972756e+01
1.379882895590857856e+02
1.367726886831636648e+02
3.350718083795247537e+01
6.330748271743317446e+01
9.867512035110820534e+01
7.093369496839420663e+01
4.746519973829370542e+01
5.045547744645097055e+02
7.050969587541533201e+01
1.221601326228585975e+02
5.279233179535851406e+01
3.356798193446266509e+01
3.896327153912291408e+01
1.908678432927903756e+01
7.082271030362949205e+01
7.875796296960106702e+01
4.086020288486271568e+01
6.721279634116683610e+01
5.111517069143404512e+01
4.325033401497515939e+01
1.928963652122394379e+01
4.127554877493044216e+01
6.423924711540229282e+01
6.777086110578335365e+01
1.796094755217669672e+02
6.592777094227866996e+01
1.901321688659452747e+01
3.209448535933221791e+01
1.041474967256703508e+02
6.028903245840318448e+01
5.818812574218191713e+01
6.491136041019481695e+01
3.869769269785308552e+01
5.137590294496076382e+01
7.281082758261176480e+01
8.201526107276282573e+01
1.566659324207912718e+01
2.775782954357594079e+01
4.479923830268881346e+01
3.567435201026712122e+01
1.432805467130395982e+01
4.921846935526444327e+02
8.314044421717719047e+01
1.183119523713512962e+02
2.831733439053016355e+01
8.097647049626287696e+01
5.785424643911213849e+01
1.336604910196091964e+02
1.217820122988190974e+02
9.575605057937104903e+01
1.326588571817803484e+02
1.086002192289338097e+02
6.537739888692527757e+01
6.098777987212034901e+01
7.208667284969359912e+01
8.714966986554816231e+01
1.310140158075689953e+02
1.919423976675237782e+02
4.950375655731309621e+01
5.508155493898253496e+01
5.111660570951880800e+01
9.859434413319065982e+01
1.209988658607140195e+02
1.170808667501158595e+02
7.786712125728797673e+01
7.273615972893584569e+01
7.210440144166683751e+01
1.357314438076717238e+02
1.372160371181448113e+02
2.166407956015667224e+01
5.285828195416684139e+01
9.765376304883075420e+01
6.620894692014915961e+01
4.409316176671443088e+01
5.026151441355964948e+02
6.064524873416543471e+01
1.228185708857239860e+02
4.821944799625447331e+01
3.974161149402821991e+01
3.062111157558009111e+01
6.329341673407427038e+01
3.468107376458732460e+01
1.949735556057719776e+01
3.211943389665596982e+01
5.496948898298675346e+01
2.079033413101703331e+01
3.830077750216418053e+01
7.930464975232692382e+01
2.462308307278426867e+01
2.035501854783866804e+02
1.036152084342711106e+02
2.068763230179889590e+01
4.560766557968936752e+01
1.341451305156562626e+02
2.927233197765338701e+01
2.479084333901073478e+01
7.236146812944699036e+01
5.610021653801845076e+01
6.342685098031284952e+01
1.794435469804708205e+01
5.954889722158974763e+01
5.045741342575993826e+01
4.174463646269850869e+01
3.815197157798368721e+01
4.434311886014235427e+01
3.390300613265921470e+01
5.457374443735657223e+02
1.196135735520773409e+02
1.484253769668428902e+02
5.090354045918923731e+01
6.913608602607104103e+01
8.758288894482743103e+01
3.635114774193800002e+01
6.754853495465984281e+01
4.479360453895785099e+01
2.971443034349554324e+01
1.815532506761226372e+01
5.582348577368648535e+01
5.732374973934008722e+01
6.474724726075979220e+01
1.763994730993038047e+02
7.477751483976555846e+01
2.365859133074788190e+01
1.811555887578782631e+01
1.005170304317575471e+02
5.654167225535893238e+01
5.328916624827324711e+01
6.680213082507650313e+01
3.293837604051576307e+01
3.827939569101469885e+01
7.134359069234265860e+01
7.934740725602800637e+01
2.551780065108589568e+01
1.635254539561426412e+01
3.924261930065458159e+01
2.359089281669640314e+01
1.384864865588649252e+01
5.282557363096852896e+02
1.013683969676100247e+02
1.200471844779446400e+02
2.228407003440885603e+01
9.881733528177025505e+01
3.659055866531698342e+01
1.624163578312246159e+01
1.621146978680273421e+01
5.936186369106424365e+01
3.594321219181925642e+01
6.689427163013942845e+01
8.751222788014707987e+01
7.493736617961044288e+00
2.256519249199517105e+02
1.614362132387478823e+02
3.492973922137606735e+01
6.328888160738321034e+01
1.627096831452490733e+02
1.069505186121952178e+01
1.239221571208337203e+01
1.215635757781510904e+02
8.074233415257410229e+01
6.624719033962095693e+01
1.397806740691058280e+01
5.074130620363806798e+01
8.551980412598196324e+01
8.051599405941129817e+01
3.130583311279612957e+01
4.632137940451838176e+01
6.261636193814323548e+01
5.927102509765892364e+02
1.733445390869278810e+02
1.906188149422990250e+02
9.930388635155911459e+01
9.606215852217563622e+01
1.043252873881806408e+02
8.411924189008080077e+01
1.068632254123029810e+02
5.895024363269324397e+01
7.239222119656520249e+01
1.058682172394350118e+02
9.864192957364028302e+01
2.146548532955759185e+02
1.141690216299663518e+02
5.404641328234304609e+01
8.606743040454381344e+01
1.505451969948799160e+02
9.470782205745845772e+01
8.934889914691227375e+01
5.421097048076465796e+01
8.558117554007662875e+01
1.160791833991262649e+02
9.811408796523338083e+01
1.143400751923724101e+02
8.855565157863620129e+01
9.519782390850332376e+01
9.525508130248205418e+01
9.020178554739996457e+01
7.197541852945317942e+01
5.925404533496734985e+02
1.401425399080493435e+02
1.607252331754197883e+02
9.699821347204866129e+01
3.258975271059907186e+01
1.514739534296212575e+01
3.044759720945368997e+01
2.421304785517111569e+01
6.269687532692469034e+01
6.591294322483814483e+01
3.332577588687664161e+01
1.971046680171358787e+02
1.195303198416831378e+02
2.551090826554932534e+01
3.556642887529780950e+01
1.329052469582678100e+02
2.382959684712900383e+01
2.635589865356051575e+01
9.329079696975129821e+01
5.573672559078967481e+01
3.820956674967298738e+01
3.876997706083983530e+01
4.874714615918888683e+01
5.676202529470311475e+01
4.488703883849277076e+01
1.171385908270259435e+01
2.164238022047557664e+01
3.676221802274445594e+01
5.635226282653546832e+02
1.323957309752477727e+02
1.620816620534546360e+02
6.156710663686214957e+01
1.818051747897794357e+01
5.233151998350560063e+01
3.526929224741736846e+01
6.574659672967364088e+01
9.163764604309361061e+01
1.000085753806711431e+01
2.456536201459223605e+02
1.664813779482511791e+02
3.414918465092237909e+01
6.118699346308010689e+01
1.708708889189831552e+02
1.306050947514587790e+01
1.687126673479944827e+01
1.126795015272662397e+02
9.251378536141791642e+01
6.715048665844436471e+01
7.318903790933012132e+00
5.536428661604190893e+01
8.390295272275714922e+01
7.720267665705317484e+01
3.169141046062056688e+01
4.144805215077762028e+01
6.112106255599979932e+01
5.987329124715829494e+02
1.683776324550537709e+02
2.103397362746571275e+02
1.014880116399963867e+02
3.944494371120423182e+01
2.528474926243333343e+01
5.719666282186845763e+01
7.284871878278312352e+01
1.820544911397346866e+01
2.127538753222337959e+02
1.365140334392865498e+02
2.326978040621686361e+01
4.276949244374836212e+01
1.478192809039668987e+02
1.157806158518575934e+01
1.876540198565375661e+01
8.559198346200753349e+01
6.264504910233759460e+01
4.465298814860754817e+01
2.310047495373390802e+01
4.593068014788210718e+01
6.319834304761860011e+01
5.390648589119925305e+01
1.801703802747924144e+01
3.130941465889959474e+01
4.319879962555213382e+01
5.666486215562947564e+02
1.465923940753403656e+02
1.794907326741245299e+02
7.499659323051687920e+01
4.113217481356680594e+01
7.395369162424391618e+01
6.465735340017397448e+01
5.526085542206850221e+01
1.686006544709302943e+02
7.280263526498364968e+01
4.093316394668435265e+01
1.782738697967615593e+01
9.040938040386953389e+01
4.574562354798651853e+01
5.220213512454692761e+01
7.467628245453539648e+01
4.908391197500657199e+01
1.136930575492858964e+01
5.977195822329315433e+01
5.449088615225597465e+01
3.733386035826366367e+01
2.829944547413585809e+01
2.516307815030042150e+01
9.400698354706502613e+00
3.266361115529168302e+01
5.326836438705582850e+02
9.323821358191840147e+01
1.214500139654751649e+02
3.382450072062466973e+01
3.218773203691310414e+01
6.197657819479881169e+01
3.640213441930103500e+01
1.863667359113240423e+02
8.073520781284142345e+01
1.070844406273695171e+01
2.595859773391567060e+01
1.154267934521832046e+02
3.417371646133135954e+01
3.362815052178046216e+01
5.477379699613980790e+01
3.583919780349647510e+01
4.208797572252446884e+01
3.964236344436615411e+01
5.793866351015576299e+01
3.161212205135260689e+01
2.467943091725364013e+01
2.907696607288846380e+01
3.176161822347604158e+01
1.416335864714443460e+01
5.213988066761626214e+02
9.939426591085425855e+01
1.293056488906711650e+02
3.139897513460715217e+01
6.932272992127244038e+01
6.499030889666599364e+01
1.876700123868806429e+02
8.102076959915538623e+01
3.141583981533779024e+01
6.202158111608908087e+01
1.131427864197802649e+02
6.404555974563977827e+01
6.348390669706928691e+01
8.956773398094199479e+01
5.147018622739739868e+01
7.643536380524933804e+01
6.856928142245595836e+01
7.910779389165359987e+01
5.077842835751201989e+01
5.940064122499995136e+01
6.963845479100334046e+01
6.397117601911966744e+01
4.299258606032543639e+01
5.214230449511508141e+02
8.685728421811626276e+01
1.231735165684754350e+02
5.897039038627171692e+01
9.062881984934303148e+01
1.337177605921817474e+02
8.295644898933244349e+01
6.810570558583893330e+01
6.354791639073349785e+01
7.740904700410736439e+01
8.094728078515939274e+01
7.942401804301923107e+01
8.445769722166470217e+01
4.906297711733028422e+01
6.336123251626816710e+01
9.415093061190934520e+01
5.252552853596964866e+01
6.826544166340711683e+01
6.030626922757061692e+01
6.376388380870979944e+01
5.887570964022646081e+01
5.660696325408257223e+01
5.455058772653875394e+02
1.013008735324129077e+02
9.904367740666100417e+01
6.055775302380024527e+01
2.403999627850219838e+02
1.635401475589259235e+02
3.351470661434438369e+01
5.938006457112912528e+01
1.697686119063295678e+02
9.210598155928851227e+00
1.290193850917611407e+01
1.114334664596680966e+02
8.687878094808759499e+01
6.508645427784087190e+01
8.771237643807154427e+00
5.347817959154664891e+01
8.212026628658433935e+01
7.642429973313571168e+01
2.973296761534725974e+01
4.438347824207221493e+01
6.040588195699795193e+01
5.937018750340567976e+02
1.698476952649221801e+02
2.055868773463979835e+02
9.895101916868119929e+01
1.704054872361426192e+02
1.886812005912786390e+02
1.731379880013334969e+02
1.160267567130027828e+02
2.228503265288940156e+02
2.115085645371499083e+02
1.970570049688002712e+02
1.554005727269682211e+02
1.688272960376430376e+02
2.446111126512083729e+02
1.332056033443024035e+02
1.790938795436438511e+02
1.754855455539934610e+02
1.855495249026958788e+02
1.725916993548805749e+02
1.722365232138276667e+02
6.152795035080408752e+02
1.744367407115318827e+02
1.156091923953925118e+02
1.753908037761303831e+02
8.070546146619069816e+01
6.506507311499150603e+01
7.619908335674298883e+01
1.494289272628706726e+02
1.447311451190630578e+02
6.401568852065182114e+01
6.254352801854785326e+01
7.422351415195207380e+01
1.700755529399993691e+02
1.397859748612045223e+02
5.670297602819612592e+01
6.581705585902749078e+01
1.150389013277740560e+02
7.695078993611666363e+01
6.063890359383943007e+01
5.085709825157493356e+02
2.889321488570968555e+01
1.159529385359164451e+02
5.329090857701858397e+01
2.821867054958081766e+01
1.188000353465940435e+02
3.156851296418125941e+01
3.269938557514849009e+01
5.312526108556890136e+01
3.663691415073969182e+01
4.439559536836940623e+01
3.673347497548192564e+01
5.705198865965839161e+01
2.557778270939184395e+01
2.449163738574074500e+01
2.802760541199526756e+01
3.490982379230185018e+01
1.646191342732114649e+01
5.115801391376697325e+02
9.422157163036585814e+01
1.341564508030970728e+02
3.350364921384392147e+01
9.215798979197001017e+01
5.314794585719786113e+01
5.356220377447316849e+01
5.576167913649884156e+01
3.830316544228816156e+01
1.989515399036280385e+01
6.585944664212149746e+01
7.779726400522564234e+01
2.396043187773414829e+01
1.644304078182405959e+01
3.325166530422720257e+01
1.677000092666113673e+01
2.061104716057545616e+01
5.220662787430331946e+02
9.063139560022176511e+01
1.187300582639943798e+02
1.747373574616660363e+01
1.559538528302122415e+02
1.517246099771748788e+02
1.033084754301151520e+02
9.463680181044671258e+01
9.064433267001322747e+01
1.738553521474278796e+02
9.015496041998515864e+01
9.853511132562221064e+01
9.885357416077938808e+01
1.217949937709351218e+02
9.768166379215331574e+01
9.605696393624519658e+01
5.659374498323907119e+02
6.776265894060767891e+01
8.088144631405141638e+01
9.036272207736290341e+01
1.347214837435806167e+01
1.048237496958136319e+02
7.606261217752214066e+01
5.626736216187866546e+01
1.541859834755799952e+01
4.761415658150607300e+01
7.475020840334893535e+01
6.820112808382869218e+01
2.097880203239551733e+01
3.611848470171698722e+01
5.365107878218847759e+01
5.838356677361234688e+02
1.570492388563976078e+02
1.895386725064827260e+02
8.769131104345611050e+01
1.052277455528759731e+02
7.145992488459467040e+01
6.239759757006407881e+01
1.475902373946472856e+01
4.895332533913740036e+01
7.264009931843584411e+01
6.594946231584948748e+01
2.544814586482041818e+01
4.155748844039665357e+01
5.408870110258216357e+01
5.810920861776328366e+02
1.603884625429668915e+02
1.751027870242276379e+02
8.328207453617197586e+01
6.349549430918352755e+01
8.172631855370120491e+01
1.102813718178966838e+02
1.213823525872137310e+02
6.049329148337523776e+01
7.266517986129845497e+01
8.827768965845747573e+01
6.513538391424621921e+01
5.311196547283515201e+01
5.738961850543093988e+02
8.956706075124550637e+01
1.524909894409747437e+02
6.155184495883256091e+01
4.865538778864976877e+01
9.241002473433991327e+01
7.952010916614582925e+01
4.034330831369088344e+01
2.897805754134409995e+01
5.462785826095721831e+01
4.421354789707340416e+01
2.636699249849882420e+01
5.204948612266958889e+02
9.687166647818290244e+01
1.113378609406667721e+02
3.096187194034315837e+01
7.069797463404414373e+01
5.509300810024608808e+01
4.286700500856426288e+01
2.940483746593413272e+01
3.124305136135678396e+01
1.335919684945808861e+01
3.620289264332439672e+01
5.337483648999212846e+02
9.488040466673075457e+01
1.220506103565468834e+02
3.682436313000764727e+01
5.524518310293420598e+01
8.773840316519265059e+01
8.037044751484326355e+01
3.568097803974247029e+01
4.920988756611228609e+01
6.605080378823615206e+01
5.971588812563434203e+02
1.754396540521968859e+02
2.090000585070751526e+02
1.031227716384705104e+02
9.466722450397290345e+01
8.649997959207385634e+01
3.975794728018938429e+01
4.794516388545939378e+01
7.291957256901091000e+01
5.909205224342983911e+02
1.405225627443747953e+02
8.792331597976117052e+01
1.046687285419770177e+02
2.019673484544852826e+01
5.810658189367545390e+01
3.806553443498356160e+01
1.769465224630375388e+01
4.767052119592918871e+02
7.403713825100223289e+01
1.165367321269171441e+02
1.983882506752090791e+01
4.760369255402406452e+01
2.613387593498091732e+01
1.551036631917399511e+01
5.135120640094784221e+02
9.419241319015580416e+01
1.211688606306787221e+02
1.490654651769390426e+01
1.807913172416636272e+01
3.744002595481877194e+01
5.617117720691554723e+02
1.258460712484866093e+02
1.468501621679117193e+02
6.165809667606249178e+01
2.632690561259535045e+01
5.303137364165527288e+02
9.945274335889587292e+01
1.278831424216793948e+02
3.172145199710738339e+01
5.053511179808939460e+02
8.458201935968932617e+01
1.137705218109199876e+02
1.844754621536862516e+01
5.315076617375345904e+02
5.702219891893614658e+02
5.092954200656200783e+02
1.179536387603894667e+02
8.397359788547039727e+01
1.151613906667975726e+02
