7.000000000000000000e+00 1.700000000000000000e+01 2.168514636786993321e+01 2.000000000000000000e+00
9.000000000000000000e+00 7.800000000000000000e+01 2.653793162844641884e+01 2.000000000000000000e+00
2.700000000000000000e+01 2.800000000000000000e+01 2.672012825163560734e+01 2.000000000000000000e+00
7.200000000000000000e+01 8.200000000000000000e+01 3.059823350425564215e+01 3.000000000000000000e+00
2.300000000000000000e+01 4.300000000000000000e+01 3.233639287438586507e+01 2.000000000000000000e+00
1.000000000000000000e+00 4.600000000000000000e+01 3.367542193952916563e+01 2.000000000000000000e+00
3.000000000000000000e+00 8.400000000000000000e+01 3.777396273987890396e+01 3.000000000000000000e+00
1.900000000000000000e+01 3.500000000000000000e+01 3.989679611273403737e+01 2.000000000000000000e+00
1.500000000000000000e+01 2.500000000000000000e+01 4.012311819844593686e+01 2.000000000000000000e+00
6.800000000000000000e+01 7.100000000000000000e+01 4.161505045377093381e+01 2.000000000000000000e+00
4.100000000000000000e+01 7.900000000000000000e+01 4.850078373217431960e+01 2.000000000000000000e+00
2.200000000000000000e+01 8.900000000000000000e+01 4.899672275869673399e+01 3.000000000000000000e+00
8.600000000000000000e+01 8.700000000000000000e+01 5.061710810800172311e+01 4.000000000000000000e+00
4.000000000000000000e+00 3.100000000000000000e+01 5.723583742760420279e+01 2.000000000000000000e+00
8.300000000000000000e+01 8.800000000000000000e+01 5.944070778512506337e+01 5.000000000000000000e+00
3.300000000000000000e+01 6.300000000000000000e+01 5.965816178270913639e+01 2.000000000000000000e+00
4.200000000000000000e+01 9.100000000000000000e+01 6.199752722539842864e+01 3.000000000000000000e+00
8.500000000000000000e+01 9.300000000000000000e+01 6.233581154888517517e+01 6.000000000000000000e+00
1.600000000000000000e+01 4.000000000000000000e+01 6.639341765014981434e+01 2.000000000000000000e+00
2.000000000000000000e+01 9.400000000000000000e+01 6.845860891109890645e+01 5.000000000000000000e+00
5.800000000000000000e+01 9.700000000000000000e+01 7.156395771021894348e+01 3.000000000000000000e+00
3.200000000000000000e+01 7.000000000000000000e+01 7.653334772216180681e+01 2.000000000000000000e+00
9.900000000000000000e+01 1.010000000000000000e+02 7.974990765917620195e+01 1.100000000000000000e+01
5.000000000000000000e+01 9.200000000000000000e+01 8.162541211325670076e+01 3.000000000000000000e+00
5.000000000000000000e+00 6.900000000000000000e+01 8.357491752609087143e+01 2.000000000000000000e+00
1.800000000000000000e+01 9.600000000000000000e+01 8.667431583381541316e+01 6.000000000000000000e+00
1.400000000000000000e+01 9.500000000000000000e+01 9.542015474626151672e+01 3.000000000000000000e+00
4.700000000000000000e+01 9.800000000000000000e+01 1.007585796816396311e+02 4.000000000000000000e+00
7.400000000000000000e+01 9.000000000000000000e+01 1.050185878422917369e+02 3.000000000000000000e+00
1.050000000000000000e+02 1.070000000000000000e+02 1.080833184033047161e+02 9.000000000000000000e+00
2.400000000000000000e+01 5.200000000000000000e+01 1.152583950053709572e+02 2.000000000000000000e+00
8.000000000000000000e+00 1.060000000000000000e+02 1.153358560024019255e+02 3.000000000000000000e+00
1.200000000000000000e+01 5.300000000000000000e+01 1.239072511226275992e+02 2.000000000000000000e+00
1.020000000000000000e+02 1.110000000000000000e+02 1.243600976255073363e+02 1.200000000000000000e+01
2.000000000000000000e+00 7.600000000000000000e+01 1.250653185198154347e+02 2.000000000000000000e+00
3.700000000000000000e+01 1.150000000000000000e+02 1.326947397041292618e+02 1.300000000000000000e+01
1.300000000000000000e+01 3.400000000000000000e+01 1.370656836146937394e+02 2.000000000000000000e+00
1.000000000000000000e+01 1.100000000000000000e+02 1.383479136179066700e+02 4.000000000000000000e+00
6.000000000000000000e+00 1.040000000000000000e+02 1.468285914838580766e+02 1.200000000000000000e+01
1.100000000000000000e+01 1.170000000000000000e+02 1.476723266541571036e+02 1.400000000000000000e+01
2.600000000000000000e+01 1.030000000000000000e+02 1.532810073442770715e+02 3.000000000000000000e+00
2.100000000000000000e+01 2.900000000000000000e+01 1.549799227711698677e+02 2.000000000000000000e+00
5.700000000000000000e+01 1.210000000000000000e+02 1.685910279857641285e+02 1.500000000000000000e+01
3.900000000000000000e+01 1.130000000000000000e+02 1.696408081098410321e+02 4.000000000000000000e+00
4.800000000000000000e+01 6.700000000000000000e+01 1.794034403879035438e+02 2.000000000000000000e+00
3.600000000000000000e+01 1.220000000000000000e+02 1.803106431333681030e+02 4.000000000000000000e+00
1.000000000000000000e+02 1.120000000000000000e+02 1.851811661495880799e+02 4.000000000000000000e+00
1.090000000000000000e+02 1.200000000000000000e+02 1.864426714420800124e+02 1.600000000000000000e+01
6.100000000000000000e+01 1.140000000000000000e+02 2.014773067510558064e+02 3.000000000000000000e+00
3.000000000000000000e+01 3.800000000000000000e+01 2.037438923909166704e+02 2.000000000000000000e+00
4.400000000000000000e+01 6.600000000000000000e+01 2.040741749874094353e+02 2.000000000000000000e+00
5.100000000000000000e+01 1.240000000000000000e+02 2.057029647203758884e+02 1.600000000000000000e+01
5.600000000000000000e+01 1.080000000000000000e+02 2.098193037015535651e+02 4.000000000000000000e+00
6.000000000000000000e+01 7.500000000000000000e+01 2.192309273935631779e+02 2.000000000000000000e+00
5.400000000000000000e+01 1.300000000000000000e+02 2.271140897640690923e+02 4.000000000000000000e+00
6.500000000000000000e+01 1.340000000000000000e+02 2.410576203791314356e+02 5.000000000000000000e+00
1.280000000000000000e+02 1.310000000000000000e+02 2.456087237766907094e+02 6.000000000000000000e+00
7.700000000000000000e+01 1.270000000000000000e+02 2.481621915147047446e+02 5.000000000000000000e+00
1.160000000000000000e+02 1.330000000000000000e+02 2.501784229515982361e+02 1.800000000000000000e+01
4.500000000000000000e+01 6.200000000000000000e+01 2.539300645803102441e+02 2.000000000000000000e+00
1.230000000000000000e+02 1.350000000000000000e+02 2.621026780391847524e+02 4.000000000000000000e+00
0.000000000000000000e+00 1.180000000000000000e+02 2.721394987049267797e+02 3.000000000000000000e+00
1.360000000000000000e+02 1.390000000000000000e+02 3.073379111935358310e+02 9.000000000000000000e+00
4.900000000000000000e+01 1.370000000000000000e+02 3.241367411560093501e+02 6.000000000000000000e+00
7.300000000000000000e+01 1.410000000000000000e+02 3.348083870358373701e+02 3.000000000000000000e+00
1.380000000000000000e+02 1.400000000000000000e+02 3.375802170923407743e+02 2.400000000000000000e+01
1.190000000000000000e+02 1.290000000000000000e+02 3.440196844070259203e+02 2.000000000000000000e+01
5.900000000000000000e+01 1.460000000000000000e+02 3.938849074391044383e+02 4.000000000000000000e+00
1.420000000000000000e+02 1.430000000000000000e+02 3.989741539479086327e+02 7.000000000000000000e+00
5.500000000000000000e+01 1.440000000000000000e+02 4.106702914586691122e+02 1.000000000000000000e+01
1.250000000000000000e+02 1.490000000000000000e+02 4.156849266567804193e+02 8.000000000000000000e+00
1.470000000000000000e+02 1.480000000000000000e+02 5.158285619015000520e+02 4.400000000000000000e+01
1.320000000000000000e+02 1.500000000000000000e+02 5.178399497280834112e+02 9.000000000000000000e+00
1.260000000000000000e+02 1.520000000000000000e+02 6.106168728308235814e+02 1.000000000000000000e+01
1.450000000000000000e+02 1.540000000000000000e+02 7.024775272882839090e+02 1.500000000000000000e+01
8.100000000000000000e+01 1.510000000000000000e+02 7.221105398950910512e+02 1.100000000000000000e+01
1.560000000000000000e+02 1.570000000000000000e+02 8.492980664608375037e+02 2.600000000000000000e+01
1.530000000000000000e+02 1.550000000000000000e+02 9.677313637082096420e+02 5.400000000000000000e+01
8.000000000000000000e+01 1.580000000000000000e+02 1.040639479870750165e+03 2.700000000000000000e+01
6.400000000000000000e+01 1.600000000000000000e+02 1.670699152711294573e+03 2.800000000000000000e+01
1.590000000000000000e+02 1.610000000000000000e+02 2.341029802097059019e+03 8.200000000000000000e+01
