1.250647650603827742e+03
6.504563778721859308e+03
7.561765071873953275e+03
1.162692194500228288e+04
1.583337175877037225e+04
5.877233390205408796e+03
1.073789418238590315e+03
2.984430647175006015e+03
2.018190643146860793e+03
6.923140841380264874e+02
1.308392905620442434e+03
1.051001429003327758e+03
7.229231320001968015e+03
1.709301966766294981e+03
2.295834001522547169e+03
7.943240459364888920e+03
3.079606992554486624e+03
4.704476441738563153e+03
3.602607531086998279e+03
7.859392501634710243e+03
6.904551251115585728e+03
2.369022715449323186e+03
8.146049569259917916e+03
5.284289142142377386e+03
5.769102142920417464e+03
2.887312669774456481e+03
4.423722624186269059e+03
7.617874731161560703e+03
4.702105278731875842e+03
1.440070788870956676e+03
1.228967349887951605e+04
1.176487842225938493e+03
3.547143367796142229e+03
3.197268922177185004e+02
1.101436025853432739e+03
5.602278566669167958e+03
9.840682864413771313e+03
6.080241735353340118e+03
2.112368144793951160e+03
7.286670035614137305e+03
4.273466279325115465e+03
1.179063228157693084e+04
5.991000727284643290e+03
1.994404327885419661e+03
3.769442669598853172e+03
1.106409742436282431e+04
6.303113104601608029e+03
3.811063979833882513e+03
4.217271859861313715e+03
7.539423150167998756e+03
1.186964613403343265e+03
2.494073969284055420e+04
6.158246185794580015e+03
4.443533628427800068e+03
5.116119144038388185e+03
1.651178082339108369e+04
9.436112720518403876e+02
1.567116061303933293e+03
5.860050973463323317e+03
6.866628377295603968e+03
4.073037575108786768e+03
8.279744899319641263e+03
8.472923903343844358e+03
5.204553840363563722e+03
1.562085566708885744e+04
4.838679200307617975e+03
1.756338204499919357e+03
5.431729321637494650e+03
1.081092255115965600e+04
5.945381042577697372e+03
1.147383952912658606e+04
1.007256589918196914e+04
8.125863042611588753e+03
9.845719714129515978e+02
3.039379963392203081e+03
5.564848877510417879e+03
6.490916487434220471e+03
1.129168063756207448e+04
2.921906065222417055e+03
7.587694485531637838e+02
1.348973165047859311e+03
2.795774260663389214e+03
7.100796603731084815e+02
1.023446309556029178e+03
1.024081953781426819e+03
4.021901875386219672e+03
5.504823610093500292e+02
1.421118040080431456e+03
6.026958879416750278e+03
1.460300972979337075e+03
3.573677143064124721e+03
1.694756675947149233e+03
4.707121965101622663e+03
4.229384273013755774e+03
1.355043702394285447e+03
5.815167928433023008e+03
5.303376824964021580e+03
4.398555714214298860e+03
1.598493366194609735e+03
3.325895096552066207e+03
3.831887004327689283e+03
3.157695522395976241e+03
5.113317401604767838e+02
6.718831129164369486e+03
8.617942359881423044e+02
2.831844574787404781e+03
1.100786484651585397e+03
1.192725634035454732e+03
3.824756841174215879e+03
5.370551679397956832e+03
4.015592810228455619e+03
8.640693957856024099e+02
6.068818809441872872e+03
3.082631751776239980e+03
7.467518205890964964e+03
3.248324183460817039e+03
1.105163590273326008e+03
2.700834004459294192e+03
6.898430671356061794e+03
3.805389425349143949e+03
2.301681725920288955e+03
3.013719012870494225e+03
4.933930866684843750e+03
9.856022212190518985e+02
1.532191692298240014e+04
4.407312521366089641e+03
3.194762904213309866e+03
4.091192184351872129e+03
1.002422285881913922e+04
1.108231142091087349e+03
9.256112136780736819e+02
3.413549517000846208e+03
4.673846287192071941e+03
3.654803996387377083e+03
4.295844975259761668e+03
4.404842478109234435e+03
4.409084771243728028e+03
8.194957728470873917e+03
4.876631617738645218e+03
1.253255380300460047e+03
4.292150694147583636e+03
5.621841371144454570e+03
3.451018871335500080e+03
7.089792452869707631e+03
6.209573505228874637e+03
5.009035464957607473e+03
1.220730863009049472e+03
6.949514319132771561e+03
4.431576838637170113e+03
8.110744199731241679e+03
1.246518881782045810e+03
3.389718783638849345e+03
2.100082185988276706e+03
7.851737464265514063e+03
4.983205496476830376e+03
4.558784335254134021e+03
4.638615882627491374e+03
2.915835635108607676e+03
3.005640367116733614e+03
3.887915953821600397e+03
1.032409369418794086e+04
2.318644223870515816e+03
6.041945766980105873e+03
2.948312353431258998e+03
4.560323612557234810e+03
4.804403666348151091e+03
3.159677586315551252e+03
7.163266270561538477e+03
9.036306546521385826e+03
7.653771548282532422e+03
4.387509256579771318e+03
5.551979357342856019e+03
2.289044116785922597e+03
4.971879379150973364e+03
2.939090667345173642e+03
4.688233925859934971e+03
4.046378796850491199e+03
6.598388602425031422e+03
6.260968268443913985e+03
6.100043560141336457e+03
6.226588357684448056e+03
7.014159510459318881e+03
6.307835728282250784e+03
2.507801127712062680e+03
8.878180678675167655e+03
6.979390834905016163e+03
6.556782682623492292e+03
1.072989541227232166e+03
4.097957431159583393e+03
4.412462001197644895e+03
7.572104167408334433e+03
3.735860311004881169e+03
4.951321484489947579e+03
4.994686882064938800e+03
7.031931159532912716e+03
5.336416462496152235e+03
1.064817490403965712e+04
7.181020218918987666e+03
6.159825322608557144e+03
7.855228114797755552e+03
5.959389123939581623e+03
6.101929311857897119e+03
4.012984209361958165e+03
2.771884105429756801e+03
4.985179446553227535e+03
8.985662734893825473e+03
3.207586747054710031e+03
6.062206384834598794e+03
8.593980460466937075e+03
5.151692561021331130e+03
8.523296262084673799e+03
4.290289477045230342e+03
7.457777116288494653e+03
3.040122592659083239e+03
5.899808877228379060e+03
8.391390332327251599e+03
4.768670902371028205e+03
6.443221937648739186e+03
6.133590560669831575e+03
9.612233655869615177e+03
1.203738039986193871e+04
6.430669806969432102e+03
5.877098050189015339e+03
4.878703870502131394e+03
1.063600342154317877e+04
6.306848016410278433e+03
7.609162267875663019e+03
7.094379791243272848e+03
5.519780034716719456e+03
6.073684120161004103e+03
6.181249440406932990e+03
6.871835942209370842e+03
5.631531106751172047e+03
5.703560938661361433e+03
5.690185236804587475e+03
5.996852592212875606e+03
6.414374409288990137e+03
5.694243650017560867e+03
6.623956797513557831e+03
1.022276210188325422e+04
2.219797652157042648e+03
6.357450797853010044e+03
5.069087132167538584e+03
9.148041903591178198e+03
5.013636583816745770e+03
5.185320274239777063e+03
7.888577201748814332e+03
5.414230449055479767e+03
7.382321657410542684e+03
7.541084138893525960e+03
8.155400202239559803e+03
6.925900082154328629e+03
9.170240864275388958e+03
7.623758015127443286e+03
5.045517889799770273e+03
3.128634049348842382e+03
7.732477715804222498e+03
1.109288273894018494e+04
7.104210127219925198e+03
6.210147234566435145e+03
1.817524264748543374e+03
7.939620162866800456e+03
5.748882672298417674e+03
7.186496855557370509e+03
6.088648498596011450e+03
2.252100161915923309e+03
7.837066124639428381e+03
2.051606606378769357e+04
2.516552200989501216e+03
2.466216249220685313e+03
2.682215397651918465e+03
1.124010811474387447e+04
8.332803591383782987e+03
6.303811399401778544e+03
5.924672092265936044e+03
1.992754694924124351e+03
9.625961643482385625e+03
7.559972133956593098e+03
9.533504256215801433e+03
2.941475149543100542e+03
1.237244781713630073e+04
8.989942348109792874e+03
6.744768421328652039e+03
2.862304917886141993e+03
8.760925454811316740e+03
7.718254401271669849e+03
1.037983860574616119e+04
7.181282197587725022e+03
8.572587749864618672e+03
8.075224025133540636e+03
1.083997194052475061e+04
4.573574662189696028e+03
6.683431838125427930e+03
4.839799522605363563e+03
1.353840625872663077e+04
9.637201539684987438e+03
7.364715344580895362e+03
8.170428267719122232e+03
6.577410988985620861e+03
5.650312376194737226e+03
7.822616357669626268e+03
1.698350007046376413e+04
4.994006244693744520e+03
9.502792183142944850e+03
6.348704762099447180e+03
6.340044469824166299e+03
7.319708123685079045e+03
5.462593257726073716e+03
1.139323165453732690e+04
2.204676756299251065e+04
1.109409689727240948e+04
7.679733009977313486e+03
9.774189385013532956e+03
6.618264248113735448e+03
7.134068816042560684e+03
6.125891837429096995e+03
8.884459353316304259e+03
7.115260562409592239e+03
1.048206782378400749e+04
1.010976920133601561e+04
9.793783539304342412e+03
9.602065450572034024e+03
1.014006105274447327e+04
9.380188611385246986e+03
6.569284330484196289e+03
1.315316699652485113e+04
1.022825425189330053e+04
8.621882127177257644e+03
3.687468196613470354e+03
8.117458157676224801e+03
5.861222820371718626e+03
1.121403801136502079e+04
4.885096032402595483e+03
9.161874504541547140e+03
7.913905564292674171e+03
9.204099461044839700e+03
1.053087647168419244e+04
1.445996600607766595e+04
1.038176794537607748e+04
9.537260816751961102e+03
1.153530908962237118e+04
2.592798645244652107e+03
1.111903711157688304e+04
8.152815730580876334e+03
5.563238668150406738e+03
6.544307951047416282e+03
1.429349110599005508e+04
6.031124600961311444e+03
9.131227620793677488e+03
1.305663450442962676e+04
6.968416063290045713e+03
1.952705215561241494e+04
8.494616782822344248e+03
1.144885757934277353e+04
2.350369505735271559e+03
9.886400733365342603e+03
8.168151199999084383e+03
6.668192735356707999e+03
1.015695059478795520e+04
1.131861656216984375e+04
9.237742577404074837e+03
1.185259273240491530e+04
9.571215875600675645e+03
1.888950008744975275e+04
1.392718974278083624e+04
1.302585715306797647e+04
1.388944894323548215e+04
8.255022660304548481e+03
1.121334720294846193e+04
1.192217539126623524e+04
1.520002039024393343e+04
9.684995876181057611e+03
1.442723199994683819e+04
1.105403397904819576e+04
9.918307816156975605e+03
1.401451265092387985e+04
1.092006327454965503e+04
1.566535080460803874e+04
1.945527746619584286e+04
1.110639639194626216e+04
1.350582230468787566e+04
1.383776829612619076e+04
1.122857402334555445e+04
1.332513230626387849e+04
1.124029311576679538e+04
9.480687821135510603e+03
1.182832523328898969e+04
1.501413256231465130e+04
1.529826195834560895e+04
1.476098008446988206e+04
1.506681095596211708e+04
1.661112409961004960e+04
1.528008538154004236e+04
1.049608992840171413e+04
1.097698954771367789e+04
1.575657605365415475e+04
1.350340563065488277e+04
9.301676734187938564e+03
1.294062064282306892e+04
1.015359717411042584e+04
1.757613669909379678e+04
1.192996608011291755e+04
1.475867879369432376e+04
1.373021672894923358e+04
1.058451341516307912e+04
1.536414687184725881e+04
1.771954733814843712e+04
1.155605271536131295e+04
1.130724925236064519e+04
1.073700238854742747e+04
1.074530007583769111e+04
1.611645987094001612e+04
1.273429785950506994e+04
8.805885389947570729e+03
1.031313926557158084e+04
1.682248189839604674e+04
9.898412108557082320e+03
1.461164952660371273e+04
1.062408277988791633e+04
1.274229587998282659e+04
1.858573550434245044e+04
1.357824223951363820e+04
1.085613354578584222e+04
1.018034676793877952e+04
1.490332290461614866e+04
1.674837969048530067e+04
1.029806968735143892e+04
1.407109752349110749e+04
1.575645544456220159e+04
3.307390173608371697e+03
2.368683564440352711e+03
7.347519242085678343e+03
4.665666607645194745e+03
4.546006724663133355e+03
4.491891712320109946e+03
3.410415213636408680e+03
3.109747427036576482e+03
3.864605843654676391e+03
9.365579383752372451e+03
2.846962619850915871e+03
5.304420441829230185e+03
3.362510062091429518e+03
4.994932309544937198e+03
4.469279002484965531e+03
3.484881584505915271e+03
6.781944970347934031e+03
8.264224214736863360e+03
6.634333944062007504e+03
4.050499631078702805e+03
4.601412463383292561e+03
2.391277646650824863e+03
4.640769126019189571e+03
2.721034172691181993e+03
5.058663117846483146e+03
3.870752032685353242e+03
6.667693056676018386e+03
5.848688351736759614e+03
5.866168522222016691e+03
5.499981598028796725e+03
6.726102017749260085e+03
5.444935484694029583e+03
2.423878008073550063e+03
7.114217903049161578e+03
6.558434031330340986e+03
7.250037520176045291e+03
1.347017293052320383e+03
3.854811644455467103e+03
3.742008990562046165e+03
7.629720267687969681e+03
4.226079575555226256e+03
4.845042592197843987e+03
4.467505844220870131e+03
6.541378644471305051e+03
4.961771459252075147e+03
1.273888665783213582e+04
6.396265987940985724e+03
5.101095200620027754e+03
6.530392232423243513e+03
5.965251063821830030e+03
5.849203840741120075e+03
3.692362357761940984e+03
2.998764088346434164e+03
4.884460804840363380e+03
8.174665650022016052e+03
3.101544497948831122e+03
6.280802509569990434e+03
7.042586883522242715e+03
5.147183866044883871e+03
7.731867087709582847e+03
3.952520229958657637e+03
6.195041344637922521e+03
3.076314152845387071e+03
5.654073780337236713e+03
7.616860018976870379e+03
4.064290675463311345e+03
6.287764951133488466e+03
5.746662570690237771e+03
1.903287522040800013e+03
2.267761180905938090e+03
1.171230557675057753e+03
1.493536141990953183e+03
1.081895438998973759e+03
4.513558849110337178e+03
9.999201782876866673e+02
1.501997755385792743e+03
6.775578068859700579e+03
1.840772597940769629e+03
4.109050485272256083e+03
2.017620757622596784e+03
4.895808658398191255e+03
4.432209701700493497e+03
1.778834137034871901e+03
6.294934458820560394e+03
3.369162981607760230e+03
5.201261976758993114e+03
2.077216439119967163e+03
3.497742392418546842e+03
4.031207491742676666e+03
3.860289097310770103e+03
5.456133948444083899e+02
8.169808350779373541e+03
1.217499946411538758e+03
2.687855858318740502e+03
1.143836127268647942e+03
1.631435350965668704e+03
4.603670359134730461e+03
6.911884151718153589e+03
4.975687875752727450e+03
9.442074723351834109e+02
6.877308642811240134e+03
3.664223633817333848e+03
7.939279584344289106e+03
3.125381577708807981e+03
1.080515412527496437e+03
2.726225303865551723e+03
7.168388859158987543e+03
4.054170821822255675e+03
2.612264575364075881e+03
3.610034395277058138e+03
5.179539081751655431e+03
1.158476274316545641e+03
1.628921695644520332e+04
4.637783404759319637e+03
3.842553444386856881e+03
4.570687075627568447e+03
9.715018951560719870e+03
1.045379676481800288e+03
8.819140165542979730e+02
3.878460074382538096e+03
4.696051196341006289e+03
4.664485028255778161e+03
4.909908020026763552e+03
5.886204582551074054e+03
4.596617172738336194e+03
9.634302196162570908e+03
3.392606043822733227e+03
6.502365460232203986e+02
4.595756729010109666e+03
5.399990911346586472e+03
4.299250380468600270e+03
8.461464219142149886e+03
6.535148575200058076e+03
6.153922858555753919e+03
1.133952690620922795e+03
5.342443904043027942e+03
1.905772044906188285e+03
1.814217897533904761e+03
2.575668778763455521e+03
2.892468780631986192e+03
1.461753836146716594e+03
1.937497231541720794e+03
6.991058161514065432e+03
9.008492619702003594e+02
3.884925176662274680e+03
2.053615406376597093e+03
3.795214188169918998e+03
4.571255957041710644e+03
1.202963226623475975e+03
6.166880059500877906e+03
7.075821180499478032e+03
4.848173654156741577e+03
2.071020863350910076e+03
3.773567880888157561e+03
3.244861888899185033e+03
3.262062974686749385e+03
1.584548391862733752e+03
5.482363283621658411e+03
1.617795858564305718e+03
4.391321368950470969e+03
3.091697986151794794e+03
2.486114328362014476e+03
4.350560407926170228e+03
4.714020596031987225e+03
4.451941161424465463e+03
1.446268399405318405e+03
5.491251393596195157e+03
3.455291475756834643e+03
6.571395518656599052e+03
2.087063491217917544e+03
2.409742958124225424e+03
3.092285288186729758e+03
7.003702402722181432e+03
2.938708516692555349e+03
2.359197908683616333e+03
3.406841276052703506e+03
5.586334378238439967e+03
2.664217809924080029e+03
1.344612793882651749e+04
5.227850627083889776e+03
4.015682943101504407e+03
4.931417803654900126e+03
7.219612485947160167e+03
3.387382180649741713e+03
2.045181193387115854e+03
2.329004991190815417e+03
3.831030879730336892e+03
4.492901908180792816e+03
3.796157018889968640e+03
3.929234062983959575e+03
5.718865570077130542e+03
5.779159034088016597e+03
6.259647651478906482e+03
2.745040863754911243e+03
5.004918665978948411e+03
4.150460666950393716e+03
3.291583976233385329e+03
7.239652246904097410e+03
4.971945615506377180e+03
4.198802361853949151e+03
3.409089442610612423e+03
2.786797063648254152e+03
3.415070902046800256e+03
1.432961081647983292e+03
9.267619572415871517e+03
2.833478694741557774e+03
4.104280492174843857e+03
1.309191822034492725e+04
5.136119773637607068e+03
9.225459089555086393e+03
5.267748288034516008e+03
9.594894468285658149e+03
8.582644174981080141e+03
5.286292179114003375e+03
1.126689621341445854e+04
1.344805660347726734e+04
1.039778132167679360e+04
5.873302200184311005e+03
8.929278504518015325e+03
7.927820961542674013e+03
8.435782186632188314e+03
2.965031758762376285e+03
1.574559376416862506e+04
3.608689199097197161e+03
4.392241457919046297e+03
2.035563800786347656e+03
3.152938151432029372e+03
9.358797652592640588e+03
1.153230853764371022e+04
8.713571508978158818e+03
3.209963028200307235e+03
1.127899299406116916e+04
8.420170479605380024e+03
1.483969472054715698e+04
6.752949957905741030e+03
3.022353733884172470e+03
7.490008136963771904e+03
1.159417160608931044e+04
8.745197812862817955e+03
4.988758789593268375e+03
8.029281302265535487e+03
1.070155576059437590e+04
1.567657791252021752e+03
2.950697932786561432e+04
9.352919846014547147e+03
8.465882063015527820e+03
9.900316634976989008e+03
1.922789361370614643e+04
1.298701491141996712e+03
2.529660345336335467e+03
8.954752396352176220e+03
9.043354365079510899e+03
9.536323055537090113e+03
1.029159490889359040e+04
1.109630192163183347e+04
1.037590805041684507e+04
1.716437825150975914e+04
1.270409486542120248e+04
1.927263764569039722e+03
1.007961041492454024e+04
1.231153516723851135e+04
9.560050548173017887e+03
1.264277098846857007e+04
1.189617712021474108e+04
1.137059767152923814e+04
1.342164498425931924e+03
8.436388201878310156e+02
1.085729356707261559e+03
5.664300485896296777e+03
1.077576501629226868e+03
1.887137326433824910e+03
6.898507669945417547e+03
1.979795078621427820e+03
4.131213452240150218e+03
2.457976938513335881e+03
5.672179816387988467e+03
6.042720854934619638e+03
1.557937667619509739e+03
6.997536316423836979e+03
6.337797543902325742e+03
4.741624163997364121e+03
2.525559123211452970e+03
4.132342865686567166e+03
5.552447134690239182e+03
3.627737202904791502e+03
1.226628966979806364e+03
9.663641038743020545e+03
7.310570975438411097e+02
3.144985220796469548e+03
6.648511032062679078e+02
7.270744451625336069e+02
4.648223421094917285e+03
7.802861910809907386e+03
5.246125513821216373e+03
1.615028398225522096e+03
6.296447959333014296e+03
3.794939525434816915e+03
9.680457074902406021e+03
4.688321382254075615e+03
1.612724359565183477e+03
3.472416528530999585e+03
9.783887825537476601e+03
4.895312305868770636e+03
3.131700281348424141e+03
3.672130593240135568e+03
6.527196151939029733e+03
1.054848262696680649e+03
1.906241388008915237e+04
5.624211139174993150e+03
3.825121293931364562e+03
4.643662303025299479e+03
1.235299014165867447e+04
1.111401670596263557e+03
1.487380747504668761e+03
4.620928842436085688e+03
5.644139928964042156e+03
3.939796321103545779e+03
6.966621478978180676e+03
6.534838840514002186e+03
5.198453346267873712e+03
1.220144045433107749e+04
5.478671984993842671e+03
2.026139944567146813e+03
5.009114820277955005e+03
8.497906553496179185e+03
4.797820889735145101e+03
9.516782711881394789e+03
8.034592358462577067e+03
6.806335507946607322e+03
1.125456585512620904e+03
1.472810259868783760e+03
5.678604115679161623e+03
1.023674385269088248e+03
1.740608653089404697e+03
8.312968997658594162e+03
1.999092313041286388e+03
4.903532942840462056e+03
2.672139253626284699e+03
5.484846800943899325e+03
6.384312049230166849e+03
1.383566610783499755e+03
7.579415586729747702e+03
1.116468931274942406e+04
5.618396669369018127e+03
3.283842706778745196e+03
5.048834199748786887e+03
5.249004565700284729e+03
4.134368311440076468e+03
1.473746738774807909e+03
9.597565752259090004e+03
8.832937726499769724e+02
3.347182762423187341e+03
1.153540160121059898e+03
7.535707037809268058e+02
5.258104437616584619e+03
8.099740649025754465e+03
5.284984706606410327e+03
1.922138070824036276e+03
7.406753509772770485e+03
4.671305619444996410e+03
8.204207023105351254e+03
4.332416171271818712e+03
1.928870316397918032e+03
4.196335900270156344e+03
8.679733169631259443e+03
4.932831861974994354e+03
3.765447455215287846e+03
4.320248117525218731e+03
7.044115738505276568e+03
1.474786394344502241e+03
1.855075844742971822e+04
6.525723749439492167e+03
5.182391670339417033e+03
6.005678001473442237e+03
1.102442570962126410e+04
1.853058286132411013e+03
1.743606300423460880e+03
4.457107673188962508e+03
5.381542490939042182e+03
5.928748224511515218e+03
6.039076745213362301e+03
6.824010561723489445e+03
7.062163310621527671e+03
1.173882463052857929e+04
9.658809650643121131e+03
2.190058272995175685e+03
6.258254301002466491e+03
6.867038630595528957e+03
5.661080542712860733e+03
9.793981140862881148e+03
7.553034833556866033e+03
7.337215314983792268e+03
1.775438275644699843e+03
6.509268791285501720e+03
8.934876707018866000e+02
2.073890260316117292e+03
7.946082983067727582e+03
2.540256977092685702e+03
5.067016073623222837e+03
2.755070969859795696e+03
6.244038987757126051e+03
5.211058984096043787e+03
2.220140112360208150e+03
7.433477812842005733e+03
8.600588258643731024e+03
6.009431737661750958e+03
2.836382260604625117e+03
5.012767989982145082e+03
5.629132348205852395e+03
4.412516531081590074e+03
1.195271201053790492e+03
1.035358164172165925e+04
1.461108712742335911e+03
3.098624172928757616e+03
9.141270900969429931e+02
1.665757423971080470e+03
5.165051242485149487e+03
7.685381530668390042e+03
4.958642621010797484e+03
1.621961460347583625e+03
7.419027249826696789e+03
4.180264270768444476e+03
9.609690268196798570e+03
4.627398767178307935e+03
1.671506384223765281e+03
3.871288498175179939e+03
8.074758175534450857e+03
5.278047190445704473e+03
2.992588029110766911e+03
4.066446312256164674e+03
6.565279932195775473e+03
1.230197242430680944e+03
1.942938397218360842e+04
5.509288890774858373e+03
4.477445891443092478e+03
5.691450222672388918e+03
1.220390686059985819e+04
1.028749226926839128e+03
1.450079987407088311e+03
5.372569964403323866e+03
5.929360712045958280e+03
4.771861478388967043e+03
6.094102235273705446e+03
7.340150281143413849e+03
6.205731902866261407e+03
1.097837437744678391e+04
7.714709082539475276e+03
1.225577577010241612e+03
6.022339103271719068e+03
7.826138779450031507e+03
5.304316936104468368e+03
8.619756931968635399e+03
8.284575134757262276e+03
6.646976467570111708e+03
1.205007054425343540e+03
4.554858816546919115e+03
4.859632575950045066e+03
7.617714065863647193e+03
3.030003392764383989e+03
4.604046882026485036e+03
4.161510533032272178e+03
3.879310514769825659e+03
4.772754787113606653e+03
3.798874235703108752e+03
5.661666674448190861e+03
9.781040479539451553e+03
6.498011812934721092e+03
4.582566912096426677e+03
4.279449141234126728e+03
4.979465760028758268e+03
3.622882304350105187e+03
3.903028408123205736e+03
3.341207085958564676e+03
4.635200027465643871e+03
6.886587402499613745e+03
7.138635957443422740e+03
7.191874812790490068e+03
5.233831258485390208e+03
7.103910814590689370e+03
5.136184763425306301e+03
3.855022842264796509e+03
7.619432440398190010e+03
6.892427464974072791e+03
3.596623095745027058e+03
3.251564545786213785e+03
5.321370502342637337e+03
3.893083869954757574e+03
6.027861233318388258e+03
3.286585216146137100e+03
5.586922704581005746e+03
4.194842247606927231e+03
5.947518051670000204e+03
6.436754900430048110e+03
1.278635668723703930e+04
5.809455424402201970e+03
4.773968318543475107e+03
6.649790898950419432e+03
7.499222965023448523e+03
7.543455958252648088e+03
4.966386658472962154e+03
1.715562022111203532e+03
4.613366213083376351e+03
9.178297452080401854e+03
3.593910179563795282e+03
6.023313802068555560e+03
7.429438796884105614e+03
7.911102229996660753e+03
9.009374851935066545e+03
6.015105205241653493e+03
6.766652557335551137e+03
4.705641994082622659e+03
6.150078649181146830e+03
1.008111215551092755e+04
3.267736947310324467e+03
6.702302077369699873e+03
7.399259548044385156e+03
1.709199427071215723e+03
6.690614741423312807e+03
1.541388691094795377e+03
4.157968207412171068e+03
2.026635431288130349e+03
4.908588420146119461e+03
4.371767978785250307e+03
1.316594316180692886e+03
6.247690650403112159e+03
7.143605230878138173e+03
4.864790125768446160e+03
2.258733029447541412e+03
3.888838839881009790e+03
4.072781083032254628e+03
3.497045104760037248e+03
9.763562380253340507e+02
7.125249904134088865e+03
1.158447157314746846e+03
3.096858065712481675e+03
1.544654791894477967e+03
1.514182427268757692e+03
4.279777929875435802e+03
5.758704922263068511e+03
4.282708522530871960e+03
1.138529776665983036e+03
6.356460701950876683e+03
3.862983805126272728e+03
7.326915479436364876e+03
3.192376885133142423e+03
1.517031204477546908e+03
3.170688482142038993e+03
6.979618015746112178e+03
4.002326473003212868e+03
2.463846545559743390e+03
3.489818883734499650e+03
5.304303258878558154e+03
1.207035703257322211e+03
1.540257582466734675e+04
4.807281509841217485e+03
3.843551940929723969e+03
4.810822533829548775e+03
9.107547155519048829e+03
1.461767599274505301e+03
1.277487287095539386e+03
3.505714452604963753e+03
4.596813874984476570e+03
4.602823489802480253e+03
4.121344630402824805e+03
5.123478311094793753e+03
5.430008872513845745e+03
7.654472157708047234e+03
6.466426711650278776e+03
1.493329477786288180e+03
4.872914181661020848e+03
5.321244961283260636e+03
3.992249899281086527e+03
7.101891152006512129e+03
6.659447903166829747e+03
5.156424529171354152e+03
1.609218779817453196e+03
9.563370059921160646e+03
1.750111911178741366e+03
5.970343900752782247e+03
1.664411316373194040e+03
5.688978296051815960e+03
6.289475620097777210e+03
1.765235831911394371e+03
7.896703751421484412e+03
9.786280739150937734e+03
7.187313523031329169e+03
3.671300952535519173e+03
5.678091227253187753e+03
5.157123295366072853e+03
5.068328921140442617e+03
1.422711357098920416e+03
8.500383519730852640e+03
1.188942402962569076e+03
3.357576383941928725e+03
2.160128838582037133e+03
1.532567231147904977e+03
6.601389885977567246e+03
6.822705815735967917e+03
6.400055193635003889e+03
1.152918385543503064e+03
8.064348750727975130e+03
5.040536409453279703e+03
7.159190563028784709e+03
4.283827694185274595e+03
1.043409286936609078e+03
4.716169906728524438e+03
9.098935685578908306e+03
5.054891141436599355e+03
3.666239542701669052e+03
5.378008877753514753e+03
7.020246891202579718e+03
2.024667588154810346e+03
1.672238008014624575e+04
7.020414414017934178e+03
6.143910334037967914e+03
7.405559281798347001e+03
1.073770907758716203e+04
2.223525583045026451e+03
1.457324486649911705e+03
4.493025867611913782e+03
5.980797505411001111e+03
7.425866203254840002e+03
6.356245581002744075e+03
5.795198901853947973e+03
8.307130648392014336e+03
1.061536522318329298e+04
8.960387485235163695e+03
1.704843075915702457e+03
7.771085354053362607e+03
6.716323780037602774e+03
5.496570741172195085e+03
8.848666511182334943e+03
8.183418339795587599e+03
6.321369055512494015e+03
1.782646155249923140e+03
8.070216263023204192e+03
2.442113363905561528e+03
7.877771639388148287e+03
9.765701320500673319e+03
5.192833282300762221e+03
6.725707868128339214e+03
3.525187715789412778e+03
1.008977786588279923e+04
3.798376281938902139e+03
6.305926280400067299e+03
1.851746810930771971e+03
1.363204455554630476e+04
3.249641620072583919e+03
6.200908396050621377e+03
1.223463850530951458e+04
6.597520163181686257e+03
7.821957298815506874e+03
7.953392626426268180e+03
9.292408361376947141e+03
2.807060083997860602e+03
1.191361317936999330e+04
3.084464050748762475e+03
7.645503577117831810e+03
4.801653796877046261e+03
8.042167536454867331e+03
1.079663746455858563e+04
9.157370683567478409e+03
7.837401620960252330e+03
3.601472185859872297e+03
2.500342536960893085e+03
5.922226027832920408e+03
9.890632170210488766e+03
2.960906861305457369e+03
5.352509795180804758e+03
9.692044736575291608e+03
3.806206253296822979e+04
3.180129976459360478e+03
2.097356555402404865e+03
3.806789885039215733e+03
2.188053334428046219e+04
8.422248407110324479e+03
8.343156405885187269e+03
6.586784433121749316e+03
5.208592021285441660e+03
8.873144531205140083e+03
7.899561040903101457e+03
1.209481339687288346e+04
3.860793130532598752e+03
2.030046479770918450e+04
9.507094394184583507e+03
7.551505446428842333e+03
3.282536069566079277e+03
1.462144975169412464e+04
8.067396245743857435e+03
2.051867684667711728e+04
8.872721743905683979e+03
1.045466202346411046e+04
8.639841041476725877e+03
4.896803328326563133e+03
1.513210038189193483e+03
3.647174343752614732e+03
4.993924755557745812e+03
1.063236100884616235e+03
6.993637613856551980e+03
8.601713520373246865e+03
5.796762614929854863e+03
2.930738688861770243e+03
4.736061390086544634e+03
3.318716169256605099e+03
3.916402002956078832e+03
1.673064297920832132e+03
5.820931124590586478e+03
1.622481848113417982e+03
3.883497249190761977e+03
3.131829070084328123e+03
2.235002240937190436e+03
5.218218318354700386e+03
5.238712980148362476e+03
5.324306336427717724e+03
1.443171165740847982e+03
6.530923110560418536e+03
4.461234588229894143e+03
6.349855321344384720e+03
2.454464874287319617e+03
2.094937682701830909e+03
3.894719220184187179e+03
7.605531163219568953e+03
2.776475034508635872e+03
3.032861277299447920e+03
4.251675094369044018e+03
6.381692426621393679e+03
2.502156692724955064e+03
1.273908785095139319e+04
6.150203475819100277e+03
4.747624256878749293e+03
6.103948834336279106e+03
6.984086392609657196e+03
2.978354601322314920e+03
2.189992776455425428e+03
2.861208759499529151e+03
4.415036932359556886e+03
5.685605734081558694e+03
4.418180379285811796e+03
3.560732925741601321e+03
6.820990707968140669e+03
6.247381041447642929e+03
7.685910035690381847e+03
2.629640764589406899e+03
6.268431457673164005e+03
4.468353387049935918e+03
3.995044258807617553e+03
7.476773180840949863e+03
5.687950519555847677e+03
4.941140496470921789e+03
3.152160243216391791e+03
5.279723983172973021e+03
6.403047177562330035e+03
2.227804941644558312e+03
4.271520858938892161e+03
1.461705554834525856e+03
6.341138388438922448e+03
3.825584588552275363e+03
3.394985657818878281e+03
6.605850116625101691e+02
8.154674933918702664e+03
5.500454778830621763e+02
3.572529635373132351e+03
7.044907620802990095e+03
3.955409642230980353e+03
4.746202198365435834e+03
4.783300078811320418e+03
6.212745093568430093e+03
6.445311230852209974e+02
8.099294385439772668e+03
1.014379228865621599e+03
4.768019202780321393e+03
5.183192635083320056e+03
4.975464194703034991e+03
8.109047323564715043e+03
5.371138537035522859e+03
5.130616470308659700e+03
2.006048335506159674e+03
3.216972254091778268e+03
2.486325078315702285e+03
6.210642840083288320e+03
5.110292439588507705e+02
4.950282614776242553e+03
6.409709429680323410e+03
2.393230790128603257e+04
3.765689168692081694e+03
2.308422339215393549e+03
3.746506299104682057e+03
1.216716753948066798e+04
6.230964320901499377e+03
5.317843285973959610e+03
3.698204175580889569e+03
4.393405407223770453e+03
5.332890403993496875e+03
4.913350643774032505e+03
8.454099471599649405e+03
3.712967656887220073e+03
1.248751974604502902e+04
5.763988597875310006e+03
5.210463758230369422e+03
3.396030957089499680e+03
8.054356045902175538e+03
5.591709390986708058e+03
1.346493118986702029e+04
5.816025222915547602e+03
6.955171658755626595e+03
5.999352407481189402e+03
4.741451655847854454e+03
4.382372159403563273e+03
1.717751790066087096e+03
6.396287314684128432e+03
8.037006876744920191e+03
6.001057223693856940e+03
3.435609906889619197e+03
5.089953779842408949e+03
3.953016739480308388e+03
4.120754653899222831e+03
1.576762036682191592e+03
6.873127543169748606e+03
1.655740704081962122e+03
3.918732619235114726e+03
3.272543769146835984e+03
2.400815719772780540e+03
5.332868162900683274e+03
5.706976996726840298e+03
5.572116735982810496e+03
1.439004487940439049e+03
7.401539236964970769e+03
4.524036642662160375e+03
6.874756521897177663e+03
3.230820009058249525e+03
1.196296603645220557e+03
3.958427308433851067e+03
7.902409055394086863e+03
3.815506907901368322e+03
3.995841209392365727e+03
4.591661066311768082e+03
6.070075727022636784e+03
2.949320084954593767e+03
1.358905978433852761e+04
5.999386206671206310e+03
4.815653360981777951e+03
6.136565962439655777e+03
8.080063207364150912e+03
3.091303049573024509e+03
2.212698194058913487e+03
3.927872231853375069e+03
4.846627729160750278e+03
6.590645758890528668e+03
5.377981381881918423e+03
4.486975521221480449e+03
6.843281145166072747e+03
7.964117348267136549e+03
7.383484529374590238e+03
2.566579099107869297e+03
6.516245878290984365e+03
5.060876127254170569e+03
4.608992479109472697e+03
7.225575109883445293e+03
6.630492988455303930e+03
6.007278922489314027e+03
2.818428904891593902e+03
6.698331774959111499e+03
3.892608150326907435e+03
8.374731822014420686e+03
1.713916178855490944e+04
7.538737374314207045e+03
8.281862389640078618e+03
6.075832412704578019e+03
6.660842019608735427e+03
5.406356658100447930e+03
5.274692831055950592e+03
5.026610291360457268e+03
5.035217306840207129e+03
6.677554434945976936e+03
7.006430038813461579e+03
5.936397285249815468e+03
6.614076843212158565e+03
1.053360593854097533e+04
7.062679561238854149e+03
4.452926850456768989e+03
8.537327563123219079e+03
8.946686422303951986e+03
8.427049331767164404e+03
4.440923511718534428e+03
5.764864529080099601e+03
4.463504954160714078e+03
7.825916554930611710e+03
4.580785758853364314e+03
7.759165531506824664e+03
6.204008410637492489e+03
7.273648083484233211e+03
7.302860432986399246e+03
1.507195045008489615e+04
7.079955398232375956e+03
5.627355998900593477e+03
7.957108247239031698e+03
6.914704533527403328e+03
7.478547304316218288e+03
6.157610494540153013e+03
4.541235503270073423e+03
4.570747248411620603e+03
1.209453102013927128e+04
5.138677625547462412e+03
9.443195973496174702e+03
8.855010123111698704e+03
1.022471835767410994e+04
1.558142574046858317e+04
6.263244653091293912e+03
7.553487059339985535e+03
5.374356782224898780e+03
8.951620859165346701e+03
1.282374987191958462e+04
3.542423182491964326e+03
1.027943451526473655e+04
7.717999158844133490e+03
5.443863866799129028e+03
2.211621830731724003e+03
8.244167587372570779e+03
6.965447117244724723e+03
4.206395999174127610e+03
2.153385825106172433e+03
6.766797712124005557e+03
1.838393721592896100e+03
3.666012806780738629e+03
6.297710345951059935e+03
5.396487088569760090e+03
4.705843183305974890e+03
6.125404640527570336e+03
7.406525508240682939e+03
1.975818654119525718e+03
7.022710583018380930e+03
1.984524266516385978e+03
4.306033772610575397e+03
8.385051761387217994e+03
6.430100014000627198e+03
6.891232209070928548e+03
4.568123882854615658e+03
5.342876363602155834e+03
2.870015399842573970e+03
3.203670964042437390e+03
2.405468173873427986e+03
6.125066574850808138e+03
1.693245968734827102e+03
6.001578438680231557e+03
6.533070373919673330e+03
1.955901698676277738e+04
4.959399096555383949e+03
3.561849799814836842e+03
6.773549582789590204e+03
9.612945776736363769e+03
6.385683915561925460e+03
5.131663953485829552e+03
4.254314081840017025e+03
5.303486541347163438e+03
8.049919012760736223e+03
4.309902590392745878e+03
7.426361197391385758e+03
6.327797196370725032e+03
8.986819184187934297e+03
8.055797048839459421e+03
5.012494629311275276e+03
6.124119334753326257e+03
6.197115524066699436e+03
6.166815459439933875e+03
1.076007783816499796e+04
6.326198962614022093e+03
6.843059159673123759e+03
6.749751285254293180e+03
6.602287914139507848e+03
7.486775994140245530e+03
5.093376404816825925e+03
2.964297370740557199e+03
3.955381916451942288e+03
3.955095451759048046e+03
3.623062447637378682e+03
1.734407565856146903e+03
6.737233624860542477e+03
1.096589834153392076e+03
3.740547016779170917e+03
2.467580277257159651e+03
1.607541950767122216e+03
4.499928015922486338e+03
5.983454919873974177e+03
4.999512980661625988e+03
1.868973433214199304e+03
6.198385113772012119e+03
4.157579100159797235e+03
7.614084659094502967e+03
3.286328550233624355e+03
1.975555394301243041e+03
3.492092000021293188e+03
7.980411722842879499e+03
3.483368259779444543e+03
3.789185688322573696e+03
3.877267693247305033e+03
5.633707892346677909e+03
2.497131788469428102e+03
1.389950278667980274e+04
5.794885986871866407e+03
4.258687748437594564e+03
5.265052853789107758e+03
7.796519659904338369e+03
2.745623173755311655e+03
2.449622475745664815e+03
3.201466922683620851e+03
4.246934068603574815e+03
5.177668918507520175e+03
4.887836574862443740e+03
4.337999686007098717e+03
5.865079512253802022e+03
8.779094096858885678e+03
6.668082057690744477e+03
2.602107074333235687e+03
5.161186615539232662e+03
4.810673240762027490e+03
4.107905902454687748e+03
8.480686098313490220e+03
5.734469680478415285e+03
5.651251794956644517e+03
2.832689514650682213e+03
1.140199764980755754e+04
5.644936598815397701e+03
5.857272611999016590e+03
1.485738384707201703e+03
9.237016845708718392e+03
1.610026695082060769e+03
5.665305823058211899e+03
8.139021381629665484e+03
6.288509097603023292e+03
5.478981174848726369e+03
7.889160689502958121e+03
8.851048520731805183e+03
1.821980226655714660e+03
9.265248119602190854e+03
2.016709641969340055e+03
6.498266753806859924e+03
7.509838237493250745e+03
7.515841359237154393e+03
9.545082481711780929e+03
6.960361149928839041e+03
6.672897677389880300e+03
3.309343844745578281e+03
2.531420720752048510e+03
3.119441194199808706e+03
8.506319020073302454e+03
1.865795286183450344e+03
5.373258848272353134e+03
8.903660860605035850e+03
2.458894124174255194e+04
4.997392780876523830e+03
3.495651393319956696e+03
6.151318039057504393e+03
1.348347531983180670e+04
8.537227094566547748e+03
7.177892054218616977e+03
6.093454959249984313e+03
5.702458038512750136e+03
9.531822450816782293e+03
6.167576313232031680e+03
9.303149340237996512e+03
6.053094919843093521e+03
1.331676726867073376e+04
1.079303053536334119e+04
7.042661868719762424e+03
5.510390938421682222e+03
9.173483898346341448e+03
7.290343094751573517e+03
1.475006110767734208e+04
7.131414336217467280e+03
9.004198839799628331e+03
7.856993608748161932e+03
8.929029817038173860e+03
4.844155325153973536e+03
4.765516561355807426e+03
1.474249535611310057e+04
7.897114247568615610e+03
4.644392572026019479e+03
1.539276322147807878e+04
6.244374022848420282e+03
9.744262274690685445e+03
7.525475108614354212e+03
1.068485169858811423e+04
7.518676526183624446e+03
1.399153051052972296e+04
1.116707771073341428e+04
5.777327500592180513e+03
1.073072161718542702e+04
8.305729524617563584e+03
2.056107161146323051e+04
8.502759539030708765e+03
7.909413596141615926e+03
4.940607982254308808e+03
1.449543255681342453e+04
9.926591035696736071e+03
9.720829316957782794e+03
6.886405687350685184e+03
9.963898204401468320e+03
9.128916220991397495e+03
4.155755885159404716e+04
7.905969023647985523e+03
5.692427102622864368e+03
7.134766423441746156e+03
3.239134132278513789e+04
7.268196347602829519e+03
7.123459070797671302e+03
6.686686972181993042e+03
9.228358626081531838e+03
7.148046831860285238e+03
8.882473539130087374e+03
1.527068540773619134e+04
5.426760066609222122e+03
2.054659056414656879e+04
2.062351012206103746e+02
5.484206763475075604e+03
6.361930612135024603e+03
1.791916961891478422e+04
8.180359226556563044e+03
2.387003075372028979e+04
1.664432296237772607e+04
9.986717037461932705e+03
8.189277411924394983e+03
4.789865467085983255e+03
3.621353381359891500e+03
9.884677881796107613e+03
3.824155285410232864e+03
4.499282758379583356e+03
1.131172034342408006e+04
4.503897408947994336e+03
7.207035874139589396e+03
5.832984141973792248e+03
6.511561537726268398e+03
5.165700324250132326e+03
9.462384019707151310e+03
5.883515259233860888e+03
5.620033584585936296e+03
8.296997562120261591e+02
6.478201089575577498e+03
1.145080458491815079e+04
6.860436155433930253e+03
5.856261886722077179e+03
1.630852163273564202e+03
7.814822350008998910e+03
5.944625968994773757e+03
7.489002988339576405e+03
4.215389602289273171e+03
1.948318779170664584e+03
7.166247576395689066e+03
2.872863876967405668e+04
1.589193712006237547e+03
1.486003404505245044e+03
7.029638714129996515e+02
1.501343732177368292e+04
6.674478465381516799e+03
6.442772466562546470e+03
6.498823829475174534e+03
2.056651940352156089e+03
7.196673575708338831e+03
7.951555795034942093e+03
9.711820791330930660e+03
1.148779412036976055e+03
1.500191713568462910e+04
7.985415260579321512e+03
6.136566831468427154e+03
1.144477805715463319e+03
1.029318661258029533e+04
7.002089875975922041e+03
1.148140899569248904e+04
7.075017129717822172e+03
8.843000877951271832e+03
6.645212429046663601e+03
3.105434366603377839e+03
5.894594040897654850e+03
3.412042483464755605e+03
1.492159443098184283e+03
9.684502554150070864e+03
2.447392479435542555e+03
5.316568908591978470e+03
2.880423689563720473e+03
3.815154874882494823e+03
4.132021675596776731e+03
2.319793367363024117e+03
3.905214675750655260e+03
2.629834816028695968e+03
6.022717479238421220e+03
1.374498337484616059e+03
7.473402665038099258e+03
3.836917391504942316e+03
3.146503224697153655e+03
2.636608116578232512e+03
7.694593066502406145e+03
4.420352940115177262e+03
1.586676941774800071e+03
2.878503446932074439e+03
5.453427717177744853e+03
3.257812174689778658e+03
1.888707999731809832e+04
4.655486355098652894e+03
3.265466020620335257e+03
4.048815529420645817e+03
1.237220870111917975e+04
3.759078961718822939e+03
2.016756274547277826e+03
4.372411203455681971e+03
5.415715283925195763e+03
1.596964565214392223e+03
6.249820064581223050e+03
3.221718036260654117e+03
4.256204155087857544e+03
8.030891650558707624e+03
4.446225811707000503e+03
2.996857304932382249e+03
4.159416485355483928e+03
6.745881238729718461e+03
1.427265570196927456e+03
7.170982579154029736e+03
7.546212351021397808e+03
1.974262827013708829e+03
3.772718255278668039e+03
7.870123242668248167e+03
1.164121354420869693e+03
3.279941650629825745e+03
7.026078004493537264e+03
3.783604042326018316e+03
5.301695556014140493e+03
4.821928610548733559e+03
6.113708115078812625e+03
8.721115743498501161e+02
7.908911241334804799e+03
1.119743298802392928e+03
4.035661054953828625e+03
4.589028488636364273e+03
5.075627152858119189e+03
7.842027026091126572e+03
4.719284107224111722e+03
4.687976184366943926e+03
1.749045181702454101e+03
2.203988830920834971e+03
2.773738821300923519e+03
6.036273839056479119e+03
9.412249455441796044e+02
4.232119112403126564e+03
6.064500190215857401e+03
2.392952624760227263e+04
2.977152709407760085e+03
1.751034016082006701e+03
3.124758986812110379e+03
1.229786491131955700e+04
5.786808129188607381e+03
4.634620078376147831e+03
3.871099683457795891e+03
3.818889395539307770e+03
5.463104227785966941e+03
4.489086005679056143e+03
8.113938696936009364e+03
3.033393501574953461e+03
1.256405478205930922e+04
4.621129975641399142e+03
4.291502290033265126e+03
2.365698449038953640e+03
7.713531148838213994e+03
5.198836294336140782e+03
1.381908689621688791e+04
5.209881102311618633e+03
6.588856988837278550e+03
5.625259192063138471e+03
6.696477422855195982e+03
3.817414295797532759e+03
7.519640640684274331e+03
4.999651739478022137e+03
7.644274576330371019e+03
7.281398421941254128e+03
6.893586101574083841e+03
8.884093190806535858e+03
9.263127664112194907e+03
8.615781137201407546e+03
3.563765207652744721e+03
1.114530478299889546e+04
8.834950045860980026e+03
8.964284831995462810e+03
1.953412708616169539e+03
4.841145486726589297e+03
6.463903272726974137e+03
1.055606645517363177e+04
5.314538652675571029e+03
6.257037011324245213e+03
6.948385415082513646e+03
9.131848850638361910e+03
5.631093408011539395e+03
1.279237777104959787e+04
9.658634166304620521e+03
8.828909630214846402e+03
1.045040655566347050e+04
7.220412105262097612e+03
6.845709837118353789e+03
4.915738117232915101e+03
4.939380952964172138e+03
7.385236748071629336e+03
1.192029196083857278e+04
5.728347033334710432e+03
7.015849160289623796e+03
1.172534372129041549e+04
7.765241595818813948e+03
1.375454023961584971e+04
5.248252999405312949e+03
1.027897720995493728e+04
5.156767841508792117e+03
8.081716952576622134e+03
8.962853718935846700e+03
6.327941583573085154e+03
9.234925364270680802e+03
7.093810270521131315e+03
3.155450098883583905e+03
6.154600752737347648e+03
3.358021888241589295e+03
3.890496906715856312e+03
4.465697216744317302e+03
5.383306164922241805e+03
8.487487047003022553e+02
7.172826882895768904e+03
1.335717312140649028e+03
4.141950167661965679e+03
5.442058349148886009e+03
4.684872449998179945e+03
6.195187289564753883e+03
4.614045118993672077e+03
4.408062897857130338e+03
1.918752839441530114e+03
3.436730139207248612e+03
1.617183206632951624e+03
5.644465871077834890e+03
6.652482209212380440e+02
4.587782702012879781e+03
5.961163545497097402e+03
1.863373586480509766e+04
3.881164985382750729e+03
2.444787017377934717e+03
4.226883774381210969e+03
9.262305389409124473e+03
5.683071047710391213e+03
4.657943441079491095e+03
3.198072840737815568e+03
3.670049512105053964e+03
5.638624883612081248e+03
4.525888670022464794e+03
6.702092536425970138e+03
4.485253606630963077e+03
1.022646958558834558e+04
6.853495846643074401e+03
4.878192940859525152e+03
4.000894534110738277e+03
6.276216985125626707e+03
5.080104622182157073e+03
1.089144807047091308e+04
5.237935679995731334e+03
6.172634256264914256e+03
5.320110888613455245e+03
7.097445460818655192e+03
1.191005208888477910e+03
3.211142765896618585e+03
1.214216960695471698e+03
1.718904325884619084e+03
3.891643923827086837e+03
5.752798872815626964e+03
3.974670937050122575e+03
8.509882940368070194e+02
5.978306833032300347e+03
3.142099904617354241e+03
6.780083774802042171e+03
2.968739026975599700e+03
1.072420075011032850e+03
2.261092572901252879e+03
7.031418203628378251e+03
3.635887028249584546e+03
2.520698506840995378e+03
2.936987342608386825e+03
4.740556198791214229e+03
1.475658586774905189e+03
1.561966181322488410e+04
4.062747129079176375e+03
2.971268875541678426e+03
3.978230892130892244e+03
9.207015516906456469e+03
1.493725963480855626e+03
8.532749973490407456e+02
3.442390354280697920e+03
4.347415241837348731e+03
4.058662841164952624e+03
4.762909724587734672e+03
4.829673142732654014e+03
4.419376531176134449e+03
8.263544466792167441e+03
4.187167673451476730e+03
1.228297659681617233e+03
4.230165111976160915e+03
5.146376345217580820e+03
3.913881877938148591e+03
6.599863031762451101e+03
6.388388771823751085e+03
5.371616943584891487e+03
1.488920579302649003e+03
7.556228295394782435e+03
1.067647436939295585e+04
1.275160914485133981e+04
1.096467284166289028e+04
7.145837477471073726e+03
1.175011006560530586e+04
6.924139183963280630e+03
6.284194045468630065e+03
1.345510412095471656e+04
1.255234263891580486e+04
7.020868113981508031e+03
5.282551988327849358e+03
8.679544683245218039e+03
6.320828980593152664e+03
8.498813426875312871e+03
5.542788914154409213e+03
1.021757240618309697e+04
6.276068872510129950e+03
1.005877258183466256e+04
1.159425878087139426e+04
1.390785954870654859e+04
1.051487286826853233e+04
8.308965233388888009e+03
1.190541245382821762e+04
8.538602609084902724e+03
1.181002859505213382e+04
8.781923589200538117e+03
3.225665681621350359e+03
7.169402692997012309e+03
1.549149973721087736e+04
3.833226122091437446e+03
1.104160037565182574e+04
1.306364134767681935e+04
9.110646692584030461e+03
1.458334296300949791e+04
9.586355190642098023e+03
1.150861249452999982e+04
6.525311685345778642e+03
1.077721342514374919e+04
1.454321900507750615e+04
5.727088645432488192e+03
1.108212666208593510e+04
1.257085314948149789e+04
2.572103306671602695e+03
1.178182607104336739e+03
6.743248017387797972e+02
4.224854356156060021e+03
6.111001987853083847e+03
4.660357092194493816e+03
1.366960986363371603e+03
5.888172317071661382e+03
3.269370894366421453e+03
7.563390624451385520e+03
4.217314603635184540e+03
1.165377057519382561e+03
3.070288165884750470e+03
8.325336546473077760e+03
4.242289955714240023e+03
3.087165332659138585e+03
3.597060776910537697e+03
5.608114059831118539e+03
1.486182416370106239e+03
1.629632494128545477e+04
5.195907779845889308e+03
3.684695230713376986e+03
4.465374082667636685e+03
1.021341160868938096e+04
1.696525294476973158e+03
1.414668498344720319e+03
3.521005108238382491e+03
4.667748483757576651e+03
3.908056935691231502e+03
5.335489515615496202e+03
5.488685716470259649e+03
5.004229763593880307e+03
1.006029054663697571e+04
5.502824205697346770e+03
1.695629965669509147e+03
4.620368179748192233e+03
6.541982040462782606e+03
3.895672536306761685e+03
8.354937157761994968e+03
7.190185710988780556e+03
5.618248136485348368e+03
1.454939914716383555e+03
3.451052578535052817e+03
3.359873339542642498e+03
5.421300502979721387e+03
9.853221096250023038e+03
5.820780511604012645e+03
3.142942574273603896e+03
9.181825504099899263e+03
6.429037585003699860e+03
9.830947636355145733e+03
6.382147374962180038e+03
3.029070664075291916e+03
4.832816087484326999e+03
6.883696663675747914e+03
4.381667136960152675e+03
5.346582036976838936e+03
4.596108515380337849e+03
7.218571886753168656e+03
3.026064035722672088e+03
2.208452244654612878e+04
6.510824770566414372e+03
5.966950806762189131e+03
7.361335525940315165e+03
1.342119603775426549e+04
2.866990991877572924e+03
3.104624938710332117e+03
6.419475378769724557e+03
6.404481656777375974e+03
8.021535570955513322e+03
7.413012915861279907e+03
8.464836838277105926e+03
7.446133543801451196e+03
1.447751502474402150e+04
9.360716905153924017e+03
2.855772360424546150e+03
7.192632079987245561e+03
9.129425757922546836e+03
6.770066616869706195e+03
1.317666381814156739e+04
9.075049663859033899e+03
8.852072844025904487e+03
2.782149394715695053e+03
1.144949067841776241e+03
5.171947152136897785e+03
9.227510796637941894e+03
5.534484542957553458e+03
1.991574791822695261e+03
7.451457290083377302e+03
4.100096021363993714e+03
1.070400103966770621e+04
5.694411489042057838e+03
1.885663050040727740e+03
3.703325921328339973e+03
1.025180652989751979e+04
6.190168657228785378e+03
3.710618220739512253e+03
4.163244932063664237e+03
7.148968752108133231e+03
1.250951634824066559e+03
2.391493564654025977e+04
5.844824940448910638e+03
4.245513608768818813e+03
5.199572486631146603e+03
1.473434175824364320e+04
1.113584430092919774e+03
1.411507591431985475e+03
5.983820713613413318e+03
6.617769162716410392e+03
4.333293432996712909e+03
8.338038206360921322e+03
8.513030427386178417e+03
5.802637725372222121e+03
1.548508474003253650e+04
6.601613935523540022e+03
1.665491197142255032e+03
5.669706881403995794e+03
9.617846331393593573e+03
6.039607326939644736e+03
1.075844068579464874e+04
9.025684426620466184e+03
7.828491203899193351e+03
1.013273766797504322e+03
6.467042491206700106e+03
8.128362581103730008e+03
6.747992765025510380e+03
1.698711306262047856e+03
8.306031547809505355e+03
4.838236995988295348e+03
1.010799050813332542e+04
5.854442851718509701e+03
1.416253699922648593e+03
5.243717279008224978e+03
1.038673028829042596e+04
6.351784515043491410e+03
4.154992425066981923e+03
5.714135447120410390e+03
8.039325073596441143e+03
1.288052157863719003e+03
2.053843945728871040e+04
7.498730129400200894e+03
6.003888269961375954e+03
6.896708181718930973e+03
1.333851448661057293e+04
1.349102362980263933e+03
1.711289043322160751e+03
6.008999976571594743e+03
6.583462096720410045e+03
5.953235125875366975e+03
7.981958401870057060e+03
7.184689367570552349e+03
7.878794959968135117e+03
1.359095478372206344e+04
9.370393266860457516e+03
1.944165734923449691e+03
7.124875129536388158e+03
8.880549429345119279e+03
5.603971935367907463e+03
1.060094071435136902e+04
9.453873758801168151e+03
7.680090158962690111e+03
1.333196634817747736e+03
8.295281764660921908e+03
9.597943016905539935e+02
4.697370212922514838e+03
6.602592866941628017e+03
5.409651596595191222e+03
8.231654042990545349e+03
5.334299501274235809e+03
5.209668875314687284e+03
2.621513363680911880e+03
2.407031545181648198e+03
2.653799075962955612e+03
6.623566393708790201e+03
7.550370242819299165e+02
5.800411393848504304e+03
6.718144961203137427e+03
2.742064505355340589e+04
4.250954783560455326e+03
2.577936390346805183e+03
4.869934105470687427e+03
1.233363217139564586e+04
6.400541982240394645e+03
5.617607618702393665e+03
3.562741451098569087e+03
5.049639212017917998e+03
6.088852174250883763e+03
4.174461890732469328e+03
9.017628821334517852e+03
5.143511524746208124e+03
1.292287176952825757e+04
6.846652697250976416e+03
5.183029293497947947e+03
4.245154441882263200e+03
8.109959776965570200e+03
5.842885206336923147e+03
1.443696046067520547e+04
6.159216253461410815e+03
7.589162249355689710e+03
6.306889077076090871e+03
7.397971558868299326e+03
6.166053136722412091e+03
1.042203089545344301e+04
3.354328875964222789e+03
1.034606967818215344e+04
6.773150145997227810e+03
6.189527915226824916e+03
6.633741556390917140e+03
1.058783651366494087e+04
6.689505439962927994e+03
3.870969318989344174e+03
6.968205321492392613e+03
8.902409806560153811e+03
7.361853850504370712e+03
2.319805721140443347e+04
8.795142534037382575e+03
7.791427518652198160e+03
9.389990014463146508e+03
1.419718520044514662e+04
9.295163365345139027e+03
6.242834384043208956e+03
7.609908494212777441e+03
8.213683438178646611e+03
4.497151575019029224e+03
8.817240013488859404e+03
3.636212792578110566e+03
1.005122095542561692e+04
9.918778054016986061e+03
1.298011261221353016e+04
7.421979057058060789e+03
9.627788412021960539e+03
9.095649775138521363e+03
1.485773987326546376e+03
9.131800855828183558e+03
1.029253572252650520e+04
1.683944657304222574e+03
9.479139007707570272e+03
5.142684169753484639e+03
7.193095041021802899e+03
5.816807501928697093e+03
7.747275883548925776e+03
5.523860281611762730e+03
5.424264283197280747e+03
3.139009750866333889e+03
2.086794935803872704e+03
3.117993155814044258e+03
6.214733444146851980e+03
6.168175652824738791e+02
6.254139321423221190e+03
6.387429818240488203e+03
2.628810595741137877e+04
4.672021278011070535e+03
3.026196736964569482e+03
5.422096712553179714e+03
1.280389611947477715e+04
6.816480163850703320e+03
5.714342032175082750e+03
3.988647942133226024e+03
5.631298448346851728e+03
6.812327048013939930e+03
3.855495383805600795e+03
8.518599834773298426e+03
5.988572832031357393e+03
1.180508931062981537e+04
1.020524024307891341e+04
5.405173866001456190e+03
5.035835998360797021e+03
8.281426295201403263e+03
6.223509906983258588e+03
1.292296936102560903e+04
6.479426888822787987e+03
7.074337378168926080e+03
6.641901231598290906e+03
6.247896413589785880e+03
4.244353261994187960e+03
7.130428375804930511e+03
2.811241456153179115e+03
9.598603437015615327e+02
3.162524090154450278e+03
6.990298664448950149e+03
3.993318429918590937e+03
2.735021424219336495e+03
4.128409669462564125e+03
5.506771064857233796e+03
1.543968322466287646e+03
1.444677681757451319e+04
5.192358357946935939e+03
4.031273190451120172e+03
5.260607440730972485e+03
8.862993747563708894e+03
1.582438545886941711e+03
9.218725391700859291e+02
3.324936623717577277e+03
4.732299676866164191e+03
5.390434133095795005e+03
4.155534654986469832e+03
5.294491273181967699e+03
5.523346213644971613e+03
7.639515165335253187e+03
5.458011250255032792e+03
9.811430189958014125e+02
5.224761836173893244e+03
5.273368634819530598e+03
4.133692433787251503e+03
7.514308858023112407e+03
6.184304788669313893e+03
5.429626484932113271e+03
1.632541227554784655e+03
8.122949693221934467e+03
1.259792274848697889e+04
7.596788935753605074e+03
7.387311716938365862e+03
2.393751471380529892e+03
8.696918503261324076e+03
7.216183801047349334e+03
8.433380944061125774e+03
5.457451314037849443e+03
2.579498343647145703e+03
8.337818508310763718e+03
3.320125899316798314e+04
1.733342801014065117e+03
2.075776282413765784e+03
8.470478427206082870e+02
1.813541349664979862e+04
8.624113596395740387e+03
7.285095723028294742e+03
7.789490628082831790e+03
2.710501910204645810e+03
8.732779053571448458e+03
8.854389350522402310e+03
1.183928931287553860e+04
1.031035324530068920e+03
1.771931820635166150e+04
9.959816053644806743e+03
7.194127344158176129e+03
1.063998617807140818e+03
1.240966217549316207e+04
7.938967528617241442e+03
1.321086665207957230e+04
7.401393742436643151e+03
9.531700553230019068e+03
8.336441838210062997e+03
1.109590301449101389e+04
6.281518544190173088e+03
3.972586997933915882e+03
4.226668854007113623e+03
9.962957569415975740e+03
5.845804631040153254e+03
2.054694179459319912e+03
4.434890977887946065e+03
6.960424490906857500e+03
5.045083935605073748e+03
2.380301341801019953e+04
6.364862634181896283e+03
4.925320255547699162e+03
5.954632933094660075e+03
1.426313453952085911e+04
5.309097407349968307e+03
3.387101111623208453e+03
6.432121808087064892e+03
6.979172633146906264e+03
1.104033832580503258e+03
8.759546958765731688e+03
5.346546909486090954e+03
6.541419577886412299e+03
1.112259684356082471e+04
7.380208420016302625e+03
4.625708001636729932e+03
6.461757177468543887e+03
9.462671618876742286e+03
1.520765592565946463e+03
1.015643337480207992e+04
9.374548369389809523e+03
2.354742428298007781e+03
4.918646327051983462e+03
6.084578210897817371e+03
8.524856887048805220e+03
8.232335077634990739e+03
9.032679799204752271e+03
5.904797391803922437e+03
9.682053313309545047e+03
7.311313479917407676e+03
1.165475227742878997e+04
1.052111687950474516e+04
1.830551738524500979e+04
1.075940110616687889e+04
8.810548745743708423e+03
1.177873728281690273e+04
1.020700582939358173e+04
1.186698071920516122e+04
8.113781159833997663e+03
3.452871312632332774e+03
8.174762208145415570e+03
1.487218124030567924e+04
5.858365158374776911e+03
8.763832494803624286e+03
1.220586224723113992e+04
1.029857670793644866e+04
1.887197568579019935e+04
9.155915733847295996e+03
1.151824280851130970e+04
6.690042109247320695e+03
1.075136453787134087e+04
1.557983641120167522e+04
7.884940321880034389e+03
9.620701806969118479e+03
1.163919179695835555e+04
4.094816226813263256e+03
3.978772992212127974e+03
6.916389486157886495e+03
3.801918138362698301e+03
4.595874104873702890e+03
4.694026568703555313e+03
6.466824556875457347e+03
4.750901839010384720e+03
1.081966683790408570e+04
6.149308100289227696e+03
5.413291414551185881e+03
6.719161163479785500e+03
5.306170561877761429e+03
5.820429677735110090e+03
3.843359185951921972e+03
2.982121273144161023e+03
4.138559123934655872e+03
7.874088695195803666e+03
3.302678289598902211e+03
5.311468175196991069e+03
7.327971115330057728e+03
5.264919435542215069e+03
8.013570550309815189e+03
4.035749553086960077e+03
6.206753693523673064e+03
2.281233908720094860e+03
5.442343193405553393e+03
7.872532783587284030e+03
4.005115656151957410e+03
6.239812724313260333e+03
5.597272090261818448e+03
3.809349272150163870e+03
8.220583234419000291e+03
4.679734162562561323e+03
3.308509588077261469e+03
4.578114528924577826e+03
5.928874937559865430e+03
1.539205740675276957e+03
1.725625749390458441e+04
5.689620196388918885e+03
4.665232602926948857e+03
5.745798248778863126e+03
1.094294181746165123e+04
1.584852500353653795e+03
1.187685816540056976e+03
5.000820564786914474e+03
5.521326658677499836e+03
5.780411415248168851e+03
6.160806553669830464e+03
5.836029175291783758e+03
6.318463473399391660e+03
1.057377923461022874e+04
7.318155410621411647e+03
1.148099094055621435e+03
5.881336265237152475e+03
6.729823235128319538e+03
4.452848782992407905e+03
8.022882218320352877e+03
7.865559467809146554e+03
6.373878386966560356e+03
1.168733970316688556e+03
4.421195279490739267e+03
3.142013235481264019e+03
5.148204694791747897e+03
2.065719262170626280e+03
1.436444785750503797e+03
5.098645482360199821e+03
2.042255644285920425e+04
1.170154544627191399e+03
9.090293928133149848e+02
1.357807735392839504e+03
8.207730371663583355e+03
4.775814639937014363e+03
3.672544548605303589e+03
3.834538230735911839e+03
1.534783719176652085e+03
4.868115811393411605e+03
4.356963224739272846e+03
7.034539239113655640e+03
1.338174731028291717e+03
9.478639553110617271e+03
4.644313146622492241e+03
3.508050846370753789e+03
1.349652935196157841e+03
5.165021161572058190e+03
4.749786060587228349e+03
8.105097021428609878e+03
4.224533925425043890e+03
6.013949823095590546e+03
4.732413611832854258e+03
4.098967815503707243e+03
9.071880716787842175e+03
3.082919731760325703e+03
6.850726857900055620e+03
1.009961559217372633e+04
2.715851287643883188e+04
4.800669879121294798e+03
4.008754910895142984e+03
7.364209371829178963e+03
1.497634557379369289e+04
9.753520850561497355e+03
8.575631370774697643e+03
6.538276996141243217e+03
5.495449435051408727e+03
1.232228654180855665e+04
5.118202886349929031e+03
1.112047444895601075e+04
7.124713009027498629e+03
1.429161333658861986e+04
1.437892824788862163e+04
7.612550101857892514e+03
6.394354729600791870e+03
9.583596498669541688e+03
8.509375812375032183e+03
1.728241534736426547e+04
7.398905429648290919e+03
9.771083911485287899e+03
1.014916844466634575e+04
5.738584726263999073e+03
2.199078238593046990e+03
5.642919244030214031e+03
6.543219354543163718e+03
1.511605728272157830e+04
5.238055626794131967e+03
4.052226128862162113e+03
6.348993829158322114e+03
6.525040341212906242e+03
6.498845481119140459e+03
5.154664558142683745e+03
3.166105956496005092e+03
3.997112290887659583e+03
7.855512977803992726e+03
3.772813027234086803e+03
5.268174513271012074e+03
6.355591433243852407e+03
7.786345188400880033e+03
9.007542382097048176e+03
5.037960043080926880e+03
5.892642821056019784e+03
4.361299369234873666e+03
5.415398948058938004e+03
1.025110854419610405e+04
5.310720354039766789e+03
6.447171108393862596e+03
6.297161127614773250e+03
5.495273556195401397e+03
7.579007184935408986e+03
2.617274977603293337e+03
2.009187896958735655e+04
6.969540682804992684e+03
6.137814625661460923e+03
7.340189473972437554e+03
1.347771395111759193e+04
3.936795889406935657e+03
1.970967513013592225e+03
5.376538340375152075e+03
6.634757138421678974e+03
2.853378340955064232e+03
7.042265661176485082e+03
4.845123774577717995e+03
8.128149555605312344e+03
8.665918308982858434e+03
9.007892448836713811e+03
3.434845862778204719e+03
7.612874862289416342e+03
8.171758057504554927e+03
2.434291465258021617e+03
8.431553244303409883e+03
8.904515061532518303e+03
3.288672678173837085e+03
3.778879348012892478e+03
5.020064288813115127e+03
5.702372069727488451e+03
2.120537408068670629e+04
3.674946028040361853e+03
2.348241064975878089e+03
3.822793277393126573e+03
1.074018262503447477e+04
5.479890070055353135e+03
4.667541027225728612e+03
3.407563274547002948e+03
4.646734171529806190e+03
4.802945534105172555e+03
4.116688981751252868e+03
7.390181568292392512e+03
4.141425198984817143e+03
1.016912978059531451e+04
6.201741454420166519e+03
4.586227751272688693e+03
3.720517323398091321e+03
7.134079269138275777e+03
5.018960647456960032e+03
1.100060641746627516e+04
5.598672192203322084e+03
6.088280663360496874e+03
5.309298847746332285e+03
7.971159824896279133e+03
2.259029268635447806e+04
1.372246230784240879e+03
2.092104008976267778e+03
1.702861248510969745e+03
1.245124361611268614e+04
7.552287705862655457e+03
6.438877587996359580e+03
7.041637289260809666e+03
2.135586612091730331e+03
9.224385640807682648e+03
7.586080451439480385e+03
8.574113635758703822e+03
1.693319491988655500e+03
1.321508941735014741e+04
9.477584784120135737e+03
5.972198631155435578e+03
1.690410325454738313e+03
8.047347142351051843e+03
7.254048934087553789e+03
9.575958908226404674e+03
7.049245326700089208e+03
8.399310458010324510e+03
7.423405526469474353e+03
2.135735791776610131e+04
6.885101520400753543e+03
5.841840182151740009e+03
6.818498957145938220e+03
1.462600108489765444e+04
8.400006941241371123e+02
1.160163705456860043e+03
6.095084243148933638e+03
6.937805391557547409e+03
5.898128781343069022e+03
8.031280472006591481e+03
6.575839687708441488e+03
7.468932678998167830e+03
1.237101658889533064e+04
8.378876686913165031e+03
1.419510085278951465e+03
7.198793471054597831e+03
8.902464918775480328e+03
5.278723306544218758e+03
9.466000716785103577e+03
9.181061298274549699e+03
7.357933472089840507e+03
9.327206585600613380e+02
2.760276187117450172e+04
2.622152653314206327e+04
3.108964619862892141e+04
1.521001604991049135e+04
2.332202304610339343e+04
1.806102320828158918e+04
1.476951015352052127e+04
1.898856530348856177e+04
3.282039881091634743e+04
1.825480303136253860e+04
1.619961053270461525e+04
3.517377461713115918e+04
1.398880350158402507e+04
3.804829710112239991e+04
1.959413788202707656e+04
3.180213043646076403e+04
1.424401035440796841e+04
2.314130130339864263e+04
2.011820486979125417e+04
1.820364461817771007e+04
2.320720610115113595e+04
2.471487431461410597e+04
8.952848931304247344e+02
8.836964004472948773e+02
1.460557958534426871e+04
6.223478981806378215e+03
5.851577522679584945e+03
6.746036646229351391e+03
1.941255642966581036e+03
7.299953816829256539e+03
6.985311837498362365e+03
9.850276547167166427e+03
8.211195536823828434e+02
1.418984643675419284e+04
7.701343340273891954e+03
5.067949769251339603e+03
8.673537673366776062e+02
9.481114150142777362e+03
6.600620322175331239e+03
1.152727925314184540e+04
6.511730198974408268e+03
7.897538436609508608e+03
6.493024581081763245e+03
1.183753933479265243e+03
1.263197232234835064e+04
5.309166586099114284e+03
4.649217836263904246e+03
4.410642097805792218e+03
2.066645779654272701e+03
5.166418144499816663e+03
5.400568457851490166e+03
8.604035014042350667e+03
1.243242915980536281e+03
1.238721428166386249e+04
5.233926433365213597e+03
4.303235672525070186e+03
1.098200679726692215e+03
8.466266415764070189e+03
5.500353501959558344e+03
1.113697046447260618e+04
5.323602426381767145e+03
7.304433357908803373e+03
5.488204764837735638e+03
1.651448756900271110e+04
6.304314658751552088e+03
5.733070756087998234e+03
6.476748664409936282e+03
2.390120156110651806e+03
6.281953887044187468e+03
7.825747666959336129e+03
1.067567722390229210e+04
5.150081172565526231e+02
1.600086939168756908e+04
6.639661226245677426e+03
5.228775985461039454e+03
5.877545632531528099e+02
1.073310157231475023e+04
6.596636138244390168e+03
1.147241020730021592e+04
7.200514300328690297e+03
8.651960030479995112e+03
6.355153835647297456e+03
1.581179991213500944e+04
1.134565075178446568e+04
7.137162817486223503e+03
8.828546837288311508e+03
2.068372641587334147e+04
8.442875956147017860e+03
1.138183948992955266e+04
1.820625695834726139e+04
9.038911973994006985e+03
2.874471315977268387e+04
1.212081620296875008e+04
1.611817339485345656e+04
3.159894227339146710e+03
1.415922937023721170e+04
1.283425478611593280e+04
6.821348771147086154e+03
1.467874313329213146e+04
1.601727650600173729e+04
1.553406775740557578e+03
6.798514313207772830e+03
7.107782047511353085e+03
5.878547522297072646e+03
7.865748555343385306e+03
8.223924928785858356e+03
6.774922658369274359e+03
1.431363478650394609e+04
6.936532412391564321e+03
1.112421287037795082e+03
6.599252712654057177e+03
9.915118243629653080e+03
5.832710371743195537e+03
1.064826010431098439e+04
1.034795493740152233e+04
8.322550553753377244e+03
5.967378125955599444e+02
4.579794735792333086e+03
5.869688320985386781e+03
4.434604131107615103e+03
5.989611377042412641e+03
5.467495654953385383e+03
6.262075947406964588e+03
9.907670036859313768e+03
6.634817071512667098e+03
1.191358339263156495e+03
6.081207922053689799e+03
6.906441066981160475e+03
3.959480948533892843e+03
8.509379109869121748e+03
7.725085764597247362e+03
5.238158209538940355e+03
1.265474926589146207e+03
4.845951726799123207e+03
6.679793029074216065e+03
2.053623995741275394e+03
6.961169085912380979e+03
6.349277573710131037e+03
7.485731854714708788e+03
5.855104202993420586e+03
5.308675639094957660e+03
6.182063754413558854e+03
4.658977033210830996e+03
5.921671684930667652e+03
1.207112060401422605e+04
4.310129020597807539e+03
6.080358233624623608e+03
6.479894725329657376e+03
8.766278994852444157e+03
5.657725440579810311e+03
7.267452620266793929e+03
2.745226599906930005e+03
9.848815163110921276e+03
8.458985434573869497e+03
5.707990758694670149e+03
2.189455735834345433e+03
5.571783135120601401e+03
6.829666439618946242e+03
1.001679222153070805e+04
5.029841734137957246e+03
7.725830577691618601e+03
7.044290310026751285e+03
9.131312187332498070e+03
7.715166020998212844e+03
6.623881085475888540e+03
1.227300394572980986e+04
6.507057548337526896e+03
5.278692206618395176e+03
6.575518608976126416e+03
1.364906931000602162e+04
1.754176707386679027e+03
1.353831720734222108e+04
1.194234878113782543e+04
2.720135323605261874e+03
5.993791027891714293e+03
9.046224121989191190e+03
7.680802843396782919e+03
7.645187212545131842e+03
8.762437879013334168e+03
5.339574405052152542e+03
6.810877045037675089e+03
4.736478507180296219e+03
6.842047969657419344e+03
1.292620104801738489e+04
4.159720674599635458e+03
7.246652544146571017e+03
8.086616372590569881e+03
1.181927783586192163e+04
9.484765662991823774e+03
1.391504507477916195e+04
7.033457334627973069e+03
1.095187323168702642e+04
6.737821136393209599e+03
4.050640911844553557e+03
9.396816114890843892e+03
9.968805003711593599e+03
4.526938097216889219e+03
8.172585844502230429e+03
1.748389239579133573e+04
5.422966008020533081e+03
5.026121604104375365e+03
6.805381033698296278e+02
1.185591407663022801e+04
6.861120482312606327e+03
1.289365394784661476e+04
7.757571390032037016e+03
9.245236894085768654e+03
6.908342791005900835e+03
1.883041762477176235e+04
1.175233219030500550e+04
1.619692095038548359e+04
6.954271788835949337e+03
9.072293414756390121e+03
1.126200365477169180e+04
1.100265232592253597e+04
8.906698002373015697e+03
1.530706251183581480e+04
5.572727347714368079e+03
6.138588312150777710e+03
1.648222861613695932e+04
7.748604153743457573e+03
2.133017171415949269e+04
1.523253208939148863e+04
9.511575213591257125e+03
7.660567570984047961e+03
4.903995127817727735e+03
6.997723542360465217e+03
4.760085172223973132e+03
9.173037063980105813e+03
7.967235738140632748e+03
6.737964223720102382e+03
1.219242206965482410e+03
9.929456914456075538e+03
6.585557210624789150e+03
1.269488721989838632e+04
6.270535598686342382e+03
9.122625242186784817e+03
6.756842596105479970e+03
8.581323611877951407e+03
9.824991407424271529e+03
4.756046299264925437e+03
9.258751115714563639e+03
1.001836818274815778e+04
1.010653801291588024e+04
8.686223751477577025e+03
1.075003501544688106e+03
5.949540311340995686e+03
1.244810364240280614e+04
1.063731491282903517e+04
1.064110987562705486e+04
1.016068682697359327e+04
1.014916564318475503e+04
8.088251221017073476e+03
