2.400000000000000000e+01 6.600000000000000000e+01 2.062351012206103746e+02 2.000000000000000000e+00
0.000000000000000000e+00 3.400000000000000000e+01 3.197268922177185004e+02 2.000000000000000000e+00
1.800000000000000000e+01 4.900000000000000000e+01 5.110292439588507705e+02 2.000000000000000000e+00
1.000000000000000000e+00 3.000000000000000000e+01 5.113317401604767838e+02 2.000000000000000000e+00
5.500000000000000000e+01 6.400000000000000000e+01 5.150081172565526231e+02 2.000000000000000000e+00
5.700000000000000000e+01 7.400000000000000000e+01 5.967378125955599444e+02 2.000000000000000000e+00
2.900000000000000000e+01 7.700000000000000000e+01 6.400675897059107911e+02 3.000000000000000000e+00
7.000000000000000000e+00 6.700000000000000000e+01 6.502365460232203986e+02 2.000000000000000000e+00
6.800000000000000000e+01 7.900000000000000000e+01 6.713026423022827203e+02 3.000000000000000000e+00
3.200000000000000000e+01 3.500000000000000000e+01 6.743248017387797972e+02 2.000000000000000000e+00
1.000000000000000000e+01 8.400000000000000000e+01 7.464247046454669317e+02 3.000000000000000000e+00
3.600000000000000000e+01 8.100000000000000000e+01 8.277852791050056567e+02 4.000000000000000000e+00
2.500000000000000000e+01 4.000000000000000000e+01 8.296997562120261591e+02 2.000000000000000000e+00
1.400000000000000000e+01 7.800000000000000000e+01 8.662456383981165118e+02 3.000000000000000000e+00
1.100000000000000000e+01 8.500000000000000000e+01 8.814395226997900181e+02 4.000000000000000000e+00
5.300000000000000000e+01 5.400000000000000000e+01 8.952848931304247344e+02 2.000000000000000000e+00
8.000000000000000000e+00 1.700000000000000000e+01 9.008492619702003594e+02 2.000000000000000000e+00
3.900000000000000000e+01 5.800000000000000000e+01 9.218725391700859291e+02 2.000000000000000000e+00
5.100000000000000000e+01 8.000000000000000000e+01 9.652360625059826589e+02 3.000000000000000000e+00
1.500000000000000000e+01 4.400000000000000000e+01 1.043409286936609078e+03 2.000000000000000000e+00
2.700000000000000000e+01 8.600000000000000000e+01 1.050714260632915739e+03 5.000000000000000000e+00
2.000000000000000000e+00 4.300000000000000000e+01 1.072989541227232166e+03 2.000000000000000000e+00
7.000000000000000000e+01 7.300000000000000000e+01 1.075003501544688106e+03 2.000000000000000000e+00
4.500000000000000000e+01 9.000000000000000000e+01 1.093870368729444181e+03 3.000000000000000000e+00
4.100000000000000000e+01 6.100000000000000000e+01 1.104033832580503258e+03 2.000000000000000000e+00
1.200000000000000000e+01 7.600000000000000000e+01 1.122235773745886036e+03 3.000000000000000000e+00
3.800000000000000000e+01 9.500000000000000000e+01 1.174530666100445387e+03 6.000000000000000000e+00
8.200000000000000000e+01 9.200000000000000000e+01 1.178689920081715854e+03 4.000000000000000000e+00
2.200000000000000000e+01 9.100000000000000000e+01 1.203280747079017829e+03 3.000000000000000000e+00
8.300000000000000000e+01 8.700000000000000000e+01 1.309628284697549134e+03 5.000000000000000000e+00
6.000000000000000000e+00 9.600000000000000000e+01 1.364456334376357518e+03 3.000000000000000000e+00
8.800000000000000000e+01 1.020000000000000000e+02 1.429274009041683939e+03 7.000000000000000000e+00
9.300000000000000000e+01 1.000000000000000000e+02 1.543801885753096258e+03 6.000000000000000000e+00
1.900000000000000000e+01 9.400000000000000000e+01 1.561417971787493798e+03 3.000000000000000000e+00
2.600000000000000000e+01 4.800000000000000000e+01 1.586676941774800071e+03 2.000000000000000000e+00
1.300000000000000000e+01 5.900000000000000000e+01 1.715562022111203532e+03 2.000000000000000000e+00
3.700000000000000000e+01 9.700000000000000000e+01 1.725374874457333590e+03 3.000000000000000000e+00
5.000000000000000000e+01 9.800000000000000000e+01 1.913673014527301120e+03 4.000000000000000000e+00
9.000000000000000000e+00 1.070000000000000000e+02 1.978397858184199094e+03 7.000000000000000000e+00
3.000000000000000000e+00 6.000000000000000000e+01 1.992754694924124351e+03 2.000000000000000000e+00
2.300000000000000000e+01 1.010000000000000000e+02 2.130346390512406742e+03 7.000000000000000000e+00
4.000000000000000000e+00 6.900000000000000000e+01 2.350369505735271559e+03 2.000000000000000000e+00
2.100000000000000000e+01 4.700000000000000000e+01 2.405468173873427986e+03 2.000000000000000000e+00
1.060000000000000000e+02 1.080000000000000000e+02 2.499719898510399616e+03 1.000000000000000000e+01
1.600000000000000000e+01 4.600000000000000000e+01 2.500342536960893085e+03 2.000000000000000000e+00
9.900000000000000000e+01 1.090000000000000000e+02 2.556036307350857896e+03 4.000000000000000000e+00
2.800000000000000000e+01 1.050000000000000000e+02 2.575580433625197202e+03 4.000000000000000000e+00
1.040000000000000000e+02 1.120000000000000000e+02 2.622045613869129738e+03 9.000000000000000000e+00
8.900000000000000000e+01 1.180000000000000000e+02 3.022553307763358134e+03 1.400000000000000000e+01
5.600000000000000000e+01 1.160000000000000000e+02 3.049089255937323742e+03 3.000000000000000000e+00
6.200000000000000000e+01 1.100000000000000000e+02 3.231303696528847922e+03 3.000000000000000000e+00
1.150000000000000000e+02 1.170000000000000000e+02 3.258240893698237414e+03 9.000000000000000000e+00
1.030000000000000000e+02 1.230000000000000000e+02 3.287003866667363127e+03 1.700000000000000000e+01
2.000000000000000000e+01 7.200000000000000000e+01 3.542423182491964326e+03 2.000000000000000000e+00
1.140000000000000000e+02 1.220000000000000000e+02 3.582693440889334852e+03 1.100000000000000000e+01
3.100000000000000000e+01 1.250000000000000000e+02 3.845124709842189986e+03 4.000000000000000000e+00
3.300000000000000000e+01 1.270000000000000000e+02 4.297789229714389876e+03 1.800000000000000000e+01
1.110000000000000000e+02 1.200000000000000000e+02 4.445921368543981771e+03 7.000000000000000000e+00
1.190000000000000000e+02 1.260000000000000000e+02 5.184054363751275559e+03 1.100000000000000000e+01
1.130000000000000000e+02 1.310000000000000000e+02 5.607971181568701468e+03 2.500000000000000000e+01
4.200000000000000000e+01 1.300000000000000000e+02 6.144471305642252446e+03 5.000000000000000000e+00
6.300000000000000000e+01 1.320000000000000000e+02 6.225003694284432640e+03 8.000000000000000000e+00
6.500000000000000000e+01 1.210000000000000000e+02 7.381827973918175303e+03 5.000000000000000000e+00
1.280000000000000000e+02 1.350000000000000000e+02 7.608160602180897513e+03 7.000000000000000000e+00
1.240000000000000000e+02 1.370000000000000000e+02 9.289895020358291731e+03 8.000000000000000000e+00
7.100000000000000000e+01 1.390000000000000000e+02 1.195278480679415588e+04 9.000000000000000000e+00
5.000000000000000000e+00 1.380000000000000000e+02 1.276849270941520444e+04 8.000000000000000000e+00
7.500000000000000000e+01 1.290000000000000000e+02 1.422828627168368075e+04 1.300000000000000000e+01
1.400000000000000000e+02 1.410000000000000000e+02 1.559030840190054005e+04 1.700000000000000000e+01
1.330000000000000000e+02 1.420000000000000000e+02 1.640766172116230155e+04 2.400000000000000000e+01
1.340000000000000000e+02 1.360000000000000000e+02 1.720381989438870005e+04 3.300000000000000000e+01
5.200000000000000000e+01 1.430000000000000000e+02 1.969417716447674684e+04 1.800000000000000000e+01
1.440000000000000000e+02 1.450000000000000000e+02 2.623410087503070463e+04 5.700000000000000000e+01
1.460000000000000000e+02 1.470000000000000000e+02 4.109832737962592364e+04 7.500000000000000000e+01
