4.000000000000000000e+00 5.100000000000000000e+01 8.440121997595420922e+00 2.000000000000000000e+00
0.000000000000000000e+00 3.400000000000000000e+01 1.450345418725166802e+01 2.000000000000000000e+00
2.000000000000000000e+00 1.000000000000000000e+01 1.492781789888457666e+01 2.000000000000000000e+00
6.000000000000000000e+00 3.800000000000000000e+01 1.528644895927803304e+01 2.000000000000000000e+00
1.300000000000000000e+01 1.400000000000000000e+01 1.606856139506027148e+01 2.000000000000000000e+00
3.100000000000000000e+01 4.200000000000000000e+01 1.657056540804804357e+01 2.000000000000000000e+00
2.000000000000000000e+01 5.300000000000000000e+01 1.728977274338432579e+01 2.000000000000000000e+00
1.900000000000000000e+01 6.400000000000000000e+01 1.822157359509714070e+01 2.000000000000000000e+00
2.500000000000000000e+01 2.600000000000000000e+01 1.822913725090702286e+01 2.000000000000000000e+00
3.000000000000000000e+01 7.500000000000000000e+01 1.881763946084446459e+01 3.000000000000000000e+00
3.500000000000000000e+01 6.200000000000000000e+01 1.902320753300148226e+01 2.000000000000000000e+00
9.000000000000000000e+00 6.600000000000000000e+01 1.905106458195721686e+01 2.000000000000000000e+00
8.000000000000000000e+00 7.300000000000000000e+01 1.914762187213212385e+01 3.000000000000000000e+00
3.600000000000000000e+01 3.900000000000000000e+01 1.946161511081083262e+01 2.000000000000000000e+00
3.000000000000000000e+00 5.400000000000000000e+01 2.157388263940048390e+01 2.000000000000000000e+00
6.000000000000000000e+01 6.900000000000000000e+01 2.352084957322358960e+01 2.000000000000000000e+00
7.200000000000000000e+01 7.700000000000000000e+01 2.437263861208013793e+01 4.000000000000000000e+00
7.000000000000000000e+00 4.000000000000000000e+01 2.557518977948320682e+01 2.000000000000000000e+00
7.600000000000000000e+01 8.800000000000000000e+01 2.677351988105720082e+01 6.000000000000000000e+00
2.200000000000000000e+01 8.600000000000000000e+01 2.751226071782398463e+01 3.000000000000000000e+00
4.900000000000000000e+01 6.700000000000000000e+01 2.756764548195491216e+01 2.000000000000000000e+00
1.200000000000000000e+01 6.500000000000000000e+01 2.799707919383559229e+01 2.000000000000000000e+00
4.500000000000000000e+01 7.900000000000000000e+01 2.869258996794316374e+01 3.000000000000000000e+00
2.800000000000000000e+01 8.000000000000000000e+01 2.870589954429319945e+01 3.000000000000000000e+00
1.500000000000000000e+01 7.400000000000000000e+01 2.933563525700312624e+01 3.000000000000000000e+00
8.500000000000000000e+01 8.700000000000000000e+01 2.969261131991409641e+01 4.000000000000000000e+00
1.700000000000000000e+01 7.100000000000000000e+01 3.092743041141176263e+01 2.000000000000000000e+00
5.500000000000000000e+01 8.300000000000000000e+01 3.114328417987423592e+01 3.000000000000000000e+00
5.800000000000000000e+01 6.800000000000000000e+01 3.223946956329670144e+01 2.000000000000000000e+00
3.300000000000000000e+01 5.200000000000000000e+01 3.287186516928022684e+01 2.000000000000000000e+00
1.000000000000000000e+00 7.000000000000000000e+01 3.501335975265232037e+01 2.000000000000000000e+00
1.800000000000000000e+01 5.900000000000000000e+01 3.503490232331854770e+01 2.000000000000000000e+00
3.200000000000000000e+01 9.500000000000000000e+01 3.585665379163748412e+01 4.000000000000000000e+00
1.600000000000000000e+01 4.600000000000000000e+01 3.651159559471798133e+01 2.000000000000000000e+00
4.400000000000000000e+01 9.800000000000000000e+01 3.876037322400065221e+01 3.000000000000000000e+00
5.000000000000000000e+00 9.100000000000000000e+01 3.933679349268081893e+01 4.000000000000000000e+00
4.700000000000000000e+01 1.010000000000000000e+02 3.999550326512322584e+01 3.000000000000000000e+00
9.200000000000000000e+01 9.600000000000000000e+01 4.040994205648711102e+01 5.000000000000000000e+00
4.300000000000000000e+01 4.800000000000000000e+01 4.129696741492517731e+01 2.000000000000000000e+00
8.100000000000000000e+01 8.900000000000000000e+01 4.150898934244781202e+01 5.000000000000000000e+00
8.400000000000000000e+01 9.900000000000000000e+01 4.279519521249339675e+01 6.000000000000000000e+00
1.100000000000000000e+01 8.200000000000000000e+01 4.360506137559513462e+01 3.000000000000000000e+00
9.300000000000000000e+01 9.700000000000000000e+01 4.645359060982861621e+01 6.000000000000000000e+00
2.300000000000000000e+01 1.100000000000000000e+02 5.051084890190352183e+01 3.000000000000000000e+00
5.600000000000000000e+01 1.060000000000000000e+02 5.154687964874205619e+01 4.000000000000000000e+00
1.020000000000000000e+02 1.110000000000000000e+02 5.165235597608799623e+01 7.000000000000000000e+00
6.300000000000000000e+01 1.140000000000000000e+02 5.884116017687718880e+01 7.000000000000000000e+00
1.090000000000000000e+02 1.120000000000000000e+02 5.993886238416817491e+01 1.100000000000000000e+01
2.400000000000000000e+01 4.100000000000000000e+01 6.123126374883664624e+01 2.000000000000000000e+00
5.000000000000000000e+01 1.000000000000000000e+02 6.430219828326723075e+01 3.000000000000000000e+00
9.400000000000000000e+01 1.180000000000000000e+02 6.766579409435479420e+01 1.000000000000000000e+01
3.700000000000000000e+01 1.150000000000000000e+02 6.888334919010324597e+01 4.000000000000000000e+00
1.040000000000000000e+02 1.070000000000000000e+02 7.142458032672301727e+01 8.000000000000000000e+00
1.030000000000000000e+02 1.080000000000000000e+02 7.513399504084739533e+01 5.000000000000000000e+00
1.130000000000000000e+02 1.190000000000000000e+02 7.531118719100730630e+01 1.400000000000000000e+01
2.900000000000000000e+01 1.230000000000000000e+02 8.129289910972838129e+01 5.000000000000000000e+00
2.100000000000000000e+01 1.260000000000000000e+02 8.305343896985890240e+01 1.500000000000000000e+01
6.100000000000000000e+01 1.250000000000000000e+02 8.401746450581120484e+01 6.000000000000000000e+00
1.160000000000000000e+02 1.170000000000000000e+02 8.414032145625031944e+01 1.100000000000000000e+01
9.000000000000000000e+01 1.280000000000000000e+02 9.134268881096845405e+01 2.100000000000000000e+01
1.210000000000000000e+02 1.290000000000000000e+02 9.354042565033908829e+01 9.000000000000000000e+00
5.700000000000000000e+01 1.050000000000000000e+02 1.141878764683032585e+02 3.000000000000000000e+00
1.200000000000000000e+02 1.300000000000000000e+02 1.171913591389285898e+02 1.300000000000000000e+01
1.240000000000000000e+02 1.310000000000000000e+02 1.186196819648744167e+02 2.900000000000000000e+01
1.270000000000000000e+02 1.340000000000000000e+02 1.362357873948213580e+02 1.800000000000000000e+01
2.700000000000000000e+01 1.220000000000000000e+02 1.556165197731772025e+02 1.100000000000000000e+01
1.330000000000000000e+02 1.350000000000000000e+02 1.735285687462757949e+02 3.200000000000000000e+01
1.360000000000000000e+02 1.370000000000000000e+02 2.700557684645033873e+02 2.900000000000000000e+01
1.320000000000000000e+02 1.380000000000000000e+02 2.869974574890321151e+02 4.100000000000000000e+01
7.800000000000000000e+01 1.390000000000000000e+02 3.306425712052867425e+02 3.100000000000000000e+01
1.400000000000000000e+02 1.410000000000000000e+02 4.800339189282754546e+02 7.200000000000000000e+01
