5.189840744212654045e+02
4.815768547168226178e+03
3.713841864324040671e+03
1.106343605422265000e+03
1.741980622294250225e+03
3.405034569986382849e+03
2.854822606533416547e+03
1.031078114590047880e+04
5.905342968790332634e+02
1.912645117103977327e+03
3.286423092018844727e+03
2.285182324433318172e+03
5.371296378712643218e+02
1.801149811313971441e+02
6.063690657726345307e+03
3.715922908982932313e+03
3.676593145444270704e+03
2.427575971293847033e+03
2.150552498044934964e+03
2.223203100095433911e+03
3.516444723153488667e+03
5.322286485877692030e+03
3.874410758305908530e+04
8.041518447439018018e+03
3.468895424715477020e+03
2.839361194402551973e+02
3.583230265885277731e+03
4.384390504441784287e+03
5.013783011632056059e+02
2.904282293846015818e+03
2.188355808518531830e+03
2.718842235178768533e+03
5.175486159483823030e+03
6.913266660822155245e+03
2.598283043826871108e+03
8.181926484004427493e+02
2.753741657723267053e+02
5.327821606446048463e+03
4.350997161039493221e+03
1.801371469107553139e+03
5.512186323773110416e+03
4.674388310821275809e+03
8.951504216491866828e+02
7.576461208504250862e+03
1.093945281224441942e+03
3.323056820648427674e+03
9.284085809617840823e+02
4.207129489226357691e+03
1.424367499492549541e+03
2.180350897179697313e+03
3.094198929336231686e+03
2.271917550519719953e+03
8.137826389533829570e+02
5.289523854773488893e+03
8.971265659429504922e+02
4.180677703039813423e+03
1.137161886696428610e+03
1.516754964746722635e+03
1.036160094044107154e+03
1.756800319389591095e+03
1.325734267721573815e+04
4.372917473052948480e+02
5.789166527570165272e+03
1.234767212952443333e+04
1.161682428623717897e+03
1.070588150317562167e+03
1.850422912910682271e+03
9.084824011696437083e+02
3.738306484889079456e+03
2.085913490480014843e+03
3.388222547280304752e+03
4.450260864531005609e+03
3.348528052152886630e+03
3.610985282468795958e+03
6.719569462563015350e+02
1.661686075392611656e+03
3.079753058785800931e+03
2.401448978526076189e+03
9.086978572491028899e+03
6.339630065316378023e+02
1.556938552867939507e+03
2.111107579712353527e+03
2.389968731985176419e+03
4.783459743295477438e+02
7.443066080432427043e+02
1.408664653995571371e+03
3.549823291182915455e+03
2.904674388738691050e+03
1.426645123622109168e+03
1.980494861820434608e+03
1.858989736898406818e+03
2.921335093688430334e+03
4.761204296931440695e+03
3.615362683510211355e+04
6.342142554964990268e+03
2.688827981445671867e+03
5.326824071742450997e+02
3.466911421916035579e+03
3.907432145766671056e+03
2.357408108897698185e+02
2.991294299069305907e+03
1.431266697780240520e+03
2.695909982531419246e+03
4.455298983974235853e+03
1.901285207383549732e+03
1.691881871193897496e+03
4.237267456957135892e+02
3.124304416970783222e+02
3.825323630095239423e+03
3.877633719795604520e+03
1.564836844536112949e+03
4.894180598334609385e+03
3.546605417776631384e+03
6.424252930668280896e+02
5.903233815481900820e+03
6.387468553133217029e+02
2.422018467282510755e+03
3.888696345804560224e+02
3.177230450652212312e+03
1.208266597473136244e+03
2.254380143076244167e+03
2.509072276625088307e+03
1.691676847832342901e+03
4.539271693163486816e+02
4.949723613951127845e+03
7.512928318149686220e+02
3.971969072064660395e+03
6.490301106044239532e+02
1.115031795585416148e+03
1.059567417992393757e+03
7.987818431846687872e+02
1.207393768207259200e+04
5.322017158263186047e+02
4.493480084268240716e+03
1.045716008101173611e+04
7.970194732962536364e+02
4.767345511684866324e+02
1.236592870444828804e+03
7.305172668146487922e+02
3.156378835122170130e+03
1.209146948914140012e+03
3.335508587383921167e+03
4.202532489202481884e+03
7.036071580252731110e+03
3.379895443153991437e+03
6.258093014556106937e+03
6.996672570633458236e+03
6.158123669008029538e+03
1.265310270851073801e+04
4.079438198985167219e+03
8.051614255309509645e+03
4.055343542223767145e+03
6.288706300292034939e+03
5.134311789201354259e+03
5.467862344160351313e+03
6.221647464597758699e+03
7.288184773431779831e+03
5.793891081938692878e+03
4.557966910792820272e+03
6.587708553169344668e+03
5.465621927495616546e+03
5.031672870224848339e+03
1.025814959927607015e+04
4.430078999356132408e+04
1.082323786509870479e+04
5.548593538325232657e+03
3.976068672173797495e+03
6.638663048161357437e+03
8.192934158267224120e+03
3.828806716475655776e+03
7.147561772291162924e+03
6.862782534873224904e+03
7.263986396294368205e+03
7.758502932258438705e+03
7.424965390632136405e+03
1.975299078568133154e+03
3.810472269992946167e+03
3.825989220403776926e+03
1.237853910480768036e+03
7.436044139353261016e+03
5.470207286782465417e+03
8.222285714643756364e+03
4.355687171468976885e+03
4.537357290588665819e+03
8.930574943992691260e+03
5.521848743337935048e+03
5.491697824483067052e+03
3.839619725184278650e+03
5.744805337426359984e+03
4.283706350230579119e+03
6.613297826759318923e+03
5.746781122152475291e+03
1.259450093657044590e+03
3.529426734013607529e+03
1.060036081579399251e+04
3.305444577622795805e+03
8.125117491329740005e+03
3.654386634633092399e+03
4.313815769896349593e+03
4.479022001025989994e+03
4.605824325802150270e+03
1.590400486703862589e+04
5.340203725527519055e+03
6.903695062145485281e+03
1.442584086657480657e+04
3.284610886739204034e+03
3.808084676190838309e+03
2.495883211177789690e+03
5.028537187245219684e+03
7.013929208401152209e+03
3.095764711457151861e+03
7.247368009082394565e+03
7.054897061421423132e+03
5.449600217064440585e+03
3.440148643217322387e+03
1.637884359396227410e+03
2.891501156494670795e+03
1.647683383601826063e+04
3.910622824602142373e+03
4.816864349924872840e+03
6.946659850895328418e+03
1.286814748796420190e+03
3.785402495522916979e+03
4.367859670638400530e+03
6.827739753223614571e+03
7.063938968283287068e+03
2.666296590299350100e+03
5.818293609767711132e+03
2.494410451970230497e+03
2.266862829154575138e+03
7.334400107252263297e+03
7.887650854570410047e+03
4.473365344262181316e+04
6.544126240564539330e+03
7.113311891190218375e+03
4.176760781550885440e+03
5.082632905233353995e+02
9.030535705461113594e+02
4.116360549981114673e+03
1.433550977258737021e+03
6.289948613913551526e+03
2.595614244696439528e+03
2.604130387707658883e+03
7.098935307701516649e+03
5.768696620383764639e+03
4.443902033333251893e+03
4.213688283549547123e+03
8.417390073819989993e+03
3.114694381712740324e+03
2.275608349160617763e+03
1.264420053529809138e+03
8.449339075048676023e+03
4.165989043888155720e+03
1.258224385052373873e+04
4.580101906894588865e+03
1.424879673889056903e+03
4.005527492502021232e+03
8.290683844473993304e+03
5.319422947286502676e+03
2.520686887909476809e+03
4.299593575641306415e+02
4.956531976170839698e+03
4.677719423269400977e+03
1.424826960511572679e+03
5.055600869996232177e+03
8.638254584480296216e+02
5.257490375169336403e+03
5.466404611074394779e+03
4.209490666160683759e+03
5.108002169300192691e+03
8.777047113350410655e+03
4.642735267358262718e+03
1.099631219856476673e+04
7.829801128915529262e+03
4.968186730057461318e+03
4.205646415348088340e+03
5.121800934161594341e+03
4.185149464938204801e+03
2.507052611511556279e+03
5.677160947208139987e+03
3.530169824588042502e+02
1.150185480236434842e+03
3.188900888655030030e+03
4.977224635852729079e+03
4.088537192913553554e+03
8.501808042595730512e+03
9.548724897266802145e+02
2.975799471246473786e+03
2.506031338585945377e+03
3.924043708391937344e+03
1.610365916947438564e+03
1.325622180559523258e+03
5.465848102897140052e+03
3.566078461691591656e+03
4.493492037729387448e+03
1.502994729807599469e+03
3.707388931967203462e+03
3.660130554931315601e+03
3.249355663821404050e+03
6.420793034260545937e+03
3.893427508394948381e+04
9.561266610625018075e+03
2.818441364293593779e+03
6.062134385284869040e+02
5.269976143180368126e+03
5.614554085823463538e+03
6.432580401932859786e+02
4.627944016043520605e+03
2.064262794103574834e+03
4.308063565519438271e+03
6.439429957202566584e+03
7.220797662113279330e+03
1.778861326189650754e+03
4.367323161302292647e+02
8.007426066889502181e+02
3.795148172103835350e+03
5.208685211538281692e+03
3.401368585043215717e+03
6.534607035647988596e+03
3.074575395295810267e+03
1.280225745128740527e+03
6.162075167577285356e+03
1.350090800022805979e+03
4.163868877013073870e+03
5.378911191318084093e+02
3.362795257180340286e+03
9.897976370046631018e+02
3.877008887723512998e+03
4.388506110997232099e+03
1.758150241980490591e+03
4.330994915868059252e+02
6.726854186342538924e+03
6.405628549530838427e+02
5.564397966672490838e+03
4.368574672621584796e+02
7.351324239307186872e+02
1.128921712590256902e+03
1.187448796801761546e+03
1.344613188360762251e+04
9.215644541307417512e+02
4.207180764460196770e+03
1.271714173493121052e+04
4.728245631352365308e+02
8.922441346952305139e+02
9.357800366397050311e+02
1.441115308756539662e+03
4.855603261864160231e+03
6.152155230435423618e+02
5.301708202901309051e+03
5.597417359683589893e+03
3.042554731643000196e+03
2.468746027346652227e+03
1.202509606275107217e+04
1.667483956263560003e+03
1.884491860008989079e+03
4.616594945479988382e+03
2.278879949356244651e+03
1.789124720354286183e+03
2.055012557587468109e+03
4.796960461280228628e+03
6.395761424398560848e+03
3.120025693286072510e+03
2.660759427515912648e+03
1.787717419105200406e+03
1.922887563238438588e+03
5.045692483817029824e+03
4.951937159236277694e+03
3.241603862409125941e+04
7.775170442448819813e+03
4.663763974786914332e+03
2.255605131086977053e+03
3.272458203327329102e+03
3.550256570730982276e+03
1.709844926697215897e+03
2.719546911836379422e+03
3.448249734220312803e+03
2.537256446164083627e+03
4.704459116859548885e+03
5.344922736734729369e+03
4.639497913832887207e+03
2.457749126126244846e+03
1.980676443938431248e+03
7.539539421464534826e+03
3.514161001527313601e+03
1.749088982937244282e+03
4.484732006885087685e+03
5.628512822987579057e+03
2.086253274004370269e+03
9.603972929977297099e+03
2.244889261057403019e+03
2.650587645995030925e+03
1.791008979967526557e+03
5.626749350305575717e+03
2.487036830252425261e+03
2.191223422763345297e+03
2.659863054433757043e+03
3.826511865125841723e+03
2.645628201222451935e+03
4.092663041400621296e+03
2.731505819044826239e+03
3.588044189917930453e+03
2.653140285676360691e+03
2.919835855763081781e+03
2.008875565967106695e+03
2.565130525600813598e+03
1.150365382865231550e+04
2.083098455799714429e+03
7.672489572852560741e+03
1.071549994746349330e+04
2.931124160992541874e+03
1.762284233953080047e+03
3.601293811915247716e+03
1.855224632177326384e+03
3.348791453130485479e+03
3.384939923403163903e+03
3.330656801683518097e+03
3.691790506852570616e+03
1.375607810893100350e+03
1.545503094920845069e+04
3.397911943588865142e+03
4.537463497905651820e+03
6.196099330086231021e+03
1.570689454817537353e+03
3.463667884189127108e+03
3.541212781984091180e+03
6.304737660035423687e+03
7.737795559037696876e+03
3.518985946087259435e+03
4.883019130685199343e+03
1.488015969286196651e+03
1.145852657086457384e+03
7.039886178774097061e+03
6.752280912943699150e+03
4.402480828897522588e+04
5.825789698118551314e+03
6.344578333482051676e+03
3.627964107396786403e+03
1.109715086927002403e+03
1.925651457688433993e+03
3.742871667050478209e+03
8.123318735881903194e+02
5.744971189685757054e+03
1.617611887043695333e+03
3.575486993799418997e+03
6.710470538738983123e+03
5.279975127255091138e+03
3.847924050290464947e+03
3.316886374018909009e+03
7.920710084178590478e+03
2.118851069494063722e+03
1.116108073871931538e+03
2.284197370777180367e+03
7.496551968039125313e+03
3.654361825650780247e+03
1.033782518794722637e+04
3.635466956412456057e+03
7.312657147900540622e+02
3.477561668545085922e+03
8.027135345397514357e+03
4.363827786880512576e+03
1.576092984842442320e+03
9.305131500271656932e+02
4.873316335549180621e+03
4.233588464002683395e+03
1.223544635930894401e+03
4.776631733463256751e+03
1.080166659533806069e+03
4.374399493310601429e+03
4.969039226455600328e+03
3.607523625088750123e+03
4.382982519063933069e+03
8.309938586076859792e+03
3.587223401164499592e+03
9.386176930932302639e+03
7.374534191285026282e+03
4.311087176488211298e+03
3.458941198262240505e+03
4.917912047330262794e+03
3.627219650962430478e+03
2.172386036837467145e+03
5.128754400556585097e+03
1.365882875105526637e+03
9.391555356206563374e+02
1.523004608081154220e+04
2.675204187899961653e+03
3.659050649847498789e+03
5.552070371078107200e+03
1.892713473805350532e+03
2.723601857616468806e+03
3.132548306979295376e+03
4.065751300945983076e+03
6.944900012446165420e+03
3.387194698404784504e+03
4.090315769631481089e+03
6.236178821280423108e+02
7.462425456843413940e+02
5.971727250075662596e+03
2.858412672057659620e+03
3.743088014727809059e+04
4.243222285909116181e+03
5.960169262570300816e+03
3.008334742845456276e+03
1.948715322565978568e+03
2.760809886406686473e+03
2.985166919864070678e+03
1.074245007128285806e+03
4.448023954145937751e+03
2.663996640940945326e+02
4.057480014740835941e+03
4.331501964670788766e+03
4.891264829008663582e+03
3.247872888510938537e+03
2.758526194712462711e+03
7.065248404461324753e+03
6.959106523542368450e+02
2.876722053026983303e+02
2.708717892212098377e+03
7.070439508336903600e+03
3.168945455559548009e+03
1.015007805924048262e+04
3.075249518531205922e+03
1.024335812056315717e+03
2.851415543800107116e+03
7.142910326375505974e+03
3.538806952791250751e+03
4.693919541943871536e+02
1.431419347041006858e+03
4.255959980002869997e+03
3.553801575385783508e+03
2.606660640065764255e+03
3.826614723822508040e+03
1.695377481746461626e+03
3.612871643173278244e+03
4.022384939216649400e+03
2.820310420361480283e+03
3.480102687655564296e+03
6.503761740046948944e+03
3.200790976455740292e+03
8.914491559280926595e+03
6.323936966800220034e+03
3.487055900272427607e+03
2.682291030707345726e+03
4.285216335052947215e+03
2.694551134221073880e+03
1.019861807519035665e+03
4.270521015753442043e+03
2.147102870253638685e+03
1.564883241609297329e+03
1.011465882766179129e+04
1.047642585270243217e+04
5.422821058578319935e+03
1.475793982907050668e+04
1.008127729042513238e+04
1.041928744097955496e+04
1.588130310074492445e+04
1.122357015938216682e+04
1.574107391751499927e+04
1.001549443472459097e+04
1.419340461785809384e+04
1.405425604705972910e+04
6.562971435525572815e+03
1.780531435661648720e+04
2.784747255553876312e+04
2.018613790910333046e+04
6.795883067418362771e+03
8.662108714773836255e+03
1.597154412912710541e+04
1.612573833022184044e+04
9.282758958557204096e+03
1.513778400318032072e+04
7.804368485503769989e+03
1.513048259659372889e+04
1.788159651543937798e+04
1.891474447490100283e+04
7.320923789495433084e+03
8.563989428473876615e+03
8.863086148951389987e+03
1.169380639281072945e+04
1.666351862137546414e+04
1.420511387091934557e+04
1.754293768191111303e+04
6.983261580920004235e+03
1.043635157386814535e+04
6.476378692267324368e+03
8.934426977928244014e+03
1.537406406819701624e+04
9.241596284127341278e+03
6.264134837822001828e+03
9.144737264201416110e+03
1.454398680015088576e+04
1.531379308902109915e+04
1.087145040230103950e+04
8.374496559474269816e+03
1.904244839185637466e+04
7.653613626981542438e+03
1.622686938301939153e+04
9.234358745599673057e+03
8.709543637357195621e+03
1.048226591180029573e+04
8.191670021352651020e+03
2.549466682640289218e+04
9.897580241088178809e+03
5.514655857717889376e+03
2.454412287651320366e+04
8.102340842684564450e+03
9.558087183581417776e+03
7.148299926627285458e+03
8.765400986249667767e+03
1.563495788869450189e+04
7.745419493881488961e+03
1.608103096592958173e+04
1.637244970866703625e+04
2.152070965574306683e+03
3.104886808782755452e+03
2.582238770802766339e+03
9.966817102595741744e+02
7.564487265906961966e+02
4.946135463383807291e+03
3.700507253476509504e+03
3.144523051115521866e+03
1.480198268391596685e+03
2.251538986191306776e+03
2.160918351953713682e+03
3.540362074685663174e+03
4.682745335175624859e+03
3.788340270547985710e+04
7.932607752986450578e+03
3.068591411210710703e+03
8.285077440883783311e+02
3.755070917158915108e+03
3.932147815287429239e+03
3.099176755998478257e+02
3.006896711193485316e+03
2.342875322755801790e+03
2.772186200691317936e+03
4.821965728577774826e+03
6.309280195902460036e+03
2.913194297999888931e+03
9.611768303975654817e+02
6.684497027644681566e+02
4.920578114142293998e+03
3.489670506842378927e+03
2.090779168966696488e+03
4.670564080489092703e+03
3.275764490399551505e+03
5.951910795325602521e+02
7.437739270234471405e+03
1.317160190757552073e+03
2.742757482492340387e+03
6.640421585510466684e+02
4.086633618014674539e+03
8.591033348347964420e+02
2.345652884496931165e+03
3.220653288920596424e+03
2.441550685824121047e+03
1.179814227947506424e+03
4.632587283598904833e+03
8.690230008098483268e+02
3.953403337907192508e+03
6.734971887541219076e+02
1.050910024351488119e+03
3.727238346903491220e+02
1.372042109204983944e+03
1.116913293065692778e+04
6.187858930957800112e+02
5.041688981297937062e+03
1.098457233885574897e+04
9.742833541056206741e+02
5.696215944247160223e+02
2.036089740875447887e+03
8.889284802687375304e+02
3.789983560224234679e+03
1.537420078841841132e+03
3.733416687377006838e+03
4.015573144144146681e+03
3.539706657069626544e+03
3.408396748097624823e+03
8.432997702419249890e+02
2.251709053491605118e+03
6.957784257663179233e+03
6.781617491570223137e+03
4.654602585524242386e+03
2.781706482904452514e+03
3.099898277783819140e+03
3.111939884475552390e+03
3.655780308893177789e+03
5.769924086315362729e+03
2.583572521180164040e+04
9.160729839696568888e+03
3.144995674535696253e+03
2.241291206004354990e+03
4.739559709618886700e+03
5.295475429209924187e+03
1.764070675891885912e+03
3.989933892137343719e+03
1.478482562057005453e+03
3.572610588681156514e+03
6.280037576796086796e+03
7.619628912858346666e+03
4.629476590367141398e+03
2.510723016855408787e+03
1.994218457481116729e+03
9.016037232037513604e+03
5.044094226278746646e+03
2.767701891035962035e+03
6.313715765523280425e+03
5.388318830251919280e+03
2.685590164692728194e+03
7.245076929353919695e+03
1.639889016005895428e+03
4.072387024866511638e+03
1.837507789436674557e+03
4.290840965175496422e+03
2.680428848590853249e+03
3.190209715882920136e+03
4.034481488252741201e+03
4.737889450470403972e+03
2.784099753481296830e+03
6.244661849701651590e+03
2.844863671368956602e+03
5.049341730293300316e+03
2.812441646917468461e+03
2.608519163914861565e+03
2.793449835120745774e+03
1.642616429956738102e+03
1.347845339737961331e+04
2.317281003292619971e+03
5.700771805783764648e+03
1.296995285842526209e+04
2.523602883101128100e+03
1.954872900520464100e+03
3.365620479539742519e+03
1.199413254949295833e+03
4.329452154541248092e+03
3.097999247501048103e+03
4.399060340188438204e+03
5.359610657940659621e+03
5.529671971860103440e+03
2.716837056035526075e+03
3.722811742853547003e+03
6.258268284390674125e+03
6.201984317237487630e+03
6.019802791171131503e+03
3.461182007756453913e+03
5.290212433163385867e+03
4.625537589229134028e+03
5.986225675364605650e+02
8.582010126220677193e+03
3.266758929705771880e+04
9.144009142985947619e+03
6.158299332726508055e+02
2.472992997525898318e+03
6.228753900371863892e+03
7.775016711026602025e+03
2.579577486739994129e+03
6.114043857133463462e+03
2.588509285946571254e+03
6.070930629502545344e+03
7.640540509860618840e+03
7.282288199880513275e+03
1.386260467637696820e+03
2.395145468735134273e+03
2.251348936104151562e+03
3.470288406364656112e+03
7.065214860604763089e+03
4.575075940336837448e+03
8.136747410094500992e+03
1.705140021866631287e+03
3.630124242471560137e+03
1.513040460959405436e+03
2.700398409131425524e+03
5.645835173927029246e+03
2.499885846504792426e+03
4.879869261980086321e+02
3.038711641034035438e+03
5.390135583505495561e+03
5.409054753616439484e+03
3.102221441388755011e+03
2.388832656156938356e+03
9.950397133378712169e+03
2.071100129285682215e+03
7.465288451383040410e+03
2.800093093532845160e+03
2.943103904465903724e+03
3.697247847532774358e+03
2.229228357795647298e+03
1.456229804299707394e+04
3.536740843082670835e+03
1.182919793719878726e+03
1.318542183948733873e+04
2.271493365898762477e+03
2.745376250013458048e+03
1.521387742683585429e+03
2.540477117228740553e+03
5.926884344141205474e+03
2.389882807925454472e+03
6.460437563716672230e+03
6.788302784603029977e+03
2.507221336033022908e+03
2.645904908806917774e+03
6.050876026098243528e+03
6.188065628234204269e+03
1.624333062263085822e+03
4.514569992467785596e+03
1.658212323615935929e+03
1.463804491775194037e+03
5.551776239172766509e+03
5.859922423348060875e+03
4.331918017963531747e+04
5.959315139992126205e+03
5.695565864371033967e+03
2.514152060681003604e+03
1.207031851296653485e+03
2.032315546648106647e+03
2.807921266402086985e+03
1.189281408429666044e+03
4.549055963198556128e+03
1.730260338347689867e+03
1.465650092409151057e+03
6.281631779193776310e+03
4.642719114723862731e+03
2.958519045324169383e+03
2.333879859693373874e+03
7.811424422247311668e+03
2.387836370800385339e+03
1.227032129137720403e+03
2.442792669551453400e+03
7.254583568922897030e+03
3.023840382931597105e+03
1.009433691776924024e+04
2.976634278110014748e+03
1.408757739819456901e+03
2.707349586834374804e+03
6.817088727748891870e+03
3.651321806500103321e+03
1.540108468075310157e+03
1.099886062107945691e+03
3.901196610855757172e+03
3.192684710346930842e+03
2.258950699726069615e+03
3.461830311262516261e+03
1.593607316519507094e+03
3.815731879714794104e+03
4.021248788956860153e+03
2.954287687558024572e+03
3.748783138430917006e+03
7.594247701592441445e+03
2.714717899398131522e+03
9.009133253107016571e+03
6.795432947081156271e+03
3.348444109562014546e+03
2.976523871192698152e+03
3.756237668854316325e+03
2.770171816179186862e+03
1.971743101575588980e+03
4.441979476752659139e+03
1.204887705396674392e+03
1.468283930085327484e+03
7.447966767842040099e+02
3.553743196532821457e+03
4.016566852383707555e+03
3.271186818246107123e+03
2.139947618514204805e+03
2.386100334625005871e+03
2.302366318911957478e+03
3.067342739259631344e+03
4.990302073543214647e+03
3.217386082522154902e+04
6.450732388487334902e+03
2.916471206522115608e+03
8.397061691075037970e+02
3.625353064900554728e+03
4.446092739890026678e+03
7.200517734982427100e+02
3.230348684043453886e+03
1.173856195163499706e+03
2.872131368022977767e+03
4.504729081702854273e+03
4.083346430698270524e+03
2.642150373051441420e+03
1.253453803390109897e+03
6.769208093493907654e+02
5.523025555992859154e+03
4.280736477196598571e+03
1.875294322424121447e+03
5.159162942301573821e+03
4.496613524234877332e+03
1.463626729651377445e+03
5.873883111888233543e+03
7.553013951235379864e+02
3.106468600331035304e+03
9.728220616306600732e+02
3.946853879620784937e+03
1.620954078022220301e+03
2.405497645104995172e+03
2.880385718174384237e+03
2.974267063436558601e+03
1.400302735104222620e+03
5.782173944099637993e+03
1.452958972305362749e+03
4.209548031120226369e+03
1.461928373421452079e+03
1.635350019020131867e+03
1.595473510564665276e+03
1.040514126308841924e+03
1.215960478428972056e+04
9.615037157113372359e+02
4.849926894179850933e+03
1.058688767534983162e+04
1.334802121027393696e+03
9.746393031108109426e+02
2.166261618483092207e+03
5.847904404080638869e+02
3.412633711187489098e+03
2.056604130102544332e+03
3.399892146642569060e+03
4.619195183381216339e+03
6.841429328446323780e+03
4.328948259387128928e+03
4.105156281706609661e+03
2.569220664789408147e+03
2.453997033218637625e+03
2.534633711157356174e+03
4.138396231642693238e+03
5.802615811436568038e+03
3.940150665665507404e+04
8.383106339384827152e+03
3.750455844474044170e+03
4.455059102214022460e+02
4.128527185668848688e+03
4.905358796486840220e+03
6.312005679298217729e+02
3.117736633700445509e+03
2.358643767677638607e+03
3.019556134567497338e+03
5.821362950329596060e+03
7.936884226176292032e+03
3.108843253725266550e+03
1.053287326673698317e+03
3.443893742241182281e+02
6.260888365776592764e+03
4.706303789168347066e+03
2.225357624431141176e+03
5.816939956474926475e+03
4.917825637748551344e+03
1.032685355801006608e+03
8.098127260335149913e+03
1.124977220647645026e+03
3.557810685078096867e+03
1.271873319051815088e+03
4.471979794274389860e+03
1.308888820590973410e+03
2.526928154036545493e+03
3.758136092115548308e+03
2.550771562300542882e+03
1.213008227533953004e+03
5.371554816236663100e+03
1.001584799635439140e+03
4.484975005311782297e+03
1.171311975431486871e+03
1.879120857276022207e+03
1.103068640608798432e+03
1.941904930322642258e+03
1.372175358921752922e+04
4.282213118272886732e+02
6.203983208574874880e+03
1.293640739868735727e+04
1.189192228415994805e+03
1.210275699921764726e+03
2.087693341790216891e+03
1.181243181001557332e+03
4.253509011786214614e+03
2.256913645891594570e+03
3.857674747893936456e+03
4.733513275035723382e+03
8.232424663663790852e+03
3.982888834134001627e+03
5.192945782912115646e+03
4.861611594884897386e+03
2.713927586502371923e+03
9.634976396242294868e+03
8.066963828062449466e+03
4.436737882857061049e+04
8.228455290170302760e+03
8.846240159190827399e+03
4.243170325011789828e+03
5.801225165177380404e+03
7.731891613615544884e+03
4.234497902952329241e+03
6.189120554427167008e+03
4.704256844720785011e+03
6.215280960292726377e+03
7.338603763480169619e+03
4.255720676459503693e+02
4.964026439920637131e+03
3.600593085311927098e+03
2.391267644778288741e+03
8.626823242939053671e+03
6.036894662094991872e+03
2.867250102214872641e+03
7.547861302881396114e+03
7.549976734611240317e+03
4.686642962985033591e+03
1.223634529278745504e+04
2.867882495881759951e+03
2.534282003838724904e+03
4.167801614924830574e+03
1.028810885291276281e+04
4.272586098559896527e+03
5.438605674557228667e+03
3.780355001318837367e+03
4.387043851374447513e+03
4.517201395073736421e+03
1.134647565061407113e+04
4.939535507900855009e+03
7.884205287868589949e+03
3.625435185657933289e+03
5.206469244953197631e+03
5.860868210685288432e+03
3.859012293298929762e+03
1.541230312012795184e+04
7.224959678498755238e+03
9.860314353001496784e+03
1.305949165011963123e+04
4.508010305369638445e+03
1.943834752243724779e+03
5.013915957941357192e+03
2.978860861373388161e+03
5.347477882386840975e+03
3.689207795234302466e+03
6.250231119683707220e+03
6.189689996364055332e+03
6.794828223672224340e+03
5.219318359184868314e+03
6.263217051140594776e+03
6.165819242110202140e+03
7.710651312181980757e+03
9.765844385466753010e+03
4.358247641157220642e+04
1.306374853678570798e+04
7.061791515480690578e+03
2.900672233394222076e+03
7.229290497099340428e+03
7.835029310554355106e+03
3.720194097429695375e+03
7.325146576127636763e+03
4.113228333807422132e+03
6.986491370096626270e+03
8.882993253587794243e+03
1.098604322060361847e+04
5.103220284595072371e+03
2.874149197582102715e+03
3.601390229142241424e+03
7.804700249955633808e+03
7.864616159424007492e+03
6.034610960850508491e+03
8.639233651953716617e+03
6.572997870152503310e+03
3.985652268210256807e+03
1.192176792375847253e+04
3.205659775694259679e+03
6.529341059523235344e+03
3.665696550358096829e+03
7.834682110533415653e+03
3.846639887369002736e+03
6.439709725123975659e+03
6.408664307476716203e+03
4.474418072808771285e+03
3.410047935917246832e+03
1.064887566108888495e+04
3.443432002797884252e+03
8.085042417553544510e+03
3.723401506856286687e+03
3.182588418165998974e+03
3.884069430964888852e+03
4.495896268014364068e+03
1.708826105366342381e+04
4.041647198710245448e+03
8.580580696357439592e+03
1.613814406904515818e+04
3.501466551085887659e+03
3.614811199065200981e+03
3.959170394613985081e+03
3.170038462153285764e+03
7.721054255972607280e+03
3.710476773169689295e+03
7.255964682618291590e+03
7.877328653594968273e+03
4.088278838512439506e+03
3.461470158040156093e+03
2.872220130267236982e+03
7.077834515570995791e+03
7.268202463515923228e+03
4.590673720496217720e+04
6.827287712860223110e+03
6.631681787244438965e+03
3.755890616170074736e+03
2.878591240692300289e+03
2.921509863300472716e+03
3.341884461161173476e+03
3.323430579143748673e+03
5.013844589975793497e+03
3.988332353903688272e+03
1.188644993394997528e+03
4.708271874290416235e+03
5.421815990611202324e+03
3.895143154757565298e+03
3.410566770311557775e+03
7.483747581642028308e+03
3.845139143599464660e+03
2.958926238835435470e+03
3.077335425709718038e+03
6.411026948881832141e+03
3.673391210127574141e+03
1.116396896359893435e+04
3.767241770494909360e+03
2.221640548306925666e+03
3.308974807434703962e+03
8.648632669614034967e+03
3.162089541940415074e+03
3.534632499335616103e+03
2.375338355960120680e+03
4.563277092144560811e+03
4.318167672149431382e+03
4.556331933802258391e+03
3.992259672414908437e+03
3.277397658118420622e+03
3.629921997923217987e+03
3.777172841622125816e+03
3.603341681834914198e+03
4.240520692759293524e+03
8.306559370419630795e+03
4.197027799387738014e+03
8.987692668900021090e+03
6.820442427702951136e+03
3.866114187423876501e+03
2.846833124324079563e+03
4.778714284089633111e+03
3.187391251579560958e+03
3.817609569809526420e+03
4.178325538602216511e+03
2.956973451690541424e+03
3.152010282649986038e+03
3.603390374618523765e+03
3.841260984614988502e+03
4.252792041641912874e+03
6.015138730611191022e+03
3.416843240300862089e+04
9.630920490464639443e+03
3.248957133814592453e+03
2.392405708591822986e+03
5.563398473401786759e+03
4.735044369972555614e+03
1.132898955002934144e+03
4.796101341085803142e+03
2.621254555446518680e+03
4.622788307466380502e+03
6.555097999292389432e+03
6.960244423948910480e+03
3.557084601351449692e+03
1.914578936086701560e+03
2.309121943968589221e+03
5.835928701635096331e+03
4.778869782087994281e+03
3.841462570619567487e+03
5.786337331878284203e+03
2.682749032546890248e+03
1.710871894690264071e+03
7.518255197041634347e+03
2.126309525524819037e+03
3.946024091057794067e+03
1.091393809184119164e+03
4.208831881760464057e+03
1.139426379818702117e+03
4.294917971207799383e+03
4.632133221574318668e+03
3.263915715730818192e+03
2.176207876219758873e+03
5.968364251069600869e+03
2.010899359835320411e+03
5.340631624642577663e+03
1.140968439672358272e+03
1.056091403153148349e+03
1.296375747938986933e+03
1.028426420604693249e+03
1.259836071671184618e+04
1.949394129436946514e+03
4.818640485890290620e+03
1.248721415435472591e+04
1.650239824282769405e+03
8.982461417765930491e+02
2.562565126298867199e+03
1.721900699129731493e+03
4.930286193580190229e+03
1.333571293956769296e+03
5.731082172081645695e+03
5.591284767481658491e+03
3.070540745789194261e+02
5.541448062305912572e+03
2.903137419034200775e+03
3.940952120127774106e+04
5.344874824384852218e+03
5.408061057380031343e+03
2.482378028343046481e+03
1.976220938637280142e+03
2.288919079893588787e+03
2.390215491200854103e+03
1.164216869227126608e+03
4.396596033520655510e+03
4.623756929569753993e+02
4.551652026530648072e+03
5.043750584761661230e+03
4.745869502042556633e+03
2.548470268037471669e+03
2.315824933560909358e+03
7.974878053332395211e+03
1.273136857188985914e+03
3.083184704021120979e+02
3.156504945333584146e+03
6.817446693017997859e+03
2.198708637935438674e+03
1.076689684591935656e+04
2.618140079683607382e+03
1.319197056964039575e+03
2.283048380780566731e+03
6.057736011691313252e+03
3.432109258165805841e+03
2.991038093999043213e+02
1.399607345237424170e+03
3.847883155599290149e+03
2.833351243709316350e+03
1.905690242335107314e+03
3.423315233996741881e+03
2.001213076162198377e+03
3.449853037717043208e+03
3.745380935804692399e+03
2.418469843171484172e+03
3.097191318620331913e+03
8.222383630655047455e+03
2.411624312920530883e+03
9.245326614644327492e+03
8.065031227895869961e+03
3.482078802342305607e+03
2.460648715578838164e+03
3.902426638731944877e+03
2.398361640790386900e+03
1.409136368037901775e+03
4.343819452363778510e+03
2.108365724314815452e+03
1.875165729432319722e+03
5.295281833181301408e+03
2.928008208965278300e+03
4.091146515888087015e+04
4.538873784900233659e+03
5.165068613824460954e+03
2.358345872401081124e+03
1.820977688215160015e+03
2.461475242069037904e+03
2.489995261537387705e+03
1.108967742448054423e+03
4.213385137965292415e+03
7.736001579155790751e+02
3.617878074940343140e+03
2.751973299662155114e+03
4.092765672886931952e+03
2.511383172490403922e+03
2.192150306218633887e+03
6.192312134561058883e+03
1.416729380011863213e+03
3.746301054758916962e+02
3.091688447175768033e+03
6.309311642688619031e+03
2.233418139533909198e+03
9.253157946025223282e+03
2.545158447740876909e+03
9.443602596106388773e+02
2.218847854057665700e+03
5.880750171210157532e+03
3.301354354198090732e+03
3.576189001054096934e+02
1.261687358169809158e+03
3.527470624055792996e+03
2.796643329382702632e+03
1.724092803691652080e+03
3.404149020476907481e+03
1.955838962877840231e+03
3.411234046978949209e+03
3.638971486955754699e+03
2.472897825484150871e+03
3.031030474573623451e+03
7.994888921973406468e+03
2.477604194727902268e+03
8.302431599441697472e+03
7.259121957330003170e+03
3.134344412220052618e+03
2.397781128521268784e+03
3.682766342663711384e+03
2.137765408637168548e+03
1.706959538468006485e+03
4.026278106145899983e+03
1.943178339014989660e+03
1.721348973403042919e+03
8.568785407114954069e+03
3.328316456417890731e+04
1.054368754409712528e+04
7.501242464805377494e+02
3.144223873267578711e+03
6.660260561551245701e+03
8.492773303537725951e+03
3.148990069230281733e+03
6.299700751327954094e+03
3.775503047100891308e+03
5.945385874871138185e+03
8.499008455597193461e+03
1.048626846260753882e+04
2.054969106627919700e+03
3.535970258379854840e+03
2.849276138930602428e+03
4.655244907606691413e+03
7.240205007695547465e+03
5.019901157442556723e+03
8.687150312742745882e+03
2.470253805811940765e+03
4.568199532435261972e+03
1.230843413626923393e+03
4.040849510277765603e+03
6.455522205096648577e+03
3.257829272466815382e+03
6.326726822121252098e+02
3.997311515526184849e+03
5.380147900953723365e+03
6.334833821112515579e+03
4.313853657655136885e+03
3.284591068418849318e+03
1.070869372578631919e+04
2.632590713814865012e+03
7.597612447472543863e+03
3.847181363224464349e+03
3.918211906358965280e+03
4.259418321202537300e+03
2.911864079677418886e+03
1.491301594128247598e+04
4.270660090037423288e+03
1.601177470880064675e+03
1.455031406646910909e+04
2.819651634439613645e+03
3.759317877278615924e+03
2.075768482748670976e+03
3.403970991004855023e+03
6.557556298619518202e+03
3.228038688810344411e+03
6.775882927528854452e+03
7.089151136926740946e+03
3.462130089388297347e+04
7.195316036527816323e+03
8.334437516707122995e+03
5.666520784829235708e+03
7.360964870535679438e+03
7.584388399052602836e+03
5.003246098134639396e+03
5.814119955762306745e+03
6.552837277873671155e+03
3.007384449327537368e+03
9.187345292812500702e+03
8.768391804169648822e+03
8.442813953092694646e+03
5.709567515565346184e+03
5.441928579059513140e+03
1.119166663307265117e+04
3.899197749948041292e+03
2.958702267314737583e+03
8.287611533549343221e+03
9.520704556066219084e+03
5.170489540255006432e+03
1.439716715361792012e+04
5.472952155801786830e+03
5.055008513720842529e+03
4.995166442742010986e+03
9.628957209305965080e+03
5.915028686479819953e+03
2.619075278094830082e+03
5.962763380188775045e+03
7.559188553457815033e+03
6.114209364668795388e+03
7.629906447895949896e+03
6.592900786531417907e+03
7.074168637382806992e+03
5.965052856770267681e+03
6.182825238937823087e+03
4.990720986128158984e+03
5.571548970567222568e+03
1.094915296756210773e+04
5.702683499126303104e+03
1.208378000970929315e+04
1.148198879243956253e+04
6.037149561166603235e+03
4.901660348238302504e+03
7.326179063221516117e+03
4.855002243859107693e+03
3.413294662681078080e+03
7.060334298715619298e+03
7.210661126190108916e+03
6.499983838428347553e+03
4.131480801066475397e+04
3.302680080229221494e+04
3.905492634446778538e+04
4.271290204943677236e+04
4.443828911112242349e+04
3.610521065335015010e+04
4.165366915689462621e+04
2.743521617500565117e+04
3.794955168587355729e+04
4.816346225655754097e+04
4.916465837482478673e+04
3.958377589678602089e+04
3.982134353981941240e+04
3.799805764825906226e+04
4.359532473803804169e+04
3.866002229569040355e+04
3.845335182370991242e+04
4.401731985657228506e+04
3.711519700495392317e+04
4.064143635131655901e+04
3.575264983578266401e+04
3.325106345142700593e+04
4.138571602105617058e+04
3.582931533661069989e+04
3.507275851163706102e+04
3.668806929361081711e+04
3.902607919760972436e+04
4.188051863243617845e+04
3.676809714792090381e+04
3.966855954182169080e+04
4.882232249556339957e+04
3.878137252018263825e+04
4.276701138329175592e+04
3.764993008584430936e+04
3.689993877186145255e+04
3.829994035009469371e+04
3.043827782607875270e+04
4.607050955749549030e+04
3.950471832162078499e+04
3.171378233673703289e+04
4.747312913418204698e+04
3.570145743949149619e+04
3.557524371453937056e+04
3.753427260834851040e+04
3.063068706623648177e+04
3.862649956269339600e+04
3.558333626282300975e+04
4.302450124940869864e+04
4.261106344778803032e+04
1.042183739136850454e+04
7.340315029864513235e+03
5.045939605606443365e+03
7.430550802669669793e+03
8.050185993802118901e+03
5.569672350092869237e+03
8.517358275978720485e+03
4.794895892767068290e+03
6.842519277996725577e+03
8.349693946735857025e+03
8.329879459903844690e+03
8.032305372767253175e+03
6.004753808943552940e+03
1.198407361158909771e+04
4.927861598034062808e+03
4.037161671054208455e+03
6.340884354975219139e+03
1.137010124296692084e+04
8.548402141835626026e+03
1.260367652179991092e+04
7.246626003857665637e+03
4.895265829774403755e+03
8.112595017874378755e+03
1.219136434016893327e+04
8.426186346279824647e+03
4.661949839518112640e+03
4.910804451540055197e+03
8.835211067352141981e+03
8.496757281027252247e+03
1.040258394995230083e+04
8.790305350804284899e+03
6.267853987199675430e+03
8.280573105846482576e+03
9.483597420367175800e+03
8.935938485502927506e+03
7.867398845209212595e+03
5.541074793151339691e+03
9.418559872749900023e+03
1.237240298493214505e+04
5.102676786344458378e+03
7.955132514692312725e+03
7.052185752374603908e+03
8.407892620866477955e+03
6.894670483117157346e+03
2.788467630785795336e+03
8.424209593443945778e+03
5.188512729931972899e+03
5.157682524572452166e+03
3.102426604746984594e+03
6.686061244694174093e+03
7.447952905766888762e+03
2.661799732665343981e+03
6.132514447123105128e+03
2.782390280470580819e+03
5.981424203891439902e+03
8.061622164773682016e+03
1.024112880173418853e+04
2.374124805355897934e+03
3.237251964875859812e+03
2.778859781501847465e+03
5.163567285673281731e+03
7.120372281172074509e+03
5.207431181684149124e+03
7.968759409761562893e+03
1.753841969535273620e+03
3.882534575305075123e+03
2.268631338138442516e+03
3.429098365997670044e+03
6.168760703484196711e+03
2.649927830158304005e+03
1.173556394932938247e+03
3.285737004216296555e+03
5.430505040792035288e+03
6.137420638876682460e+03
4.157196447320289735e+03
3.233459569511652262e+03
9.094617537113630533e+03
2.398759251123460672e+03
7.098402187980014787e+03
3.252086035528607681e+03
3.034121025139449557e+03
3.627885557483899447e+03
2.177347970247160902e+03
1.458400649035344031e+04
3.705794678236032723e+03
1.509079519185349454e+03
1.436323697491848179e+04
2.448882732751284493e+03
3.173975153673748537e+03
1.927461084879470263e+03
2.872128424377286592e+03
6.258023085939215889e+03
2.438157242698906430e+03
6.754382547028470071e+03
6.910574691991704640e+03
3.736283669099940198e+03
4.913805502671193608e+03
6.895162967960529841e+02
3.197829183979147729e+03
1.709730044847035515e+03
3.018383800603958662e+03
5.213931200210557108e+03
5.160367284853515230e+03
1.860427169953849898e+03
3.693092451033292036e+02
2.310277509851041486e+02
4.157870423647990719e+03
4.530517250095308555e+03
1.997959457146790555e+03
5.725024708414668567e+03
3.851615251041266674e+03
1.041854067944891312e+03
6.064425318655691626e+03
7.749674058712844271e+02
3.299134962059775717e+03
7.744410387480115787e+02
3.591841442212871698e+03
1.346149376002702411e+03
2.489885694361031710e+03
3.123760501318961360e+03
1.643833937804706920e+03
3.987597784096753912e+02
5.713317593507538732e+03
7.372461611348151109e+02
4.472251819364670155e+03
9.637278634301417242e+02
1.146733859275007035e+03
1.175483214588679402e+03
1.511659328141600326e+03
1.267485615653459536e+04
5.137313423962727938e+02
4.537323930517955887e+03
1.120222762055675776e+04
6.620384123015196565e+02
1.090698664752926788e+03
1.096564580693569496e+03
8.569816114872296566e+02
3.671805636527577462e+03
1.315162294400935252e+03
3.662824252386639273e+03
4.513287508467358748e+03
9.807410314781332090e+02
4.059746750979378703e+03
8.257177165815767239e+02
5.853016665579369146e+03
1.762216931793370122e+03
2.768839728383496094e+03
5.990309613976624860e+03
5.323559067799315017e+03
4.092399204258784721e+03
3.599297507519529518e+03
7.777560304780588922e+03
2.327430341234672142e+03
1.514876996394860043e+03
1.142323324897059592e+03
7.881084138211484060e+03
4.090487312675135854e+03
1.094058601595714208e+04
4.199258045478380154e+03
1.049200164103048337e+03
3.892771088316738314e+03
7.823973388446270292e+03
4.910324022510532814e+03
1.935499316526046641e+03
3.300218845984227301e+02
4.720478262920027191e+03
4.394195935744313829e+03
1.402225778035266103e+03
4.716435599514788919e+03
4.621295155260550018e+02
5.072014641571651737e+03
5.138621362310619588e+03
4.107683206223018715e+03
4.760966807691547729e+03
7.233803867906113737e+03
4.343229082312576793e+03
9.933983981342733387e+03
6.332537962548656651e+03
4.557184371705701778e+03
4.047632461096079169e+03
4.790913362111480637e+03
3.830275147082964395e+03
1.811928913035367032e+03
5.361886020277317584e+03
2.352156611716432053e+02
5.912994613002497317e+02
4.192253505093046442e+03
1.928746205301534246e+03
6.541054725637959564e+03
2.622862784790379919e+03
3.519953258502001518e+03
8.396321596130826947e+03
6.622827491201554949e+03
4.619134933835510310e+03
4.839301014236816627e+03
1.022974283781338454e+04
2.876104906951395606e+03
2.472580130660166105e+03
1.408752459001469106e+03
8.078308376746465001e+03
4.004683496488038600e+03
1.412437663008131494e+04
4.894031109229366848e+03
1.463592460980807346e+03
3.951785104017546473e+03
8.205593363557498378e+03
5.046630975197014777e+03
2.706028134781129665e+03
6.106326522225745066e+02
5.635673783341634589e+03
5.000277666624680933e+03
1.402204128307650080e+03
5.340095650007750010e+03
9.737644558489319024e+02
5.228894351733300937e+03
5.033345425181184510e+03
4.167472983558895976e+03
4.797854385570923114e+03
9.231631952366908081e+03
4.701520078784778889e+03
1.185913586565348487e+04
8.814537349678143073e+03
5.399816418257693840e+03
4.014259290525623328e+03
5.725556869573564654e+03
4.349296031923267037e+03
2.281600243810745269e+03
5.796318467116215288e+03
1.278087114090833438e+03
1.465345108869181786e+03
3.369147762125458939e+03
1.780252714103508424e+03
3.080333681036567214e+03
5.161308411225965756e+03
5.482459818783305309e+03
2.338394776682230258e+03
6.290681514074203733e+02
5.328923377138444266e+02
4.793391284096562231e+03
4.082399182535752061e+03
2.285653770100653219e+03
5.199686570707398459e+03
3.257863919507998617e+03
4.770173088739743434e+02
6.642070592766140180e+03
9.499354840071248418e+02
3.082799332075769144e+03
4.047032802709554744e+02
3.526131521859460918e+03
8.847516770927891230e+02
2.668515188164539268e+03
3.298613364279663983e+03
2.116912521518238918e+03
7.503101889228635173e+02
5.053287945916145873e+03
6.919243095975230062e+02
4.314617662725489936e+03
4.886044119659613898e+02
9.114897738345316611e+02
6.183444087181601390e+02
8.939729280666174418e+02
1.206454820716190079e+04
3.916972991788984473e+02
4.528956541864683459e+03
1.134099491392361233e+04
8.020137035384550472e+02
4.105325488126240998e+02
1.552648603113758099e+03
8.636751972712554561e+02
3.891131516924659536e+03
1.205984456064948063e+03
3.967634544036141051e+03
4.529646610035867525e+03
5.370357571855734932e+03
8.836205459570396670e+02
3.771238121748033791e+03
6.560283519433104630e+03
5.691589337574070669e+03
3.711737992137919264e+03
3.049469400621541809e+03
8.978025938820159354e+03
1.482855178378656092e+03
8.291770273141760299e+02
2.066572717738737538e+03
7.580291018113501195e+03
3.288561743526066493e+03
1.049900657767210396e+04
3.659070413466911305e+03
8.042759673741381903e+02
3.342923613724504776e+03
7.065663726228858650e+03
4.193792295028161789e+03
9.752741912820938524e+02
9.464294948889041734e+02
4.728898164309407548e+03
4.046381871305786717e+03
1.287807668628447118e+03
4.292707426653018956e+03
8.266857232629649843e+02
4.367692114904595655e+03
4.590236617804969683e+03
3.214013356482264044e+03
4.138530986568831395e+03
7.736817736913582849e+03
3.386318479433418815e+03
9.331644581390268286e+03
7.533021029194387665e+03
4.087445938273817774e+03
3.418624252277096275e+03
4.799455640839241823e+03
3.251400193334024152e+03
1.739865524991028451e+03
4.989065380750904296e+03
8.645726066616962271e+02
6.532504990363222532e+02
4.786130626404999930e+03
6.795261127214129374e+03
6.210716575644641125e+03
3.523712362351723641e+03
1.681654534880279243e+03
1.808721663898196084e+03
6.644106173619510628e+03
5.940361402301949056e+03
3.800436084125528396e+03
7.211919837994039881e+03
4.051295065713948588e+03
2.748718468191842931e+03
5.795384997114318139e+03
7.936690386193388349e+02
4.667074672510691926e+03
1.685259802256453668e+03
4.068825194441118128e+03
2.031777403252387103e+03
4.488143634974650013e+03
4.912882400180411423e+03
3.880311749629187943e+03
2.141204731001731034e+03
7.727253162234219417e+03
2.165608382805204656e+03
6.250590085654526774e+03
2.040126581965244213e+03
1.597104519352984880e+03
2.695888861062195247e+03
1.197758977245384358e+03
1.369352433803872555e+04
2.076558104564309815e+03
3.956569925773985233e+03
1.272910591596164704e+04
1.668990452154787135e+03
1.713466723147665562e+03
2.444246653226076887e+03
8.318166050894860746e+02
4.827051621549913762e+03
1.887480151596183987e+03
5.819020810472482481e+03
6.322737330030828161e+03
4.535286276980887123e+03
6.470086097335781233e+03
5.421771649481685017e+03
3.316361094342441902e+03
2.844410550041078750e+03
8.507506037110408215e+03
8.248521191633453782e+02
2.591886921390121188e+02
2.887137297483134716e+03
7.731013890728992919e+03
3.164288688467098382e+03
1.138546837629535912e+04
3.249365199375996781e+03
1.252848852366068968e+03
2.998536533545285693e+03
6.909603039240223552e+03
4.023843039099264388e+03
2.797863646273453924e+02
1.448154235974466246e+03
4.574103750383290389e+03
3.604047709505260173e+03
2.238109363085053701e+03
3.952088387453025916e+03
1.616154307643488210e+03
4.112208485757883864e+03
4.381469308150928555e+03
2.966576955055437338e+03
3.776054151733673280e+03
7.071499990384513694e+03
3.148282625809398269e+03
9.828019177346575816e+03
7.173086297866586392e+03
3.889689927651147173e+03
3.163425606819288532e+03
4.480834257421249276e+03
2.957082698225992772e+03
8.566564896859340479e+02
4.888462379540157599e+03
1.878225553892996686e+03
1.490239158273173871e+03
8.006098274240490355e+03
6.603621832246502890e+03
5.689197533711507276e+03
4.813704888104365637e+03
8.713307148859028530e+03
4.077142613211024582e+03
3.640393251816909924e+03
2.580936612609581971e+03
8.557264314008698420e+03
5.785150427660682908e+03
1.209872316918267825e+04
5.419484272982801485e+03
2.611447932004274662e+03
5.034838194122161440e+03
1.075121104670386921e+04
5.616642384307629982e+03
4.311580214047834488e+03
2.384108100174852098e+03
6.140121445385497282e+03
6.016774896189030187e+03
5.388617216697930417e+03
6.173030561920244509e+03
3.170412368667308328e+03
5.557194230989581229e+03
6.059983219205356363e+03
5.304114770279801633e+03
5.979066644100219492e+03
6.532265129201130549e+03
6.288195859416436178e+03
1.055010981015809193e+04
4.944329553075652257e+03
5.391728086802324469e+03
4.711835950380034774e+03
6.177640426450041559e+03
4.866152357738797036e+03
3.753337895710260455e+03
5.917309552143042310e+03
2.631026415340170388e+03
2.901284766759151353e+03
5.572433795188597287e+03
4.699847389897528956e+03
2.857642207542693541e+03
9.801843849778277217e+03
6.760905453027437943e+03
2.740954409382111407e+03
8.377588710522351903e+03
1.000428163542465882e+04
5.976939838785887332e+03
1.355246120097152743e+04
3.866772740259576494e+03
2.838546238569682828e+03
5.330567296436869583e+03
1.112867703464402803e+04
6.053902145512074640e+03
5.665644569592845983e+03
3.803441137432611868e+03
5.219639183014918672e+03
5.442834490429193465e+03
1.225985280473428065e+04
6.287049317164935019e+03
8.458929976123772576e+03
5.269520820930269110e+03
7.413994512111683434e+03
7.606856587768201280e+03
5.097247142193947184e+03
1.664138913609313386e+04
8.668821598536433157e+03
1.253298715463745066e+04
1.373189131182532401e+04
6.147878755658854061e+03
3.063526865527437621e+03
6.124570590221264865e+03
3.993471531911104648e+03
5.585090000065528329e+03
5.642189002336753219e+03
6.330176731585512243e+03
6.762470104285961497e+03
1.839145805675186466e+03
1.847249327303486780e+03
1.989533559561501306e+03
6.668998131461779849e+03
3.860989743871558858e+03
7.389139606186599849e+03
2.810656295094372126e+03
3.005767403052960617e+03
4.223321292848904704e+03
2.808489773918981882e+03
4.776962355429262971e+03
2.225567327532894069e+03
1.931595475912027041e+03
3.252620292433606664e+03
4.913951109872274174e+03
4.315392814895341871e+03
1.368574968634650759e+03
1.520451234158082571e+03
8.711166202816591976e+03
1.723443108848943666e+03
6.610223562822315216e+03
2.571173896920958214e+03
2.825215976633490300e+03
3.397226952322131183e+03
2.398598634917167601e+03
1.479258378559307312e+04
3.054719714412340181e+03
3.636234064350637709e+03
1.271453657069389737e+04
1.796704439397333317e+03
2.673778737001339778e+03
4.920310379984287010e+02
2.825233291790503245e+03
5.114182123835775201e+03
1.814479339452113436e+03
5.460536067724510758e+03
6.263220974548822596e+03
5.098150666515152807e+02
4.204040424804673421e+03
4.671385065065872368e+03
2.295726295697692422e+03
5.891185778136908084e+03
3.679721642138834795e+03
8.200480433956026900e+02
6.515892262631668927e+03
6.327420872354121002e+02
3.321030661454499750e+03
4.839413436209238171e+02
3.418867898596039140e+03
1.293431070513541272e+03
2.885737770349526727e+03
3.215265343145872066e+03
1.535546224594494561e+03
1.736399783444519471e+02
5.379995216134448128e+03
8.259853148975739714e+02
4.638648767861033775e+03
7.603615496918141616e+02
1.011503037099069388e+03
1.200352981097651082e+03
1.264720010476320113e+03
1.299944318206739445e+04
5.564679622643488983e+02
4.686565017170392821e+03
1.152600330950611897e+04
7.893067086018438658e+02
8.359528343050378680e+02
1.034809493277259662e+03
1.040419532126597005e+03
3.917017993639525230e+03
1.115589842840549636e+03
4.108158881932127770e+03
4.790806813487744876e+03
4.026460102334133353e+03
4.324312835648965120e+03
1.721868009149408863e+03
5.431187040661694482e+03
3.927487258846180339e+03
9.365232784815632385e+02
5.438294738850554495e+03
7.127265823819543584e+02
2.905119516953433958e+03
7.855335288660207880e+02
3.404885725548253504e+03
1.281461261721845176e+03
2.391008826999594021e+03
2.880796256115703727e+03
1.637823480156960386e+03
5.224820298698784882e+02
5.597569101947256058e+03
6.402383493723662014e+02
4.377158604810147153e+03
8.736398453350886939e+02
1.543388064016141470e+03
1.091316060002305449e+03
1.376994089716326698e+03
1.233175873483574469e+04
4.145158436196079492e+02
4.431025707104090543e+03
1.074052426600221406e+04
7.982706504712039077e+02
8.867339550369208609e+02
1.168136242687981394e+03
9.143639792387841680e+02
3.477670696339186179e+03
1.549824148223479369e+03
3.501014685731655845e+03
4.443857063025457137e+03
9.057745571749492228e+03
6.256221791328982363e+03
9.562617140001118969e+03
4.402251278591810660e+03
5.682649721236612095e+03
6.917550999587488150e+03
5.679606695047756148e+03
6.877542830977476115e+03
4.621460562060239681e+03
5.156425507456939158e+03
5.148935221742114663e+03
7.699540712732416068e+03
6.702105999101015186e+03
2.111048600487009935e+03
3.697610240338324729e+03
1.348903149326568382e+04
3.694015599657156599e+03
9.753552123317713267e+03
4.118669789807069719e+03
4.975490051467388184e+03
5.555702279114862904e+03
5.155288846096202178e+03
1.727327655467947625e+04
6.515761939303987674e+03
5.847408494081470053e+03
1.532207600028739580e+04
4.046223214578413717e+03
4.523281690027351942e+03
2.907319604875074674e+03
5.322794991915941864e+03
8.008921387585958655e+03
3.727862806090120102e+03
8.323500267991174042e+03
8.432058119143806834e+03
1.135363882194472581e+03
2.431422772990405065e+03
7.616877050387644886e+03
4.308545401560646496e+03
1.188844311576550899e+04
4.650627774323761514e+03
1.082996489105136789e+03
3.951311025975401662e+03
8.871210043022803802e+03
4.302843802684485127e+03
1.139771170136282308e+03
2.022448788724981796e+03
5.682684339171297324e+03
5.086460625565861847e+03
2.652905032526479772e+03
5.086532858425850463e+03
1.835121162555731871e+03
4.496798726723156506e+03
4.832068580196231778e+03
3.264658301037267847e+03
4.585202735152037349e+03
4.687169128677856861e+03
4.618975907604362874e+03
9.821442720985156484e+03
5.345597334838954339e+03
4.600983849955821825e+03
3.700681555949515314e+03
5.738195439460588204e+03
4.028847760611080048e+03
1.612370584046650720e+03
5.251571589825742194e+03
2.578211505095528082e+03
1.347254276702482002e+03
2.813842267129764878e+03
6.728201187685463083e+03
2.388447868919153279e+03
9.158462887496623807e+03
2.229885524962109685e+03
9.148467222376368682e+02
2.122311297283529711e+03
5.946235576912957185e+03
3.181374054490316212e+03
2.292551822033810822e+02
1.013908872344703013e+03
3.278267149342820176e+03
2.484708595759142099e+03
2.258846548688169605e+03
3.010722829401066519e+03
1.665085129177128238e+03
3.138470015308225811e+03
3.540683373414286052e+03
2.427581986681093440e+03
2.932761374648723177e+03
7.255903830934668804e+03
2.290230563612323749e+03
8.374560615332977250e+03
6.661526504305076742e+03
2.923213217750711010e+03
2.228750950230758008e+03
3.351633379296811654e+03
1.994736997540966968e+03
1.037065786670616262e+03
3.817551384700529979e+03
1.621393154912892896e+03
1.479055143631498368e+03
8.266356616480479715e+03
5.265060942534320930e+03
1.312646985670316826e+04
5.774718651468801909e+03
1.469256933664744793e+03
5.033538178400616744e+03
1.013276787765650261e+04
5.583548449146221174e+03
3.301733653611569935e+03
1.164110830011788721e+03
6.675133012651975150e+03
6.316709575551822127e+03
2.632160682622600689e+03
6.374336491547162950e+03
8.184586730293131041e+02
5.704438091778405578e+03
6.032243845779400544e+03
4.554516804336711175e+03
5.633733994755003550e+03
6.386187803874823658e+03
6.165550807857647669e+03
1.105220754263243907e+04
5.808983206387747487e+03
5.934553744688481856e+03
4.692982072566788702e+03
6.649153426214163119e+03
5.062294183910858919e+03
2.697457570492028026e+03
6.251594277851691004e+03
1.109030620286378507e+03
1.253532226475627795e+03
4.052855727792157722e+03
3.885230129325473172e+03
4.416724045036393363e+03
6.681122756088395363e+03
3.367649343895474885e+03
2.314778587226254785e+03
2.717677567646260741e+03
7.011064056149969474e+03
7.271368251153914571e+03
4.375903995282387768e+03
3.924507000593197063e+03
1.022566065253743000e+04
2.868398352496229563e+03
8.371713652707145229e+03
3.110573437679310246e+03
2.681615610653893782e+03
3.523232479599289036e+03
2.909928129685975364e+03
1.410671182615129510e+04
4.544622989201219752e+03
1.717079222442288483e+03
1.423420958940717173e+04
2.681168682942270152e+03
3.106154982841951551e+03
2.570788830455671359e+03
3.504197366935122318e+03
7.600095251538163211e+03
2.178899409144280980e+03
8.271060526270199261e+03
7.732017727739561451e+03
8.624891473913094160e+03
1.290253930071477271e+03
3.109830350226477549e+03
8.368712644197498776e+02
4.289746695487845500e+03
1.423781415771114098e+03
2.713635207695883764e+03
3.337492208177235625e+03
2.430523165514372977e+03
1.034353431419945991e+03
4.537125285762815111e+03
1.222843780004468726e+03
4.195974011395766865e+03
1.022550774486519913e+03
1.397201375526575248e+03
8.601359334761841637e+02
1.590399770687118689e+03
1.276716362805029894e+04
7.060609228081739275e+02
6.194237175858628689e+03
1.198209903881879291e+04
1.594951964573403302e+03
6.216866520009175474e+02
2.234885720050066993e+03
1.134496949435599163e+03
4.271951311730583257e+03
2.017446521105532156e+03
3.994320154974385332e+03
4.569542828603418457e+03
6.636840480650518657e+03
1.051363839649999136e+04
6.632272126471922093e+03
1.719695222755436589e+03
6.592103096737928354e+03
1.022926206626226485e+04
1.057408589493775253e+04
7.682023725358396405e+03
6.475190166229627721e+03
1.712207449851859565e+04
5.334732191834245896e+03
1.269098036398362819e+04
6.480131072348329326e+03
6.860641728205488107e+03
8.646408154934757476e+03
5.061717498223555594e+03
1.948464796925886549e+04
8.291542655688264858e+03
1.163850436895079156e+03
1.762140343323667912e+04
5.085861573450603828e+03
6.780713722947621136e+03
4.335686713536248135e+03
6.108666819544354439e+03
1.052963086231934540e+04
5.493570732568359745e+03
1.112692482987483163e+04
1.139363110590166616e+04
3.215636400982438317e+03
8.927788612873664533e+02
4.246858027137885983e+03
1.341810324236256292e+03
2.925441302858465406e+03
3.277056122262531062e+03
2.589887112234016968e+03
1.068126973170007204e+03
5.519187896190511310e+03
1.460147991627442934e+03
4.580673451971965733e+03
1.200813998067913644e+03
1.317674208670901407e+03
1.614959597298796325e+03
1.156162799473569976e+03
1.285768836265119899e+04
7.586531149119782640e+02
4.918184162192631447e+03
1.131733394529268662e+04
1.119790533803629614e+03
8.484663914053180633e+02
1.844520979481862923e+03
6.122073636793561491e+02
3.692686574249054956e+03
1.538730391478945876e+03
4.115202163692184513e+03
4.900980460336014403e+03
2.891117568535446480e+03
7.331765480758061130e+03
3.396325446007474966e+03
1.368309561660673126e+03
7.277541203404116459e+02
4.021994384650566644e+03
3.771024568967626692e+03
1.153354330024113096e+03
3.914250641067569177e+03
8.301247484249861373e+02
3.466653242568163023e+03
3.954154910743498931e+03
2.816984770901225602e+03
3.461634878589930395e+03
6.485373313779701675e+03
3.469303599482276240e+03
8.972748732511765411e+03
5.972636638595937256e+03
3.438178982722388355e+03
2.590658979963049205e+03
4.313716959993352248e+03
2.820433241040305347e+03
1.692924887226465216e+03
4.015102537246431439e+03
1.171917351247326451e+03
6.181638300106656061e+02
3.460089558777044658e+03
1.027140257304350598e+03
2.557315508819562183e+03
2.975115030264576944e+03
1.905116482871546850e+03
6.320209014106342238e+02
4.684281052923091011e+03
1.036146484044362751e+03
4.135159156019139118e+03
6.220382897831118498e+02
7.695278752244180396e+02
9.684665637279222210e+02
7.330980601635060339e+02
1.193775916901021446e+04
6.963328416246538382e+02
4.593893495649915167e+03
1.106608963474910342e+04
7.863527949857075328e+02
5.144112320884310066e+02
1.239214477575081446e+03
9.376369666152254467e+02
3.531081958930438759e+03
8.122799903419604561e+02
3.947169026542786469e+03
4.211877611782302665e+03
4.444158545103682627e+03
6.399692698511030358e+03
7.142543280227504511e+03
4.745226782992101107e+03
3.204368711229622932e+03
1.043894158334678832e+04
2.782948552372848553e+03
8.189841277813991837e+03
4.053034981757174137e+03
4.060409382399525839e+03
4.726084624278308183e+03
2.923047263700375879e+03
1.820847411800675764e+04
4.319396139747641428e+03
1.931950734562963817e+03
1.730910093053560195e+04
3.348599437966921869e+03
4.057747752074864820e+03
2.154829815343101473e+03
3.851088003551994461e+03
7.865085006496050482e+03
3.500895733306537750e+03
7.619837209856506888e+03
8.575309044964151326e+03
3.547478029477373639e+03
4.136992127689361951e+03
2.712501988005941257e+03
1.685831697961351665e+03
5.976559133188270607e+03
9.652747720822185329e+02
5.059802351111747157e+03
5.604605462878321305e+02
7.242169664110160738e+02
8.639265310514606426e+02
1.378861514373221326e+03
1.190513980638253997e+04
1.055684384116031197e+03
4.120102223905908431e+03
1.156769335331378716e+04
8.990973613203982495e+02
7.033603828815039378e+02
1.947842855796126059e+03
1.167999228374160793e+03
4.614825673186896893e+03
1.032298990213217166e+03
5.096433216616173013e+03
4.949156153697530499e+03
1.514679870939966577e+03
4.079559463463293469e+03
3.118515752160452394e+03
2.366457985749028012e+03
3.540434495308581063e+03
2.058527437181725418e+03
3.725717196557238822e+03
3.911420318387103180e+03
2.664368128005373364e+03
3.372494843532962477e+03
7.607362120808928921e+03
2.657282106317464695e+03
8.902133472396097204e+03
7.493186965509715264e+03
3.446095511378503488e+03
2.805948240889368208e+03
4.009495336446580950e+03
2.457293667673666278e+03
1.239370379836316033e+03
4.501557228428016060e+03
2.033379067983361438e+03
1.719480073287750656e+03
3.791737545554686221e+03
3.461816646404031417e+03
1.117286485548788278e+03
4.034629446386030850e+03
5.290790549182477207e+02
4.059203175521222420e+03
4.376072548735623968e+03
3.582575062124534270e+03
3.777508618456239674e+03
7.387935120670717879e+03
3.657368620751623894e+03
9.487069145276007475e+03
6.200232517669828667e+03
3.868038150296832100e+03
3.139250138184251227e+03
4.020917169316054242e+03
3.128008117172742459e+03
1.534372719475676831e+03
4.479132357272969784e+03
4.043957746743399184e+02
7.555074382843993135e+02
1.340076690852766660e+03
6.972064936320039124e+03
1.703750350989301751e+03
5.667282325969125850e+03
2.090595944299861003e+03
2.577545781431289470e+03
2.684648535840551176e+03
2.830995914808724592e+03
1.444117194494993964e+04
2.263175634144517517e+03
5.986204047610360249e+03
1.259668358514599640e+04
1.856858251603871622e+03
2.370525222299342659e+03
1.217680751712206984e+03
3.067346474704166212e+03
4.825829339700892888e+03
2.056232468092185627e+03
4.828429508181234269e+03
5.491022042558975954e+03
6.059414019014544465e+03
8.621734326604059788e+02
5.033886920208155061e+03
9.064565372408933399e+02
1.250445022444881943e+03
1.505831226321542999e+03
1.499032727972024986e+03
1.349229319932790168e+04
7.843527949039180385e+02
4.913120527534652865e+03
1.196251557029513424e+04
9.733893861583167109e+02
1.103956468864453200e+03
8.959506797964588714e+02
1.397419128591408935e+03
4.193598582150726543e+03
1.287197841621833504e+03
4.320273374569869702e+03
5.197043714164081393e+03
6.797181103398384948e+03
1.151685538581187757e+03
6.119990023487963299e+03
6.373688915282587914e+03
4.461315295192459416e+03
6.095848316029876514e+03
1.257399335054818221e+04
4.987952567447016918e+03
1.449079487980618251e+04
1.327716697307874347e+04
6.534460066437033674e+03
4.952596170283941319e+03
7.404394306268122818e+03
5.266235705979845079e+03
3.155691730422161982e+03
7.021652459628508950e+03
1.687514140761363251e+03
1.190028425483116735e+03
5.365089560388450991e+03
8.798243800367686163e+02
1.209104271195877573e+03
1.189511167933460911e+03
1.455961207521878123e+03
1.316986074853073296e+04
9.960631940816790575e+02
3.819249882838367284e+03
1.228685366230627187e+04
7.606527075705639618e+02
1.132703836020601557e+03
7.616107621300345727e+02
1.357288670440651231e+03
4.568690901119099181e+03
1.058369162947452878e+03
4.770129279768540073e+03
5.336286454536209021e+03
5.189777583624019826e+03
5.314267065749156245e+03
4.059249330237452796e+03
4.945451820623788080e+03
7.275460609152638426e+03
4.578997314095428010e+03
1.085225105719457315e+04
7.088755864614011443e+03
5.069106615828386566e+03
4.184373943057627912e+03
5.734032287205872308e+03
4.324968434478378185e+03
1.837331882980257888e+03
5.759423020106543845e+03
5.161660438689900730e+02
6.392568267279211796e+02
8.626462751870139982e+02
7.397689872589503466e+02
1.263817578020051769e+03
1.242507858838029279e+04
7.648368786081045982e+02
4.282282213863696597e+03
1.167919477843585628e+04
8.201199391951204234e+02
4.731838793306751541e+02
1.699527331632457390e+03
1.293497341574379789e+03
4.630640316947944484e+03
8.687685061139977734e+02
5.099033986785215347e+03
5.217613847646442082e+03
1.157326820689189844e+03
1.167119717478908115e+03
1.265176008935502614e+04
1.321420691543617068e+03
4.105428904038178189e+03
1.233679650856702392e+04
8.333996988102994692e+02
8.658475012126195907e+02
1.713998087227888391e+03
9.801661778473226150e+02
4.839204209869831175e+03
6.358016026115674322e+02
5.365863368437669124e+03
5.369005553515076826e+03
1.603516630133163744e+03
1.133124397907396087e+04
8.502730859084263102e+02
5.657877008285947340e+03
1.163283571721627050e+04
1.223707476321658305e+03
7.720899996098760312e+02
2.371858467052408741e+03
1.264508478319941332e+03
4.024477681643578762e+03
1.628646622132741413e+03
4.078243114910635086e+03
3.975336946485017961e+03
1.266468599032701604e+04
1.515634125703647214e+03
3.703582590943458854e+03
1.167857497737483754e+04
9.647822893666520940e+02
9.003657234429815617e+02
1.541616227042078208e+03
9.066117520038178554e+02
4.020952961087890799e+03
9.837922464575381127e+02
4.726645403525703841e+03
5.125428751839260258e+03
1.444247055727756560e+04
1.663633278433718078e+04
9.841185328264423333e+02
1.219693920557384990e+04
1.157274688124619388e+04
1.374381436191158355e+04
1.204358082816981005e+04
5.700262365540563223e+03
1.304312825910839092e+04
7.520770484856762778e+03
6.102944531694987745e+03
6.029745842819179416e+03
1.384683776928287625e+04
9.308866846759224245e+02
7.933708701447535532e+02
1.732293712761807001e+03
1.101982441500611685e+03
4.274465287378354333e+03
1.705448165189571000e+03
4.283740377869276927e+03
4.750296921625168579e+03
1.610178441908319655e+04
3.533099324025086389e+03
4.552484801160031566e+03
3.437742764465855089e+03
4.192856585903939049e+03
9.418163943453251704e+03
3.524760529936992498e+03
1.022588525495547583e+04
9.861401482999397558e+03
1.132108453660148552e+04
1.060786637194727155e+04
1.215059768191906551e+04
1.085526523456438372e+04
5.445212914752879442e+03
1.219207840731504984e+04
6.496421571174492783e+03
5.850924812636134448e+03
1.002202841273135618e+03
8.466766591780408362e+02
1.126131792050237664e+03
4.208191885391719552e+03
4.704104166261731734e+02
4.662571207062655958e+03
4.785545250460047100e+03
1.949165443611673709e+03
7.306976763658276468e+02
3.693082617498693253e+03
1.144223384794358026e+03
4.063672339351712253e+03
4.373394041150014345e+03
2.046798681383175108e+03
4.571823423152451142e+03
9.586148338067378063e+02
4.875864768193790951e+03
5.590108054502547020e+03
3.461263132108193531e+03
1.555474684790905030e+03
3.804902265752550647e+03
4.289027614811472631e+03
4.932509188546817313e+03
2.036769802083164222e+03
1.812626011674652545e+03
5.603419410502182473e+03
5.503804006017860956e+03
8.376515964024388268e+02
