9.000000000000000000e+01 1.340000000000000000e+02 6.241191047562332983e+01 2.000000000000000000e+00
1.300000000000000000e+01 8.000000000000000000e+01 9.975116997073806147e+01 2.000000000000000000e+00
4.200000000000000000e+01 1.090000000000000000e+02 1.014613729032993774e+02 2.000000000000000000e+00
6.300000000000000000e+01 6.400000000000000000e+01 1.084141123859727571e+02 2.000000000000000000e+00
1.400000000000000000e+02 1.480000000000000000e+02 1.192510538233057815e+02 2.000000000000000000e+00
8.700000000000000000e+01 1.240000000000000000e+02 1.242805679175506981e+02 2.000000000000000000e+00
5.500000000000000000e+01 6.800000000000000000e+01 1.256159918797061295e+02 2.000000000000000000e+00
3.000000000000000000e+01 3.200000000000000000e+01 1.278323969530857624e+02 2.000000000000000000e+00
9.000000000000000000e+00 1.600000000000000000e+02 1.281714357944181018e+02 3.000000000000000000e+00
1.190000000000000000e+02 1.430000000000000000e+02 1.285533157654240313e+02 2.000000000000000000e+00
6.100000000000000000e+01 1.520000000000000000e+02 1.360148272387992563e+02 2.000000000000000000e+00
7.000000000000000000e+00 1.440000000000000000e+02 1.385095931352240655e+02 2.000000000000000000e+00
9.800000000000000000e+01 1.210000000000000000e+02 1.407797428661332901e+02 2.000000000000000000e+00
1.160000000000000000e+02 1.420000000000000000e+02 1.422641728890806121e+02 2.000000000000000000e+00
2.900000000000000000e+01 1.660000000000000000e+02 1.500248874160710670e+02 3.000000000000000000e+00
1.120000000000000000e+02 1.720000000000000000e+02 1.525873696016910230e+02 3.000000000000000000e+00
1.700000000000000000e+01 3.900000000000000000e+01 1.548578151488726462e+02 2.000000000000000000e+00
1.450000000000000000e+02 1.630000000000000000e+02 1.596706534206004449e+02 3.000000000000000000e+00
1.610000000000000000e+02 1.710000000000000000e+02 1.647322068867122198e+02 4.000000000000000000e+00
9.600000000000000000e+01 1.390000000000000000e+02 1.671349527914535145e+02 2.000000000000000000e+00
1.360000000000000000e+02 1.640000000000000000e+02 1.838034571637317640e+02 3.000000000000000000e+00
4.700000000000000000e+01 5.000000000000000000e+01 1.930292688847515592e+02 2.000000000000000000e+00
7.600000000000000000e+01 1.280000000000000000e+02 1.975910232986765607e+02 2.000000000000000000e+00
7.500000000000000000e+01 1.100000000000000000e+02 2.000090483697213415e+02 2.000000000000000000e+00
1.000000000000000000e+00 9.200000000000000000e+01 2.098689105529581695e+02 2.000000000000000000e+00
2.400000000000000000e+01 1.770000000000000000e+02 2.109108562612383366e+02 5.000000000000000000e+00
9.700000000000000000e+01 1.590000000000000000e+02 2.138368848382791043e+02 3.000000000000000000e+00
1.290000000000000000e+02 1.690000000000000000e+02 2.138699407650414628e+02 3.000000000000000000e+00
4.900000000000000000e+01 1.750000000000000000e+02 2.240577454202514787e+02 3.000000000000000000e+00
1.310000000000000000e+02 1.730000000000000000e+02 2.282298811671051055e+02 4.000000000000000000e+00
5.200000000000000000e+01 6.700000000000000000e+01 2.288655771965243275e+02 2.000000000000000000e+00
1.030000000000000000e+02 1.270000000000000000e+02 2.314166713961130313e+02 2.000000000000000000e+00
2.100000000000000000e+01 1.760000000000000000e+02 2.336209048757000346e+02 4.000000000000000000e+00
2.500000000000000000e+01 1.810000000000000000e+02 2.348134532007544522e+02 3.000000000000000000e+00
1.100000000000000000e+01 4.100000000000000000e+01 2.349340072725301525e+02 2.000000000000000000e+00
3.100000000000000000e+01 1.370000000000000000e+02 2.357321402790332456e+02 2.000000000000000000e+00
7.100000000000000000e+01 1.060000000000000000e+02 2.379321061019095680e+02 2.000000000000000000e+00
7.000000000000000000e+01 1.800000000000000000e+02 2.395567268104007042e+02 3.000000000000000000e+00
8.200000000000000000e+01 1.040000000000000000e+02 2.442328029168014041e+02 2.000000000000000000e+00
1.650000000000000000e+02 1.790000000000000000e+02 2.481316763600407853e+02 5.000000000000000000e+00
9.100000000000000000e+01 1.700000000000000000e+02 2.482065192978792254e+02 3.000000000000000000e+00
1.670000000000000000e+02 1.680000000000000000e+02 2.545930863710923688e+02 5.000000000000000000e+00
1.410000000000000000e+02 1.850000000000000000e+02 2.559797368122131047e+02 4.000000000000000000e+00
2.700000000000000000e+01 2.800000000000000000e+01 2.723426484250483668e+02 2.000000000000000000e+00
1.080000000000000000e+02 1.230000000000000000e+02 2.790030390582837185e+02 2.000000000000000000e+00
1.780000000000000000e+02 2.000000000000000000e+02 2.793983296590615168e+02 7.000000000000000000e+00
1.000000000000000000e+02 1.110000000000000000e+02 2.876017490704323905e+02 2.000000000000000000e+00
5.800000000000000000e+01 1.820000000000000000e+02 2.894833279330416076e+02 3.000000000000000000e+00
3.600000000000000000e+01 4.400000000000000000e+01 2.919901634151370899e+02 2.000000000000000000e+00
4.600000000000000000e+01 1.910000000000000000e+02 2.945627120269878674e+02 5.000000000000000000e+00
1.500000000000000000e+01 1.990000000000000000e+02 2.960656966922232414e+02 4.000000000000000000e+00
7.300000000000000000e+01 1.900000000000000000e+02 2.988340943345526739e+02 3.000000000000000000e+00
5.100000000000000000e+01 1.860000000000000000e+02 3.009666661628494921e+02 4.000000000000000000e+00
1.400000000000000000e+01 1.050000000000000000e+02 3.029639050040718189e+02 2.000000000000000000e+00
1.550000000000000000e+02 1.920000000000000000e+02 3.111754360450626677e+02 4.000000000000000000e+00
1.800000000000000000e+01 2.080000000000000000e+02 3.164655256518502711e+02 6.000000000000000000e+00
2.200000000000000000e+01 1.150000000000000000e+02 3.204276085863165804e+02 2.000000000000000000e+00
1.830000000000000000e+02 1.870000000000000000e+02 3.211310112873030675e+02 5.000000000000000000e+00
7.900000000000000000e+01 9.400000000000000000e+01 3.273129108575361101e+02 2.000000000000000000e+00
1.220000000000000000e+02 1.470000000000000000e+02 3.355593990240973881e+02 2.000000000000000000e+00
1.880000000000000000e+02 1.890000000000000000e+02 3.441221201174505495e+02 6.000000000000000000e+00
1.010000000000000000e+02 2.040000000000000000e+02 3.454954991236264732e+02 8.000000000000000000e+00
1.740000000000000000e+02 2.060000000000000000e+02 3.507881952601003945e+02 6.000000000000000000e+00
8.500000000000000000e+01 8.800000000000000000e+01 3.543076188312163026e+02 2.000000000000000000e+00
6.000000000000000000e+01 1.510000000000000000e+02 3.553113532741782592e+02 2.000000000000000000e+00
5.600000000000000000e+01 8.900000000000000000e+01 3.553327283981021196e+02 2.000000000000000000e+00
8.100000000000000000e+01 8.600000000000000000e+01 3.554605806390017051e+02 2.000000000000000000e+00
6.500000000000000000e+01 1.940000000000000000e+02 3.624228540031422199e+02 3.000000000000000000e+00
2.070000000000000000e+02 2.130000000000000000e+02 3.808526913858419789e+02 6.000000000000000000e+00
1.560000000000000000e+02 2.050000000000000000e+02 3.852094630185075630e+02 3.000000000000000000e+00
1.180000000000000000e+02 2.270000000000000000e+02 3.855957186220503559e+02 7.000000000000000000e+00
3.500000000000000000e+01 7.200000000000000000e+01 4.052963210284297020e+02 2.000000000000000000e+00
4.800000000000000000e+01 7.400000000000000000e+01 4.068628523802187829e+02 2.000000000000000000e+00
1.380000000000000000e+02 2.200000000000000000e+02 4.109699970862981786e+02 9.000000000000000000e+00
1.980000000000000000e+02 2.110000000000000000e+02 4.162382714855706922e+02 9.000000000000000000e+00
1.960000000000000000e+02 2.190000000000000000e+02 4.177806171065736294e+02 9.000000000000000000e+00
2.090000000000000000e+02 2.280000000000000000e+02 4.195800379205836634e+02 7.000000000000000000e+00
0.000000000000000000e+00 2.240000000000000000e+02 4.196307759392338426e+02 3.000000000000000000e+00
1.300000000000000000e+02 2.300000000000000000e+02 4.205178001739629963e+02 3.000000000000000000e+00
2.600000000000000000e+01 1.540000000000000000e+02 4.300777877288662125e+02 2.000000000000000000e+00
5.000000000000000000e+00 1.900000000000000000e+01 4.323527216618411444e+02 2.000000000000000000e+00
6.600000000000000000e+01 2.250000000000000000e+02 4.342492416978926144e+02 3.000000000000000000e+00
1.330000000000000000e+02 2.120000000000000000e+02 4.395150400661856906e+02 3.000000000000000000e+00
2.000000000000000000e+01 1.140000000000000000e+02 4.414878824311880408e+02 2.000000000000000000e+00
2.100000000000000000e+02 2.160000000000000000e+02 4.463954105945925903e+02 8.000000000000000000e+00
4.500000000000000000e+01 2.290000000000000000e+02 4.503378426905626384e+02 8.000000000000000000e+00
3.000000000000000000e+00 1.250000000000000000e+02 4.570064396071917372e+02 2.000000000000000000e+00
2.300000000000000000e+01 2.170000000000000000e+02 4.646932645645701996e+02 3.000000000000000000e+00
1.000000000000000000e+01 5.900000000000000000e+01 4.747301531441189582e+02 2.000000000000000000e+00
4.300000000000000000e+01 1.970000000000000000e+02 4.816768110098419129e+02 3.000000000000000000e+00
8.000000000000000000e+00 2.450000000000000000e+02 4.922471489947562873e+02 3.000000000000000000e+00
3.400000000000000000e+01 2.360000000000000000e+02 4.928697438946335865e+02 4.000000000000000000e+00
6.900000000000000000e+01 7.700000000000000000e+01 4.948109947281300265e+02 2.000000000000000000e+00
1.620000000000000000e+02 2.010000000000000000e+02 4.954066699018209761e+02 6.000000000000000000e+00
2.140000000000000000e+02 2.350000000000000000e+02 4.974441548820880712e+02 1.300000000000000000e+01
1.170000000000000000e+02 1.500000000000000000e+02 5.020593731804434015e+02 2.000000000000000000e+00
1.840000000000000000e+02 2.210000000000000000e+02 5.120859830231447631e+02 1.100000000000000000e+01
1.930000000000000000e+02 2.330000000000000000e+02 5.229682014909419649e+02 1.100000000000000000e+01
1.950000000000000000e+02 2.400000000000000000e+02 5.334811154011340477e+02 5.000000000000000000e+00
4.000000000000000000e+01 2.150000000000000000e+02 5.386963823347740572e+02 3.000000000000000000e+00
1.530000000000000000e+02 2.550000000000000000e+02 5.438491725312039762e+02 1.200000000000000000e+01
5.300000000000000000e+01 2.260000000000000000e+02 5.488486825569819985e+02 4.000000000000000000e+00
2.410000000000000000e+02 2.470000000000000000e+02 5.534651011744693960e+02 5.000000000000000000e+00
9.500000000000000000e+01 2.540000000000000000e+02 5.659019199561905680e+02 3.000000000000000000e+00
3.700000000000000000e+01 3.800000000000000000e+01 5.660758744582724376e+02 2.000000000000000000e+00
2.180000000000000000e+02 2.480000000000000000e+02 5.706185154844330327e+02 5.000000000000000000e+00
5.400000000000000000e+01 7.800000000000000000e+01 5.781833411046740139e+02 2.000000000000000000e+00
1.600000000000000000e+01 1.070000000000000000e+02 5.863561944548889642e+02 2.000000000000000000e+00
6.000000000000000000e+00 2.630000000000000000e+02 6.129381222527393902e+02 3.000000000000000000e+00
4.000000000000000000e+00 2.600000000000000000e+02 6.130154406172545123e+02 5.000000000000000000e+00
2.230000000000000000e+02 2.340000000000000000e+02 6.237117741670925852e+02 1.100000000000000000e+01
2.580000000000000000e+02 2.620000000000000000e+02 6.241294173337036000e+02 6.000000000000000000e+00
2.370000000000000000e+02 2.510000000000000000e+02 6.295150188682974886e+02 5.000000000000000000e+00
1.580000000000000000e+02 2.020000000000000000e+02 6.361106856496838873e+02 3.000000000000000000e+00
2.390000000000000000e+02 2.430000000000000000e+02 6.434299867140197193e+02 1.000000000000000000e+01
2.490000000000000000e+02 2.650000000000000000e+02 6.455900987520088847e+02 5.000000000000000000e+00
2.030000000000000000e+02 2.310000000000000000e+02 6.474948539265973295e+02 4.000000000000000000e+00
2.420000000000000000e+02 2.670000000000000000e+02 6.811168026693974298e+02 5.000000000000000000e+00
2.220000000000000000e+02 2.590000000000000000e+02 6.820494732919452190e+02 1.400000000000000000e+01
2.500000000000000000e+02 2.570000000000000000e+02 7.128612953673042512e+02 9.000000000000000000e+00
2.380000000000000000e+02 2.440000000000000000e+02 7.317429195775332573e+02 1.000000000000000000e+01
1.320000000000000000e+02 2.740000000000000000e+02 7.641936855866268843e+02 6.000000000000000000e+00
2.530000000000000000e+02 2.690000000000000000e+02 7.946578294027302718e+02 2.400000000000000000e+01
2.320000000000000000e+02 2.520000000000000000e+02 8.188450820226054248e+02 1.500000000000000000e+01
2.730000000000000000e+02 2.750000000000000000e+02 8.290669853087426873e+02 1.400000000000000000e+01
2.460000000000000000e+02 2.720000000000000000e+02 8.739302098391164009e+02 6.000000000000000000e+00
2.680000000000000000e+02 2.780000000000000000e+02 8.930649202629474530e+02 1.400000000000000000e+01
9.900000000000000000e+01 1.350000000000000000e+02 9.178851255803718914e+02 2.000000000000000000e+00
2.560000000000000000e+02 2.640000000000000000e+02 9.195266655136604186e+02 1.600000000000000000e+01
1.460000000000000000e+02 2.700000000000000000e+02 9.378504031400135545e+02 7.000000000000000000e+00
9.300000000000000000e+01 2.850000000000000000e+02 9.511077010744533027e+02 1.500000000000000000e+01
2.710000000000000000e+02 2.880000000000000000e+02 1.009062723360647396e+03 1.200000000000000000e+01
2.760000000000000000e+02 2.860000000000000000e+02 1.024610304368834250e+03 7.000000000000000000e+00
2.610000000000000000e+02 2.810000000000000000e+02 1.055356526225490597e+03 2.900000000000000000e+01
2.660000000000000000e+02 2.800000000000000000e+02 1.086706492666589611e+03 8.000000000000000000e+00
2.790000000000000000e+02 2.830000000000000000e+02 1.109465011104814266e+03 2.400000000000000000e+01
2.770000000000000000e+02 2.820000000000000000e+02 1.201515750557628280e+03 2.900000000000000000e+01
1.260000000000000000e+02 2.930000000000000000e+02 1.259458809432571115e+03 9.000000000000000000e+00
1.020000000000000000e+02 2.910000000000000000e+02 1.264332763211777547e+03 8.000000000000000000e+00
3.300000000000000000e+01 2.900000000000000000e+02 1.265642372185641307e+03 1.300000000000000000e+01
2.000000000000000000e+00 2.870000000000000000e+02 1.266364919487021552e+03 1.700000000000000000e+01
6.200000000000000000e+01 8.300000000000000000e+01 1.368293282593379899e+03 2.000000000000000000e+00
5.700000000000000000e+01 2.920000000000000000e+02 1.398987110070268045e+03 3.000000000000000000e+01
2.890000000000000000e+02 2.960000000000000000e+02 1.407713588778523899e+03 2.400000000000000000e+01
2.970000000000000000e+02 3.020000000000000000e+02 1.556587055328552424e+03 3.200000000000000000e+01
2.840000000000000000e+02 2.990000000000000000e+02 1.556624081982393363e+03 2.300000000000000000e+01
2.940000000000000000e+02 3.010000000000000000e+02 1.817297874312718250e+03 5.400000000000000000e+01
2.980000000000000000e+02 3.030000000000000000e+02 1.929086261249118252e+03 4.500000000000000000e+01
3.040000000000000000e+02 3.050000000000000000e+02 2.110655993358369415e+03 7.700000000000000000e+01
1.130000000000000000e+02 3.070000000000000000e+02 2.260587723405935321e+03 7.800000000000000000e+01
1.200000000000000000e+01 3.060000000000000000e+02 2.527195634078646890e+03 4.600000000000000000e+01
8.400000000000000000e+01 3.080000000000000000e+02 3.265285039302960740e+03 7.900000000000000000e+01
1.200000000000000000e+02 1.570000000000000000e+02 3.525170512755940763e+03 2.000000000000000000e+00
2.950000000000000000e+02 3.100000000000000000e+02 3.582003343728946675e+03 1.080000000000000000e+02
1.490000000000000000e+02 3.120000000000000000e+02 4.680361622321808682e+03 1.090000000000000000e+02
3.090000000000000000e+02 3.130000000000000000e+02 5.335000937338387303e+03 1.550000000000000000e+02
3.000000000000000000e+02 3.140000000000000000e+02 8.390997389539114010e+03 1.570000000000000000e+02
3.110000000000000000e+02 3.150000000000000000e+02 1.197704807403701852e+04 1.590000000000000000e+02
