6.851214064274536213e+02
1.297204963334032072e+04
3.644834614858010809e+03
4.856802095261250543e+02
1.425681171175417148e+03
1.003552754674915377e+03
1.900863466413311471e+04
1.466369947922141182e+04
1.531201509634579270e+04
1.925856405007749709e+04
1.430699069126512586e+04
1.594504017540722634e+04
1.877587814216746665e+03
3.317810420851594245e+03
3.456550173766638181e+03
1.788767768897341284e+03
8.027341155373064794e+02
1.172157911753956796e+04
1.199901069009151070e+04
1.673738615861183280e+04
1.621926469579992727e+03
8.755926322892196367e+02
1.134927796614374347e+04
8.057255567896036155e+02
1.046875575536713313e+03
1.192458517885216679e+04
1.728844932581531793e+03
1.689383605892685227e+04
1.157226559161565092e+03
1.542754205952996472e+03
2.198949290591083809e+03
1.239742407532309880e+04
2.230829143585221391e+04
1.156615416012574769e+03
1.006392583925139206e+03
1.016428599207743355e+04
8.947866358462582866e+03
1.009720944073700412e+04
1.436584544967501097e+04
1.339331634676148678e+04
1.614911634230535128e+04
1.820450956823410252e+03
2.658956346743933682e+04
1.551827146328842446e+03
1.068133399689218095e+03
6.115877963455661302e+03
2.174899567666058283e+04
1.757055371671770990e+04
1.408547431913220862e+04
8.809494332211326764e+03
1.620048120992802751e+03
1.060077394696276497e+04
7.033658001172157128e+02
1.505345479599540704e+04
5.457118464828081414e+02
1.101652879142253005e+04
1.155446301983981357e+04
1.457286923616408785e+04
1.098697486606884922e+04
1.288639149385476230e+04
1.594372122765948916e+04
1.402756087975960872e+04
1.526546291161484987e+03
1.224101814228162402e+04
1.741600548200290859e+03
1.265109795305275838e+04
2.611655569828009902e+03
2.390087186179030596e+03
1.729572882506837686e+03
1.117951159066721084e+04
2.649746409335262342e+03
4.083872550057362787e+02
6.646922551318857586e+02
5.654758116202524434e+02
1.327478721607802072e+04
1.317254691322814870e+04
1.104384165487489554e+04
1.749873750099665995e+04
1.310608713403038564e+04
8.765749392023613836e+03
1.843936738081238445e+03
1.928461546251169921e+03
2.896883544782734134e+03
1.300610026733064160e+03
5.728412736259688245e+02
9.078561687444755080e+03
8.090535698506184417e+03
1.267725637514750269e+04
1.119652334173477584e+03
8.229577449144821912e+02
9.082947924038860947e+03
1.016692718208655606e+03
9.291702029598338868e+02
7.170861726396647100e+03
1.167897570031344003e+03
1.324728400184732527e+04
3.168385644142804267e+02
9.527731688550729814e+02
1.631270461939511051e+03
9.597873449096674449e+03
1.695765311401377403e+04
8.047463788204208868e+02
4.956123033829512678e+02
7.542993839916212892e+03
7.153385988341382472e+03
7.453230082850615872e+03
1.226500973750457160e+04
1.100923243360289416e+04
1.397410186943438748e+04
1.020316911381147065e+03
2.144269396014396989e+04
7.619074024135948093e+02
6.011033400846401946e+02
5.324808633314497456e+03
1.542893447629712682e+04
1.549648048978830047e+04
1.173392194197924255e+04
5.888109369365301973e+03
7.331671940838980390e+02
9.021413450844105682e+03
9.316982777709827133e+02
1.205267151194381222e+04
3.409669641142813816e+02
9.143701134800632644e+03
9.009822027083569992e+03
1.233619072303349276e+04
8.839630128741715453e+03
1.122845608886430091e+04
1.362232490983444404e+04
1.154349648169921966e+04
1.550825270138584756e+03
1.034558952791486263e+04
1.023359967182975424e+03
7.769163936836028370e+03
2.521625668761694669e+03
2.170065132294086197e+03
1.329527371960995879e+03
1.245683239356494960e+04
1.193800511589051530e+04
1.244302814421504809e+04
1.125462483586482995e+04
7.339426748453177424e+03
3.480614209370672143e+03
2.172741740935694179e+04
4.555469607435318721e+03
8.747493175365498246e+03
6.591057923979589759e+03
1.410240204023622391e+04
1.251842035480114100e+04
6.225706457098969622e+03
1.544518661689735018e+04
1.295954032660841403e+04
1.423722895345848883e+03
2.318090969076680267e+04
2.339818791086320562e+04
1.313536902063259004e+04
1.258219915579915687e+04
2.395946184230930157e+03
1.397618345048572701e+04
1.262909209779685625e+04
1.809844466668425230e+04
1.288250183956008550e+04
7.092699136867659035e+03
1.121044952942802411e+04
1.373989894960687161e+04
1.345075185772111945e+04
1.444910127180031850e+03
2.725212466043506356e+04
1.331396349607407683e+04
1.144177125347367837e+04
1.574930255130292608e+03
9.725734173020868184e+03
1.430876195301016651e+03
3.230278093434436414e+03
1.142302528308558522e+03
3.303723240957915095e+03
1.330633287337430738e+04
1.421135107276931740e+04
1.156509247390579185e+04
1.118334141923820607e+04
1.358139387251510561e+04
8.626035784900195722e+03
1.141474049446525896e+04
2.498396769503432097e+03
1.620598771883732752e+03
1.215514356452651009e+04
4.063968353012723128e+03
1.297153264034424137e+04
3.252958945850804412e+03
1.188838307099867416e+04
2.378896361190158586e+03
1.330566275459040298e+03
1.493896079660680243e+03
1.556982442421954602e+03
1.953189523349223691e+03
3.333078442871949392e+03
1.322324224638527539e+03
1.445380939490544188e+04
2.563262604420144271e+03
1.219391318779344147e+04
1.849872955065239876e+04
1.670554421648637799e+04
1.041542051863678716e+04
1.419442962073646413e+04
2.958585907256567680e+03
3.309983940927812455e+03
2.498957302137900115e+03
1.550724506886417657e+04
1.276292664181827786e+04
1.893588798780749858e+04
1.656555662599354400e+04
1.100400495799421878e+04
1.237564374209562993e+04
3.771239290758791412e+03
3.208789170604947685e+03
5.295241718701687205e+03
3.233821070819967645e+03
3.477364056678289671e+03
1.192287302839102267e+04
1.161981726763090410e+04
2.081581202871781716e+04
3.557826831380243675e+03
2.900940187846023946e+03
1.003453177427671108e+04
4.324752428250664707e+03
3.791524899387843107e+03
1.492637777543868833e+04
4.146030060093930842e+03
1.455878588384847535e+04
2.816916965159026859e+03
3.549763431815520562e+03
3.039289740700700804e+03
1.265126228099342552e+04
2.474692972257911970e+04
3.468256857001900244e+03
3.160586408286681944e+03
1.032404707195437368e+04
8.002444887922974885e+03
1.080808440850564875e+04
1.455414450452900201e+04
1.372082178871186989e+04
1.515418970337516657e+04
2.535341703364755631e+03
2.566805007362675678e+04
3.076237686873401344e+03
2.495567530143470321e+03
7.861070837481573108e+03
1.952262150747953638e+04
1.345965136900792277e+04
1.454462462709507781e+04
9.312359464798722911e+03
3.018361468750284985e+03
1.034882021002420879e+04
4.236861901161262722e+03
1.502919126193528064e+04
3.060756519547303469e+03
1.068312404592821258e+04
1.186100217321138007e+04
1.505100540442846614e+04
1.124174316999474649e+04
1.287298392866832728e+04
1.576348609038658833e+04
1.358713408598593560e+04
5.506009372877677379e+03
1.097683020067974940e+04
3.611722549978118877e+03
1.555614118107745890e+04
4.595200191874529082e+03
3.908315657851992455e+03
4.138228248705873739e+03
1.006012390823804253e+03
6.037125463756397039e+02
1.482077853251324086e+04
1.413046483561157766e+04
1.263980213851041844e+04
1.830687761576625780e+04
1.395713753799373444e+04
1.148166195625005639e+04
1.293777986894791411e+03
2.206084910858920011e+03
3.043119934894541530e+03
1.087706985530443035e+03
5.168389941992486456e+02
1.076555558971245409e+04
8.658079278680150310e+03
1.445470413670536436e+04
1.057134704314296869e+03
5.318561507706449447e+02
1.032891464391309273e+04
5.040909221928532133e+02
6.401974673875879489e+02
9.305208447341106876e+03
1.005985697146080838e+03
1.485346893105773961e+04
6.096088647668452722e+02
8.756240576682766914e+02
1.307200005731714555e+03
1.113523421099391635e+04
1.922147827630752727e+04
7.930423783474088850e+02
7.402353793905817838e+02
9.108996347620708548e+03
7.784673561295478976e+03
9.169275071886004298e+03
1.302484157041193066e+04
1.253313004349851690e+04
1.511293669904980925e+04
1.254331740688874106e+03
2.367939980173451113e+04
1.016342845064524681e+03
5.946328652821130163e+02
5.124772988952989181e+03
1.731960831250424599e+04
1.540995463960708730e+04
1.289815956913098853e+04
7.867954710988130500e+03
1.069998331927449271e+03
9.797061422818216670e+03
3.822748266541188968e+02
1.358549643287316394e+04
2.366973645934081105e+02
1.030590895202839602e+04
1.060351397083670963e+04
1.366572238044689038e+04
1.020944329668614228e+04
1.222881291012290603e+04
1.451146548356525454e+04
1.280877892407467152e+04
1.004001311276022534e+03
1.153331645011012370e+04
8.422832973539284467e+02
9.768888432570565783e+03
2.164349140606779656e+03
1.682278536839479784e+03
1.021921816478479286e+03
1.334876739594259789e+03
1.353701728763927349e+04
1.401906669207320556e+04
1.473646102336494914e+04
1.849511748128592444e+04
1.483755154131778727e+04
1.029642104536082479e+04
2.084863461245403414e+03
2.558099724928340947e+03
3.767952106324655688e+03
1.602940456863065265e+03
1.073273227656946347e+03
1.137479657865666377e+04
8.254428958130351020e+03
1.691172783315829292e+04
1.072735303336345623e+03
1.565206336363466562e+03
9.678239456388007966e+03
1.467231867424657594e+03
1.128134599247401638e+03
1.059149887747389221e+04
8.510123070008457944e+02
1.587826488208167575e+04
3.162982039127155076e+02
1.044685049936819269e+03
2.290539768324804754e+03
1.142714547499445689e+04
2.194674936212367174e+04
1.134933825635582252e+03
4.436996558614755486e+02
9.893292647548605601e+03
8.433057950616879680e+03
9.986695213523909842e+03
1.356084522653847125e+04
1.239011503663935218e+04
1.574527467048720791e+04
1.380346387387600316e+03
2.625379803738775445e+04
4.062570906644177740e+02
1.078884833604461846e+03
5.855857208612118484e+03
1.494429238095748769e+04
1.579148334288799560e+04
1.402223874250557856e+04
8.436882121582795662e+03
3.860812349913785511e+02
1.064627190402034830e+04
1.668783120183932397e+03
1.369236193523308430e+04
8.254261172126357451e+02
1.037378901081683216e+04
1.105386123646980195e+04
1.401998105672655583e+04
1.067462776269249662e+04
1.251012180661259481e+04
1.504365010645813891e+04
1.253000591836281819e+04
2.299220038039130031e+03
1.146643038051985241e+04
9.328094757423486953e+02
1.091722800587876736e+04
2.248772699392042796e+03
2.415902513956254552e+03
1.008667592171230808e+03
1.478374896790747516e+04
1.378259853274192938e+04
1.115148871925569256e+04
1.700753074652947544e+04
1.334519043384474389e+04
1.059099756116502067e+04
1.216800637755133721e+03
1.799767044859941734e+03
3.347745999134802332e+03
1.245653236536758868e+03
8.427228811422662602e+02
9.531365118786474341e+03
8.611390500339890423e+03
1.273266196588258208e+04
1.474747813866225215e+03
3.261767468862572059e+02
9.579638448245017571e+03
1.350315122413166137e+03
1.138042281374144750e+03
7.432491913156924966e+03
1.413754548449646109e+03
1.383121574059416889e+04
7.538611589163476765e+02
1.208398110485461302e+03
1.251180212258518168e+03
1.059697883535619439e+04
1.624598472628478521e+04
1.060564986237255653e+03
9.782125501491277646e+02
7.891082101350361881e+03
7.113489816938337754e+03
8.147580034572089971e+03
1.287170200551399830e+04
1.179291337406687308e+04
1.330728427365932112e+04
1.035972605779831838e+03
2.058902039921583491e+04
1.004382469151982150e+03
2.601731583247569688e+02
4.743698323734018231e+03
1.738924159510566460e+04
1.541864387376403101e+04
1.184473293485604518e+04
6.478002220466464678e+03
9.818951932402208058e+02
8.911373341013248137e+03
1.070018669278821562e+03
1.266496637055667452e+04
5.593184633384880726e+02
9.880128805215306784e+03
9.680101382326920429e+03
1.296251359207251517e+04
9.429938426627224544e+03
1.206625040728881140e+04
1.464868728378628657e+04
1.214135781915414555e+04
1.515285264661114979e+03
1.108818041662788346e+04
1.226746379443085516e+03
8.198023937185524119e+03
2.866550796313024875e+03
1.877429991370328025e+03
1.506277730288862131e+03
8.890439679040036935e+03
2.490226298375962506e+04
1.148942316085651328e+04
1.684840860600001542e+04
1.377861487254019266e+03
1.701303106715966351e+04
1.516492587342022853e+04
1.206514191393096189e+04
1.670549805367396038e+04
1.511724764952941041e+04
7.300146411093961433e+03
1.931977363011464695e+04
2.782628259673051070e+04
1.401679726855091940e+04
1.574848919720001504e+04
5.452730281785163243e+03
1.703158542790235515e+04
1.512415241926822455e+04
2.202077147381660325e+04
1.417709218008221069e+04
9.116447212235107145e+03
1.272945014029727827e+04
1.514707386035594755e+04
1.584744567774644383e+04
5.248102463894550965e+03
3.638412917009546072e+04
1.487801757828514565e+04
1.426900129784831734e+04
8.096193568665396015e+03
9.184706742229620431e+03
8.394611091985912935e+03
5.661861880860867132e+03
6.576527763616147240e+03
1.034673303902119005e+04
1.497825573346255442e+04
2.450498366985392931e+04
1.324767112078470200e+04
1.473517371643249498e+04
1.750914355400748173e+04
3.020786173130029056e+03
1.683733915990074456e+04
7.024794877349222588e+03
6.402816778436676032e+03
1.303870509853177646e+04
7.378339762292931482e+03
1.742608033372093632e+04
5.866696068978638323e+03
1.490212237642106629e+04
6.507976423462334424e+03
7.029234174345898282e+03
8.367195565886137047e+03
7.017379325498368416e+03
8.037193494867166009e+03
6.377392204263516760e+03
6.236080585517473082e+03
1.737836501100365422e+04
6.233973479115855298e+03
1.344287587977698058e+04
2.233809603629304183e+04
1.960236092392057617e+04
1.594971560692795356e+04
1.492115143430345597e+04
2.601425377871979435e+04
4.268642824680423473e+03
9.125471691305092463e+03
8.752161067714314413e+03
1.587627973710409242e+04
1.411518061967891117e+04
7.272730414797953927e+03
1.518299945581822431e+04
1.497920478629550780e+04
2.301297521132414658e+03
2.787321065885291682e+04
2.703156674670809662e+04
1.420184410103680239e+04
1.451740003366389283e+04
1.601432980436154594e+03
1.605601094163490416e+04
1.447636809373556389e+04
2.370186253573362046e+04
1.563127546173295923e+04
7.903266063648985437e+03
1.348977175011188592e+04
1.604191286140136253e+04
1.433162596840403603e+04
2.762712044866661017e+03
3.085608534151604545e+04
1.441662737390593793e+04
1.374931846729402969e+04
2.044910081479451492e+03
8.810674520847687745e+03
2.171911749780278569e+03
3.637347216859270247e+03
2.455857251006458227e+03
3.199236822463174121e+03
1.466041350094403424e+04
1.694565764280355506e+04
1.387803985881716108e+04
1.392243978914941545e+04
1.453466817508375243e+04
1.294287960997940536e+04
1.040851321909804210e+04
2.720834470830154260e+03
2.081033592970409700e+03
1.435418644935785051e+04
3.549816175933004160e+03
1.552457140186373545e+04
3.479197855601628362e+03
1.462941894873525962e+04
1.099607178808591925e+03
1.912761024498914594e+03
1.877476785148080580e+03
1.670252912528624620e+03
1.478779188648480613e+03
3.705637001302457520e+03
2.629680215150820914e+03
1.723447685088579601e+04
9.540376093249992664e+02
1.527349493902900213e+04
2.420949639883887721e+04
1.726708992582848441e+04
1.240836552288310668e+04
1.579987115294422256e+04
2.919526876761703170e+04
2.693851005801515203e+04
1.895272793956206078e+04
1.413342983718441610e+04
1.090753751403337446e+04
1.468347293349853135e+04
1.726124529281801370e+04
1.373113766650460457e+04
1.701221280470272177e+04
1.377852047523876172e+04
3.966175481643208514e+02
1.269234857218360412e+04
1.290500162593473942e+04
1.850948344872840244e+04
1.503459687564281739e+04
1.261864647733230595e+04
5.100692986490178100e+02
1.356659595409328904e+04
2.007227863712195540e+04
1.239686037074647902e+04
1.561135860169988518e+04
1.359278309374318269e+04
2.015208391844943981e+04
1.142012389078849083e+03
1.409092495051392871e+04
1.230134436101655047e+04
1.514952094541210681e+04
1.860256580716980534e+04
1.540939587520429450e+04
2.216859546174512070e+04
2.226610510903390241e+04
2.247097744024096392e+04
1.508978681825210515e+04
1.170676898844718380e+04
1.318335576038984254e+04
1.140324772367657533e+04
1.759417440302699833e+04
2.470869931355433073e+04
3.442535782792298414e+04
2.035052324690776004e+04
1.169246194281893077e+04
1.424885080459570054e+04
1.856105245993016433e+04
1.395456736187071510e+04
2.146770656247928491e+04
1.299992563838500973e+04
2.033918537920619201e+04
1.811331695105895415e+04
2.212731490524834953e+04
1.955692428266946081e+04
2.271971040177143004e+04
2.467405400738585013e+04
2.298864312641743527e+04
1.531794407646589752e+04
2.329855846050748005e+04
1.169060514806336869e+04
6.597866590928774713e+02
1.803324395345127414e+04
1.444159032868463146e+04
1.534423759836821228e+04
1.126422211096574392e+04
1.139829755778125036e+04
1.897114136943132689e+04
1.691880255439850589e+04
9.851371893350020400e+03
1.926746304987940675e+04
2.003478127626098649e+04
4.088889074990495828e+03
3.207801448605321639e+04
3.061488665021083580e+04
1.908579618762370956e+04
1.778720822674416559e+04
4.155802693260088745e+03
1.999559443949343768e+04
1.918185000588322873e+04
2.676703619608256849e+04
2.011336851906312222e+04
7.837351074993513066e+03
1.748547973977371294e+04
1.975288432819275113e+04
1.701820705358097257e+04
4.633698468445331855e+03
3.346116761184322240e+04
1.761239033249171189e+04
1.780840549385235499e+04
3.704382782879024035e+03
1.052486384220199943e+04
4.231707078586451644e+03
5.313374639829400621e+03
4.044739688446437867e+03
3.583085191875436067e+03
1.802474345513336084e+04
1.806211179440859269e+04
1.735674809106189059e+04
1.665636003108997829e+04
1.580593093344681984e+04
1.432454578718736957e+04
1.215776740734061968e+04
3.608081042668131431e+03
4.199139406433526347e+03
1.814876487411867129e+04
5.406535692384233698e+03
1.964584603888315905e+04
5.288002510673325560e+03
1.885699609275432886e+04
4.487891113648513965e+03
3.763469452367947724e+03
3.582032871885910026e+03
4.029525730875928730e+03
3.795097306490204573e+03
4.817113157420706557e+03
4.060670733734952591e+03
2.098118035839764707e+04
4.318625709921303496e+03
1.881531845670566327e+04
2.690584870915441570e+04
2.200049807107126253e+04
1.338893006950978815e+04
2.039959626694020335e+04
1.594130705150067661e+04
1.540217438948605559e+04
1.516643189814184007e+04
1.100447277849177044e+04
1.566598348654841175e+04
1.453982169180695928e+04
7.970221224207476553e+03
2.233478103697123879e+04
2.816900823943231808e+04
1.364066962225759562e+04
1.473296252733780238e+04
8.735845864789876941e+03
1.540157981271615972e+04
1.417982034384000872e+04
2.315132726689016999e+04
1.476526030517583058e+04
1.156901099537654045e+04
1.426257375358119316e+04
1.458807197485443976e+04
1.479543984950568483e+04
8.583138309493613633e+03
3.195812328803171476e+04
1.543269675085180643e+04
1.465181983839275745e+04
7.443429914883742640e+03
1.058406084182486302e+04
7.130525939065542843e+03
1.061009222055235296e+04
8.331863628625878846e+03
1.000510743717896912e+04
1.528477427071027705e+04
1.998371351547863014e+04
1.450341217128514108e+04
1.347490802205717955e+04
1.610868067029899794e+04
2.008064612462660079e+04
1.260196772344395140e+04
8.797413393219985664e+03
7.666997203948512833e+03
1.452147867737800334e+04
9.838930049936538126e+03
1.492912957069109871e+04
9.211500342855953932e+03
1.421527583765806412e+04
8.360254859275863055e+03
7.784047774729631783e+03
8.547042323218098318e+03
7.449601190190111993e+03
8.193158362149300956e+03
1.064094297636133706e+04
8.335269128782738335e+03
1.654958988532463627e+04
8.205681984979033587e+03
1.463515761028770794e+04
2.406335127127950545e+04
1.546868755049000174e+04
1.363693615062765457e+04
1.469491612707592139e+04
1.431049918685280863e+04
1.204491332372031684e+04
9.972467309837678840e+03
1.389147007549041518e+04
1.189903441533967452e+04
6.148046219475610997e+03
1.306611580866637451e+04
2.319819379548951474e+04
1.138545688559488917e+04
1.259160458752387785e+04
5.250175230261646902e+03
1.523357844993904473e+04
1.245516432151966001e+04
1.351765823452398035e+04
1.108957155188913748e+04
8.624417102371862711e+03
8.659165059234208456e+03
1.200994552020442461e+04
1.305145906496985299e+04
4.279524195629237511e+03
3.219838505527096277e+04
1.294469784463399083e+04
1.087345692269394203e+04
7.049805382259666658e+03
8.535276194303422017e+03
7.671363542656729805e+03
5.714257016989233307e+03
5.960316924447523888e+03
9.802152435712341685e+03
1.203230101478745382e+04
1.896268833896912838e+04
1.035600377338051294e+04
1.096400293784271344e+04
1.660239796528157240e+04
2.740220355147743248e+03
1.679550461394623562e+04
6.321345384253311749e+03
5.263287681063701712e+03
9.841588434721912563e+03
6.188020000679858640e+03
1.466351623956417279e+04
4.910624809882948284e+03
1.152855506628506919e+04
5.896272612468927036e+03
6.474059989826974743e+03
8.243370108942650404e+03
6.190797369405234349e+03
8.135574345414441268e+03
6.332235303792203922e+03
5.890684323021879209e+03
1.498555938617305219e+04
6.028381012259319505e+03
9.744984152564145916e+03
1.360697728090722740e+04
1.837835787069536673e+04
1.441692645891096799e+04
1.260813549402822719e+04
1.771142128603914898e+03
4.337247254075822639e+03
2.035563078752210004e+03
1.664186395260205927e+03
1.293578880850879432e+04
8.657910222448654167e+03
1.575327624520910103e+04
1.679171970369399105e+03
9.739879290825247153e+02
1.209053135258525072e+04
1.911346931842406775e+03
1.146119742203110036e+03
1.132635287584535763e+04
1.664771391117414396e+03
1.560716331364023972e+04
2.037294685502114589e+03
2.159661245849253646e+03
8.772371811005668860e+02
1.391268709664966809e+04
1.943759614652537130e+04
1.938192183951719471e+03
2.089209144931261108e+03
1.137288528927517837e+04
8.383025907655299306e+03
1.157615063919274689e+04
1.496034254774698093e+04
1.528429406497651507e+04
1.566793426646852458e+04
2.215613006756187588e+03
2.442713952038655043e+04
1.972594170947021667e+03
1.213772363393450178e+03
3.860114842461261105e+03
2.031508505457409046e+04
1.393298628144479699e+04
1.466530829012279173e+04
1.012851425447031579e+04
1.737285628630314022e+03
1.066069216823003444e+04
1.564687978700612803e+03
1.523921625511636557e+04
1.602367013199573194e+03
1.220064221716788597e+04
1.273787597815796471e+04
1.555123194655116095e+04
1.245202329353474488e+04
1.425511702504407549e+04
1.651571314555614663e+04
1.514140233562907815e+04
1.973898863888449341e+03
1.313819956287790046e+04
1.494956515675797618e+03
1.191061988600623044e+04
2.567510261880634062e+03
1.932391411279402746e+03
1.538707745534818969e+03
4.079788250552389400e+03
2.504533875289903335e+03
3.123264074118498229e+03
1.093491548970678195e+04
9.870494560421468123e+03
1.196587390567052171e+04
2.103776644911454241e+03
2.094088650533562941e+03
1.008278820190916667e+04
3.735823953756006631e+03
2.325309758594741652e+03
8.086338911664609441e+03
3.445613737909075098e+03
1.391626744852491720e+04
2.294210353281846437e+03
3.717560618446591434e+03
1.208284262003495314e+03
1.158073073056006615e+04
1.517316591660949416e+04
2.300882214850833407e+03
2.516790082579135742e+03
8.958874548149375187e+03
7.981808675342768765e+03
9.278376585633344803e+03
1.311691706244709167e+04
1.293971201145697341e+04
1.366532874913685737e+04
1.540188498031748622e+03
2.019159313978655700e+04
2.196159162109406680e+03
1.815752857467542754e+03
3.175148928431988224e+03
1.821531469975846630e+04
1.219048816588239970e+04
1.263235818806694442e+04
8.017989716407112610e+03
2.229184943673414637e+03
9.665224661581623877e+03
3.211384698645484150e+03
1.314643641816187301e+04
2.767720318843626501e+03
1.051465712763523698e+04
1.065663366338388369e+04
1.345500000967243068e+04
1.042117644604438465e+04
1.240380793000129052e+04
1.469963351303702439e+04
1.303218363792189484e+04
3.774140301471365092e+03
1.152267338431086318e+04
2.839226258123300795e+03
8.616085889591706291e+03
2.589515334646111114e+03
2.622958807424412043e+03
3.283735196326970254e+03
4.214144355794748662e+03
3.461680740351415807e+03
4.838647695082743667e+03
1.289278499948015633e+04
1.655134403719684269e+04
4.019025746277021881e+03
3.501230312697847239e+03
5.902639927508889741e+03
3.969103747544535963e+03
3.658039918386870795e+03
1.119677431501976025e+04
4.008176639880486618e+03
9.667082178698254211e+03
3.300734116638873274e+03
4.658100263236427963e+03
4.128111499377374457e+03
5.173291916066756130e+03
2.131497229622911254e+04
3.840119222625910425e+03
3.627777207338957396e+03
3.739732908180505547e+03
7.875901324403925173e+03
4.159406575600085489e+03
5.921242486556423501e+03
5.470217487602061738e+03
7.093828071594683934e+03
3.587164020933751999e+03
1.777354961825674400e+04
3.984603188258583032e+03
3.407020008215454254e+03
4.548949752027859176e+03
1.496477897311891320e+04
1.293564298555539790e+04
5.175663940847954109e+03
3.996324382003395840e+03
3.647053467195845769e+03
3.150960160751946205e+03
3.632085282608190937e+03
5.383007510006070333e+03
3.496049082583856034e+03
4.853471158798518445e+03
4.891785477277084283e+03
5.806027284807561045e+03
4.522605447689232278e+03
5.510372404859877861e+03
6.854835340786934466e+03
5.725390145457513427e+03
4.206809095169855937e+03
5.673245747807814951e+03
4.392265049281263600e+03
1.197928030316293734e+04
5.276493390074096169e+03
2.902639708646303916e+03
4.375557585977037888e+03
1.215379689545249221e+03
1.479621670217733845e+04
9.681582543835376782e+03
1.919958046563109019e+04
1.759136133904637290e+03
1.007850342546663342e+03
1.271214745485508320e+04
1.645995086336919940e+03
1.788195385837256708e+03
1.416876671844363045e+04
1.766590011590797076e+03
1.691223609429677163e+04
1.166413867845133154e+03
1.379050581837729624e+03
1.416596387476241944e+03
1.467997189414088643e+04
2.394091882535529294e+04
1.419543127804192409e+03
1.579322535993315796e+03
1.286375673222670048e+04
1.074799434528540951e+04
1.346308175308637692e+04
1.645203014272470318e+04
1.582027979207883982e+04
1.922893329432794417e+04
1.399736538740107790e+03
2.921114188464214749e+04
1.604971624226342556e+03
1.359012192406255053e+03
6.035427759922137739e+03
2.033503149249697890e+04
1.653728115791115852e+04
1.612683544023412833e+04
1.200628985004317838e+04
1.634758481147360726e+03
1.186274097093332603e+04
1.759833741830413146e+03
1.689173307052299788e+04
1.530354252673555493e+03
1.289859904690045732e+04
1.417591691517048457e+04
1.700256086280688760e+04
1.363666917387955800e+04
1.452097387286425146e+04
1.712925524451216552e+04
1.547085821416603721e+04
2.283604061517882201e+03
1.332627337984864607e+04
1.751590689156769031e+03
1.463073400529002174e+04
2.852766611394942629e+03
2.804108113303716891e+03
1.628841459690121610e+03
1.218311844838155594e+04
8.880833793288018569e+03
1.535598523995462165e+04
1.220193622303347638e+03
7.542626919533731780e+02
1.102209340149250420e+04
8.491692140621366889e+02
6.881268712866940405e+02
1.051460625270841228e+04
7.994741624343819240e+02
1.534184783923793293e+04
8.488143708200802848e+02
1.077364166909759660e+03
1.989239995591686011e+03
1.238158322609082461e+04
2.066747983073965588e+04
1.225720438330122306e+03
9.720235610621803062e+02
1.041081016313584405e+04
8.489975105712495861e+03
1.051956393798193494e+04
1.441628389600875744e+04
1.371171017919879887e+04
1.686906092171340788e+04
1.722914280135939634e+03
2.576652423525764607e+04
1.315107414963209749e+03
9.634950304389242319e+02
6.186534014014072454e+03
1.816248643212343450e+04
1.648230700999988039e+04
1.388035142168951461e+04
8.889113207412254269e+03
1.192756797026277582e+03
1.038639806266909909e+04
8.717210773501005860e+02
1.423138437074112517e+04
6.352812214941027378e+02
1.123627932355139455e+04
1.148016894213614250e+04
1.485545959558436516e+04
1.140713878687378383e+04
1.320035442104890535e+04
1.578316975809796713e+04
1.404022587229671626e+04
1.211608228250760931e+03
1.229365325994722480e+04
1.089581805754033667e+03
1.116418333226514369e+04
2.074028351855703477e+03
2.528385165356952712e+03
8.914186284366423934e+02
2.111022421613026745e+04
1.832512231321376748e+04
1.242438978669945936e+04
1.129719240330984212e+04
1.787270807912221017e+03
1.327677427319614253e+04
1.169146826221922311e+04
1.360400390603133019e+04
1.224968780107599741e+04
6.637315871034807060e+03
9.701788047792681027e+03
1.297539846539655264e+04
1.252610097130613940e+04
1.179206614025103136e+03
2.207875445436377777e+04
1.205383659421832635e+04
1.007305877391022841e+04
6.963638807345864734e+02
9.323507972322833666e+03
6.544071478128553281e+02
2.591270187020399590e+03
9.937924830737902084e+02
1.798510345943679113e+03
1.243122430143447127e+04
1.004550033347430508e+04
1.071002608184271412e+04
9.589677143865312246e+03
1.315702859146451556e+04
9.682086650896635547e+03
1.127223614661123247e+04
1.804865894530561491e+03
4.794216954661937962e+02
1.094330055246005577e+04
2.783482848294578616e+03
1.209656603065119089e+04
2.383387057950043072e+03
1.079886746277639577e+04
1.264287434934703924e+03
6.208048824900815816e+02
1.065625094131077276e+03
3.720021419196364150e+02
1.549516347462473277e+03
2.850492547737251698e+03
1.490398382995321754e+03
1.407156242684265089e+04
1.426982667711887643e+03
1.096503864153023824e+04
1.422051137648913573e+04
1.646227142271543926e+04
9.895899049545365415e+03
1.377611076484276964e+04
1.870100686406193563e+04
7.732536311026850854e+03
9.471124544039754255e+03
1.734488226262035460e+04
1.139260526849093731e+04
8.642991639511452377e+03
9.084274064446351986e+03
7.878493354498235021e+03
1.605950171315963780e+04
8.082040223194168902e+03
9.263671680461948199e+03
9.074394951085176217e+03
2.101167811855925538e+04
2.670798527152259339e+04
1.024400149156066254e+04
1.014798507712259925e+04
1.837621027208137821e+04
1.334873876249504610e+04
1.966461376140006905e+04
2.362690102947247215e+04
2.441363842472258330e+04
2.858147957533600129e+04
9.198944155989102001e+03
3.165227273057773345e+04
8.609194649345528887e+03
8.564335379542151713e+03
1.372842733261488502e+04
2.021300140939981793e+04
2.446207004279742978e+04
2.488163026978944981e+04
1.439005663446571816e+04
7.645154868271699343e+03
1.983099645240489190e+04
1.116079812538440092e+04
2.412383343924320434e+04
8.876438658081460744e+03
2.039364002518934285e+04
2.205075580245785750e+04
2.866719359232181887e+04
2.150745006499389638e+04
2.503924275407697132e+04
2.661244540160899487e+04
2.427647719691355451e+04
1.062142370793191367e+04
2.155135785248067987e+04
7.296954911069227819e+03
9.129524843390172464e+03
1.084893523618207473e+04
1.098950508364149027e+04
8.586572589955152580e+03
1.441687538771945219e+04
1.447113738536051824e+04
2.016059457484597806e+04
1.680404135109056369e+04
1.420410570884194021e+04
1.164947611700669540e+03
1.570192068341042614e+04
2.181054647199407918e+04
1.454718228396134327e+04
1.764746852430679792e+04
1.518964214877295672e+04
2.212359876516038639e+04
1.108075052498184050e+03
1.580308453109008406e+04
1.431163895536197379e+04
1.660022313555639994e+04
2.059332848073463174e+04
1.654664448019401607e+04
2.443136625975064817e+04
2.392557343450083863e+04
2.369680189312809671e+04
1.700975915229020757e+04
1.229291690939390537e+04
1.539021337728909202e+04
1.318165317116331244e+04
1.921925676126601320e+04
2.899041151568913483e+04
3.600785094914156070e+04
2.199868807535970336e+04
1.283452262631091435e+04
1.654619458760844645e+04
2.023450735868735501e+04
1.557676179883672739e+04
2.355717344953798602e+04
1.493597186107688685e+04
2.177025319168313581e+04
1.950404895281851350e+04
2.334232939312034432e+04
2.114251652898619795e+04
2.375073092329125939e+04
2.675621582562811818e+04
2.500157427914193249e+04
1.679307367506934679e+04
2.450874731068112305e+04
1.395928366645696406e+04
1.426255404610477854e+03
1.950341763547428491e+04
1.624181954980545197e+04
1.719044577989554455e+04
1.414369385222857545e+03
1.030210174423369972e+04
1.600420268153557117e+03
8.353264903549052178e+02
9.765085162849643893e+03
9.455897353969228334e+02
1.491229872993991921e+04
1.160808274944145978e+03
1.494933349081666847e+03
1.947511700348362410e+03
1.271255448852827794e+04
1.939266436547977355e+04
1.650280979411817043e+03
1.193592194371319010e+03
1.086554174888003945e+04
9.267366933400024209e+03
1.094602220768061488e+04
1.453408853060540059e+04
1.369292874999645392e+04
1.658020114903481226e+04
1.959673900227689501e+03
2.455427405773708597e+04
1.255585495160413529e+03
1.398555541492482007e+03
5.010560010879631591e+03
1.647823772996528714e+04
1.504542348768633201e+04
1.489082578301622925e+04
9.327775397946741577e+03
1.209576668370694961e+03
1.097406649149309305e+04
1.600182831709517359e+03
1.472568657643841834e+04
1.163878424619970701e+03
1.089307311326744457e+04
1.164658968458632444e+04
1.459613565107625618e+04
1.158468194990726988e+04
1.280772226266278449e+04
1.552479978307271085e+04
1.389830757973090658e+04
1.912411680551767631e+03
1.166530335511741941e+04
1.070651853878703150e+03
1.026103165094619726e+04
1.841390455002072486e+03
2.464063465264418028e+03
8.212147299943408143e+02
1.070925604003077569e+04
1.018585932457130184e+03
9.481741706916873227e+02
9.815665997006173711e+03
1.264040543734141920e+03
1.499049755481202010e+04
1.004581675030499810e+03
1.120017825973777690e+03
1.103227118075189082e+03
1.181222825296108022e+04
1.862549566130261519e+04
1.211143425977824336e+03
1.222556904186998963e+03
9.688891723830114643e+03
7.733804387948463955e+03
9.762785272533405077e+03
1.368634331531092903e+04
1.313000462776926361e+04
1.479476971506676273e+04
1.252191963897375445e+03
2.374075617737953144e+04
1.314347692583460230e+03
4.705621950603294863e+02
4.954061609711856363e+03
1.874824709871925734e+04
1.589963480998398336e+04
1.288961659679414515e+04
8.362669273515770328e+03
1.191710176045134631e+03
9.472636177941218193e+03
7.767947257550827089e+02
1.397929890511110352e+04
7.603790580157460681e+02
1.083317664920635616e+04
1.099959645107298275e+04
1.403081099421442195e+04
1.070950173057237771e+04
1.271102291279095880e+04
1.535838425171923154e+04
1.314699412775486962e+04
1.141537255374780216e+03
1.193297253524199550e+04
1.142828208112946413e+03
1.036511428830163459e+04
2.757787818222996520e+03
2.065203203409249454e+03
1.196714882279718495e+03
1.227282435004159925e+04
1.037123105182972358e+04
1.520658733199163180e+04
1.080366066162089373e+04
6.773848340731794451e+03
8.927701155017392011e+03
1.118850449880778979e+04
1.114438714618475569e+04
1.859245184988168830e+03
2.439203133864864139e+04
1.114963113238080405e+04
9.442397155558366649e+03
1.458429348614488390e+03
6.348758417684490269e+03
1.833384765079329554e+03
2.101956676579806754e+03
1.697648719439783235e+03
2.829744494411984306e+03
1.114345902746285356e+04
1.349705705601469890e+04
9.208633024169321288e+03
9.599269942652026657e+03
1.160828900126249755e+04
7.938681297190418263e+03
8.146936822937488614e+03
2.418862284748103775e+03
1.533952121898707674e+03
9.442220360731533219e+03
2.948496612447369898e+03
1.138946194770430156e+04
2.555047914945344019e+03
1.057141751670842859e+04
1.245888713133340389e+03
1.610945224731444341e+03
1.869747951482332610e+03
1.571337077870749908e+03
1.624681827174005775e+03
3.193255022007258503e+03
1.720209944610980074e+03
1.250908346856158460e+04
1.451555817710161591e+03
1.027090905114656016e+04
1.567152891162154810e+04
1.284760526365779515e+04
9.073482795843567146e+03
1.168719166646298618e+04
1.112966168535749148e+03
1.246178100922384510e+04
1.215236784302011529e+03
1.672432286260823821e+04
1.078574850321320355e+03
1.069668261510029424e+03
2.147181664313114197e+03
1.349264678533680672e+04
2.152351522623798519e+04
7.191609922500715584e+02
8.444456641801652950e+02
1.170946186388421484e+04
9.621519388777805943e+03
1.179620039114642350e+04
1.478848522202799359e+04
1.475394182006363008e+04
1.794844345402804538e+04
2.124633666606808220e+03
2.736114835224922717e+04
1.228245875543722377e+03
1.088038664758606956e+03
6.208799145753329867e+03
1.928501992694634828e+04
1.707991158595152228e+04
1.461045394950229456e+04
1.057755377771136591e+04
1.596794935311874269e+03
1.136107527121025851e+04
6.444176085910762595e+02
1.592489882488551302e+04
5.924976886656545503e+02
1.252768278199915585e+04
1.268781385140598468e+04
1.543710117520562926e+04
1.266052603787965018e+04
1.369895121459235816e+04
1.519035322337712569e+04
1.448008461469163740e+04
1.315604667803519988e+03
1.356664661791231629e+04
1.031759316013656189e+03
1.286048825668949212e+04
2.732115848121618910e+03
2.308837400482481371e+03
1.315036686028489839e+03
9.792156160962356807e+03
6.570996807682986400e+02
1.561657602127528480e+04
1.214192772800996636e+03
1.303099741203000121e+03
1.675216991989796952e+03
1.226561802371419071e+04
1.920875140361412923e+04
1.476420217569262604e+03
1.282281798428709408e+03
1.014344790327221745e+04
8.697708470033303456e+03
1.005694125956282187e+04
1.345786493772479116e+04
1.352333741511778862e+04
1.557343473853546675e+04
2.084133329064278314e+03
2.396691383706158013e+04
1.231096729773283187e+03
1.226926141752000603e+03
5.113585804634093620e+03
1.778121187111389736e+04
1.493856607122737842e+04
1.369049716575882303e+04
8.723450485848734388e+03
1.156452405922236039e+03
1.022644333366608407e+04
7.873460294699311817e+02
1.396800428506332901e+04
9.086343286127621468e+02
1.090205108201938856e+04
1.123772273756246432e+04
1.447027226014605731e+04
1.113109714067951245e+04
1.282209113356711168e+04
1.558083915267703742e+04
1.378599973245209185e+04
1.128767593585760551e+03
1.194288874283334189e+04
7.792346891232336930e+02
1.045263332518114476e+04
1.555925287510636736e+03
1.878865569214089646e+03
4.939763820309790390e+02
9.972937576732583693e+03
1.734492417177101015e+04
8.083512534241315734e+03
1.183844911123456041e+04
1.072002002081054161e+04
1.656356227921012396e+04
1.527238719153776856e+03
1.157881315995391924e+04
8.389950349244752942e+03
1.187981861898861644e+04
1.434341514184630614e+04
1.238741405803636917e+04
1.928443350880960134e+04
1.863361672719338094e+04
1.943574385986677225e+04
1.171269182552102575e+04
1.114942864398034362e+04
9.071984224924693990e+03
7.371664376169039315e+03
1.480973685570643283e+04
1.940887711527276042e+04
3.193370214289073192e+04
1.779850224648710719e+04
8.760116789874116876e+03
9.882976415939798244e+03
1.486148485367285139e+04
1.109612677756436824e+04
1.833494704373117202e+04
9.384008630359463496e+03
1.738090137096139733e+04
1.551358365417676214e+04
1.958599620359722394e+04
1.618832683065840320e+04
2.074664021919631341e+04
2.232497989947945462e+04
1.955866802663772614e+04
1.265517432071219810e+04
2.060481532732550477e+04
8.172313734712423866e+03
3.284625798713141194e+02
1.551243806108274111e+04
1.133843777340214365e+04
1.224028873490199658e+04
1.582760255433425482e+04
9.839693561040710392e+02
1.057136221943430428e+03
2.312786909016608661e+03
1.249272221532138065e+04
2.055109189003735082e+04
1.663553477303751606e+03
1.127012964003366505e+03
1.068948237945658548e+04
8.329599577030137880e+03
1.097302834193673334e+04
1.411851695968640161e+04
1.379101624606657606e+04
1.648311462384048355e+04
2.207592632459353808e+03
2.525309045289922142e+04
1.059921295124699554e+03
1.305704988191568873e+03
6.028551429390945486e+03
1.569421423536164002e+04
1.591732723672168868e+04
1.409335724353368823e+04
9.278337165247630764e+03
8.383592334193683655e+02
1.034004511049506254e+04
1.330766919371845233e+03
1.449384385544864563e+04
1.185314089432536548e+03
1.151621258298570137e+04
1.187774076090101880e+04
1.516870116780664466e+04
1.182589030398662362e+04
1.367115037184603534e+04
1.583590873124242171e+04
1.385359952987541692e+04
1.387209623764459593e+03
1.286521323667665638e+04
5.535424072595142206e+02
1.056208601296058077e+04
2.178015306650987441e+03
2.728548154986743612e+03
2.701128561015548257e+02
1.407936857261336445e+04
1.617255312303643586e+04
1.477173699478293565e+04
5.668400713986648952e+03
2.702206486571206915e+04
1.610679237175732487e+04
1.471401122936738466e+04
6.241148509822978667e+03
7.378576159519301655e+03
6.168547987098076192e+03
6.775194452562462175e+03
6.485944339304551249e+03
9.350743815186056963e+03
1.594762552404789312e+04
1.592211902799337258e+04
1.503881664106313656e+04
1.343080863854294694e+04
1.587831920361350967e+04
1.013353176226713913e+04
1.270827902939491469e+04
6.234358834523306541e+03
5.825363693272205637e+03
1.507120272449097138e+04
7.493672839961520367e+03
1.627876509983172582e+04
5.604456756208865954e+03
1.501775143375896732e+04
6.420451678660308062e+03
6.323367246836549384e+03
6.856875110336815851e+03
6.036130146446301296e+03
6.298826200710744160e+03
7.072739075138001681e+03
6.584530231539596571e+03
1.722285957617059466e+04
6.683553162809721471e+03
1.480258186069083240e+04
1.774921399164689501e+04
1.848376640586278518e+04
1.462179689202534064e+04
1.638518765537171203e+04
6.604268926995600850e+02
1.773206399085027897e+03
1.002259925093439961e+04
1.859795621613013645e+04
7.571751974984676963e+02
2.649156836657080021e+02
8.285327244874195458e+03
7.297259985167384002e+03
8.408269778593063165e+03
1.264449790066137211e+04
1.121041341146041304e+04
1.426371001097920089e+04
1.000246787777710551e+03
2.285206343143981940e+04
3.537144631075834695e+02
5.871228582015214670e+02
5.541712036107748645e+03
1.326852549733493470e+04
1.560527950542829058e+04
1.232851607898435395e+04
6.764518208923346720e+03
4.560562564805436523e+02
9.460417464455342270e+03
1.189199576026694558e+03
1.267476549430264276e+04
4.967087956996297180e+02
9.517132962691650391e+03
9.618036030604907864e+03
1.275048769787609854e+04
9.305062506117712473e+03
1.164594612294568287e+04
1.386349134601627884e+04
1.138587583148520025e+04
1.803047078959926466e+03
1.076978820682416517e+04
7.240219233661969156e+02
8.535218069429120078e+03
2.755098590075381253e+03
2.226410926437785747e+03
1.122447877518186942e+03
1.851901169143096013e+03
1.324302236736228588e+04
2.182284081546673406e+04
1.256998096635352795e+03
7.975300594140117028e+02
1.177574585748129539e+04
8.768004063798338393e+03
1.195904133687791182e+04
1.542962338368620840e+04
1.444735571298428658e+04
1.760038293538345897e+04
1.919756219796608320e+03
2.746755691024257249e+04
8.788239439985563877e+02
1.043208732251770016e+03
6.475350808338854222e+03
1.601885173618141198e+04
1.599208597948895840e+04
1.535924279892535742e+04
1.025044244870069087e+04
1.033849914814128624e+03
1.187522090592875611e+04
1.117284767043994634e+03
1.585297031067950593e+04
8.876244929253211922e+02
1.241371605044893477e+04
1.273404884357234187e+04
1.578389523075491161e+04
1.249520267986594263e+04
1.424869985516703309e+04
1.635343375154890782e+04
1.428242760017176624e+04
1.417836496460311537e+03
1.363894456012525916e+04
6.100001469600815653e+02
1.227461363170731784e+04
2.699275613224168410e+03
2.470251364836556604e+03
9.575513476532591994e+02
1.301725492537462560e+04
1.837158560943753400e+04
1.844958968330395692e+03
2.035875870547498835e+03
1.100294753763768131e+04
8.571404420411659885e+03
1.131041000652478033e+04
1.443964538753850320e+04
1.455903957059653658e+04
1.526500541169408461e+04
1.949673626658910280e+03
2.384661990945160142e+04
1.878459946585312082e+03
1.271053230244094266e+03
3.505938061068389288e+03
1.902298366483890641e+04
1.293665855795860261e+04
1.426118222378799874e+04
9.807521780119457617e+03
2.016464127369775042e+03
1.068100741623537397e+04
1.730634582345569925e+03
1.506715816975489724e+04
1.783074627461251112e+03
1.136681279291924511e+04
1.222728456539652325e+04
1.516090888095325681e+04
1.180235864898439831e+04
1.338250091712565336e+04
1.554635281477446551e+04
1.444102619035975658e+04
2.107026692288213781e+03
1.199382020469854797e+04
1.660621525947251030e+03
1.098477881472808076e+04
2.994082795875696775e+03
2.093452851753679170e+03
2.013836152457568687e+03
2.648818231312093849e+04
1.252446271329724914e+04
1.055276181133866339e+04
9.085225034570275966e+02
8.706356941183763411e+03
8.369842648333897159e+02
1.570908970943412896e+03
5.780960058806749657e+02
3.638600476016961693e+03
1.258270049209695935e+04
1.420176406948212571e+04
1.105442967947600300e+04
1.058166581121416129e+04
1.381999952796223079e+04
7.085153377875492879e+03
1.190350263734320106e+04
1.228140573338927425e+03
1.005119374576380551e+03
1.124467251146562739e+04
2.974554331478547283e+03
1.280597404331422877e+04
1.230666461913886906e+03
1.121799370749860827e+04
1.628038974466525360e+03
1.156694952377506979e+03
1.276080497328602632e+03
7.029687380076516092e+02
1.084272301535894712e+03
1.938330032637647491e+03
7.399846644210847444e+02
1.453114703368413029e+04
1.900047937862341541e+03
1.170183236084184318e+04
1.693061445405693667e+04
1.670241112322607660e+04
1.078587344472506084e+04
1.382970427262908197e+04
2.052369788825519936e+04
1.848603896781041840e+04
2.131069921586680721e+04
2.459506479625768407e+04
2.093028405609938636e+04
2.950796746234759121e+04
2.807782603283910430e+04
2.639158254803794262e+04
2.197858954354156594e+04
1.331652539873571368e+04
1.960565555772112202e+04
1.648104962154283203e+04
2.229908369426105492e+04
3.605819313302042428e+04
3.781172863493820478e+04
2.637627649603540340e+04
1.669193095087065740e+04
2.071325667576144042e+04
2.481941132910170563e+04
2.015073107994929160e+04
2.802560164497040387e+04
1.993069826973204181e+04
2.664825200316363043e+04
2.367134856493172265e+04
2.717953232738842780e+04
2.549006792791907355e+04
2.836952879934266093e+04
3.151401573011928485e+04
2.899117217479644751e+04
2.071557394503725664e+04
2.891419405641662161e+04
1.838135784833585785e+04
1.640547556796786921e+03
2.429350951755914139e+04
2.014511954815812351e+04
2.148144860243211588e+04
6.226998824518618676e+02
1.059110031394738508e+04
9.200951734471980672e+03
1.066855164907989638e+04
1.409298027504792844e+04
1.356638555978204749e+04
1.633185546658512249e+04
1.277098624176140675e+03
2.618344546008210091e+04
7.650880122402163579e+02
8.149430024100315677e+02
5.469444919484830280e+03
1.775824346909072847e+04
1.647280329813393837e+04
1.380330925811015913e+04
9.427725480710476404e+03
1.143898605495889569e+03
1.099088961941165144e+04
1.181631859276043087e+03
1.485526935120011694e+04
6.474634180511270642e+02
1.136989906889290614e+04
1.141754021310000280e+04
1.429318385853630025e+04
1.160487290194483649e+04
1.247966171831364409e+04
1.421625127735966453e+04
1.336013306648199250e+04
2.055083116730891106e+03
1.189877754374603865e+04
1.247066121132983426e+03
1.176991808218960614e+04
2.910286651035178693e+03
1.925069069652921826e+03
1.796818762399111620e+03
8.771572294618996239e+03
7.839870263939432334e+03
8.753075940833059576e+03
1.326165470679240025e+04
1.159267430584254726e+04
1.483593046821082316e+04
1.275934871796904190e+03
2.296047348714397594e+04
3.597860916830286442e+02
7.223414230863822922e+02
5.530420496037088924e+03
1.475735930708717933e+04
1.572976640503685485e+04
1.292173724002632662e+04
7.208593020626941325e+03
7.097957495178320642e+02
1.015976010247839440e+04
1.135882452870544512e+03
1.360279116966603942e+04
4.627520838486866523e+02
9.888862262976677812e+03
9.768795300261106604e+03
1.268075468224416545e+04
9.825350601110616481e+03
1.177466635729930567e+04
1.385469804001420562e+04
1.177948683093474028e+04
1.798464316783137974e+03
1.116982753825204782e+04
8.253257544058251369e+02
8.559591638132593289e+03
2.669566641631219227e+03
2.344413630353892586e+03
1.316615187986042656e+03
6.954554044975392571e+03
5.064819134535027843e+02
1.683754031156133351e+03
9.152377681040698008e+02
2.192111082009147594e+03
1.085639459750272727e+04
9.706418183279143705e+03
9.413617136521095745e+03
7.996012244913254108e+03
1.134355355492264243e+04
1.136591881033047684e+04
1.041476471228574519e+04
1.054962560577178920e+03
6.328428467576759431e+02
9.654039630493352888e+03
1.841356970747153127e+03
1.068966916184620641e+04
1.536179168796393697e+03
9.325837140781031849e+03
9.846114189139434529e+02
8.057181051221355119e+02
1.110526196403597169e+03
4.329514465343245320e+02
1.015571551240088411e+03
2.214250348776462033e+03
1.199042620585767509e+03
1.263003457140810315e+04
1.409863153789021908e+03
9.663649802423813526e+03
1.247042792832131272e+04
1.355379076049801370e+04
8.503994135441400431e+03
1.241916353217139113e+04
7.513792812713078092e+03
1.010730262564226359e+04
1.013940152029274941e+04
1.349890436872886130e+04
9.056850785337152047e+03
2.239737100342206031e+04
7.920591022519542094e+03
6.620872296795963848e+03
1.019218153662244913e+04
1.561536292262864299e+04
8.072921515766354787e+03
9.724437878591372282e+03
6.301492651839842438e+03
7.900995291754490609e+03
8.713146416774288809e+03
8.698435320584241708e+03
1.071499507902273581e+04
7.798957324498031994e+03
7.139232199559237415e+03
8.157786515628468806e+03
1.156146646048305774e+04
7.960024400815089393e+03
8.223705543389518425e+03
1.063281548060757996e+04
9.037175369761749607e+03
9.880180442209784815e+03
6.650753848157072753e+03
7.709037029663211797e+03
1.476252098764841867e+04
1.140531890028061207e+04
8.053546900011836442e+03
9.520882683143741815e+03
2.307660685084371835e+03
8.151882438589987032e+02
2.356717123823735619e+03
1.082711764021987983e+04
1.056457537041844989e+04
9.514795561493310743e+03
8.187326417554892942e+03
1.142627757342773839e+04
1.159915806175156104e+04
1.041991063844256314e+04
1.265931508564602609e+03
4.754755294630613207e+02
9.757886360565460564e+03
2.598181269672377312e+03
1.050300521549687983e+04
1.676419300908419245e+03
9.272603268283299258e+03
1.259575049475855394e+03
5.729318338084553943e+02
9.280924655209196317e+02
4.144650704354185109e+02
9.131056790370903400e+02
2.788604818003157561e+03
1.211363127461388558e+03
1.252062159840825552e+04
1.346982166238249192e+03
9.775097977262754284e+03
1.298569586127841103e+04
1.409625801447018603e+04
8.867450662732120691e+03
1.256724030290668816e+04
2.408275046545732948e+03
3.848639682074543998e+03
1.468739939493292877e+04
1.478400924149939419e+04
1.317425685503342902e+04
1.293129562817716578e+04
1.470729412079862414e+04
9.577016211375614148e+03
1.307403263703342236e+04
1.643980150378976759e+03
2.599849524246973488e+03
1.331339990811119424e+04
2.623612759190497854e+03
1.454174694147251830e+04
1.449071257577164033e+03
1.340661221820178616e+04
2.214142171511125071e+03
2.949541803523692124e+03
2.662246945643563322e+03
2.013174361569983375e+03
2.014167444636640084e+03
1.873766878412440747e+03
2.264850819727401358e+03
1.645150779872406565e+04
2.881940593349400388e+03
1.332071303464348784e+04
1.932258917526145524e+04
1.795085894996803472e+04
1.050162371222845468e+04
1.550583505749352480e+04
3.109833655442214422e+03
1.388245733667040258e+04
1.430506629170308406e+04
1.205547957197677897e+04
1.174214525036318264e+04
1.466160294785202132e+04
8.375713859542891441e+03
1.266337873988459614e+04
1.537282007258550038e+03
9.839717282152114421e+02
1.237148434910687683e+04
3.093866137888081994e+03
1.407477454112971100e+04
1.967664711832624562e+03
1.263783872664231967e+04
1.452610433764197296e+03
7.132940371815329854e+02
6.508540179015226386e+02
7.695628599802198551e+02
1.039878983540429090e+03
2.412598020168735275e+03
5.562653282214960200e+02
1.568613181754069956e+04
1.704183972360862754e+03
1.317365498426031627e+04
1.914876540761937213e+04
1.833243182152884401e+04
1.143441169138960686e+04
1.498633451776768379e+04
1.587560958355447656e+04
1.111715639597612062e+04
1.454574117417456182e+04
1.353396406488729190e+04
1.473598073759621184e+04
1.331205209289017512e+04
1.232544420084822923e+04
2.878312158199524674e+03
2.121235958915561241e+03
1.459348925184458494e+04
3.313756994864818807e+03
1.665914758539196919e+04
3.782083154837873735e+03
1.549070720222707314e+04
2.822425153860259343e+03
2.090316689302236227e+03
2.298636937158731598e+03
2.147267637829610976e+03
3.149083203122796931e+03
5.031512381590222503e+03
3.002592440834714580e+03
1.839085934484781319e+04
2.634728018647154386e+03
1.569248678653917341e+04
2.022950141672813334e+04
1.985496811281487680e+04
1.085356020230473951e+04
1.777132542201743126e+04
2.701872016375917156e+04
1.257526046830434552e+03
1.065913492132622196e+03
5.122677133963550659e+03
1.767818083213984210e+04
1.521056744750521102e+04
1.410857217766301619e+04
9.537096373502787173e+03
1.126252349351475232e+03
1.048943292027582356e+04
2.029050900479132451e+03
1.511653622728592381e+04
1.388188479261871180e+03
1.155609784340752594e+04
1.189916486966744196e+04
1.500633602324403364e+04
1.171154679202234365e+04
1.322844900044493443e+04
1.578277671531071792e+04
1.346997165402822793e+04
2.661303747680012748e+03
1.199826466648933274e+04
2.183625313489535074e+03
1.225334643935325585e+04
2.304459106422055811e+03
2.568342457632388687e+03
2.266017998493609412e+03
2.387508623779648042e+04
2.077608586156543242e+04
2.495665994374316870e+04
2.361573590873090870e+04
2.433211507107880607e+04
1.286838462938077282e+04
8.180665942465819171e+03
2.508225813398632454e+04
1.310866468961846476e+04
2.543362762303886120e+04
1.325344178711643690e+04
2.382939940330055106e+04
1.469754675189740192e+04
1.239514337412474561e+04
1.342157375368197972e+04
1.325042326577835956e+04
1.642383145064973723e+04
1.742705773388652233e+04
1.588240086548919135e+04
2.720260769011402590e+04
1.680392278059279852e+04
2.234615248352626440e+04
1.178695576902844550e+04
2.943894307533510801e+04
2.181082777925642949e+04
2.725706312081382202e+04
7.011302585545258808e+02
5.217732358745067359e+03
1.411975261989399405e+04
1.523906581031737733e+04
1.325745080353012600e+04
7.984823731403421334e+03
3.697539419480622200e+02
1.030775633609914439e+04
1.531046195345531487e+03
1.367979417208648556e+04
7.691256156334834486e+02
1.020927820837530999e+04
1.049758729849872907e+04
1.351935210554622972e+04
1.033312626454428209e+04
1.221256157941124366e+04
1.435364187324166232e+04
1.203783665219369868e+04
2.099263427831629087e+03
1.138851558750440745e+04
6.838866322516805667e+02
9.338618152676388490e+03
2.659228629262930554e+03
1.987607987302664242e+03
1.163873173195562231e+03
4.619807716834184248e+03
1.742647889815468079e+04
1.552403430334333279e+04
1.190090829405894692e+04
6.661709437044085462e+03
7.611835710708651277e+02
8.964190406610443461e+03
1.108872789716771422e+03
1.288554423536131799e+04
4.944724957105681824e+02
9.919722451948444359e+03
9.823315423929856479e+03
1.289259972971391107e+04
9.570804673362261383e+03
1.194057660235220465e+04
1.419620407909161440e+04
1.195968174452797211e+04
1.677520573568304371e+03
1.124962384202998146e+04
9.815325601635206567e+02
7.925932603779223427e+03
2.630328127718681571e+03
1.635011192341168226e+03
1.458706733724277001e+03
2.062560082500227145e+04
1.093798213424557980e+04
1.446908620925309151e+04
1.060872849915613915e+04
5.344325315811427572e+03
1.163553125034649202e+04
5.112069713961216621e+03
1.563461820521887967e+04
5.615028745156188961e+03
1.248407500387367327e+04
1.221992183157521868e+04
1.471679917939826737e+04
1.251546843067804366e+04
1.297400505109162623e+04
1.513856997327683712e+04
1.415264858932192874e+04
4.946991192850703555e+03
1.242832386665376180e+04
5.384790938368296338e+03
1.513713065709581133e+04
6.056309627451327287e+03
3.409932371754359338e+03
5.871733034550404227e+03
2.013582282900105201e+04
1.048003114476691371e+04
9.381904354763952142e+03
1.407737981654647592e+04
1.175530811468764659e+04
1.953842913148748630e+04
9.655314096364056240e+03
1.723913479816907784e+04
1.022522669926015624e+04
9.811064484830800211e+03
1.121666266260384873e+04
9.909305260974773773e+03
1.195290923780333833e+04
9.370096013095882881e+03
7.682418967476352918e+03
1.970190591674066673e+04
1.064810785883319659e+04
1.434148836126301467e+04
1.936529465499428989e+04
2.461133103264052625e+04
1.979372740531949603e+04
1.681956640126838465e+04
1.299398152530314474e+04
8.954500763683801779e+03
1.577157756134350348e+04
1.275596529190985530e+04
1.490302226540882475e+04
1.464160180574794140e+04
1.622839859019690994e+04
9.845331997802808473e+03
9.933933841777252383e+03
1.193390085861245643e+04
1.034292678171198349e+04
1.030746895382663024e+04
1.269702969445971394e+04
1.177050942271617532e+04
1.531627804821619793e+04
8.789601343793365231e+03
1.470729696474425145e+04
3.211838463409926044e+04
1.567889254375437304e+04
1.286087517146140817e+04
1.549558870118840059e+04
1.866964858132568907e+03
1.347026768236881617e+04
2.163465369318473677e+03
1.416720686762397600e+04
1.449350146618483905e+03
1.313844119489809236e+04
1.872099198380895359e+03
1.564831764680613560e+03
1.707402047996240526e+03
1.200481317887104979e+03
1.204784343500070008e+03
2.213471163185909973e+03
1.347526868671907323e+03
1.589148026768091040e+04
1.957273991838518214e+03
1.337369056456215912e+04
1.818557385185537714e+04
1.842941640192941122e+04
1.054512834356774329e+04
1.547921539119034423e+04
8.178762528935550108e+03
2.470405015374541563e+03
9.275585934710295987e+03
2.067295607236858814e+03
7.751259511308364381e+03
1.044332421006774439e+03
5.150470944942853748e+02
1.132157379618119194e+03
4.975015748367659398e+02
1.316644577732892685e+03
3.044248083466842218e+03
1.596846627630330659e+03
1.104221908259191332e+04
1.196845596012257147e+03
7.947244793463247333e+03
9.484430273690910326e+03
1.251834995947298921e+04
8.320632687040533710e+03
1.091510710790592020e+04
9.891399061828222329e+03
1.782279817019212715e+03
1.381080451703194922e+04
9.605440940076305196e+02
1.043028146299696709e+04
1.084331047775010302e+04
1.406331221344708683e+04
1.054067173313794046e+04
1.269711430276338069e+04
1.500446171341343870e+04
1.230849775332886566e+04
2.212259578447516105e+03
1.149265753985101401e+04
9.185318629647961188e+02
1.041023921582867479e+04
2.584903240227602964e+03
2.137093480824226845e+03
1.007424131135262996e+03
1.103855664639373936e+04
2.819025180035440826e+03
1.040112579950499276e+04
2.143775024428200140e+03
2.987958355567134276e+03
3.210965827829267710e+03
2.277891587483374678e+03
2.884269020965250093e+03
4.005643839056404886e+03
3.043105367811118867e+03
1.234418494740273854e+04
2.606420864225461628e+03
1.051298333199981244e+04
1.580892909760462862e+04
1.414500288106966764e+04
8.008663038120397687e+03
1.147568387689622978e+04
1.523434786746438112e+04
6.482162722694156400e+02
1.184732728226632207e+04
1.178391802469194590e+04
1.477278343817895075e+04
1.165398893492718526e+04
1.334022179425386093e+04
1.588578606110111650e+04
1.424602462364854182e+04
3.721245566020047590e+02
1.308299035669045043e+04
1.011926999934935338e+03
1.149202430773044762e+04
2.527978159629423317e+03
2.118521628494735978e+03
1.263438830301721282e+03
1.355786691546442307e+04
2.076098900891071935e+03
2.538775079274237214e+03
2.445042698739820025e+03
1.636645873653988474e+03
1.919728210042926548e+03
2.793295150702469527e+03
2.262145539936603200e+03
1.691453389932512800e+04
2.604083017578792351e+03
1.385917607242403574e+04
1.858659803773807653e+04
1.933260482634569780e+04
1.201958492846075023e+04
1.585753197717598596e+04
1.067622870097647319e+04
1.061781641216536082e+04
1.375055675890770726e+04
1.042077887554973131e+04
1.262135501892790126e+04
1.478561060526544316e+04
1.304130059314876780e+04
1.370010452185933445e+03
1.195814803327975096e+04
8.355911254178386116e+02
9.788248974796948460e+03
2.393143477898426681e+03
1.812309921639990080e+03
1.232057725106136786e+03
1.135678075069002261e+03
1.238653915247057284e+03
7.800440949887979514e+02
8.691610715773781521e+02
2.397898299263706576e+03
1.819737610094930005e+03
1.351315936570057238e+04
5.902339528161219278e+02
1.119763142960539699e+04
1.786052170532403034e+04
1.407437762469302834e+04
1.017000194239176381e+04
1.235082698803607491e+04
6.294767776007897737e+02
6.309732294716072829e+02
8.595403524564740110e+02
2.852669654926169642e+03
1.102706022334451973e+03
1.329975504606425784e+04
1.076412147193369492e+03
1.112171970831242106e+04
1.601103280054063725e+04
1.518182512065695846e+04
1.013364400241041403e+04
1.307372333854463614e+04
7.658443368873408872e+02
7.896284537372448540e+02
2.230388659563553119e+03
1.023885747318672657e+03
1.634563872668757540e+04
1.336144091292354460e+03
1.417515955660905820e+04
1.986295913856381958e+04
1.929327740941075899e+04
1.182431726843655269e+04
1.616028284418386284e+04
8.938757067371489029e+02
2.216355434153534588e+03
1.172556961562625020e+03
1.348045349189706394e+04
9.714897918650299289e+02
1.108302811205388934e+04
1.683000029692809767e+04
1.522695065448818605e+04
9.796318680916294397e+03
1.295754767798418106e+04
2.134391665973153067e+03
1.343781632865358006e+03
1.473168712566084650e+04
9.505623125389802226e+02
1.317962209419949795e+04
2.127582470681573614e+04
1.582466645878888812e+04
1.108791472090027310e+04
1.422623480601775736e+04
2.174238678322759370e+03
1.754402178838834152e+04
3.138381418400538678e+03
1.490725908578340568e+04
2.210171653681703901e+04
1.981271900253614149e+04
1.283856369325489686e+04
1.673609893067849771e+04
1.565524048723349733e+04
2.063919159194593249e+03
1.314675034099111144e+04
2.001873689736710730e+04
1.785148635816312890e+04
1.104244504089302063e+04
1.477661289892110108e+04
1.457688244479757850e+04
1.262524473897149619e+03
1.340792558202310101e+04
2.883387698112866929e+03
2.755066545184972711e+03
1.286510490767596366e+03
1.266639421247698010e+04
2.113283229492518876e+04
1.432523068826714371e+04
1.098531508128463247e+04
1.330971691260812077e+04
8.366547924227845215e+03
2.298336927504866253e+03
2.084309707220854762e+03
5.689554969030318716e+02
1.638428680738687399e+04
1.155059253228533635e+04
1.303030327969851533e+04
2.619559381680171100e+03
1.881167394626953410e+03
2.614941385922140853e+03
