4.000000000000000000e+00 5.500000000000000000e+01 2.366973645934081105e+02 2.000000000000000000e+00
6.000000000000000000e+00 4.500000000000000000e+01 2.601731583247569688e+02 2.000000000000000000e+00
2.900000000000000000e+01 3.500000000000000000e+01 2.649156836657080021e+02 2.000000000000000000e+00
2.700000000000000000e+01 6.900000000000000000e+01 2.701128561015548257e+02 2.000000000000000000e+00
2.600000000000000000e+01 6.600000000000000000e+01 3.284625798713141194e+02 2.000000000000000000e+00
4.400000000000000000e+01 5.100000000000000000e+01 3.697539419480622200e+02 2.000000000000000000e+00
1.800000000000000000e+01 5.900000000000000000e+01 3.720021419196364150e+02 2.000000000000000000e+00
5.300000000000000000e+01 6.300000000000000000e+01 3.721245566020047590e+02 2.000000000000000000e+00
9.000000000000000000e+00 2.000000000000000000e+01 3.966175481643208514e+02 2.000000000000000000e+00
5.000000000000000000e+00 7.500000000000000000e+01 4.047588211388106174e+02 3.000000000000000000e+00
1.000000000000000000e+00 7.000000000000000000e+01 4.123314196660234643e+02 3.000000000000000000e+00
2.200000000000000000e+01 7.100000000000000000e+01 4.427000590866292669e+02 3.000000000000000000e+00
3.800000000000000000e+01 5.000000000000000000e+01 4.754755294630613207e+02 2.000000000000000000e+00
4.000000000000000000e+01 6.200000000000000000e+01 5.562653282214960200e+02 2.000000000000000000e+00
5.700000000000000000e+01 8.200000000000000000e+01 5.659716754862299695e+02 3.000000000000000000e+00
7.200000000000000000e+01 7.900000000000000000e+01 5.856459840704962971e+02 5.000000000000000000e+00
5.600000000000000000e+01 6.400000000000000000e+01 5.902339528161219278e+02 2.000000000000000000e+00
3.000000000000000000e+01 6.500000000000000000e+01 6.100001469600815653e+02 2.000000000000000000e+00
3.600000000000000000e+01 7.600000000000000000e+01 6.341276489012280990e+02 3.000000000000000000e+00
2.500000000000000000e+01 7.300000000000000000e+01 6.528461681767234950e+02 3.000000000000000000e+00
1.700000000000000000e+01 8.000000000000000000e+01 6.655187751118373853e+02 4.000000000000000000e+00
3.200000000000000000e+01 8.300000000000000000e+01 6.962072191059643274e+02 3.000000000000000000e+00
8.400000000000000000e+01 8.800000000000000000e+01 7.157159565950204296e+02 6.000000000000000000e+00
2.400000000000000000e+01 3.400000000000000000e+01 7.191609922500715584e+02 2.000000000000000000e+00
0.000000000000000000e+00 9.000000000000000000e+01 7.247016064758788616e+02 5.000000000000000000e+00
5.800000000000000000e+01 6.000000000000000000e+01 7.896284537372448540e+02 2.000000000000000000e+00
1.300000000000000000e+01 3.100000000000000000e+01 8.772371811005668860e+02 2.000000000000000000e+00
2.100000000000000000e+01 8.900000000000000000e+01 1.004171147954659887e+03 4.000000000000000000e+00
8.000000000000000000e+00 8.600000000000000000e+01 1.138752430854479144e+03 3.000000000000000000e+00
9.300000000000000000e+01 9.400000000000000000e+01 1.202125152267216436e+03 7.000000000000000000e+00
3.300000000000000000e+01 7.800000000000000000e+01 1.278897931559954486e+03 3.000000000000000000e+00
8.500000000000000000e+01 8.700000000000000000e+01 1.281484385615006886e+03 7.000000000000000000e+00
4.200000000000000000e+01 8.100000000000000000e+01 1.350103481176867263e+03 4.000000000000000000e+00
7.000000000000000000e+00 1.200000000000000000e+01 1.377861487254019266e+03 2.000000000000000000e+00
3.900000000000000000e+01 5.400000000000000000e+01 1.449071257577164033e+03 2.000000000000000000e+00
1.600000000000000000e+01 1.020000000000000000e+02 1.460186892613679447e+03 5.000000000000000000e+00
9.100000000000000000e+01 9.500000000000000000e+01 1.474269034228523424e+03 5.000000000000000000e+00
4.900000000000000000e+01 1.040000000000000000e+02 1.581851831994170880e+03 3.000000000000000000e+00
2.300000000000000000e+01 9.800000000000000000e+01 1.643361487828062536e+03 4.000000000000000000e+00
1.400000000000000000e+01 9.600000000000000000e+01 1.675733224903515520e+03 3.000000000000000000e+00
7.400000000000000000e+01 1.000000000000000000e+02 1.691855080685047596e+03 5.000000000000000000e+00
2.000000000000000000e+00 1.060000000000000000e+02 1.769395147505076920e+03 6.000000000000000000e+00
7.700000000000000000e+01 9.900000000000000000e+01 1.879830923988229415e+03 9.000000000000000000e+00
9.200000000000000000e+01 1.110000000000000000e+02 1.916156817155146882e+03 1.200000000000000000e+01
9.700000000000000000e+01 1.010000000000000000e+02 2.044699042150159357e+03 1.100000000000000000e+01
1.050000000000000000e+02 1.120000000000000000e+02 2.400938796514484238e+03 1.400000000000000000e+01
6.800000000000000000e+01 1.090000000000000000e+02 2.569803577889943426e+03 4.000000000000000000e+00
6.100000000000000000e+01 1.070000000000000000e+02 2.637415718072260006e+03 4.000000000000000000e+00
1.140000000000000000e+02 1.150000000000000000e+02 2.948265485440279917e+03 2.500000000000000000e+01
6.700000000000000000e+01 1.160000000000000000e+02 3.100552407877910355e+03 5.000000000000000000e+00
1.500000000000000000e+01 5.200000000000000000e+01 3.150960160751946205e+03 2.000000000000000000e+00
4.700000000000000000e+01 1.030000000000000000e+02 3.233646606079134926e+03 3.000000000000000000e+00
4.100000000000000000e+01 1.130000000000000000e+02 3.488854133073410139e+03 1.300000000000000000e+01
1.080000000000000000e+02 1.220000000000000000e+02 3.594070294538570124e+03 1.700000000000000000e+01
1.180000000000000000e+02 1.190000000000000000e+02 4.429979819192102696e+03 3.000000000000000000e+01
3.000000000000000000e+00 1.240000000000000000e+02 4.650472866952543882e+03 3.100000000000000000e+01
1.170000000000000000e+02 1.230000000000000000e+02 4.724689078814145432e+03 2.100000000000000000e+01
1.000000000000000000e+01 1.260000000000000000e+02 5.564286767414986571e+03 2.200000000000000000e+01
4.600000000000000000e+01 1.250000000000000000e+02 7.315296426905201770e+03 3.200000000000000000e+01
2.800000000000000000e+01 3.700000000000000000e+01 7.378576159519301655e+03 2.000000000000000000e+00
1.200000000000000000e+02 1.270000000000000000e+02 7.799125881247744474e+03 2.400000000000000000e+01
4.800000000000000000e+01 1.290000000000000000e+02 1.153113826754232650e+04 3.000000000000000000e+00
1.100000000000000000e+01 1.300000000000000000e+02 1.205039853722042062e+04 2.500000000000000000e+01
1.900000000000000000e+01 1.280000000000000000e+02 1.314379938413788113e+04 3.300000000000000000e+01
4.300000000000000000e+01 1.100000000000000000e+02 1.556014788954900541e+04 6.000000000000000000e+00
1.310000000000000000e+02 1.320000000000000000e+02 1.659024466746647158e+04 2.800000000000000000e+01
1.210000000000000000e+02 1.350000000000000000e+02 2.058829517023902008e+04 3.100000000000000000e+01
1.330000000000000000e+02 1.340000000000000000e+02 5.196952153153919062e+04 3.900000000000000000e+01
1.360000000000000000e+02 1.370000000000000000e+02 7.567411923799253418e+04 7.000000000000000000e+01
