2.809763069382475109e+01
8.291349892864752746e+01
1.320650421389224505e+02
1.585570993391487775e+02
3.963852255347573816e+01
1.262219875272833320e+02
7.792058524310408529e+01
1.468543891965889543e+02
1.695632877940520871e+02
1.197673547005544492e+02
1.898915345810778987e+01
1.364224283527905079e+01
1.931953208223505953e+02
2.439387002103357460e+01
1.351071877377844110e+01
3.174042424166595211e+01
1.271382649339863207e+02
1.510358096594987387e+02
1.673341498507661811e+02
1.325244339473169077e+02
2.001276438546129199e+01
2.950337424601144320e+01
2.610081294450397849e+01
1.746968417675949752e+02
2.185658680801818221e+01
1.818843626313606876e+02
2.297259229706403616e+01
2.016252637140303960e+01
1.443845938647190508e+02
3.862966392111530212e+01
2.014873323790434085e+02
1.584982949800307850e+01
1.769121695930146743e+01
1.706356439854218650e+02
1.873219231209999691e+01
4.467682445829177595e+01
3.502452515561611079e+01
2.442778484389522475e+02
1.134936531771549255e+02
1.614696454242366599e+02
1.603305271476213250e+02
1.368395066103161923e+02
2.337414084849676144e+01
1.717196480460345640e+02
4.065995629350233287e+01
1.493494949400883343e+02
1.600282124759236524e+02
1.381729840939447627e+02
4.452813683012314527e+02
1.597277585733266392e+02
2.588396413545119685e+02
2.267379341576071283e+01
3.010813693719476092e+01
1.342770206652599541e+02
1.351931783170936967e+02
2.047174723528572997e+02
1.981430268845445397e+01
1.517445902489263077e+01
1.348725462044404253e+02
3.675420693940867523e+02
9.722555933944836681e+01
1.497604970065646341e+02
2.640595097333807573e+01
9.437256191509645475e+01
1.265779542174706478e+02
1.764285699115834305e+01
1.643417026944556198e+02
1.850621480968871140e+02
1.242848729921659441e+02
1.543654341059434820e+01
5.202962123335539957e+01
1.557801406131894737e+02
5.549504654050830368e+02
1.732746873886951278e+02
1.791844008227433278e+02
8.955294325856546322e+01
1.240274498043707467e+02
1.822369143065690480e+02
3.757542264068058557e+01
1.528420770283373997e+02
7.996108856713959767e+01
1.446067519449061649e+02
1.612968090293444448e+02
1.140727129824119004e+02
3.285841180467604516e+01
2.754606378226854702e+01
2.104533432332144400e+02
3.953565947116749157e+01
3.057995978118101732e+01
3.333071697816901491e+01
1.306289336968645216e+02
1.393130701692545017e+02
1.670284258703854618e+02
1.278890064125383645e+02
2.594494752477405086e+01
3.379892113980227464e+01
3.049157648057462922e+01
1.978130536485684274e+02
2.893186434838302290e+01
1.761744954657478104e+02
2.748220825771552356e+01
3.042764487568721421e+01
1.677575783617689638e+02
3.490972652555595346e+01
1.929295570399541475e+02
2.955235511925039305e+01
2.601745419304776519e+01
1.703236910851798882e+02
2.326271744156227683e+01
4.186432143008181583e+01
3.328473734387679883e+01
2.342841951923776378e+02
1.132505664170684696e+02
1.500083361388738297e+02
1.531999773181926514e+02
1.291798116888397487e+02
3.415187437765509060e+01
1.708374228176342342e+02
4.749869190780218275e+01
1.440298162589283777e+02
1.588546221408027748e+02
1.341430755102142882e+02
4.312219940198428958e+02
1.549522098511604895e+02
2.709379654512678144e+02
3.363052416947000722e+01
3.636852441615196341e+01
1.566682147846882742e+02
1.356791281078126019e+02
2.041054703946852840e+02
2.482716686920466742e+01
2.589406918664926138e+01
1.328805662784461958e+02
3.580254959593207786e+02
9.403461658963564673e+01
1.404897296716099788e+02
3.526028364418900196e+01
9.530330647665513766e+01
1.277454486079225404e+02
2.496220333698069282e+01
1.522110238169796901e+02
1.657392298661876850e+02
1.231537191658096191e+02
2.234170508207117223e+01
5.741416934373235392e+01
1.506995710322757986e+02
5.427919647156821839e+02
1.599709695023234133e+02
1.729341835505406095e+02
1.355553080834766888e+02
2.497863030087133893e+02
9.392677651590942389e+01
2.177276546894478315e+02
9.751713396334250206e+01
1.461810917677015880e+02
1.517342870955116894e+02
1.705256494849675164e+02
9.144225615434245924e+01
8.547959677545186707e+01
2.659125073635796639e+02
8.678949548911997169e+01
8.563503180101956502e+01
8.564787373439044416e+01
1.163453049120600724e+02
1.533251541463460512e+02
1.537272299536541027e+02
1.345742203292566046e+02
8.408313514942166478e+01
8.294523033446671434e+01
8.563365649052038009e+01
2.585679739732900657e+02
8.591290400765623758e+01
1.446700335380997728e+02
8.739660164686826249e+01
8.256448902437597326e+01
2.348660736606739761e+02
8.710101321678565967e+01
1.719634644131697883e+02
8.570165704685318531e+01
8.909260352683202200e+01
1.569674795594137606e+02
8.008537437932510272e+01
9.001075189123928055e+01
7.880600960930276244e+01
1.993365679779226696e+02
1.209705320910908597e+02
1.613311665987068864e+02
1.545354756154102347e+02
1.189576514358638519e+02
8.774492042079519649e+01
1.640405139148682565e+02
9.871633838902113212e+01
1.491030890781946709e+02
1.536587656949893983e+02
1.344144366023345754e+02
3.394459855314040624e+02
1.522834088594611899e+02
2.804350253224419021e+02
8.381448219904167729e+01
9.197563809837693327e+01
2.199279105380245483e+02
1.451320044448376620e+02
1.851765092908065071e+02
8.657056729129323003e+01
8.934587678821441159e+01
1.261881311952369487e+02
2.715143569242969193e+02
1.097283159107993811e+02
1.455118724899647589e+02
8.252093190815048729e+01
1.131813555745592907e+02
1.333514611874995808e+02
8.191074422348258111e+01
1.614204040867981007e+02
1.673191055886274512e+02
1.331028757437787817e+02
8.542772134401953110e+01
9.106649042901047153e+01
1.487927192540501551e+02
4.834976576932255057e+02
1.670559316098699867e+02
1.540965949283757936e+02
2.795152114777228576e+02
1.350746009405282848e+02
2.508045158929313629e+02
7.896242337797194466e+01
4.047437159227732195e+01
7.276199730202888816e+01
2.060572496966373137e+02
1.323425256075219920e+02
1.297994730029851667e+02
3.028569753832050537e+02
1.363091903476338302e+02
1.305500986307074243e+02
1.369056033659682612e+02
4.787849143224450188e+01
3.642059077526342747e+01
4.690360180075587948e+01
3.729769227597090264e+01
1.320116665070813440e+02
1.386437854102469771e+02
1.319013593601927425e+02
2.911808527647104370e+02
1.322036807944845975e+02
7.203961956717755299e+01
1.235398638376229457e+02
1.299906071489743908e+02
2.679956235402818834e+02
1.418081023988105187e+02
8.104127076123350548e+01
1.316975664051736032e+02
1.264668970555727441e+02
6.027781000519872379e+01
1.208528986528760640e+02
1.443114504839873291e+02
1.355220977640343278e+02
1.751770130662531528e+02
3.242151441801959066e+01
3.836926365519371984e+01
4.267884240915186211e+01
5.800183321128812253e+01
1.301138670341170211e+02
4.819169074280750920e+01
1.373077586749396630e+02
3.892545252255813892e+01
3.949690860209798871e+01
3.220117712935918064e+01
3.454567377382657583e+02
3.571949446398758710e+01
1.753338664581059732e+02
1.285795624836752893e+02
1.282241823725789232e+02
2.523818959088625604e+02
3.451993631782598726e+01
7.860671311919385573e+01
1.280605011601575143e+02
1.315485196608963463e+02
8.622438881301198421e+01
2.959068885407639300e+02
1.211173008831019331e+02
3.593482364546721897e+01
1.298404626245278735e+02
3.297158356135694390e+01
3.215625414670977023e+01
1.271307752459731688e+02
4.008611550617283115e+01
9.777456694840915929e+01
3.471257673961669354e+01
1.276157758615507021e+02
1.114508037586582816e+02
3.049282038691741903e+01
4.085877205774975778e+02
4.489171425437015728e+01
5.951269800550706179e+01
2.084288233444444245e+02
2.910456371406685250e+01
2.401233703343859247e+02
2.847529862122274835e+02
3.108610200039213964e+02
2.259636588435906503e+02
2.002455978679257669e+02
1.755312832133291749e+02
5.708992221785091914e+01
2.002291295729862952e+02
1.665026900514167778e+02
2.005933281702620548e+02
2.609163608254949622e+02
2.920705828538183937e+02
3.272854447899947559e+02
2.648274873551843598e+02
1.935405037827178205e+02
1.980249611999433910e+02
1.871453877982329459e+02
2.774230821719367768e+01
2.169993780132210190e+02
3.241197950163436303e+02
1.965407479722532003e+02
1.835361380949945271e+02
1.575314094561035816e+01
1.762628689942940241e+02
3.479570463651084538e+02
1.818901963748990340e+02
1.860230373199969165e+02
3.258059356403820743e+02
1.657462246527297509e+02
2.254852269259436923e+02
2.002319936605519501e+02
4.619732256541381616e+02
2.444557166721701265e+02
3.156776752304682532e+02
3.021316806285063876e+02
2.787989371034535111e+02
1.890748257791495064e+02
3.268911612747192521e+02
2.146523802040288160e+02
2.852213092269873300e+02
3.060927972541395548e+02
2.905780434132091159e+02
6.633593079552390464e+02
2.932790632437397562e+02
1.630369769108736477e+02
1.619477570139019065e+02
2.111397953106447289e+02
2.689981917507426701e+01
2.738631537001469383e+02
4.436877994995658696e+02
1.785703332215407499e+02
1.691915976804042145e+02
2.783245948603569104e+02
5.440847039703830887e+02
2.653281341430235898e+02
3.095023794278411060e+02
2.006461039778909594e+02
2.109282085754658453e+02
2.799106269798595577e+02
1.675739870553711057e+02
3.052010602702850974e+02
3.672762827911276418e+02
2.500801394201180301e+02
1.741331504338909326e+02
2.096995884277575328e+02
3.071523372716563927e+02
7.330617687117515970e+02
3.070426398233165628e+02
3.216403304874278319e+02
1.676028935096389034e+02
8.801758307664808001e+01
1.608388796544339812e+02
1.653621766697411886e+02
1.178487108890090127e+02
4.482243802773183461e+01
3.752676692777374257e+01
2.269772080769921274e+02
4.148725185209813304e+01
4.235136843623841685e+01
4.815812568436577834e+01
1.298068216601868130e+02
1.646475461852846536e+02
1.825075925792908151e+02
1.417226839244345626e+02
4.535952347677866925e+01
2.787806638949673399e+01
3.205731976177666809e+01
2.201352426825396549e+02
4.762481450959420926e+01
1.942012013410332827e+02
3.635033246147619224e+01
3.617972054330714826e+01
1.864669892100712332e+02
2.666794520085039721e+01
1.948724761220748576e+02
4.170500372467512307e+01
3.206739838423550282e+01
1.662890968267076346e+02
3.089105952671648936e+01
4.847260271540603327e+01
3.712405472640713100e+01
2.528901642022566421e+02
1.302785279859041339e+02
1.762331140565511873e+02
1.743328348331655491e+02
1.299507285794000779e+02
4.993105643041706543e+01
1.873729398899964735e+02
5.819812671750803190e+01
1.674079574261340895e+02
1.687281816048873964e+02
1.473099182986773030e+02
4.494287924439080371e+02
1.673306760389657200e+02
2.794965754990357141e+02
3.469039188175036514e+01
3.478273510158989268e+01
1.692839742704466346e+02
1.546408988228431554e+02
2.288256941593625697e+02
3.538275273022795631e+01
4.591454020887274368e+01
1.262233397745122403e+02
3.637151099954813844e+02
7.666883563558846504e+01
1.575079626412012317e+02
3.064322474521737405e+01
1.104820994223866961e+02
1.413402076808219761e+02
3.125004507922174923e+01
1.486408441642844309e+02
1.679614583763439271e+02
1.426289191824152169e+02
3.760579971939787214e+01
6.295388016100491768e+01
1.645408916967147093e+02
5.389777734255054611e+02
1.837243223412256157e+02
1.741861200722446483e+02
2.068851262515533733e+02
2.678049461816368648e+02
2.888088943242953519e+02
1.712346045387130289e+02
1.639480031016828434e+02
1.422776099311821554e+02
5.458517366374877611e+01
1.653868782249491574e+02
1.355418160820368882e+02
1.712059106140623044e+02
2.286801145861316797e+02
2.665783645337295411e+02
3.121376108784297116e+02
2.359661134248734982e+02
1.650191628197428884e+02
1.658379606675320019e+02
1.560908249371447596e+02
3.865088802607601082e+01
1.830107079936326215e+02
2.990049474430606438e+02
1.589195761981508213e+02
1.462091921178973735e+02
1.674936631020397471e+01
1.432093764722603453e+02
3.262465265522537265e+02
1.502406242201480211e+02
1.518082286394328548e+02
2.991763099368449730e+02
1.274063495566171440e+02
1.945896700655741256e+02
1.625905995751278681e+02
4.379235234999220552e+02
2.141222411226194708e+02
2.979102130837157461e+02
2.873281411337945315e+02
2.468661658834762989e+02
1.591836008625344618e+02
3.125290565409013652e+02
1.848419013059443614e+02
2.689816325371347148e+02
2.748233206730560028e+02
2.662363848941124616e+02
6.299339271324253104e+02
2.743705505644022651e+02
1.349057484281423456e+02
1.252167725197588197e+02
1.766740555886200070e+02
1.436455046479184539e+01
2.556027333897245057e+02
4.017165968997475147e+02
1.450938292287826812e+02
1.400248792293635063e+02
2.396943867617090405e+02
5.258145470603144531e+02
2.269324716907135553e+02
2.919256496270172647e+02
1.595349837086590696e+02
1.837203934412864044e+02
2.541028503854711857e+02
1.360191696066199825e+02
2.704697888004191100e+02
3.491073492207781328e+02
2.302408865701027878e+02
1.399692830609179737e+02
1.713810142464748765e+02
2.752636479035823527e+02
7.047393940778799788e+02
2.936117294505851305e+02
2.929980952439727844e+02
8.406594621477978535e+01
1.208592139618714896e+02
1.742210151323379819e+02
7.986612420838341109e+01
7.594423696639562138e+01
2.639751198327783754e+02
8.085049785138296841e+01
8.128694923658751748e+01
8.963494656916817860e+01
8.912431000491007183e+01
8.456151277570319280e+01
8.887073344481242998e+01
6.902910231373238048e+01
8.277545463740923992e+01
8.132974941573338867e+01
8.433597187856520350e+01
2.491091038123311705e+02
8.131655285525209820e+01
1.170390297195030627e+02
8.513428816588890413e+01
7.688416001033561997e+01
2.292567540565248407e+02
9.457706330759069147e+01
1.237096009575004700e+02
7.856417288423725154e+01
7.841350290230390385e+01
1.146508763575662471e+02
7.284374053889011691e+01
9.946496146957665019e+01
9.103143206526776510e+01
1.693285194466525923e+02
6.761943620342982797e+01
9.049666297712799690e+01
8.678221794897451957e+01
8.383173308892392583e+01
7.432246559147594667e+01
8.679587094019376536e+01
7.985153605619535711e+01
7.422896336734467582e+01
8.831837548340119781e+01
6.616508456675141758e+01
3.295880692435462720e+02
8.991755211589385510e+01
2.313726587842548383e+02
7.873118486738309230e+01
8.570149098201306970e+01
2.132561405019872893e+02
7.948204727745657294e+01
9.959416422324872542e+01
8.287748506289922545e+01
8.199725963317408173e+01
1.158376644819133503e+02
2.770139786540015621e+02
8.812881852954038209e+01
7.705055467398857161e+01
8.258215765903584327e+01
6.331629519840212339e+01
6.344951570085759585e+01
8.034778624188295737e+01
9.020444895099416271e+01
1.378698047261212025e+02
8.359506581029530992e+01
7.954783369963770667e+01
6.712694818900101268e+01
8.286459903737166144e+01
4.383726914180121526e+02
1.007588531170697195e+02
1.128780071686787920e+02
7.022948654763199272e+01
2.448263598364623306e+02
1.500875607259324624e+02
1.426332266901315222e+02
3.027522517146302334e+02
1.503280862391830794e+02
1.450643629361779006e+02
1.451057011285615204e+02
5.100994609648924438e+01
3.036118766973753935e+01
4.196020002550347527e+01
3.946591602763473361e+01
1.427952323798262171e+02
1.493333607193750368e+02
1.498733473716875721e+02
2.899711932735733626e+02
1.417371944995275612e+02
7.386720026615716961e+01
1.496222380427420262e+02
1.417418915766697012e+02
2.784940163159061512e+02
1.590989428519796434e+02
7.877635080598733452e+01
1.445298134267533499e+02
1.462537323607766666e+02
5.272925436070731564e+01
1.416365329570850520e+02
1.628816363256500210e+02
1.551783832005197894e+02
1.723797938542252552e+02
3.985890802844162550e+01
2.951673635970799481e+01
2.736287733793843913e+01
6.768957111786497194e+01
1.412122426127507424e+02
2.915766345727057285e+01
1.463023014139364193e+02
2.927146954689006719e+01
4.846909872061095115e+01
4.121510156419098792e+01
3.382695307994758309e+02
2.990244197531301396e+01
1.879867473413688970e+02
1.428966778259487853e+02
1.456173175932878223e+02
2.698600388003962962e+02
3.297463971331379184e+01
7.957912474069445352e+01
1.417752935590197296e+02
1.428444112432474640e+02
9.358369257668911700e+01
2.964584503114032827e+02
1.368011787424826480e+02
3.219605429345029535e+01
1.489026764011672697e+02
4.526462104488403071e+01
3.629604445866196016e+01
1.444196124135589798e+02
6.156240201369595155e+01
1.026997019588716853e+02
3.209160353967766355e+01
1.452393683177654964e+02
1.298460193994315830e+02
4.636096015994872488e+01
4.084920031355164269e+02
2.487857535545369103e+01
5.100316289352913657e+01
2.486557706887487882e+02
1.746599110971362734e+02
1.623097879963007699e+02
3.085931259341354007e+02
1.624082982166717386e+02
1.655839069783275477e+02
1.680000891691033189e+02
6.029869557221005749e+01
6.738464984217360154e+01
8.425930604766787724e+01
8.502428267437775844e+01
1.600364528254998220e+02
1.481187669741559318e+02
1.616202001366098386e+02
3.153001323483405258e+02
1.604003737035866948e+02
1.084595614924555491e+02
1.694392629884216319e+02
1.539089769834002084e+02
3.079970053014212112e+02
1.610411102801306527e+02
6.199960169109559160e+01
1.612059359812333810e+02
1.688284392367397402e+02
4.060568437840358769e+01
1.572728832899265683e+02
1.785641755969872406e+02
1.628079369780802210e+02
1.803317930254078192e+02
8.159432935135092180e+01
7.823535490170041840e+01
7.149807480527165637e+01
8.372531328639870196e+01
1.650959256542300295e+02
6.995293114557998138e+01
1.732443158684987452e+02
7.507695559643373429e+01
7.505113891117071034e+01
7.564808313951931495e+01
3.400864106821362043e+02
6.884647497443650366e+01
2.181270953139658673e+02
1.461209348090214348e+02
1.584654592245753690e+02
2.808032151775359466e+02
7.703354639489711531e+01
1.089071054064018824e+02
1.621702638824760356e+02
1.717419031223620038e+02
6.600344058063618036e+01
2.960400107990579954e+02
1.314463960681287915e+02
6.867596351715556580e+01
1.568098014559919307e+02
8.362270254095945177e+01
7.520036879568617394e+01
1.552653743996820594e+02
8.544237056825302545e+01
7.748662441820020774e+01
8.314573287781630029e+01
1.707246626401694698e+02
1.554639164209750106e+02
8.024290601588397465e+01
3.714459225541905312e+02
7.652222879361507069e+01
6.286648556787289976e+01
1.239012061462534291e+02
1.194017136898296627e+02
2.577436077910733161e+02
1.256907310765618746e+02
1.187715952963621362e+02
1.388941281829748959e+02
2.149204589446319460e+02
2.466494613040590878e+02
2.689209028266680548e+02
2.148637091957745895e+02
1.367703604263081445e+02
1.324022199297092186e+02
1.134142260393862500e+02
2.446853723201896571e+02
1.353180872795245477e+02
2.697866995754302479e+02
1.044354728375080299e+02
1.242805336208215579e+02
2.026800697052721887e+02
1.271564909782695025e+02
2.941057431650493754e+02
1.266863534603635628e+02
1.125472207935782194e+02
2.694954327957760825e+02
1.064961253072440854e+02
1.199950077417041001e+02
1.296285258529624684e+02
3.129979360211142989e+02
2.032613764793465805e+02
2.650309994404192935e+02
2.719667095582488514e+02
2.227952474840969614e+02
1.366644547872409134e+02
2.883959236965109767e+02
1.493167292422689343e+02
2.549360116712794309e+02
2.409493139299280813e+02
2.288976810676275591e+02
4.768991945974396458e+02
2.471600250558882124e+02
2.920867716365776232e+02
1.149532934066501184e+02
1.078087490394074308e+02
1.776532796789469160e+02
2.396818103232955650e+02
3.029375519762758699e+02
1.135893258345510901e+02
1.290905455913359958e+02
2.013064556530922289e+02
4.086008006681385609e+02
1.799899710301425273e+02
2.485392929294042119e+02
1.073233519135377918e+02
1.815598463057877154e+02
2.277958218933864600e+02
1.131123738557769087e+02
2.363653698400106578e+02
2.808384584663223791e+02
2.229784159923241873e+02
1.178432076160321458e+02
1.311448784189038577e+02
2.390156126540569232e+02
6.032639241369211049e+02
2.776021961108834262e+02
2.599328395632845741e+02
1.544308310464693790e+01
2.306606075717344027e+02
2.743863388320205843e+01
1.908355837755303241e+01
3.227737901655015662e+01
1.284070012519862871e+02
1.561035086040311342e+02
1.727663065180470028e+02
1.325706517818137797e+02
2.113938726928537903e+01
3.294415035135872216e+01
3.119250399505978066e+01
2.141046603803529536e+02
2.838556862602067099e+01
1.853923096905438399e+02
2.482801725318582697e+01
3.064962192575987387e+01
1.807471371840514962e+02
4.360443965115315024e+01
2.053545329115603977e+02
2.073901122614359593e+01
2.017603344197026871e+01
1.827452553078727249e+02
2.887976313589867416e+01
4.456693605693082105e+01
4.197329632479151229e+01
2.519762916388500003e+02
1.139432952872172677e+02
1.641115709879061342e+02
1.651472068273365039e+02
1.406051345025159094e+02
2.344711964822570494e+01
1.738046229506816758e+02
4.401518068773042813e+01
1.552370820815987145e+02
1.597077545385876647e+02
1.384852504195426661e+02
4.448329640429768119e+02
1.624692557407975642e+02
2.847493472488918655e+02
3.327956872814525013e+01
3.557122827910762908e+01
1.672987011951140346e+02
1.416136331418434793e+02
1.984800927348183563e+02
2.998774375247816693e+01
2.174875688945831698e+01
1.366000269473838102e+02
3.695834170531654763e+02
1.044829907550294763e+02
1.492889122529481654e+02
3.264237903262282003e+01
9.907236298370867189e+01
1.291205876626433451e+02
2.359213246290082466e+01
1.687198468025269449e+02
1.886340926302042647e+02
1.295623881209653803e+02
2.072204943614304185e+01
6.163940930812004382e+01
1.589527258183533434e+02
5.518031995020279510e+02
1.792299990393313465e+02
1.872028992877872611e+02
2.079145468408570139e+02
2.141599834531464097e+01
1.195887776691037452e+01
2.435349431500894468e+01
1.235026927971593835e+02
1.511206505083826812e+02
1.679227510965201873e+02
1.324527724265193740e+02
1.300341940712903011e+01
2.838514811915182179e+01
2.369594747720186234e+01
1.896146877759092035e+02
1.789346352379886440e+01
1.798414606971552985e+02
2.397084036509584593e+01
2.013298353378693761e+01
1.580976744059554449e+02
3.715156331863140338e+01
2.000077537246237398e+02
1.681285311602934485e+01
1.520516429943634407e+01
1.669115603144926752e+02
1.934754583244929549e+01
4.317783763577033085e+01
3.301620215916653933e+01
2.474592630885366020e+02
1.161543916830026006e+02
1.562896859528907214e+02
1.540703476957730800e+02
1.352817956764239966e+02
1.921591062335149758e+01
1.703268788173301402e+02
3.857890063820472193e+01
1.500666665276677350e+02
1.579737683135263921e+02
1.375315632269310413e+02
4.471629348061297264e+02
1.558998565848981741e+02
2.700532038898169276e+02
2.550906346743232689e+01
2.676504040598905831e+01
1.468014649005157821e+02
1.343508845403254384e+02
2.042606718925135851e+02
1.798817644588963560e+01
1.658755398846614071e+01
1.327372041864348091e+02
3.705566124233380378e+02
9.429360906597223391e+01
1.425834157257359323e+02
2.532093798974591436e+01
9.859225045869403914e+01
1.279599874030975570e+02
1.486530885563682780e+01
1.652536211593500184e+02
1.811540658141258859e+02
1.239302953938588985e+02
1.325773070848449287e+01
5.473159948217342929e+01
1.574519365305489487e+02
5.496836343669839380e+02
1.709877058721257868e+02
1.765630256845803672e+02
2.171204878790320265e+02
1.963915627529322876e+02
2.270520948982566836e+02
2.794490814764179163e+02
3.038060141505989122e+02
3.474567198407382307e+02
2.873430756614584993e+02
2.211952103910665244e+02
2.183247420064003848e+02
2.077247918664565987e+02
3.568197275202754071e+01
2.428994241489695298e+02
3.380087137099679353e+02
2.231951623032477983e+02
2.054032225987939739e+02
5.662318144671917253e+01
1.891887888488017211e+02
3.591422079623433774e+02
2.105763452740941091e+02
2.158212103165667202e+02
3.398567256449595675e+02
1.886238312633404632e+02
2.444400037214253985e+02
2.216726650160255190e+02
4.503220368718905320e+02
2.675623846673883008e+02
3.377898930563860631e+02
3.204464102700948729e+02
2.962167526853504000e+02
2.196000176080900985e+02
3.484263769121822634e+02
2.360469526417728048e+02
3.086251461479428144e+02
3.257864983810405306e+02
3.149889999152889004e+02
6.599347760118015458e+02
3.113597209146822706e+02
1.760619914548379654e+02
1.781480587245151526e+02
2.281283915115643595e+02
4.994151388144676673e+01
2.966972228813078232e+02
4.578839420806835392e+02
2.008497092018224066e+02
2.004533818239578125e+02
2.822072601135084824e+02
5.500197285009739971e+02
2.839906422798749190e+02
3.335363939323054865e+02
2.224124635293785559e+02
2.360102237210389831e+02
3.048925472444374236e+02
1.891398469957107977e+02
3.250659652415939149e+02
3.695481296644946951e+02
2.736969343024251202e+02
2.052891231019571876e+02
2.307168089087579119e+02
3.315890451522597573e+02
6.898846500283243586e+02
3.248880557657365671e+02
3.292169831700999794e+02
2.495020886919530767e+01
3.263223003875562966e+01
1.231513565384546922e+02
1.567060871415455381e+02
1.746057426772695749e+02
1.348883699644652552e+02
2.762329788500346694e+01
3.352163802485046773e+01
3.169533040145539360e+01
2.097484498584563823e+02
2.491640731487113669e+01
1.832191805263115043e+02
2.726040771026104537e+01
2.847587047698818097e+01
1.812424751288298239e+02
4.389854042056028760e+01
2.026237171818085585e+02
2.459546589764073943e+01
2.462682636580795403e+01
1.712910948037709318e+02
2.649545148058000166e+01
4.138325559721748448e+01
3.868639710498182183e+01
2.439747403052826940e+02
1.226178643642098649e+02
1.695838538191039220e+02
1.654382341864500177e+02
1.435819875509663746e+02
3.446606897486032750e+01
1.688917420059997880e+02
4.729327838846565157e+01
1.602895542170822125e+02
1.610305621606124475e+02
1.407787610094546835e+02
4.421240445228543763e+02
1.630713504919193895e+02
2.793157323682572724e+02
2.848375329782757603e+01
3.093861847155197609e+01
1.679194878688989263e+02
1.397376834200905762e+02
2.113333851609227168e+02
2.347787062604823660e+01
2.806997483408708050e+01
1.299529615780426468e+02
3.694309788675714117e+02
1.000731705469693651e+02
1.498024898709387855e+02
2.563345871379699048e+01
1.053113776194676916e+02
1.352313146969916602e+02
2.754625871254020453e+01
1.688274659507308115e+02
1.886412572661790534e+02
1.347555239630576125e+02
2.618100722994304519e+01
5.462964103081022671e+01
1.635818037001516245e+02
5.510411968081720033e+02
1.850641736783128124e+02
1.680413622041282906e+02
2.668514967464946608e+01
1.190542137411486578e+02
1.492786639738453971e+02
1.671044815021452052e+02
1.353972874081776752e+02
1.763221270756575976e+01
3.039285972346336706e+01
2.594054497383552871e+01
1.786090840898176850e+02
2.139271211057341304e+01
1.828578319239261134e+02
2.296839404495885262e+01
1.892733764782201789e+01
1.512493392026280503e+02
3.470926767227309995e+01
1.985893532659302707e+02
1.644638081564221821e+01
1.835303862376267148e+01
1.626104526264840047e+02
2.044690060440115786e+01
4.512811415302899576e+01
3.041825072440284572e+01
2.486151508270309876e+02
1.159731313359790761e+02
1.557682690780118833e+02
1.547557672327056366e+02
1.387277676010401422e+02
2.245458909830784933e+01
1.699710147938155842e+02
3.926515359115930437e+01
1.476866318040508474e+02
1.574824083466317859e+02
1.396056390059310388e+02
4.452709030506683234e+02
1.550848474479183210e+02
2.639343386239006009e+02
2.432532115093108871e+01
2.763340151326215377e+01
1.372671760485932850e+02
1.347676247247777894e+02
2.055546832136504918e+02
1.722712386190893241e+01
1.061847903502362378e+01
1.306410811994671235e+02
3.685852463958975136e+02
9.288160993469605842e+01
1.494698526505332552e+02
2.528831166359113425e+01
9.872957814377231500e+01
1.290603819123599294e+02
1.233239409289374500e+01
1.657792011523082465e+02
1.828623781438058131e+02
1.234428289440869833e+02
1.603074913743522245e+01
5.436738721390290152e+01
1.554913664511927038e+02
5.517654380261312781e+02
1.700812103361057837e+02
1.710678496891195266e+02
1.322430967718074442e+02
1.535619978871521880e+02
1.737281129110240556e+02
1.426090126428655367e+02
2.512439055480712824e+01
4.200692594771570043e+01
3.271947543602210118e+01
2.126620235780882524e+02
2.568467861229990135e+01
1.867194085320610668e+02
2.954571346153140254e+01
2.839314537465171284e+01
1.862667940019920536e+02
4.328122286252564521e+01
1.972302696535257667e+02
2.727268808479170659e+01
2.743167145249109495e+01
1.687214328982870768e+02
2.759182270743370324e+01
4.837148940797685270e+01
3.821753677999237198e+01
2.474592507898412634e+02
1.303996461458638976e+02
1.596192895174815760e+02
1.569527088127418892e+02
1.457757013764314422e+02
3.480102226170470914e+01
1.764594059024659884e+02
4.784517153253627697e+01
1.529118844791113929e+02
1.612842726144331209e+02
1.503777950452156631e+02
4.553100974261891452e+02
1.545220710074420367e+02
2.900140715179250606e+02
2.627549873735311792e+01
3.085520056378543785e+01
1.729801117966620154e+02
1.361447002288712724e+02
2.276074506939350499e+02
2.190708461681044739e+01
2.654534465037568580e+01
1.374210954888418144e+02
3.475704238408067113e+02
9.731530103102021201e+01
1.524158452528995724e+02
3.152371319781737213e+01
1.122315545821268046e+02
1.399412534674212623e+02
2.892018712293459615e+01
1.710149530054400770e+02
1.783616774807248930e+02
1.324106619056265401e+02
2.426324921074069252e+01
6.023860020100664769e+01
1.685607752351429838e+02
5.136658680312093566e+02
1.766664354109076953e+02
1.711100007283069431e+02
5.768278466832974516e+01
6.231667348829571296e+01
5.552669872155528452e+01
1.278057352673637297e+02
1.196239897807408425e+02
1.262595010815361718e+02
2.696425348092269019e+02
1.263517877946424051e+02
8.935564317433642145e+01
1.297566007284629563e+02
1.201495608791847189e+02
2.508453290791953236e+02
1.309938860196132282e+02
8.290029939055094133e+01
1.251266469651064597e+02
1.262257435636200853e+02
4.023174980730826888e+01
1.244396679835159034e+02
1.460997192454368587e+02
1.356865556445302161e+02
1.722152865157785016e+02
4.684903079334830522e+01
5.944711025304025753e+01
5.557490273423107396e+01
6.286812537249257105e+01
1.243826947104046923e+02
5.277439881387480369e+01
1.311879174819053162e+02
4.918880959747001214e+01
4.222661747663155296e+01
4.532187197724972094e+01
3.247137657785333431e+02
4.826281488461822278e+01
1.733278618611279285e+02
1.183186088949608745e+02
1.231254795827658342e+02
2.265151890475909227e+02
5.635953130567633451e+01
8.240682073878679148e+01
1.222658514047170115e+02
1.293724485008622196e+02
6.481907344750041489e+01
3.029507610693603397e+02
1.158983222723867357e+02
4.984454072101920730e+01
1.236431788628397754e+02
5.403750784169928778e+01
4.275817271728148938e+01
1.177955268928038493e+02
6.856785336990766666e+01
9.847833690529412820e+01
5.502582922143869126e+01
1.286538181079920662e+02
1.164212044743768217e+02
4.384289876669055985e+01
4.079248085984012278e+02
6.524394290677881258e+01
3.605864010413362308e+01
4.251062920083073493e+01
4.562870489493984394e+01
1.469013753257316921e+02
1.514934817584623374e+02
1.522359936220613292e+02
2.933884846650768168e+02
1.542628786320516383e+02
6.451582678318257535e+01
1.478159091511343206e+02
1.481238271962430986e+02
2.832394994429838562e+02
1.609976488370724894e+02
7.863435865669831060e+01
1.503859583037097423e+02
1.526044221680920998e+02
5.757456718377940774e+01
1.416833005762126731e+02
1.586035970275610225e+02
1.550533526061167890e+02
1.710663079329622747e+02
3.342001255834565399e+01
3.513057898681608293e+01
3.659730720757392675e+01
6.355941621734092450e+01
1.460450001232271120e+02
3.923118646188762426e+01
1.522896401988495256e+02
3.129055319677357261e+01
5.361874941099492986e+01
4.005355260133946160e+01
3.495447609348705100e+02
3.914339166905583056e+01
1.880598502382598269e+02
1.473422032450943675e+02
1.524990627720982559e+02
2.664939743227121198e+02
3.228777245676941021e+01
8.211414129213426349e+01
1.450055716476309442e+02
1.458110341559406891e+02
8.791488376825691375e+01
2.963948064219497951e+02
1.327832777532476314e+02
3.597255196092882557e+01
1.524376959646581327e+02
3.867021246127414713e+01
3.565507847372715133e+01
1.451105761810701154e+02
5.699190523444340783e+01
9.693615646969269051e+01
2.854303246747963385e+01
1.460813307018319165e+02
1.259747481828206901e+02
5.180318269710469536e+01
3.984327821827940284e+02
2.610645369473094490e+01
6.412943255088826788e+01
5.257933120621100187e+01
1.678854120460220827e+02
1.719052357907354747e+02
1.690414818515544084e+02
3.341241285664913789e+02
1.703475863590894051e+02
7.646082240704841126e+01
1.734567974207058398e+02
1.631374357394068682e+02
3.229839553311646227e+02
1.814435165873493645e+02
7.780108670277343208e+01
1.678665136067937453e+02
1.686170952788635873e+02
6.344555383686274297e+01
1.645340524544117784e+02
1.856969784272533843e+02
1.768697507134344562e+02
1.459630312033353050e+02
4.593405530735016384e+01
3.450019860886161638e+01
3.409584939392841818e+01
7.577504138715400472e+01
1.632124654679075491e+02
5.104994883567304242e+01
1.642391456076618965e+02
2.856289747742621898e+01
6.633630820062525402e+01
4.162335395201061061e+01
3.554945651721999980e+02
4.394792415170284272e+01
2.230203728743054796e+02
1.676960244353648761e+02
1.721996791453461810e+02
3.113950767172528913e+02
3.423422624311793072e+01
9.162786236436363652e+01
1.689831015505740481e+02
1.653668092287767593e+02
1.038273382636642737e+02
2.711700559380619211e+02
1.548901336486194680e+02
3.066470009475559877e+01
1.756913661364972086e+02
4.114864603945778043e+01
3.628557292516849486e+01
1.648252496411465984e+02
6.628754817584723469e+01
1.085829412717177860e+02
4.051496426910811977e+01
1.682492708337912006e+02
1.432354317839777877e+02
5.948375289682384448e+01
4.145900450837188487e+02
3.627945257614727836e+01
7.846804573470411981e+01
1.358459380923019353e+02
1.349101698714686961e+02
1.397636115496671607e+02
2.718347536523028793e+02
1.330576649924628612e+02
7.318008112646816699e+01
1.322369483961951175e+02
1.316946214777439366e+02
2.571500593375461108e+02
1.447263444033040116e+02
8.732257964553716079e+01
1.349434555113060696e+02
1.335341440470385805e+02
8.541083464560099969e+01
1.233448494797629564e+02
1.413180345995716323e+02
1.400140424970482513e+02
1.661008044782960553e+02
2.904416923624103219e+01
5.203689860719838123e+01
5.149315704295138119e+01
6.437573377522419094e+01
1.337901106556695368e+02
4.529903001720435896e+01
1.399572849071719531e+02
3.889084885065079078e+01
4.518929005326236847e+01
2.654216711043262578e+01
3.424351976117584400e+02
4.843837918750253380e+01
1.596296498551578793e+02
1.267784822990544740e+02
1.375980587710827763e+02
2.444270438201055811e+02
3.479692123346144683e+01
5.033774345186016319e+01
1.304828865567780838e+02
1.354225257640613336e+02
8.681088285394210402e+01
2.987517074088615914e+02
1.349349005770025656e+02
3.717122093763514101e+01
1.318559968949942061e+02
2.460984348924607801e+01
2.291409334725090474e+01
1.366255854540392534e+02
4.689953558353409591e+01
1.114270896201534669e+02
4.224480155982278973e+01
1.303423364518585288e+02
1.151996683593083191e+02
4.336822774096049926e+01
4.183268413458457644e+02
6.033279128689568438e+01
7.291790459367189214e+01
3.142794511875269592e+01
2.642795441624752328e+01
2.036340506158596213e+02
2.120433560630907266e+01
1.792792882212603160e+02
2.888344922660553848e+01
2.135380173788290037e+01
1.749792058877732188e+02
3.851490009897051436e+01
2.007813317301699669e+02
1.534491969343797813e+01
2.013598189877462019e+01
1.670148367740716822e+02
2.373368364397346042e+01
4.625452481869717758e+01
3.364826926332130341e+01
2.442779573086661458e+02
1.189717155120530094e+02
1.535443051979442259e+02
1.528824801033336200e+02
1.350894293875739720e+02
2.101291827800045553e+01
1.692737696220918338e+02
3.946879368698359514e+01
1.480244639486944322e+02
1.629147895890559994e+02
1.400153162117721308e+02
4.567270884138282554e+02
1.552610804821606223e+02
2.856589827464844689e+02
2.583640729733688346e+01
2.725979953331250272e+01
1.663503840747472111e+02
1.355403924663461623e+02
2.163616447911704199e+02
2.022884451336623357e+01
1.790662589047422060e+01
1.377571923778788516e+02
3.680606326298074009e+02
9.736435427207200632e+01
1.408184662820761446e+02
3.306272554063735925e+01
1.018219004438703479e+02
1.318783692809063552e+02
1.915115702640051509e+01
1.704682215549070179e+02
1.806826549925984580e+02
1.295126814677653329e+02
1.861635808768361500e+01
6.081929966235877316e+01
1.638243776020067344e+02
5.485003634585658574e+02
1.686824659517277780e+02
1.779276544980794199e+02
3.448207829129285784e+01
2.102170881418842612e+02
3.667118373808888521e+01
1.831503185605945134e+02
3.963071251206180534e+01
2.509684399220600781e+01
1.825588209596648142e+02
2.980014456468764195e+01
1.863917254546088884e+02
3.389534192377235655e+01
3.065471731767178909e+01
1.630377916290953237e+02
2.614884097703899357e+01
4.473784116241577635e+01
3.382198577049442179e+01
2.425051000260927765e+02
1.240467300944826690e+02
1.683528664627435205e+02
1.609844510367582302e+02
1.256490509976609360e+02
3.545648818864221852e+01
1.733960907608779110e+02
4.433203148959531603e+01
1.508775471064787439e+02
1.658467363633173193e+02
1.387856594997445825e+02
4.382623063013346609e+02
1.612548203769199233e+02
2.874012880817994073e+02
2.684063472874862555e+01
3.847390626427843330e+01
1.672926288256223586e+02
1.439600142087474239e+02
2.115857575426066717e+02
3.513551529644209381e+01
3.079403814327874045e+01
1.244340292819823901e+02
3.517590666860594979e+02
8.121282903372610917e+01
1.470215868665222274e+02
3.534264532693317307e+01
1.035931245924052462e+02
1.317214098956218038e+02
2.785682581289557902e+01
1.524462196772724667e+02
1.675414137950437237e+02
1.331928446651863851e+02
3.190814031223976599e+01
6.709067993912093186e+01
1.640082773420791113e+02
5.295828982781140439e+02
1.734626230735293859e+02
1.657801470284972254e+02
1.983052678960090702e+02
3.311909841149952172e+01
1.846909502227794064e+02
2.597061830901693114e+01
2.637007076038718623e+01
1.682512650671927190e+02
3.673130634001103800e+01
1.993867366502354912e+02
2.348954460821062185e+01
1.947003860726223934e+01
1.579441506387928769e+02
2.599818701719277314e+01
4.536517533271593550e+01
3.609177626416666840e+01
2.396949828706452195e+02
1.229218285605999625e+02
1.612785232371975894e+02
1.625164115993170526e+02
1.367654947181991929e+02
3.095258598021116825e+01
1.781061781129102712e+02
4.442014492408546289e+01
1.558178557361850665e+02
1.619725163027405870e+02
1.440342948346046512e+02
4.409577006426225125e+02
1.620248176243563876e+02
2.728208301918510870e+02
3.093480074953701475e+01
2.744290357950743697e+01
1.555215083999839862e+02
1.436562593314914693e+02
2.166671319462835186e+02
2.253892296975307019e+01
2.724327511347910047e+01
1.327133847926840247e+02
3.522867183136734184e+02
9.399412161053945169e+01
1.453141876663810876e+02
2.618986332381955506e+01
1.062344003718356049e+02
1.361139311971813868e+02
1.529704944598203475e+01
1.645682858403512512e+02
1.784839041402755413e+02
1.340471760341765162e+02
2.506163647197858779e+01
5.468742382205756769e+01
1.579478997093018791e+02
5.514857025540231916e+02
1.737683529346374485e+02
1.753720318860318628e+02
2.276707402322552412e+02
3.266009197810338947e+02
2.129717137047031201e+02
1.915869417413973395e+02
3.227308048829360843e+01
1.753277322167795660e+02
3.515057940501708345e+02
1.943243446517480209e+02
2.006103991345522957e+02
3.317358721933705397e+02
1.782414538804331130e+02
2.339903831899827651e+02
2.130557864831630184e+02
4.676390229277758976e+02
2.535701518865770936e+02
3.212708919286187665e+02
3.056431897461865788e+02
2.861599825011864482e+02
1.997074845288285303e+02
3.314281222715327431e+02
2.234338971337641624e+02
2.906178397972307152e+02
3.176834441552110775e+02
2.983930834326148442e+02
6.716745404711148240e+02
2.969264083843511344e+02
1.695610440177121632e+02
1.730712697836329426e+02
2.203364393517740609e+02
3.711589509061613512e+01
2.804345501282408577e+02
4.478400687074546909e+02
1.898331429971760258e+02
1.807263766421378079e+02
2.854746723660622933e+02
5.512094656798666392e+02
2.737144435486137581e+02
3.167662798402185445e+02
2.143979859472341900e+02
2.196361678750953388e+02
2.888460356754001737e+02
1.779098347261106028e+02
3.072326285921859608e+02
3.672503074176509017e+02
2.573999145769459460e+02
1.898765969194217291e+02
2.228939298787003622e+02
3.198065017851723724e+02
7.124419521234832473e+02
3.114961129169504375e+02
3.237591695730026231e+02
1.770665414869788208e+02
2.849342663835677314e+01
2.420092633756397404e+01
2.008131766628233663e+02
4.433747107652247621e+01
2.049563472657722514e+02
2.226780466142161785e+01
2.526209846170363349e+01
1.714045885465229162e+02
2.375008786843632080e+01
4.615130299475894304e+01
3.236290778325815154e+01
2.398049414898706857e+02
1.216571750309375801e+02
1.618885008822977056e+02
1.546797536821427173e+02
1.418573116869627881e+02
2.826206894419508941e+01
1.664138159611649712e+02
4.584907114845857734e+01
1.530365271528473841e+02
1.619805400459174791e+02
1.396377692292051904e+02
4.387807614348820948e+02
1.511029681852814690e+02
3.062105460785746800e+02
2.895396657909440563e+01
2.520002617368954745e+01
1.894231133217726040e+02
1.367539771221437377e+02
2.132113553190305879e+02
2.202670291831562821e+01
2.750664015027477660e+01
1.324244113527943227e+02
3.709648673659442579e+02
1.002996237815134322e+02
1.432524103151485519e+02
2.870916162267353400e+01
1.037078643436222052e+02
1.309213345870730336e+02
2.558763042543817079e+01
1.714549157554633609e+02
1.820349849927306707e+02
1.288416522946200757e+02
2.288677734278055809e+01
6.076035213807033841e+01
1.627782066910938283e+02
5.471549716229933438e+02
1.744697647709765818e+02
1.666804261574293662e+02
1.801984382053792331e+02
1.828787897293344713e+02
3.163673105702557677e+02
1.814544581932528331e+02
1.000364520915352671e+02
1.818562004427796523e+02
1.816925072431562000e+02
1.032757279937178652e+02
1.745808121155248500e+02
1.688363295229074765e+02
1.787848512731522419e+02
1.564730815950940155e+02
7.433485631661957882e+01
8.284850346937983545e+01
7.746237220248133326e+01
1.009264393839464447e+02
1.759642457556246029e+02
7.806484209315445355e+01
1.806911634567487965e+02
7.425690639325338793e+01
9.097298002405511852e+01
6.938272833021963493e+01
2.935108391979667317e+02
8.147202421880027146e+01
2.154852193322070661e+02
1.820634706078154466e+02
1.843051358937484565e+02
3.036606921914856230e+02
7.471026976633879713e+01
9.958092813752074335e+01
1.770400994428526360e+02
1.829551214526412082e+02
1.253031588929890745e+02
2.718950647163816825e+02
1.710980564286801382e+02
7.083585181354692395e+01
1.795581644241034951e+02
7.512882938033240521e+01
6.990998468117277298e+01
1.787815131221755394e+02
8.981816158357625568e+01
1.271297087626481073e+02
6.858089939808081681e+01
1.803335696521965019e+02
1.605133291274475198e+02
8.561738012065484327e+01
3.826519694403710901e+02
7.759410494269812375e+01
9.304786809332381381e+01
3.158271461949863834e+01
1.789396589719605117e+02
3.914236961795231906e+01
2.005624667661128626e+02
2.965265210565027232e+01
1.830042030060217684e+01
1.742282600001195476e+02
2.354554686720324241e+01
3.768911705848808680e+01
3.630065207187972476e+01
2.467108867833118779e+02
1.169527802395696909e+02
1.611324786450545901e+02
1.607749000036506857e+02
1.420411949743398452e+02
3.210465670840110164e+01
1.793746166549353518e+02
4.921967856352637227e+01
1.550771163830114574e+02
1.490844346648581222e+02
1.448644729515355891e+02
4.389559337416299059e+02
1.578487987273311148e+02
2.758216546852702322e+02
3.074028468505289879e+01
2.298138704203824290e+01
1.635328837348699267e+02
1.386855084256231692e+02
2.098481837709452691e+02
1.816852498490042933e+01
2.337979112415787952e+01
1.388376079849792859e+02
3.623515633008727264e+02
9.902178773600222428e+01
1.531037287986981141e+02
2.026469500815514380e+01
1.025864576898324572e+02
1.351223068548603976e+02
1.922563866396004784e+01
1.634869972243405698e+02
1.827008288517286587e+02
1.281955754310397708e+02
1.857406596617398620e+01
4.875751480920787628e+01
1.550573965494149036e+02
5.527134528685561463e+02
1.748269494254010112e+02
1.769015715994292748e+02
1.647281120902148928e+02
3.455432511986412436e+01
1.939299354940443436e+02
2.629820071158273365e+01
2.508896284881318550e+01
1.566855606139910151e+02
1.301438211632732234e+01
4.893687706990492359e+01
2.533951417722444432e+01
2.468011431446499273e+02
1.156224901574922228e+02
1.555850520718050802e+02
1.511519681351531119e+02
1.279495761779836869e+02
3.147331340200833338e+01
1.719022461024082133e+02
4.163229577710196594e+01
1.472678087673878622e+02
1.632196707889244749e+02
1.345381670875542852e+02
4.433747795628091808e+02
1.506379016037884071e+02
2.688970054683348394e+02
1.783247830666329037e+01
2.660746752906356249e+01
1.493372844105870456e+02
1.357538533233482667e+02
2.039543183668964446e+02
2.141234906535207472e+01
2.424380319443478982e+01
1.225094497418566277e+02
3.612706200784287489e+02
8.972766588206197014e+01
1.398335569435790546e+02
2.569643898969178863e+01
9.581190838851166802e+01
1.270515468713800828e+02
1.914536666703769896e+01
1.572205350916096904e+02
1.836613844140098593e+02
1.211770855431432636e+02
2.012205048091099613e+01
5.831455655975154428e+01
1.556952787371540978e+02
5.470519580451274351e+02
1.645213969566849528e+02
1.684885833149576513e+02
1.589487850154819739e+02
3.389829149095417051e+02
1.639759092120112598e+02
1.677427256847627461e+02
3.180926475496497119e+02
1.481571378560570622e+02
2.067179202906941669e+02
1.822449286080212403e+02
4.503604069215546133e+02
2.341656166259947440e+02
3.084980599205779868e+02
2.984986189501081526e+02
2.638197044936987368e+02
1.705819676232409563e+02
3.202851710337318991e+02
1.950226103620513527e+02
2.796935094042004835e+02
2.901070239925878695e+02
2.831600373307056202e+02
6.579445188774226381e+02
2.839339355890259071e+02
1.551635978249651941e+02
1.483049635914171063e+02
1.910117177701378068e+02
1.799939032777608006e+01
2.646940928664027979e+02
4.311531181976216658e+02
1.604059743425827946e+02
1.535984942111384157e+02
2.682857494553184665e+02
5.400490811250772367e+02
2.479738522239239842e+02
3.023638323658514082e+02
1.813704689207324350e+02
2.013237818426009937e+02
2.712045331837344975e+02
1.485944170450704291e+02
2.905091349592333358e+02
3.511275309933835160e+02
2.428975735248506282e+02
1.554854162853019091e+02
1.918466701468459519e+02
2.933035512092811814e+02
7.049352335171929553e+02
3.049823922313032654e+02
3.142223312082095390e+02
1.903826259897236355e+02
4.196605294084234572e+01
3.595756251363138745e+01
1.647454542578262533e+02
3.488126247861261930e+01
3.980587147036810336e+01
2.413111888050572418e+01
2.460097735409008521e+02
1.333560040349648830e+02
1.721071636423123721e+02
1.678904882892266244e+02
1.316125829857162728e+02
4.669591313860311033e+01
1.817495872599182007e+02
5.022288901800214944e+01
1.629342624962151262e+02
1.682385740138172991e+02
1.499182375773121692e+02
4.423410887135017902e+02
1.672653087707298880e+02
2.554969139889260532e+02
3.380673256232954316e+01
4.207276110461370422e+01
1.424377596163303679e+02
1.490471273430179338e+02
2.216215123569639900e+02
3.107535787927504600e+01
3.768545798495263455e+01
1.299654014897387526e+02
3.420256890822213336e+02
7.465344032809572639e+01
1.596662413125145008e+02
3.623743797158381597e+01
1.105527530732834549e+02
1.435516034685063858e+02
3.220897857371600992e+01
1.558095793448908069e+02
1.624098183196020102e+02
1.386917467220459628e+02
3.538769469120789068e+01
6.349646882118293689e+01
1.672172832373839810e+02
5.056927893136624448e+02
1.794885174951941451e+02
1.681614468800777047e+02
2.028813667620893852e+02
2.016109101953088043e+02
7.077730378041209747e+01
1.934092463357980023e+02
2.041316330883644241e+02
2.013298416524259267e+02
1.620325131287849842e+02
8.889291301959710268e+01
8.037712685648067179e+01
7.798305131522974420e+01
9.152956915045507458e+01
1.963182398694046924e+02
8.659920349872977852e+01
1.907097963902169795e+02
7.913883539226533514e+01
8.980933327729793803e+01
8.568606697180986487e+01
3.494037389542207848e+02
7.488179794402668676e+01
2.268121262504413949e+02
1.894870591071071146e+02
1.977864656894080326e+02
3.222458842283725744e+02
7.626404813340478483e+01
1.290553872059619493e+02
1.949057905333647795e+02
1.989002517638818972e+02
8.224611676551680262e+01
2.692639815004608863e+02
1.554954117504981923e+02
7.941703459741967208e+01
1.975928551885063484e+02
8.402069178928263682e+01
8.201804324527424228e+01
1.964302073497359515e+02
8.695949360929549243e+01
7.075288937912335996e+01
7.957893002227602608e+01
1.993507536182678734e+02
1.660236106108573040e+02
8.996316092493782435e+01
3.330407657548029192e+02
8.232389181710419734e+01
8.335756774157371751e+01
1.977095490661793775e+01
1.670556196382025291e+02
1.976405898424073015e+01
4.332316434446559583e+01
3.552839950477995501e+01
2.482977732184629076e+02
1.184803192902875253e+02
1.569594325473553909e+02
1.582067021796183042e+02
1.358258220689807843e+02
2.420998975769799699e+01
1.721324644466083384e+02
4.279015359379442174e+01
1.523604716081950698e+02
1.608384208110786915e+02
1.414882991909404382e+02
4.498261103138107728e+02
1.562606501475042649e+02
2.748534804289589033e+02
2.872270959203029150e+01
2.623981746889520750e+01
1.540003047225308137e+02
1.356940104628378094e+02
2.109521342152773968e+02
2.007506657758544222e+01
2.023845123915074140e+01
1.346249558206206984e+02
3.717581125080739639e+02
1.009142701104807855e+02
1.407388120348370535e+02
2.915621450902277800e+01
1.003598040199188262e+02
1.306378464979595151e+02
1.924487712965328257e+01
1.669752371263901694e+02
1.799310525909745877e+02
1.290502025689754930e+02
1.724731017281062861e+01
5.778618123086475578e+01
1.575640518841008202e+02
5.514095873562746419e+02
1.742136321200538021e+02
1.782463504531559124e+02
1.683901980643646539e+02
2.125220945360234026e+01
3.927928837160732201e+01
3.393154499880658648e+01
2.493465423035837034e+02
1.156713164793835773e+02
1.582586186915875999e+02
1.591323194612282634e+02
1.353344528359242247e+02
2.436921692723716859e+01
1.739443436280923834e+02
4.163822996698051782e+01
1.532291415422107832e+02
1.534827301346014963e+02
1.363781349803024625e+02
4.498825348136419962e+02
1.573957711141724758e+02
2.735071822342725909e+02
2.587828191117675303e+01
2.336508146268331387e+01
1.554772297619909978e+02
1.357566808650142889e+02
2.155296388365445921e+02
1.810797949393732509e+01
2.199602971138099505e+01
1.347299763621624038e+02
3.718486910611413236e+02
9.359841534425321186e+01
1.415070406764521636e+02
2.544909592325461034e+01
9.774520557868576986e+01
1.308187764957348804e+02
1.514075732577863498e+01
1.620762572537497874e+02
1.797182034342177985e+02
1.279535200821536307e+02
1.488438793564938578e+01
5.326948243616150336e+01
1.547645157476003419e+02
5.562522909513561444e+02
1.739682899572435417e+02
1.787002495058908380e+02
1.639993332222239815e+02
1.912856440607084210e+02
1.727241547442136209e+02
1.799480586455615025e+02
7.374429299709376551e+01
5.629188490762309982e+01
5.138305058858069430e+01
7.851643395471253939e+01
1.651432170265479158e+02
6.304239392875844317e+01
1.649659328146204018e+02
4.936541238278340415e+01
6.446172966884671496e+01
6.796576506679284080e+01
3.757049954880019413e+02
4.765368399693199564e+01
2.291947157887551612e+02
1.531756995012825939e+02
1.599384728584071240e+02
2.907520086342671561e+02
6.040590879449174366e+01
1.339131030011744770e+02
1.601511175513871024e+02
1.711853038765786152e+02
5.459051851848523285e+01
3.145301026182723945e+02
1.335015050519947977e+02
5.040674031348471118e+01
1.615613662247734794e+02
6.969022017670911850e+01
6.429051101936174462e+01
1.533818642386264912e+02
8.049502974244360587e+01
7.125847345430601365e+01
5.968378760162968888e+01
1.702355296076548825e+02
1.416546690885317048e+02
6.447213436863478364e+01
3.744800377074288917e+02
5.795740678701824322e+01
3.789523517704420641e+01
4.485743386265220778e+01
2.198738516294822176e+01
2.446519616462617250e+02
1.110203581304006946e+02
1.562995734000222399e+02
1.494613759072041432e+02
1.286152052191386588e+02
3.030153292967664314e+01
1.666737109712463791e+02
4.223246479984889135e+01
1.426523893106965204e+02
1.554012956770232563e+02
1.327914447066351613e+02
4.385147169119031787e+02
1.526687357197998551e+02
2.472353098954694133e+02
1.988459641810461775e+01
2.917090325860474209e+01
1.328637876642167157e+02
1.352483615069241409e+02
1.949091599962370083e+02
1.934414051247892274e+01
2.259569227086141652e+01
1.259284802202168692e+02
3.538025732474707752e+02
8.658521181708806580e+01
1.423867016081448185e+02
2.526215839457347201e+01
9.204034460037043175e+01
1.239634400355272277e+02
1.967673342954118354e+01
1.458974830748472016e+02
1.744604214979514722e+02
1.190699430016846918e+02
1.625116398122705874e+01
5.069137793507991319e+01
1.487468790067527777e+02
5.452699238698844511e+02
1.642985894260698103e+02
1.754607823155930646e+02
4.467392582275559221e+01
2.365262771472788188e+02
1.343631272250248117e+02
1.782790244440790275e+02
1.762272234683473471e+02
1.498605301228953408e+02
5.071540768552426925e+01
1.858519995875136317e+02
6.043847937359637967e+01
1.711963439052836975e+02
1.669695891439432103e+02
1.550852649965796388e+02
4.173395140088429116e+02
1.713998517822243457e+02
2.970636396280534655e+02
4.908245780438033279e+01
4.288136772412359221e+01
1.978956160949413174e+02
1.518489908843039586e+02
2.148166282739986457e+02
4.071012816114013333e+01
4.433224120588745620e+01
1.495090082302962173e+02
3.393137962779206873e+02
1.083018100177253729e+02
1.613109095347190589e+02
4.531018701484802591e+01
1.168616456405427755e+02
1.481721690730337002e+02
4.221811103751903005e+01
1.686002861684334562e+02
1.746989267051311288e+02
1.474248690453421489e+02
4.019556413427995523e+01
6.465914843286056168e+01
1.718866266218630017e+02
5.091055529966687345e+02
1.885269365509784620e+02
1.865632839933111882e+02
2.474127259581755425e+02
1.268065883141139238e+02
1.689901557832010610e+02
1.641067971833416834e+02
1.348281796057896429e+02
4.299826356267796257e+01
1.853199271826773895e+02
5.333908107099099993e+01
1.560588425911765285e+02
1.680482814283334108e+02
1.480822557720976533e+02
4.497145102717745431e+02
1.635155618028484525e+02
2.847043116663951423e+02
3.377790272261709248e+01
3.861514636726523975e+01
1.677741105318969801e+02
1.461608390033422609e+02
2.250841842359850205e+02
2.888338606829013600e+01
3.382007150244130145e+01
1.360506200671127885e+02
3.420804628262047231e+02
9.202219076119553165e+01
1.550051153286487136e+02
3.443107576673904191e+01
1.067786786908009304e+02
1.404516075727716782e+02
2.949338682952160440e+01
1.582961701144432993e+02
1.665295045885996217e+02
1.344703413358161015e+02
2.888658565697111413e+01
6.246916269015792977e+01
1.615501403626961974e+02
5.176399525251719069e+02
1.770137461593934063e+02
1.802791168165312286e+02
1.718431188632676196e+02
1.870802844797384523e+02
1.735410164129655755e+02
1.636990928950405646e+02
2.422111771579693595e+02
1.833768412678065829e+02
2.440402769703100603e+02
1.779710886591546739e+02
1.884361632573465215e+02
1.707841826179765121e+02
2.847077824874680232e+02
1.826759156665150101e+02
3.745261918005884922e+02
2.465112993420485168e+02
2.492235641857996598e+02
4.358249557292322152e+02
1.769679778401869612e+02
1.899795007893869183e+02
2.438569172704032724e+02
2.483666231248416523e+02
1.659939091616157896e+02
2.309302310567085783e+02
2.317494514025246133e+02
1.655296505569988597e+02
2.450646604235927839e+02
1.729032395013922212e+02
1.723246347132285621e+02
2.460984724818819700e+02
1.817381607123201093e+02
1.694044547689584874e+02
1.790737162699679175e+02
2.483735776862569367e+02
1.934267399860634669e+02
1.829976770060312958e+02
3.680495188161294777e+02
1.832499314575620986e+02
1.772377591368187382e+02
4.761440747369020698e+01
5.000206335601126284e+01
5.209288665077384906e+01
1.170967803886690177e+02
3.921547958050602034e+01
1.241383308743767486e+02
3.485539612679358612e+01
4.422717648714680649e+01
2.469210713225869114e+01
3.331299924962858654e+02
4.922290180022543638e+01
1.557229391593159562e+02
1.164126010019868147e+02
1.239090442856722092e+02
2.193559008033540749e+02
3.924251100770160861e+01
5.103020524828251325e+01
1.163592591566798831e+02
1.173904909212937326e+02
8.821114339149590933e+01
2.956340780027315418e+02
1.207266487472132184e+02
4.012910111887831022e+01
1.222219686652613291e+02
2.222887620273969134e+01
2.379330257607502119e+01
1.170055762719153591e+02
4.330096798372904487e+01
1.084622334091436926e+02
3.223176860782936615e+01
1.140817326807253096e+02
1.066606444374656775e+02
3.299143082830371299e+01
4.116559609268557551e+02
4.122690211123826032e+01
7.570103599772072300e+01
2.740077093808493203e+01
8.075465369455709208e+01
1.518921772945429893e+02
4.581645485274084706e+01
1.544966019355020137e+02
1.977183179435179383e+01
5.546836528053849946e+01
4.387087285046483487e+01
3.690361538042056964e+02
2.553552203847213065e+01
2.141335517142348976e+02
1.557514103120388143e+02
1.606799642019587111e+02
2.967550489664600946e+02
2.132680504916255515e+01
1.028019047981785121e+02
1.531373266958472641e+02
1.560333999137149590e+02
1.093328978218403051e+02
3.079173163585646762e+02
1.424470874842643013e+02
2.384381773151111616e+01
1.684386447870147663e+02
4.322601793306229467e+01
3.941335637497371636e+01
1.563701994579340919e+02
6.850155011613739475e+01
1.023671456260797044e+02
3.239873914590670978e+01
1.537171093284234757e+02
1.399335234104313201e+02
5.115881107770201197e+01
4.150548819279077293e+02
3.317794311401699048e+01
6.238540590628165461e+01
7.466442442699408844e+01
1.539370549679657643e+02
3.889568249459119897e+01
1.567838440941209797e+02
2.256034493152784037e+01
5.705999801632577828e+01
4.298935102882651904e+01
3.621172784802886326e+02
2.853304961429579123e+01
2.044002477888242026e+02
1.505213733400562433e+02
1.622702915493956652e+02
2.879978790766274983e+02
2.919305929930813548e+01
9.132078982059223904e+01
1.486897411283464123e+02
1.534323699053686312e+02
9.806350499248530639e+01
2.997747143739480862e+02
1.376630933720554424e+02
2.916994761217209486e+01
1.589379389020993472e+02
4.423925815315189425e+01
3.535918578580872662e+01
1.528432024923155552e+02
6.581816975909963219e+01
9.712782673858606586e+01
3.572424916949790230e+01
1.575548896214443175e+02
1.339267871766101337e+02
5.575247075084664061e+01
4.075160091284278678e+02
3.823121747035261819e+01
4.874997901875907047e+01
1.388917313916672072e+02
7.594538600528294126e+01
1.416434367840421089e+02
6.982047406034756420e+01
7.310979879498793821e+01
5.762986673407468174e+01
3.123642942547755865e+02
7.010125380949861551e+01
1.730330125005027639e+02
1.332422661896048055e+02
1.406844023401284289e+02
2.496315537535317617e+02
7.321037772328438109e+01
8.007614090477751745e+01
1.369631278919964075e+02
1.392182944529974975e+02
8.765685415480045606e+01
2.826239370795588002e+02
1.295592495588412589e+02
6.642325643094834220e+01
1.400615430024179204e+02
5.727611125235170420e+01
5.883322989009946724e+01
1.317992970975676883e+02
5.784467341685630970e+01
9.669368753119623250e+01
6.490420785617953925e+01
1.368322494617744098e+02
1.266497810841914173e+02
6.059499623460789763e+01
4.096438670163996107e+02
7.095004327252929954e+01
8.104005472713180325e+01
1.718689913021385394e+02
2.871385938410978156e+01
1.470155653197693653e+02
1.609114583413226001e+02
1.375551689276624643e+02
4.471150055419876139e+02
1.545574902611356265e+02
2.801761147226943649e+02
3.552654867138917893e+01
3.398926455514039446e+01
1.615738692832736945e+02
1.340910042049541175e+02
2.148177435280066163e+02
2.724501840571754840e+01
2.246522844418472431e+01
1.348872108296988586e+02
3.641676598224013333e+02
9.185958390812220387e+01
1.392546981854549131e+02
3.676994599912472950e+01
9.979278309302229388e+01
1.291371367932408134e+02
2.326503757441573228e+01
1.686268782011235601e+02
1.787239396640943880e+02
1.223873543802746298e+02
2.421529588335697269e+01
5.159242052942614976e+01
1.604101029240031266e+02
5.397068093556652002e+02
1.661903016412619536e+02
1.796120456254967337e+02
1.762908532943149282e+02
3.517758539625146597e+01
5.372494278453868333e+01
3.701667704065471298e+01
3.490398046717015745e+02
4.224401736855020317e+01
2.228467920950527912e+02
1.695264984106364921e+02
1.786173564875520583e+02
3.124315421961711081e+02
3.833383107730967509e+01
9.032858761231941003e+01
1.702333669009016432e+02
1.717652219937899361e+02
9.842798317698844812e+01
3.038616996012099776e+02
1.553396889550211029e+02
3.504837742543538326e+01
1.746517538858915657e+02
4.520309789945699919e+01
3.474990844129435175e+01
1.733074914515851788e+02
7.047318997636310201e+01
1.053081342431780030e+02
4.362331168669306436e+01
1.769697332907587395e+02
1.492717278650695221e+02
5.441944461102254849e+01
4.118488656517926643e+02
4.199527939851775926e+01
5.809567922275479646e+01
1.506013928256241172e+02
1.674395187877138653e+02
1.439719338223574994e+02
4.536388361629425390e+02
1.594159021941870833e+02
2.981472145281283019e+02
4.835439787906840792e+01
4.605371518149254939e+01
1.854642077306833130e+02
1.345791668888076345e+02
2.331338049084916975e+02
4.331877038337705699e+01
3.925374296099165861e+01
1.374374146491326769e+02
3.616129350487905754e+02
7.752601494186610864e+01
1.399935993430791257e+02
5.243998343537211326e+01
1.041203813442192114e+02
1.363432272236162532e+02
3.966112111793202644e+01
1.642590174970351313e+02
1.604037886486880211e+02
1.299351318433725453e+02
3.809542156863471973e+01
6.248190585933779317e+01
1.664745052140725363e+02
5.204620589620515148e+02
1.683009814104700013e+02
1.805058132888950411e+02
4.770087010958226159e+01
3.195397330700874861e+01
3.456867692188566821e+02
3.115569018248387678e+01
1.848721542816982719e+02
1.458399054223160363e+02
1.563067722310531167e+02
2.710803337154851533e+02
2.313537774697116944e+01
7.384446486728214154e+01
1.478310144693340931e+02
1.414958422688002031e+02
9.480526118557216364e+01
3.008316054968876756e+02
1.394361632938322089e+02
2.406003788325806170e+01
1.588859455756750947e+02
2.971564354842607258e+01
2.376417213703547660e+01
1.446841888868221986e+02
5.947980655804308725e+01
1.024482856021694346e+02
2.584378877644120820e+01
1.476702455346453178e+02
1.270064088746839559e+02
4.359496114189502691e+01
4.162381871687225612e+02
2.933715176268814062e+01
5.274746157324774032e+01
4.227003332738788544e+01
3.413300803473660494e+02
4.327769989903087122e+01
1.740844241788429372e+02
1.551824937738317374e+02
1.567909724346789062e+02
2.768913635197083636e+02
5.240036740262321757e+01
9.271567315361471628e+01
1.498077331435529231e+02
1.555202414092350409e+02
8.949102663461802365e+01
3.025689499372560931e+02
1.496293345861352293e+02
5.125284587719678342e+01
1.581959740052540724e+02
4.858601482936607852e+01
4.257259159409092319e+01
1.557383467506867305e+02
5.814502611111938535e+01
1.097074759828434622e+02
5.065434794148703190e+01
1.572362044101728600e+02
1.271078120163417111e+02
3.428148840151706622e+01
4.113408808739140454e+02
6.408892360521095100e+01
6.341342901609966987e+01
3.440314245731904634e+02
4.538968945519050635e+01
1.892261141730213865e+02
1.368696468696234092e+02
1.452066498945373496e+02
2.704456401584052401e+02
3.117972961197928683e+01
5.677793095102390453e+01
1.404790983361520773e+02
1.397221150024323606e+02
8.685550171339733083e+01
2.991127774187173713e+02
1.311655816372545473e+02
2.898960653041703495e+01
1.449025431118874394e+02
1.931888464936086436e+01
1.587825961900883343e+01
1.394820734886998821e+02
4.582266116037179415e+01
1.070522435962503494e+02
3.596443802471490869e+01
1.410709525136116156e+02
1.239267254370494413e+02
3.518150574648517903e+01
4.192422402615188730e+02
5.021457358237815072e+01
6.847030292490698855e+01
3.473113322517804136e+02
5.418428706010055294e+02
4.387570948283175198e+02
4.526865656386761998e+02
6.341006870270473428e+02
3.772128592867865109e+02
3.463275055801273083e+02
4.436966673679003179e+02
4.487122254993115575e+02
3.689813680779967626e+02
2.562634108076185839e+02
4.261883748259920708e+02
3.597865609799083586e+02
4.383922877566006946e+02
3.606051880639159890e+02
3.452540025174232596e+02
4.425157683370818518e+02
3.651847267869488292e+02
3.681722073429168063e+02
3.453586239293824178e+02
4.502221753830630178e+02
3.858434486448047096e+02
3.359842233575789123e+02
4.490306545504286646e+02
3.551204883021359251e+02
3.464158136209172199e+02
1.841324910950581568e+02
1.514522488605634010e+02
1.543567688255173209e+02
2.709568244343252559e+02
3.041922702221807384e+01
9.313709226056828072e+01
1.513001798034815693e+02
1.560936428108523444e+02
9.403207642687253554e+01
3.035575458277900793e+02
1.376595408676582224e+02
3.340993131338584021e+01
1.586337633088102734e+02
4.818952241631722444e+01
4.137038100079215042e+01
1.564110434810210677e+02
5.960647747423932685e+01
1.021408584412925080e+02
3.802112443692426780e+01
1.593679305134671438e+02
1.308746115865040167e+02
4.520652782770192601e+01
3.981644576227745347e+02
3.618420319514397931e+01
4.832640203350991470e+01
2.444240326300558479e+02
2.901497604663656489e+02
1.441604391601888153e+02
1.849336351025183376e+02
2.791000993867807551e+02
2.622782043283170310e+02
2.673288480743183868e+02
2.147980427880007142e+02
4.581835887285290028e+02
3.033585924718523188e+02
2.097360512335653198e+02
2.804816935115815681e+02
1.397678544739771098e+02
1.876353923137559150e+02
2.546941630240782501e+02
1.671394103497881076e+02
2.778603608791361239e+02
1.706607139764930139e+02
2.619636890418328221e+02
2.489239632882815272e+02
1.806822421726834875e+02
5.712631042508969585e+02
2.041857633779910941e+02
2.078931366034631480e+02
2.948266087445277250e+01
1.263528280483411237e+02
1.347306697959865573e+02
1.978903065349398673e+02
2.192845500356368404e+01
2.642513141950151123e+01
1.095034307871059696e+02
3.577422466103143393e+02
8.749437595725673589e+01
1.473415938937658041e+02
2.382402786703543285e+01
9.516492685026778986e+01
1.271412940908587217e+02
2.232388339069642313e+01
1.566273757617798026e+02
1.817126813842279773e+02
1.214140801467964792e+02
2.156261342888479504e+01
5.605113220310287403e+01
1.561599520921947999e+02
5.380959836490931139e+02
1.672445021789450266e+02
1.583812081693759808e+02
1.768496389209121276e+02
1.405016349318287041e+02
2.225708190258957870e+02
2.247325764485779231e+01
3.298262840336741419e+01
1.290893936753485605e+02
3.724474111455342609e+02
9.494984267743602402e+01
1.444163607111049430e+02
2.535469642113996969e+01
1.076282221725851684e+02
1.374497113260993899e+02
2.374731867085865034e+01
1.648720256513031472e+02
1.834013539796145267e+02
1.335757729976512280e+02
2.824954769693761847e+01
5.231837348324404502e+01
1.605989160849513553e+02
5.522871981140278876e+02
1.757145848402813328e+02
1.658261194722525715e+02
2.555348181163230379e+02
4.132478793815328117e+02
1.459836801598499108e+02
1.438970188661075440e+02
2.356724351677347613e+02
5.287261589884126352e+02
2.271673807118377795e+02
2.910823939486697327e+02
1.614093904803603436e+02
1.891496620223887248e+02
2.568718949640648361e+02
1.354024167685371935e+02
2.763256719283871803e+02
3.397792775846324957e+02
2.305176538936565009e+02
1.441434549760384982e+02
1.735908679323426895e+02
2.788830377143849546e+02
6.913326308623039722e+02
2.937396328574442350e+02
2.871990278357218358e+02
8.400043905881776141e+01
1.334813689337574374e+02
1.346380116265524691e+02
9.672907400187439464e+01
3.066731975169774955e+02
1.231437454080119380e+02
1.998079452120339994e+01
1.430084622658890225e+02
2.868301324171922673e+01
2.852723802828330335e+01
1.384389353564384919e+02
5.585832761146568970e+01
1.001799603177680780e+02
2.732839514369006650e+01
1.355594217795263035e+02
1.239601464049968058e+02
5.234160186197538422e+01
4.153673675395662030e+02
3.780913107939618811e+01
7.012883015140529608e+01
2.064653686040130651e+02
2.109327150430722781e+02
1.079914800955377672e+02
3.177526046239194670e+02
2.312994259939714823e+02
8.065828385527723299e+01
2.091443333334514421e+02
5.441633821855141662e+01
5.234294451561640926e+01
2.105931293515735092e+02
8.657680121499836901e+01
1.547795100464871325e+02
7.768711953963320127e+01
2.106718491710241210e+02
1.768447510723655398e+02
8.401931814004159094e+01
4.552023126662840582e+02
1.053377916516215151e+02
1.176316062176235135e+02
1.785564160654145738e+01
1.321538092938327225e+02
3.652301722510353557e+02
9.003614310756637451e+01
1.477825790117869644e+02
2.035092008427264432e+01
9.948473286087848066e+01
1.306032937178518978e+02
1.380095525971820081e+01
1.575429804890279684e+02
1.762775045938636822e+02
1.252497235734794430e+02
1.687841671404122224e+01
4.552357419141042527e+01
1.545933056251262769e+02
5.490262747552146720e+02
1.677336917129614449e+02
1.628020287106761259e+02
1.386493467310168057e+02
3.660189060017701763e+02
1.001407502978964317e+02
1.494238731761042800e+02
3.201379503124543646e+01
9.849770239715137166e+01
1.292348995591294170e+02
1.315739450322237403e+01
1.620734482648165340e+02
1.848380878275062287e+02
1.222994273058238974e+02
1.483723708436282251e+01
5.306429834554526792e+01
1.564094039721023819e+02
5.528816298855684863e+02
1.691430611702746489e+02
1.801170632612177940e+02
3.055583110003519209e+02
1.097062403209622232e+02
9.333105480580421442e+01
1.230152224593007304e+02
8.649750161877069843e+01
8.656237591198289749e+01
1.263379000558343535e+02
8.812071155593646665e+01
7.843349839465663820e+01
9.763523191812556945e+01
1.375203168409637726e+02
1.209411348907656105e+02
8.775419025645939541e+01
3.660714061719470465e+02
1.108823979003401377e+02
8.841339836059404433e+01
3.525586742618587550e+02
3.023185404933515201e+02
3.583240265557494126e+02
3.033374832466049611e+02
2.992877677805591361e+02
3.593312920942654500e+02
3.013740794740867841e+02
3.062546897405197228e+02
2.959314036449904393e+02
3.672282358424824906e+02
3.065008894851457057e+02
3.001945840918309045e+02
3.420262730648757383e+02
3.004764915685468054e+02
3.062219679148528257e+02
1.325978842589820772e+02
9.105972361128772263e+01
9.917129025880937832e+01
1.249464926719758893e+02
8.925440759945779234e+01
1.271631046974729742e+02
1.290887256395105851e+02
1.187006705888824172e+02
9.589322324076957216e+01
7.856419071632849693e+01
1.467085620708230351e+02
4.715696067953394959e+02
1.474397058014984623e+02
1.455983676102658535e+02
1.540183773379235959e+02
3.586539624920598612e+01
2.689394613588977379e+01
1.423150699207141372e+02
5.361798343101627040e+01
9.217896923519793972e+01
3.453652142425296745e+01
1.478691364690252499e+02
1.303935510131437923e+02
4.789813938817546557e+01
4.086771953240134962e+02
3.532875169612744770e+01
5.388497787401541217e+01
1.032179340176127340e+02
1.336997657950548728e+02
2.256160579827295010e+01
1.640837682214835525e+02
1.837071675104260464e+02
1.303664650969486161e+02
2.650852038579100878e+01
5.093122782612971378e+01
1.613686860819879882e+02
5.524824614821229716e+02
1.808177626963493765e+02
1.603729137562247615e+02
1.730512950957027840e+01
1.001941528715852172e+02
3.842170967075622912e+01
1.050411466341292908e+02
3.174701828611379995e+01
9.541475882504120420e+01
9.383638591354490188e+01
4.165319739391480169e+01
4.176958424885256136e+02
5.178051618642538756e+01
7.570131199655301657e+01
1.309784913166687943e+02
4.439736417737147889e+01
1.052666047573499100e+02
2.915896971182174013e+01
1.285620858707390255e+02
1.202479307113123639e+02
3.876946485550865873e+01
4.164891796635344008e+02
4.470366838703886003e+01
6.472049229340311172e+01
1.559267314346710975e+02
1.786947232730704229e+02
1.242583900341623320e+02
1.661525005918755937e+01
4.686181846262346085e+01
1.545136423800492480e+02
5.516858798627239366e+02
1.693102350951926098e+02
1.668697564278123764e+02
9.280291101303983226e+01
5.468275246733261952e+01
1.625260875558517171e+02
1.228722052184182019e+02
4.605605849586660128e+01
3.907569113766367082e+02
6.641212274385478054e+01
7.983862207305942604e+01
1.046868094810311476e+02
1.834448715976387518e+02
1.630872403556698487e+02
1.074021099193015658e+02
3.270198290122528988e+02
1.017354730682642696e+02
8.709801421039881575e+01
1.226089556287739839e+02
1.124966541797345201e+02
4.530174300703377099e+01
4.132024150744955477e+02
3.019406059783634788e+01
6.066512466367468903e+01
5.068019366858528230e+01
1.556118132119341908e+02
5.523704815379570618e+02
1.685455446198920697e+02
1.810486353666893251e+02
1.267430537308719920e+02
4.648529283839188793e+02
1.443693678505404705e+02
1.461772426462158592e+02
4.150884557267874584e+02
5.446768132989949152e+01
6.515861966995105092e+01
4.087476762573737119e+02
4.126505275527676986e+02
6.483433307515947774e+01
