7.000000000000000000e+00 1.700000000000000000e+01 5.254790039062500000e+02 2.000000000000000000e+00
1.500000000000000000e+01 2.500000000000000000e+01 8.635013427734375000e+02 2.000000000000000000e+00
3.000000000000000000e+00 2.700000000000000000e+01 1.041829101562500000e+03 2.000000000000000000e+00
2.800000000000000000e+01 4.600000000000000000e+01 1.095147705078125000e+03 2.000000000000000000e+00
1.000000000000000000e+00 4.300000000000000000e+01 1.542911254882812500e+03 2.000000000000000000e+00
7.200000000000000000e+01 8.200000000000000000e+01 1.700435455766928271e+03 3.000000000000000000e+00
9.000000000000000000e+00 8.600000000000000000e+01 1.836264237328951594e+03 3.000000000000000000e+00
1.600000000000000000e+01 4.000000000000000000e+01 2.022535766601562500e+03 2.000000000000000000e+00
3.300000000000000000e+01 8.400000000000000000e+01 2.186000841510873670e+03 3.000000000000000000e+00
1.900000000000000000e+01 3.500000000000000000e+01 2.282726318359375000e+03 2.000000000000000000e+00
2.000000000000000000e+01 8.500000000000000000e+01 2.454672295143378960e+03 3.000000000000000000e+00
2.300000000000000000e+01 4.100000000000000000e+01 2.586066650390625000e+03 2.000000000000000000e+00
7.900000000000000000e+01 8.800000000000000000e+01 2.872311093156678453e+03 4.000000000000000000e+00
8.700000000000000000e+01 9.400000000000000000e+01 2.947226240720441183e+03 7.000000000000000000e+00
5.800000000000000000e+01 6.300000000000000000e+01 3.149442138671875000e+03 2.000000000000000000e+00
4.200000000000000000e+01 6.800000000000000000e+01 3.215000488281250000e+03 2.000000000000000000e+00
4.000000000000000000e+00 3.100000000000000000e+01 3.410266113281250000e+03 2.000000000000000000e+00
7.400000000000000000e+01 8.300000000000000000e+01 3.468488324853892209e+03 3.000000000000000000e+00
2.200000000000000000e+01 9.100000000000000000e+01 3.726802795838197653e+03 3.000000000000000000e+00
5.000000000000000000e+01 9.300000000000000000e+01 3.872508979066790289e+03 3.000000000000000000e+00
7.800000000000000000e+01 9.000000000000000000e+01 4.033260829502354227e+03 4.000000000000000000e+00
4.700000000000000000e+01 9.700000000000000000e+01 4.060612680191741219e+03 3.000000000000000000e+00
3.200000000000000000e+01 7.000000000000000000e+01 4.074356933593750000e+03 2.000000000000000000e+00
9.200000000000000000e+01 9.500000000000000000e+01 4.629114941823169829e+03 1.000000000000000000e+01
5.000000000000000000e+00 6.900000000000000000e+01 5.254890625000000000e+03 2.000000000000000000e+00
1.800000000000000000e+01 9.600000000000000000e+01 5.320283381286719305e+03 3.000000000000000000e+00
2.000000000000000000e+00 7.600000000000000000e+01 5.608350585937500000e+03 2.000000000000000000e+00
7.100000000000000000e+01 1.030000000000000000e+02 5.611400708672994369e+03 4.000000000000000000e+00
1.000000000000000000e+02 1.050000000000000000e+02 5.867201544917432329e+03 1.300000000000000000e+01
5.200000000000000000e+01 5.300000000000000000e+01 6.921725097656250000e+03 2.000000000000000000e+00
8.900000000000000000e+01 1.100000000000000000e+02 7.046897499032562337e+03 1.500000000000000000e+01
1.400000000000000000e+01 9.800000000000000000e+01 7.215389630937226684e+03 3.000000000000000000e+00
1.010000000000000000e+02 1.020000000000000000e+02 7.356945982474132506e+03 7.000000000000000000e+00
1.300000000000000000e+01 2.900000000000000000e+01 7.787558593750000000e+03 2.000000000000000000e+00
3.600000000000000000e+01 1.040000000000000000e+02 8.046178245979535859e+03 3.000000000000000000e+00
1.100000000000000000e+01 1.070000000000000000e+02 8.174298416732389342e+03 4.000000000000000000e+00
5.700000000000000000e+01 1.140000000000000000e+02 8.252680720186494000e+03 8.000000000000000000e+00
4.800000000000000000e+01 6.700000000000000000e+01 8.814582031250000000e+03 2.000000000000000000e+00
1.120000000000000000e+02 1.180000000000000000e+02 9.703375535861805474e+03 2.300000000000000000e+01
3.700000000000000000e+01 1.110000000000000000e+02 1.033302188640037639e+04 3.000000000000000000e+00
1.000000000000000000e+01 9.900000000000000000e+01 1.044738860988639499e+04 4.000000000000000000e+00
8.000000000000000000e+00 5.100000000000000000e+01 1.158856347656250000e+04 2.000000000000000000e+00
2.400000000000000000e+01 1.080000000000000000e+02 1.182905935639421659e+04 3.000000000000000000e+00
2.600000000000000000e+01 3.400000000000000000e+01 1.274276171875000000e+04 2.000000000000000000e+00
1.200000000000000000e+02 1.230000000000000000e+02 1.296605940519731121e+04 2.500000000000000000e+01
3.800000000000000000e+01 1.170000000000000000e+02 1.401134371681995435e+04 5.000000000000000000e+00
1.200000000000000000e+01 1.210000000000000000e+02 1.468802118562001669e+04 4.000000000000000000e+00
6.000000000000000000e+00 1.090000000000000000e+02 1.519181706011149436e+04 5.000000000000000000e+00
3.900000000000000000e+01 1.060000000000000000e+02 1.544525713016673399e+04 3.000000000000000000e+00
4.400000000000000000e+01 6.600000000000000000e+01 1.758149023437500000e+04 2.000000000000000000e+00
1.240000000000000000e+02 1.260000000000000000e+02 1.758533110769754421e+04 2.800000000000000000e+01
1.160000000000000000e+02 1.250000000000000000e+02 1.856111964140904092e+04 5.000000000000000000e+00
2.100000000000000000e+01 1.150000000000000000e+02 1.893450889384328548e+04 3.000000000000000000e+00
3.000000000000000000e+01 1.270000000000000000e+02 1.934976718452776913e+04 6.000000000000000000e+00
6.200000000000000000e+01 1.320000000000000000e+02 1.996954122981020191e+04 2.900000000000000000e+01
6.000000000000000000e+01 7.500000000000000000e+01 2.175706250000000000e+04 2.000000000000000000e+00
1.220000000000000000e+02 1.290000000000000000e+02 2.186903718992752692e+04 9.000000000000000000e+00
6.100000000000000000e+01 1.280000000000000000e+02 2.276554099012685037e+04 5.000000000000000000e+00
1.360000000000000000e+02 1.380000000000000000e+02 2.557876233870878423e+04 3.800000000000000000e+01
1.340000000000000000e+02 1.370000000000000000e+02 2.729389542503468692e+04 5.000000000000000000e+00
0.000000000000000000e+00 1.400000000000000000e+02 2.820383445686712002e+04 3.900000000000000000e+01
5.400000000000000000e+01 1.390000000000000000e+02 2.827215738055702968e+04 6.000000000000000000e+00
7.300000000000000000e+01 1.420000000000000000e+02 2.938457514028530568e+04 4.000000000000000000e+01
5.600000000000000000e+01 1.190000000000000000e+02 2.951755578170532317e+04 3.000000000000000000e+00
7.700000000000000000e+01 1.330000000000000000e+02 3.016514523834313150e+04 6.000000000000000000e+00
4.500000000000000000e+01 1.300000000000000000e+02 3.083727407271767515e+04 4.000000000000000000e+00
1.350000000000000000e+02 1.440000000000000000e+02 3.450276171052331483e+04 4.600000000000000000e+01
5.900000000000000000e+01 1.310000000000000000e+02 3.620946110496346955e+04 3.000000000000000000e+00
1.430000000000000000e+02 1.460000000000000000e+02 3.774789065444214793e+04 1.200000000000000000e+01
4.900000000000000000e+01 1.490000000000000000e+02 4.014514925086875883e+04 4.000000000000000000e+00
6.500000000000000000e+01 1.130000000000000000e+02 4.104420170248683280e+04 4.000000000000000000e+00
5.500000000000000000e+01 1.480000000000000000e+02 4.683806720026539551e+04 4.700000000000000000e+01
1.410000000000000000e+02 1.510000000000000000e+02 5.460129498216706997e+04 9.000000000000000000e+00
1.470000000000000000e+02 1.530000000000000000e+02 6.651521355111847515e+04 5.100000000000000000e+01
1.500000000000000000e+02 1.540000000000000000e+02 7.470600762268148537e+04 2.100000000000000000e+01
1.520000000000000000e+02 1.560000000000000000e+02 7.986836083231895464e+04 2.500000000000000000e+01
8.100000000000000000e+01 1.550000000000000000e+02 8.275903077115585620e+04 5.200000000000000000e+01
1.450000000000000000e+02 1.580000000000000000e+02 1.176007163767764287e+05 5.500000000000000000e+01
1.570000000000000000e+02 1.590000000000000000e+02 1.405064769048420712e+05 8.000000000000000000e+01
8.000000000000000000e+01 1.600000000000000000e+02 3.326875448315320536e+05 8.100000000000000000e+01
6.400000000000000000e+01 1.610000000000000000e+02 4.214339660731498734e+05 8.200000000000000000e+01
