0.000000000000000000e+00 6.600000000000000000e+01 1.115736446291430184e+02 2.000000000000000000e+00
1.000000000000000000e+00 3.500000000000000000e+01 1.262244215441946835e+02 2.000000000000000000e+00
6.700000000000000000e+01 7.000000000000000000e+01 1.406688568448574017e+02 3.000000000000000000e+00
2.300000000000000000e+01 5.700000000000000000e+01 1.478867375533536688e+02 2.000000000000000000e+00
1.600000000000000000e+01 2.100000000000000000e+01 1.532135180608161136e+02 2.000000000000000000e+00
6.000000000000000000e+00 1.500000000000000000e+01 1.573925308748296175e+02 2.000000000000000000e+00
1.100000000000000000e+01 2.000000000000000000e+01 1.788988751296496957e+02 2.000000000000000000e+00
4.300000000000000000e+01 4.900000000000000000e+01 1.832397480039344373e+02 2.000000000000000000e+00
7.300000000000000000e+01 7.500000000000000000e+01 1.876743581800807021e+02 4.000000000000000000e+00
7.100000000000000000e+01 7.400000000000000000e+01 1.992965236968912848e+02 4.000000000000000000e+00
1.800000000000000000e+01 4.400000000000000000e+01 2.220058639803842198e+02 2.000000000000000000e+00
2.800000000000000000e+01 7.700000000000000000e+01 2.651885245347556861e+02 3.000000000000000000e+00
5.000000000000000000e+01 5.100000000000000000e+01 2.750687733487211517e+02 2.000000000000000000e+00
8.100000000000000000e+01 8.200000000000000000e+01 3.624458861118910704e+02 5.000000000000000000e+00
3.000000000000000000e+00 5.000000000000000000e+00 3.687942083753189308e+02 2.000000000000000000e+00
4.800000000000000000e+01 6.400000000000000000e+01 3.690043457236765789e+02 2.000000000000000000e+00
1.200000000000000000e+01 7.900000000000000000e+01 3.931605654466856663e+02 5.000000000000000000e+00
7.800000000000000000e+01 8.300000000000000000e+01 4.548028484119980135e+02 9.000000000000000000e+00
3.900000000000000000e+01 7.600000000000000000e+01 4.716504740050179407e+02 3.000000000000000000e+00
9.000000000000000000e+00 5.500000000000000000e+01 4.908790332817834496e+02 2.000000000000000000e+00
7.200000000000000000e+01 8.600000000000000000e+01 5.186982019216675326e+02 8.000000000000000000e+00
5.200000000000000000e+01 5.400000000000000000e+01 5.304754905706613499e+02 2.000000000000000000e+00
1.700000000000000000e+01 3.100000000000000000e+01 5.452999573908268758e+02 2.000000000000000000e+00
4.700000000000000000e+01 8.000000000000000000e+01 5.967921872535335979e+02 3.000000000000000000e+00
2.500000000000000000e+01 3.800000000000000000e+01 6.174700606408368913e+02 2.000000000000000000e+00
1.400000000000000000e+01 9.200000000000000000e+01 6.186674886410504541e+02 3.000000000000000000e+00
4.500000000000000000e+01 5.600000000000000000e+01 6.903686448577113879e+02 2.000000000000000000e+00
1.000000000000000000e+01 8.800000000000000000e+01 7.266512292639389443e+02 4.000000000000000000e+00
6.000000000000000000e+01 8.500000000000000000e+01 7.871044513077235933e+02 3.000000000000000000e+00
5.900000000000000000e+01 6.800000000000000000e+01 8.161955479382265821e+02 2.000000000000000000e+00
5.300000000000000000e+01 8.900000000000000000e+01 8.438056043537771984e+02 3.000000000000000000e+00
3.600000000000000000e+01 9.700000000000000000e+01 8.855127327053477302e+02 5.000000000000000000e+00
3.300000000000000000e+01 9.300000000000000000e+01 9.376967475842395743e+02 4.000000000000000000e+00
2.000000000000000000e+00 7.000000000000000000e+00 9.688211544513656008e+02 2.000000000000000000e+00
3.400000000000000000e+01 9.500000000000000000e+01 9.707701315991342881e+02 4.000000000000000000e+00
2.900000000000000000e+01 6.900000000000000000e+01 1.059940127943362768e+03 2.000000000000000000e+00
4.600000000000000000e+01 9.000000000000000000e+01 1.067677386742758245e+03 9.000000000000000000e+00
9.600000000000000000e+01 9.800000000000000000e+01 1.080206052958970304e+03 5.000000000000000000e+00
4.000000000000000000e+00 5.800000000000000000e+01 1.097388942304789907e+03 2.000000000000000000e+00
8.000000000000000000e+00 1.020000000000000000e+02 1.238650840856195600e+03 5.000000000000000000e+00
1.900000000000000000e+01 2.200000000000000000e+01 1.356126474280360071e+03 2.000000000000000000e+00
3.700000000000000000e+01 8.700000000000000000e+01 1.358195131441586227e+03 1.000000000000000000e+01
1.000000000000000000e+02 1.110000000000000000e+02 1.448825900793514393e+03 1.300000000000000000e+01
4.100000000000000000e+01 1.030000000000000000e+02 1.471285252079341035e+03 3.000000000000000000e+00
9.400000000000000000e+01 1.130000000000000000e+02 1.666633972895885790e+03 5.000000000000000000e+00
9.100000000000000000e+01 1.050000000000000000e+02 1.716498027113062335e+03 4.000000000000000000e+00
6.200000000000000000e+01 1.100000000000000000e+02 1.730069278733231840e+03 3.000000000000000000e+00
2.600000000000000000e+01 1.040000000000000000e+02 1.794446151145047907e+03 5.000000000000000000e+00
4.000000000000000000e+01 1.060000000000000000e+02 1.852226037798679727e+03 1.000000000000000000e+01
8.400000000000000000e+01 1.080000000000000000e+02 1.960151715858752596e+03 4.000000000000000000e+00
9.900000000000000000e+01 1.010000000000000000e+02 2.030183652443215124e+03 7.000000000000000000e+00
4.200000000000000000e+01 1.090000000000000000e+02 2.120845965169836745e+03 6.000000000000000000e+00
1.070000000000000000e+02 1.120000000000000000e+02 2.189686853007378886e+03 1.800000000000000000e+01
1.300000000000000000e+01 1.180000000000000000e+02 2.201024608182623979e+03 1.100000000000000000e+01
3.200000000000000000e+01 6.500000000000000000e+01 2.866567015061700658e+03 2.000000000000000000e+00
1.160000000000000000e+02 1.220000000000000000e+02 3.155289267487058623e+03 2.100000000000000000e+01
1.200000000000000000e+02 1.210000000000000000e+02 3.681886036512873488e+03 1.300000000000000000e+01
6.100000000000000000e+01 1.250000000000000000e+02 4.564720859369866957e+03 2.200000000000000000e+01
2.700000000000000000e+01 1.270000000000000000e+02 4.702518550375468294e+03 2.300000000000000000e+01
1.150000000000000000e+02 1.230000000000000000e+02 4.760655922758327506e+03 1.500000000000000000e+01
1.240000000000000000e+02 1.280000000000000000e+02 5.420927233766704376e+03 2.500000000000000000e+01
3.000000000000000000e+01 1.300000000000000000e+02 5.597253077400780057e+03 2.600000000000000000e+01
1.170000000000000000e+02 1.260000000000000000e+02 6.362566360943257678e+03 1.800000000000000000e+01
1.190000000000000000e+02 1.290000000000000000e+02 8.731166411076002987e+03 1.900000000000000000e+01
6.300000000000000000e+01 1.310000000000000000e+02 9.630867880115731168e+03 2.700000000000000000e+01
1.320000000000000000e+02 1.330000000000000000e+02 1.098022127959137651e+04 3.700000000000000000e+01
2.400000000000000000e+01 1.340000000000000000e+02 1.458513077844885447e+04 2.800000000000000000e+01
1.140000000000000000e+02 1.350000000000000000e+02 1.807077236916868424e+04 4.200000000000000000e+01
1.360000000000000000e+02 1.370000000000000000e+02 2.966251589357972625e+04 7.000000000000000000e+01
