5.900000000000000000e+01 8.300000000000000000e+01 5.973987271183564189e+02 2.000000000000000000e+00
2.400000000000000000e+01 5.300000000000000000e+01 9.700499837167290025e+02 2.000000000000000000e+00
2.600000000000000000e+01 9.100000000000000000e+01 1.096401619903982919e+03 3.000000000000000000e+00
2.100000000000000000e+01 2.800000000000000000e+01 1.215133872203590727e+03 2.000000000000000000e+00
4.400000000000000000e+01 8.100000000000000000e+01 1.383387560426637720e+03 2.000000000000000000e+00
5.200000000000000000e+01 7.000000000000000000e+01 1.446930837081555183e+03 2.000000000000000000e+00
1.700000000000000000e+01 4.000000000000000000e+01 1.473138101326351716e+03 2.000000000000000000e+00
4.000000000000000000e+00 7.100000000000000000e+01 1.527785107800986680e+03 2.000000000000000000e+00
3.400000000000000000e+01 9.200000000000000000e+01 2.010212788462960589e+03 3.000000000000000000e+00
3.000000000000000000e+00 2.500000000000000000e+01 2.184027997476576274e+03 2.000000000000000000e+00
4.500000000000000000e+01 9.700000000000000000e+01 2.346838687345892595e+03 3.000000000000000000e+00
1.300000000000000000e+01 6.600000000000000000e+01 2.432726262532380133e+03 2.000000000000000000e+00
1.800000000000000000e+01 3.800000000000000000e+01 2.727397666689689686e+03 2.000000000000000000e+00
1.600000000000000000e+01 4.600000000000000000e+01 2.757607355658446977e+03 2.000000000000000000e+00
1.000000000000000000e+01 2.700000000000000000e+01 2.766314657399032967e+03 2.000000000000000000e+00
7.800000000000000000e+01 9.500000000000000000e+01 3.176539154466590389e+03 3.000000000000000000e+00
5.400000000000000000e+01 6.500000000000000000e+01 3.292789476371372530e+03 2.000000000000000000e+00
3.200000000000000000e+01 7.500000000000000000e+01 3.390825684502563490e+03 2.000000000000000000e+00
1.010000000000000000e+02 1.050000000000000000e+02 3.483779468725174866e+03 5.000000000000000000e+00
9.600000000000000000e+01 1.070000000000000000e+02 3.743956258733383493e+03 4.000000000000000000e+00
2.900000000000000000e+01 6.300000000000000000e+01 4.314918737445462284e+03 2.000000000000000000e+00
4.700000000000000000e+01 8.200000000000000000e+01 4.406437694838394236e+03 2.000000000000000000e+00
6.800000000000000000e+01 9.400000000000000000e+01 4.416697789816625118e+03 3.000000000000000000e+00
1.000000000000000000e+00 1.900000000000000000e+01 4.879858473504324138e+03 2.000000000000000000e+00
8.000000000000000000e+01 1.100000000000000000e+02 5.017033986888292930e+03 5.000000000000000000e+00
9.800000000000000000e+01 1.060000000000000000e+02 5.180658269138458309e+03 5.000000000000000000e+00
4.900000000000000000e+01 8.400000000000000000e+01 5.653317685901243749e+03 2.000000000000000000e+00
1.080000000000000000e+02 1.090000000000000000e+02 6.036951233996511291e+03 7.000000000000000000e+00
1.500000000000000000e+01 1.000000000000000000e+02 6.354133833509921715e+03 3.000000000000000000e+00
9.300000000000000000e+01 1.030000000000000000e+02 6.948663359518456673e+03 5.000000000000000000e+00
8.000000000000000000e+00 5.100000000000000000e+01 6.972836002124340666e+03 2.000000000000000000e+00
9.900000000000000000e+01 1.140000000000000000e+02 7.166001091018767511e+03 5.000000000000000000e+00
6.100000000000000000e+01 7.900000000000000000e+01 7.554509733561045323e+03 2.000000000000000000e+00
2.300000000000000000e+01 1.040000000000000000e+02 7.573686236822493811e+03 3.000000000000000000e+00
3.900000000000000000e+01 6.000000000000000000e+01 7.911794745637612323e+03 2.000000000000000000e+00
1.130000000000000000e+02 1.190000000000000000e+02 8.745327380880758938e+03 6.000000000000000000e+00
2.000000000000000000e+01 6.700000000000000000e+01 9.136039216143148224e+03 2.000000000000000000e+00
1.100000000000000000e+01 1.400000000000000000e+01 9.401831802051929117e+03 2.000000000000000000e+00
8.500000000000000000e+01 1.180000000000000000e+02 9.737953309085738510e+03 8.000000000000000000e+00
7.000000000000000000e+00 1.170000000000000000e+02 9.747810648251854218e+03 3.000000000000000000e+00
5.800000000000000000e+01 1.160000000000000000e+02 1.002511010926966628e+04 6.000000000000000000e+00
5.000000000000000000e+00 1.260000000000000000e+02 1.159423944742447748e+04 7.000000000000000000e+00
8.600000000000000000e+01 8.700000000000000000e+01 1.191148939514209997e+04 2.000000000000000000e+00
6.900000000000000000e+01 1.220000000000000000e+02 1.233514667759278927e+04 6.000000000000000000e+00
3.100000000000000000e+01 8.800000000000000000e+01 1.238568549532068573e+04 2.000000000000000000e+00
1.120000000000000000e+02 1.150000000000000000e+02 1.248309872366765376e+04 7.000000000000000000e+00
2.000000000000000000e+00 9.000000000000000000e+00 1.288445269063222440e+04 2.000000000000000000e+00
7.700000000000000000e+01 1.310000000000000000e+02 1.334116273505222671e+04 7.000000000000000000e+00
2.200000000000000000e+01 1.290000000000000000e+02 1.441541764352909195e+04 9.000000000000000000e+00
1.020000000000000000e+02 1.350000000000000000e+02 1.651235155013912663e+04 4.000000000000000000e+00
3.600000000000000000e+01 1.370000000000000000e+02 1.726788721860999067e+04 3.000000000000000000e+00
7.300000000000000000e+01 1.300000000000000000e+02 1.731810567586954494e+04 4.000000000000000000e+00
5.000000000000000000e+01 1.200000000000000000e+02 1.755149589270310753e+04 6.000000000000000000e+00
3.500000000000000000e+01 1.110000000000000000e+02 1.901618443045167078e+04 3.000000000000000000e+00
1.240000000000000000e+02 1.340000000000000000e+02 2.048249451944019165e+04 9.000000000000000000e+00
6.200000000000000000e+01 1.270000000000000000e+02 2.148978320904109933e+04 3.000000000000000000e+00
4.300000000000000000e+01 5.500000000000000000e+01 2.197626877276230516e+04 2.000000000000000000e+00
7.200000000000000000e+01 9.000000000000000000e+01 2.231420036861753033e+04 2.000000000000000000e+00
5.600000000000000000e+01 1.420000000000000000e+02 2.257039052227782304e+04 5.000000000000000000e+00
3.700000000000000000e+01 1.400000000000000000e+02 2.398990582506001374e+04 5.000000000000000000e+00
4.200000000000000000e+01 1.210000000000000000e+02 2.444216950993565843e+04 3.000000000000000000e+00
5.700000000000000000e+01 1.450000000000000000e+02 2.449410160625292337e+04 1.000000000000000000e+01
7.600000000000000000e+01 1.470000000000000000e+02 2.571127651088840139e+04 3.000000000000000000e+00
6.000000000000000000e+00 1.390000000000000000e+02 2.617645104846505637e+04 1.000000000000000000e+01
4.100000000000000000e+01 1.330000000000000000e+02 2.677900095948895978e+04 3.000000000000000000e+00
7.400000000000000000e+01 1.520000000000000000e+02 2.755186308340186224e+04 1.100000000000000000e+01
3.300000000000000000e+01 1.440000000000000000e+02 2.809952909656995689e+04 4.000000000000000000e+00
1.430000000000000000e+02 1.510000000000000000e+02 3.227451826242653624e+04 9.000000000000000000e+00
1.250000000000000000e+02 1.580000000000000000e+02 3.380867387604332180e+04 1.100000000000000000e+01
6.400000000000000000e+01 1.320000000000000000e+02 3.544160690104385867e+04 8.000000000000000000e+00
1.280000000000000000e+02 1.460000000000000000e+02 3.570501867479572684e+04 5.000000000000000000e+00
3.000000000000000000e+01 1.410000000000000000e+02 3.672721070438503375e+04 4.000000000000000000e+00
1.380000000000000000e+02 1.540000000000000000e+02 3.740927849956439604e+04 1.700000000000000000e+01
0.000000000000000000e+00 1.630000000000000000e+02 4.358744622421936947e+04 1.800000000000000000e+01
1.480000000000000000e+02 1.600000000000000000e+02 4.484027890290827781e+04 1.000000000000000000e+01
8.900000000000000000e+01 1.360000000000000000e+02 4.716224679177572398e+04 8.000000000000000000e+00
1.490000000000000000e+02 1.650000000000000000e+02 4.717794426526688039e+04 1.500000000000000000e+01
4.800000000000000000e+01 1.530000000000000000e+02 5.237574339562329260e+04 4.000000000000000000e+00
1.570000000000000000e+02 1.670000000000000000e+02 5.789219882037773641e+04 1.900000000000000000e+01
1.560000000000000000e+02 1.590000000000000000e+02 6.093068015452526743e+04 2.200000000000000000e+01
1.550000000000000000e+02 1.620000000000000000e+02 6.197178411870646960e+04 7.000000000000000000e+00
1.200000000000000000e+01 1.230000000000000000e+02 6.709705147950377432e+04 3.000000000000000000e+00
1.660000000000000000e+02 1.680000000000000000e+02 7.992742514922247210e+04 1.200000000000000000e+01
1.500000000000000000e+02 1.700000000000000000e+02 8.671907315481966361e+04 2.700000000000000000e+01
1.640000000000000000e+02 1.740000000000000000e+02 9.756369264719331113e+04 4.500000000000000000e+01
1.610000000000000000e+02 1.710000000000000000e+02 1.011711901179742272e+05 1.200000000000000000e+01
1.690000000000000000e+02 1.720000000000000000e+02 1.039164013569451490e+05 2.200000000000000000e+01
1.760000000000000000e+02 1.770000000000000000e+02 1.350259931929517770e+05 3.400000000000000000e+01
1.730000000000000000e+02 1.750000000000000000e+02 2.015227048018808418e+05 5.700000000000000000e+01
1.780000000000000000e+02 1.790000000000000000e+02 2.587590894841965637e+05 9.100000000000000000e+01
