4.905286451611593890e+01
2.005945194936738218e+01
2.038159600449230879e+01
2.172855770767691652e+01
2.428474976579402878e+01
1.890767237445828641e+01
2.293016869337674635e+01
1.969441712204057282e+01
2.140369293787592397e+01
3.321239573265615519e+01
2.119610559792660354e+01
4.223562187363275910e+01
5.203795080863870481e+01
1.276417808338453774e+01
2.635262846466278219e+01
7.696411423259009510e+00
2.536609551520124484e+01
2.123594723432006859e+01
2.503554477351424268e+01
2.060774469118291563e+01
2.504352119287832679e+01
1.158663420258862864e+01
2.265028387286156786e+01
2.272336148283341828e+01
2.659860210548603732e+01
1.512561884132812118e+01
1.931964092942766342e+01
4.042760910563539767e+01
2.390545646638878097e+01
1.397932487338135275e+02
2.278301902891769970e+01
2.472002186734878393e+01
2.410401443098950480e+01
2.314315589932193262e+01
2.479502328971928549e+01
1.022077550399815493e+01
2.139629838616604118e+01
1.978364089211575205e+01
2.444160513257959977e+01
2.564246119737477159e+01
4.616369396829005467e+01
2.306083229269139778e+01
2.169254202039439861e+01
1.051365332985341006e+01
2.989288789893476306e+01
2.291079487872847764e+01
6.593754026508996446e+00
2.292062372754504906e+01
2.709989216466073714e+01
6.150342490856128386e+00
2.590945687906167905e+01
2.027551509029066423e+01
2.303530112905731642e+01
2.544604294482962459e+01
2.334433384312654525e+01
1.226283074530260997e+01
2.410707090915394701e+01
2.657363539194206226e+01
2.444173199925252149e+01
2.812272367069588341e+01
8.193619073444324385e+00
2.400085143171920876e+01
3.141054424604106288e+01
4.601170846804785697e+01
2.525882261217413571e+01
8.861419651865091396e+00
9.516746566135998009e+00
7.755781869523275418e+01
1.632774384355647257e+01
2.426290809651337455e+01
3.717897433760476389e+01
2.770579228151296292e+01
6.749531110780007737e+01
6.321669603514033042e+01
6.332637939731134225e+01
6.257256205312430097e+01
6.360154033577813948e+01
6.450746217811344252e+01
6.347404962258218575e+01
6.210402200158563346e+01
6.628901565344878577e+01
6.270819008378146719e+01
7.253690953022341148e+01
9.193475518972917371e+01
5.153054557898147436e+01
6.546673705185389736e+01
4.990511389615491566e+01
6.258087639925516044e+01
6.197500823671584413e+01
2.641125769996466133e+01
6.407719147888583677e+01
6.390081778392588774e+01
5.452396040142667744e+01
6.080354545817684198e+01
6.098564010531542579e+01
7.117906414963563577e+01
4.999042879114610116e+01
6.378234366539255973e+01
7.357776455926926928e+01
6.186532036488564046e+01
1.239080823195533583e+02
5.163196500100460185e+01
6.673116326993782366e+01
6.403087232607836654e+01
6.561634833032184133e+01
6.223514391025985049e+01
4.932944695495541509e+01
6.257576938118251064e+01
6.219800760798204919e+01
6.241136305420428698e+01
6.758611108308730309e+01
4.828317764714870464e+01
6.285457961816985062e+01
6.214205951200283096e+01
5.197084232018859495e+01
5.454787835858670775e+01
6.023503664610740316e+01
5.565983835054294815e+01
5.452934457884822450e+01
5.947962600680212120e+01
4.755360332701039283e+01
3.803168652257461702e+01
5.991048952190897126e+01
6.210573004033999922e+01
6.189274200625318656e+01
5.974820241538527910e+01
5.051766898884451962e+01
6.745063218094469448e+01
6.570569750526031783e+01
5.826381665656803222e+01
7.176569724773781900e+01
4.947531399277153241e+01
5.995197089873371965e+01
4.125628889900328033e+01
7.642426220593041819e+01
6.747116514866237935e+01
5.116923196400177432e+01
4.502600469547292050e+01
5.200000982089734691e+01
5.305921431340797056e+01
5.664183818720249519e+01
6.221273859435673614e+01
6.810215961290091968e+01
1.850658581358846178e+01
2.193620899500113097e+01
2.627078722019278700e+01
1.976062019902710176e+01
2.381377342769431493e+01
1.828077203382838434e+01
2.241718020709930670e+01
3.860862935397087625e+01
2.005460298851829037e+01
4.538552936559101170e+01
6.273897155569362383e+01
2.652988875784022582e+01
2.680794214417177912e+01
2.291592847191521187e+01
2.505007699769104690e+01
2.085472035520921708e+01
3.005857131591239551e+01
2.086062874196206351e+01
2.766979656855880521e+01
2.145029781016831549e+01
2.507730269608029516e+01
2.346514523813925379e+01
2.478484460823741387e+01
3.405915037515101318e+01
2.196733077992756478e+01
4.402646442032475704e+01
2.369715680344413755e+01
1.528035854856991023e+02
2.100493454596404064e+01
2.284312303569088698e+01
2.565667599640790897e+01
2.284190921379040873e+01
2.540232467938448835e+01
2.644421012232150048e+01
2.188829812578793010e+01
1.996512991749527188e+01
3.003090783303893119e+01
2.467736481246592106e+01
5.078587220970949545e+01
2.264950399570666306e+01
2.278687588149435683e+01
2.592571002563695970e+01
3.126890684260235176e+01
2.502335178377182601e+01
2.453961838027938924e+01
3.304774805098461599e+01
4.134766790120907132e+01
2.745293581643736758e+01
2.804989506999819326e+01
2.309281565828612059e+01
2.514069487059120789e+01
2.687992701412565211e+01
2.378760137732819047e+01
2.927649071420712801e+01
2.138685159209246933e+01
2.755610367323576781e+01
3.174833226608896553e+01
2.731462361185116805e+01
2.766269652182300831e+01
3.325881437921064077e+01
3.543889713644516348e+01
5.125872307329358790e+01
2.490363137500614954e+01
2.417095526289538654e+01
2.839222791606525220e+01
9.447929972251890263e+01
2.564997694543439621e+01
2.473597403391577032e+01
4.020279974221830344e+01
2.528738823611366371e+01
6.343857871508531865e+00
9.700987045249613416e+00
9.363480783580062194e+00
1.127524855989042507e+01
6.133481894820887348e+00
6.669101372819705276e+00
4.287361271487552727e+01
4.295679161643314536e+00
4.718558021340531639e+01
7.346488569659520351e+01
2.487893860882240205e+01
1.674834283996253603e+01
2.300166491958525228e+01
1.165878410361000661e+01
4.325835730000258117e+00
2.574127601911241214e+01
1.100888917613876572e+01
1.476643747662537542e+01
2.266912072500736386e+01
6.134850454629170002e+00
9.566093627157112422e+00
1.970261285485842961e+01
3.372964742831847218e+01
8.009568676861260172e+00
4.990709390405270085e+01
7.407446249626521428e+00
1.589227306873597740e+02
1.000393810010492501e+01
1.315884487555990745e+01
1.545280529450754869e+01
1.433274422615869526e+01
1.202795518482560766e+01
2.807109956806649720e+01
9.321291324074236329e+00
8.364167681621170303e+00
1.154729021037624292e+01
1.940425194620412697e+01
3.714314965667235668e+01
6.890298752669117732e+00
5.943647029750238175e+00
2.803248600715465955e+01
2.170222351079688039e+01
9.974077417615310637e+00
2.745098287938378689e+01
3.498098055116816596e+01
4.714251116005038966e+01
2.765149325869477082e+01
1.808711789813353477e+01
7.714257409218120642e+00
8.278140248711290283e+00
1.199511397542451263e+01
1.403086351359193884e+01
3.448342280601328014e+01
1.315990392022060362e+01
1.537243657593831436e+01
3.289718804719363732e+01
2.166760562190419748e+01
2.307680719613571085e+01
1.685748869915903825e+01
3.531417433657192362e+01
6.047866598704646179e+01
1.590069510683042431e+01
2.031695346084887177e+01
2.477041568702474450e+01
9.313471069994423601e+01
2.683800818143479461e+01
1.306941816978259219e+01
3.194781349407541171e+01
1.821971094776583655e+01
5.404675587616649679e+00
9.948234196915990424e+00
8.689629922598996359e+00
5.285216723596311006e+00
4.926937554940368003e+00
4.587777257998952507e+01
4.247884773804137204e+00
5.093057690113030844e+01
7.585181837011114681e+01
2.647082047980953234e+01
1.507306538506043481e+01
2.446906823442806811e+01
1.051614462862043986e+01
5.887535721241102138e+00
2.529720690490014334e+01
9.862945503075676967e+00
1.271225950910037383e+01
2.423691416482428806e+01
5.531749005319667845e+00
7.890511431181328028e+00
2.472702107775997504e+01
3.487635750979806915e+01
6.378121999118243401e+00
5.206143553593142315e+01
4.973261661215301999e+00
1.560064293510665721e+02
8.569688339312552472e+00
1.220888076729486826e+01
1.731780559642173856e+01
1.191062516506318048e+01
1.074516705998908783e+01
2.850306037166789253e+01
9.600994842010178942e+00
8.351071748196361000e+00
1.059781466615047307e+01
1.509046538782257052e+01
2.866842340279156076e+01
7.910067542921202843e+00
8.028814921382782188e+00
2.886461052285314821e+01
2.154843647367228598e+01
8.223326538256918283e+00
2.835559181345251645e+01
3.712665177836909436e+01
4.886100872557989305e+01
2.928946289130479386e+01
1.722058724113967543e+01
5.812829985671339017e+00
5.899213869606424687e+00
9.375318704969171080e+00
1.662822995959651351e+01
3.539857615101698229e+01
1.815949388403918263e+01
1.854534055024809192e+01
3.616410845466759127e+01
2.473044999586756987e+01
2.485563942123057046e+01
1.306453684794791315e+01
3.486105762038363309e+01
6.217184927483489787e+01
1.721255397573367318e+01
2.211715550592134250e+01
2.625827691980241241e+01
9.394072488907444551e+01
2.792089476790142655e+01
1.443321873290073754e+01
3.066928375345304758e+01
1.796414281585561667e+01
1.343313271330815795e+01
1.076993702685470566e+01
8.041167244803844483e+00
6.624348224644101890e+00
4.885498410514607315e+01
8.137137332822906188e+00
5.329301786615120307e+01
7.748716935970628583e+01
2.798053178544566322e+01
1.888618724678895688e+01
2.626212979482305343e+01
8.179389224565985828e+00
7.936046640783456674e+00
2.660374051900644332e+01
1.230902129411871115e+01
1.182368481419919526e+01
2.723789490311949635e+01
8.192729575132112529e+00
6.482653236687988318e+00
2.921761353508700410e+01
3.590608318537698551e+01
1.064231165741641050e+01
5.588380158716262969e+01
6.886818644158745784e+00
1.562709248425969975e+02
6.989833340737621192e+00
1.482820899041096929e+01
1.646722102413820821e+01
1.370687602639250180e+01
7.038801557608328707e+00
3.074639111139109460e+01
1.083351710680770097e+01
6.352142410736188793e+00
7.339983614073749330e+00
1.673362485103123021e+01
2.841712251131846401e+01
8.241490122804437490e+00
8.774937075600632852e+00
3.085151414159800254e+01
1.993337153522408300e+01
9.210833127612593429e+00
3.025955743959557154e+01
3.690343574966762219e+01
4.714176040837418213e+01
3.111671749031012268e+01
1.739865815762266621e+01
9.607720681686018338e+00
5.813105833933703614e+00
4.092448166176067659e+00
1.359812493148888635e+01
3.803507726498749264e+01
2.090770136790366251e+01
1.676716903668605596e+01
3.723502022845129034e+01
2.792076361790911321e+01
2.625872736190511958e+01
1.385098256952096740e+01
3.843516558832263286e+01
6.347956685230762020e+01
2.001248672395693973e+01
2.495732966247234685e+01
2.672462906922620718e+01
9.497231319784296488e+01
2.946197009447273985e+01
1.205588838550211150e+01
2.861129929177938891e+01
2.091876873230610556e+01
1.063770581617700728e+01
8.967638125416501182e+00
1.187540279899745421e+01
4.438214828528354872e+01
1.065040868041391775e+01
4.829706788602847922e+01
7.323127443927195657e+01
2.834562019626367402e+01
1.490746174725551043e+01
2.420894352138986250e+01
1.754411259873594986e+01
1.040784959844567759e+01
2.468250364067981550e+01
8.126197067069698576e+00
1.245152786283482982e+01
2.248574345969016619e+01
1.039855978788505553e+01
1.352156986449454124e+01
2.018580626553877622e+01
3.179351164673712304e+01
6.749031370484297909e+00
4.738526601889458334e+01
1.407589303576469675e+01
1.573390399610754287e+02
1.367295671782423483e+01
1.028597456143667621e+01
1.328914037895921396e+01
1.154545008304235942e+01
1.624178430534944440e+01
2.513209322035980620e+01
9.375673786002897359e+00
8.110979505411854973e+00
1.344549108595844267e+01
1.283387474286458740e+01
3.395491161283769088e+01
1.322877136641945306e+01
1.133301632484418597e+01
2.479431241108851225e+01
1.928665557614481330e+01
1.057952416262208928e+01
2.516717355181698323e+01
3.626183651310488898e+01
4.364607561162781479e+01
2.733929779708110885e+01
1.656475726698927531e+01
7.798781096226917953e+00
1.358056328811445290e+01
1.527941597580943522e+01
1.257463351826372744e+01
3.194287215989844242e+01
1.484704259044209707e+01
1.721332169943891444e+01
3.654495243956229444e+01
2.640759929576883280e+01
2.528214922747261539e+01
2.283468892540986417e+01
3.143094678306822232e+01
5.951577392152039181e+01
1.320864392954735322e+01
2.209252192330303544e+01
2.521543775499256412e+01
9.384097550457710213e+01
2.814831674149329643e+01
1.663622959635827669e+01
2.726982974532114667e+01
1.468849316371971270e+01
1.083056361679161661e+01
1.253985483565410597e+01
4.864046614887043773e+01
1.187984089243421337e+01
5.364325815664568609e+01
7.715017513142356620e+01
3.071248877496818608e+01
6.379064214840747482e+00
2.738167263227002124e+01
1.783523145279720978e+01
1.154193906672723458e+01
2.648258593273558859e+01
6.132381993529195441e+00
9.314338198512965405e+00
2.609879639528310591e+01
1.130809740481789305e+01
1.286919121637372143e+01
2.517203756995753139e+01
3.587811968274120744e+01
9.351111571557430224e+00
4.806730288815720087e+01
1.275532898474011212e+01
1.556045080243213192e+02
1.392634633952337886e+01
8.631353423484473097e+00
1.214614208688506380e+01
5.479369390314990262e+00
1.660632825484825048e+01
2.690681551578267516e+01
7.037673252736903251e+00
9.397792841227175842e+00
1.526973872464830251e+01
7.166302974290950090e+00
2.292268022179902687e+01
1.388729385276907102e+01
1.350894007615805847e+01
2.771861869718679827e+01
2.013786737432122820e+01
1.179780009402194452e+01
2.819366125192163608e+01
4.020164649330011031e+01
4.704358137401493423e+01
3.124470916599702264e+01
1.967643382162788868e+01
1.130920190009136306e+01
1.248234596033062260e+01
1.294496320570958758e+01
1.725321927581176240e+01
3.678982054586722938e+01
2.225823588215036963e+01
2.233874919996761221e+01
3.965788807958182360e+01
3.034864549482466600e+01
2.836854743264893486e+01
2.075990162285668106e+01
2.847318094007187739e+01
6.073473773861306313e+01
1.140605723984129227e+01
2.522646521834088418e+01
2.816667494609536959e+01
9.392781051107301948e+01
3.143361685460764221e+01
1.877882893297898548e+01
3.131693479701943161e+01
1.359184047515215532e+01
4.985922299994358653e+00
4.274435616829915574e+01
3.882104608648331734e+00
4.925763462264416859e+01
7.372659584089585394e+01
2.583488550845675746e+01
1.726039948335465013e+01
2.193234444517625548e+01
1.191374407649217737e+01
7.198043889505056470e+00
2.424866235078070531e+01
9.727168733982692217e+00
1.347938187397335597e+01
2.337543168062506638e+01
5.552657802239224338e+00
9.533826282021545140e+00
2.335196061461974182e+01
3.268657215141733019e+01
5.528166310725949550e+00
5.106897462992831294e+01
7.806430832034910949e+00
1.590752709432920824e+02
9.263441504173613339e+00
1.197918738358249691e+01
1.844739008652884493e+01
1.256923290994307507e+01
1.265478459671438571e+01
2.780818936889501103e+01
1.038252887698397764e+01
8.461055710171123678e+00
1.262779800283069775e+01
1.474195446820188948e+01
3.579641316502486603e+01
8.726962724739154353e+00
7.939167946501031636e+00
2.756878569763033227e+01
2.333103002392154579e+01
8.589404212159946539e+00
2.609016253771975613e+01
3.433452945385283783e+01
4.780944524368783277e+01
2.736519391997698847e+01
1.534259213993655280e+01
6.551022917416620572e+00
8.982035014088472380e+00
1.296959912206009591e+01
1.634214227389860952e+01
3.311557489697673873e+01
1.781274102772978551e+01
1.859562327883795874e+01
3.521671195392561060e+01
2.250091185489270629e+01
2.292134930077723709e+01
1.576877393854611498e+01
3.481720059777666165e+01
6.044076250657698068e+01
1.700253226501667569e+01
2.076734138690936504e+01
2.350543325210023227e+01
9.485685851496774035e+01
2.554875963635064551e+01
1.396566919838355147e+01
3.317115853467065278e+01
1.771078929420878012e+01
4.529025892994253866e+01
3.916995471554711727e+00
4.967482446236745375e+01
7.406284547468297319e+01
2.381743508512276719e+01
1.943971366673878975e+01
2.293882850905283988e+01
7.208905406449381381e+00
4.007462329457331052e+00
2.467594634410497889e+01
1.213623265287229636e+01
1.339195417282702749e+01
2.525151922948546712e+01
5.518217398474857482e+00
7.397495673263328797e+00
2.667726772820070380e+01
3.321600023436146643e+01
7.921710879579833886e+00
5.449041788177548540e+01
5.554549619416293105e+00
1.578888619632189716e+02
6.147682436195742284e+00
1.683506841270568444e+01
1.555994108775162843e+01
1.495807177775302321e+01
4.711264865318581130e+00
2.839334101443021297e+01
1.013256177747419429e+01
5.753322622552120791e+00
4.324357600931321599e+00
1.788140901491966517e+01
3.429037480355138001e+01
4.732065243560230172e+00
5.014710003001665584e+00
2.929296983118983988e+01
1.863108221625914496e+01
8.412844650228983312e+00
2.832148503322353505e+01
3.275403944920886090e+01
4.628475581554543083e+01
2.642243401454837937e+01
1.587918475377614769e+01
7.431481641967794260e+00
4.297885625426035361e+00
7.679062322389052397e+00
1.232748631855947608e+01
3.310543489776662085e+01
1.755915757803805377e+01
1.352461345199555964e+01
3.452643564613666882e+01
2.406329823197156159e+01
2.172505837636832382e+01
9.952879732846460215e+00
3.908524059475372781e+01
6.040739767161498008e+01
2.083325839088855602e+01
2.056572395962779609e+01
2.327469117333262716e+01
9.493667871175324535e+01
2.629995748345013595e+01
9.225444984066527354e+00
2.660046651275023777e+01
2.142766469040225985e+01
4.349686589606817932e+01
1.417864381390217687e+01
4.219699062083547858e+01
3.059741697348207623e+01
5.238406871233338080e+01
2.895297579094195939e+01
4.589066188313182693e+01
4.395704643993317973e+01
4.849235850304635420e+01
4.683048928482642026e+01
5.157486012584394075e+01
3.144421091621738285e+01
4.587678854288202501e+01
4.567334890001896497e+01
4.197020988171677658e+01
3.189341146700451901e+01
4.600960298414212701e+01
2.214899905574484507e+01
4.588184919362159064e+01
1.258168759352265624e+02
3.941622970318829289e+01
4.737420743771303222e+01
4.897987668875891387e+01
4.867789252960228197e+01
4.548087752672453377e+01
3.702500420064587416e+01
4.647479377746181939e+01
4.476207657836824438e+01
4.920765432090192348e+01
5.069358198524383141e+01
5.152422461043773438e+01
4.450708431146101418e+01
4.326651506849825068e+01
3.272612837015073239e+01
4.302481785897036559e+01
4.770358486588475699e+01
3.115324225296227212e+01
2.942307058124677255e+01
3.934287040738969665e+01
3.608580384174332778e+01
5.091988697423006727e+01
4.457219301644443021e+01
4.815638629926989012e+01
4.853774268676178849e+01
4.442126567568154627e+01
3.236907466829826063e+01
4.220515767404013019e+01
4.348229472535913942e+01
2.055932972150027283e+01
4.140187675123653577e+01
3.210899748354430017e+01
4.620242991311554448e+01
5.534090353859868117e+01
3.446459200206319196e+01
4.916752920538064586e+01
3.043106782612760242e+01
3.307475496716331520e+01
7.123217870200726054e+01
2.736991411521484707e+01
4.186448234184791062e+01
5.211484143971697591e+01
4.804460362500993398e+01
4.735084569734767257e+01
7.424602497967197223e+01
2.446830212991642739e+01
1.724183165328597767e+01
2.278363834758150475e+01
8.431184361466296906e+00
4.527495945629649299e+00
2.502991968909354981e+01
1.183418343143076790e+01
1.534397113941816215e+01
2.325654396807779278e+01
4.734238792895228976e+00
8.521907378409588674e+00
2.226997958663011445e+01
3.335951542316320229e+01
6.344147351566524762e+00
5.150319115402319170e+01
4.941783171630873106e+00
1.581625005557248755e+02
8.708838458379577929e+00
1.287659072195384624e+01
1.860320815213167833e+01
1.365390032003741183e+01
9.165823227282032803e+00
2.906366286423198986e+01
1.054694742722869627e+01
9.616976590249116441e+00
1.007690026869060240e+01
1.766029864916542635e+01
3.477733778540967791e+01
6.226025571926927071e+00
6.032951109512527665e+00
2.880109007644125185e+01
2.256444395087934396e+01
9.277079880040677295e+00
2.770125276480923660e+01
3.414931385404246100e+01
4.883736682445237420e+01
2.828065361212365048e+01
1.692007148729194910e+01
6.958813704003675049e+00
6.397780297319016540e+00
1.117241205402930326e+01
1.559482571811861007e+01
3.323319527760873626e+01
1.470714807098776156e+01
1.510369042451071842e+01
3.390177894560065397e+01
2.031177265914075036e+01
2.305530603103317944e+01
1.129193668710464671e+01
3.650253787870772015e+01
6.091949463619663874e+01
1.736994159917417946e+01
2.049343221405070636e+01
2.530007981412401463e+01
9.360039904760377283e+01
2.631216109449264806e+01
1.277845968631470974e+01
3.049879522000482979e+01
1.826274044670845598e+01
4.646870889318534381e+01
3.740473087289625198e+01
5.733776338119006510e+01
3.500697415338922269e+01
5.139547728935496451e+01
4.678186143709164213e+01
5.607536058021273107e+01
5.125357085450458072e+01
5.623758878732008526e+01
4.034523264473956772e+01
4.916368419612221174e+01
4.910083452796319392e+01
4.240852609435226128e+01
3.942605387720123389e+01
4.987736489834839659e+01
2.906513501460488413e+01
4.979188148169374983e+01
1.252444109210660486e+02
4.831454267871349373e+01
5.196067890048870908e+01
5.177547421821798679e+01
5.407213001201965596e+01
5.055583476609164961e+01
4.316742772745136847e+01
4.853132670576175656e+01
4.912324683531451086e+01
5.302140203537948082e+01
5.691306722515869154e+01
5.561269964564985457e+01
4.818523744392965824e+01
4.814540880499884423e+01
4.001764452181598841e+01
4.934763401045299958e+01
5.170708971534877207e+01
4.244305889385586994e+01
3.731970312762244646e+01
4.994284194524557563e+01
4.229970448392066373e+01
5.476009934832197956e+01
5.105873656242570746e+01
4.999294586442540123e+01
5.233847069936999219e+01
4.988518300155345031e+01
4.070372919970228054e+01
4.468490644696170477e+01
4.747472828277887658e+01
3.132204341791463520e+01
4.433884695784296071e+01
4.213917182368572156e+01
5.207944668182253167e+01
6.065203441428134568e+01
4.013354029898727049e+01
5.046587078078531619e+01
3.845021959189095639e+01
4.178109039816482095e+01
7.259562858191738144e+01
3.538526670457169843e+01
4.794129330947686896e+01
6.043776386510094056e+01
5.309582537187240803e+01
5.086635835898607638e+01
7.994586151064278567e+01
4.781695777066389041e+01
7.444080021717390139e+01
7.325435988895981154e+01
8.314059426673064479e+01
7.473114404630466368e+01
7.856083285416458750e+01
4.888544787716033113e+01
7.497657987246341804e+01
7.587356460989099105e+01
7.271524880116960787e+01
5.211097307319637650e+01
7.381865723020348469e+01
4.938416347344098511e+01
7.583502680866348555e+01
1.174287034908193164e+02
7.361020264661969748e+01
7.631866905639181198e+01
7.533072773176623116e+01
7.727500748944009956e+01
7.308788326587871609e+01
5.388672061345558006e+01
7.392602780373665894e+01
7.341935288034409268e+01
7.724300367065013972e+01
7.892909845213630149e+01
7.848620257523026567e+01
7.393218796382679159e+01
7.067831645494418069e+01
5.074018340838340890e+01
7.359461425730340522e+01
7.611386626096432906e+01
5.111796990599547996e+01
5.818951025881018069e+01
5.931221479297315113e+01
5.457050712701517625e+01
7.935336106278265333e+01
7.491626924592438286e+01
7.703451437911564881e+01
7.732831287864938474e+01
7.322823967300689674e+01
4.936927004371420935e+01
7.130118776978390827e+01
7.340067064006565545e+01
5.060280856892986634e+01
7.104928363529685953e+01
5.211003947247446177e+01
7.671012221504557260e+01
8.206509485942956417e+01
6.185866245003010988e+01
7.670958515878648143e+01
4.912864548714053825e+01
5.214719362893556109e+01
5.940507006703765569e+01
5.701765749736083677e+01
6.754263524427096854e+01
7.793207176480470366e+01
7.710828544177250876e+01
3.490932071692027705e+01
1.132089413866390615e+01
2.529794425646474210e+01
2.336826353538613432e+01
3.014099936103149702e+01
2.968576370182329072e+01
3.243440271622136351e+01
1.487594372965804723e+01
2.567301654791297949e+01
2.732071257604883385e+01
3.370066967187020879e+01
2.196671527840942062e+01
2.665864912419623067e+01
4.026816175589109292e+01
2.653752029938065959e+01
1.398340304726944225e+02
2.546911901020882496e+01
3.214821841943498271e+01
3.085122547899596057e+01
3.142449730218277537e+01
2.613720874470396538e+01
2.014408296629955686e+01
2.673972807931696849e+01
2.537480292651888547e+01
2.670255293268090924e+01
3.430895046111980662e+01
4.835101981821851780e+01
2.462797823210291526e+01
2.363596031299551470e+01
1.861189469694904375e+01
3.425698599486115370e+01
2.861724083030825128e+01
1.241362441455996191e+01
2.264098828415258424e+01
3.093921250606508977e+01
1.366482746083450550e+01
3.129611332014174252e+01
2.646558710719891749e+01
2.636030330673942501e+01
2.782192003832274096e+01
2.843001616313686242e+01
1.475665293253942778e+01
2.757037261709756848e+01
2.753952132121289154e+01
2.388871635712938968e+01
2.707285965388582838e+01
9.926772464749348046e+00
2.521547371065536680e+01
4.269561024035508012e+01
4.497751678598407210e+01
3.393042320801720280e+01
1.072073448999503142e+01
1.455144439286473457e+01
7.794051463504489163e+01
1.852559708201516386e+01
2.589022310633681556e+01
4.108744027778139696e+01
3.474530651099476586e+01
3.226571444940374533e+01
2.565086573393920943e+01
1.720175818009995083e+01
2.893479391853784222e+01
9.863703684471882838e+00
1.349057069677231624e+01
2.808026942197275133e+01
1.771161209350534804e+01
2.094702911851089766e+01
2.843643056128344071e+01
3.883713048129912693e+01
1.373599149148879306e+01
4.669604753641043260e+01
2.064909921768374801e+01
1.552885344675698320e+02
2.135833009595168264e+01
1.208220137131047700e+01
1.521680085702587704e+01
4.105978485556661894e+00
2.592359334583956354e+01
2.844346360976661714e+01
8.283991289168174177e+00
1.521374673730943883e+01
2.205190126868743761e+01
8.306370515112996955e+00
2.313199586784931938e+01
2.121895438573351811e+01
1.923329857546812960e+01
3.036491079532559922e+01
2.234656522596947070e+01
1.809601251850370573e+01
3.084506228554367624e+01
4.488397544606803535e+01
4.829953829572104951e+01
3.477573443707535716e+01
2.467335428348612680e+01
1.551770328869842430e+01
1.956771994744170939e+01
2.157288649660977597e+01
2.183242171762930894e+01
3.686043973046215427e+01
2.663267311498280776e+01
2.841366310810947482e+01
4.267337005442874442e+01
3.652476617815696613e+01
3.311841031639274746e+01
3.144711047965827078e+01
2.781830565373090991e+01
5.978829402982425734e+01
1.136432888550217513e+01
2.887229037488248196e+01
3.319406435019210022e+01
9.328551297032615253e+01
3.638120129975614248e+01
2.577164178200855815e+01
3.610794079194658224e+01
1.278034453524939806e+01
2.674878294949279578e+01
2.345320081582502070e+01
2.777708380491148432e+01
2.621127578786685319e+01
2.941001882861444017e+01
1.208534375128466287e+01
2.419209043509349044e+01
2.459465716743443053e+01
3.279218711350224424e+01
1.718867839025194044e+01
2.323277331618388786e+01
3.983470293597319056e+01
2.505410034058532531e+01
1.399011829172997352e+02
2.447428840589229182e+01
2.895930474042402381e+01
2.982704502767559163e+01
2.835311760897070599e+01
2.545288057306187213e+01
1.267555208212793971e+01
2.568635743690740014e+01
2.367569251549278775e+01
2.620690338808990916e+01
3.028190500275344021e+01
4.347389582201729752e+01
2.408063361333957531e+01
2.335086324955844361e+01
1.030208448578961011e+01
3.201807225356120767e+01
2.585291216870228581e+01
9.231963987035754826e+00
2.143343865109847002e+01
2.815218351825273402e+01
7.746050598634869999e+00
2.893289246170849438e+01
2.368158397844951324e+01
2.501842206437266469e+01
2.714468150870553487e+01
2.715160844401451001e+01
1.316150027484717100e+01
2.794834113567550915e+01
2.724324483861042623e+01
2.291929936808799795e+01
2.911675155708701013e+01
5.996277570969733794e+00
2.564178133000071824e+01
3.827097923564214454e+01
4.327215162802148285e+01
3.110390833883559125e+01
6.792261725705588837e+00
7.337975321516524652e+00
7.653582385406514277e+01
1.348335208332048474e+01
2.507704091223373410e+01
3.957367256345432338e+01
3.166782044383910488e+01
9.132799507399880667e+00
2.769319829510087771e+01
1.789822192770222387e+01
1.833710957013467180e+01
2.845457967581060643e+01
9.471901348571556412e+00
9.566045229374553927e+00
2.638897550777183554e+01
3.315781639940365721e+01
1.512153849300597130e+01
5.703183784098635556e+01
8.258032414901901319e+00
1.566245743752442081e+02
8.931555430288225850e+00
1.965387331641834123e+01
2.058283639232960383e+01
1.779967389686631662e+01
8.156730315903564232e+00
3.206704327891343098e+01
1.415868255085472782e+01
1.172007468678858899e+01
1.013998086794772391e+01
2.341642860372290613e+01
3.248851748684408847e+01
7.951807432075227666e+00
8.708774220706526847e+00
3.265770426958317074e+01
1.945925211846801162e+01
1.163408538903258815e+01
3.163913019234878377e+01
3.317587345873326399e+01
4.799066066531695185e+01
3.025987745736638956e+01
1.986981678108919169e+01
1.347467070953383050e+01
1.019641221682400634e+01
9.052226580349222118e+00
1.530906735962011211e+01
3.458358630293430025e+01
1.958197188333020478e+01
1.387812648921143044e+01
3.494266366948163238e+01
2.274625663513376495e+01
2.392710261375530578e+01
1.154403136621867176e+01
4.495493829045027212e+01
6.108782228739526943e+01
2.248318447951192667e+01
2.257220556313372839e+01
2.557098555935587214e+01
9.322498268502364738e+01
2.784602520753871602e+01
8.236059468633929015e+00
2.915107902309845400e+01
2.349168757920218553e+01
2.595843754436402406e+01
1.165171537434752125e+01
1.306700027910133954e+01
2.355871721976905064e+01
4.155768873294394261e+00
7.689505713761236372e+00
2.013646248094364566e+01
3.345777466065920436e+01
8.181780872660580073e+00
5.178931483151917803e+01
5.748815132383261250e+00
1.578015285045611620e+02
7.531071627741773966e+00
1.397139343772818521e+01
1.323006472106285614e+01
1.476823596651358628e+01
7.214987772147781087e+00
2.773139704392697169e+01
7.907394010911188431e+00
6.025778359019273722e+00
5.701969220029378782e+00
1.903616804457591272e+01
3.481029704388598134e+01
4.306337645304432193e+00
4.175961640531001606e+00
2.837814887102940631e+01
1.867364948860049623e+01
8.185041354368333799e+00
2.829120471242552171e+01
3.314553618641281929e+01
4.428967414764632338e+01
2.696114375173521438e+01
1.711480035773488240e+01
7.551636419908170694e+00
5.956851223423411668e+00
8.666095312826820773e+00
1.134951583045672230e+01
3.294553991183442321e+01
1.147494376193456489e+01
1.101055123146949910e+01
3.264394087262652988e+01
2.127095228913438874e+01
2.256400962093028895e+01
1.254706179772177421e+01
3.641902306320377392e+01
5.835712701510868072e+01
1.672403501225862854e+01
2.034307881676249963e+01
2.428341295550946910e+01
9.264398883727874079e+01
2.694440712906506263e+01
1.065191474550555562e+01
2.649959095853405344e+01
1.824370543047552218e+01
2.514123307330455859e+01
2.833181620002196155e+01
3.291454485930322704e+01
2.545157087325979006e+01
2.274660020842068775e+01
3.314825584210488074e+01
3.392142506499976662e+01
2.481647667279907665e+01
5.145068224832098025e+01
2.587662055250099513e+01
1.350702091581086393e+02
2.598497906841463845e+01
2.703267656089688842e+01
2.987709136420929923e+01
2.693610052912834618e+01
2.619978063053486750e+01
3.081171472170093750e+01
2.659304679142307037e+01
2.568652353195697202e+01
2.748968035109262331e+01
2.772854832657051460e+01
3.921204428074079118e+01
2.623795782548964439e+01
2.621963944338963159e+01
3.058455132064763404e+01
3.351744882547315996e+01
2.368607687493506120e+01
3.059387431718970518e+01
3.912418085377109378e+01
5.241988576170449932e+01
3.231139845372513975e+01
1.125213949968067695e+01
2.527405722133405419e+01
2.592127306550201382e+01
2.775866319959667550e+01
2.954975000272566632e+01
3.463806987048094754e+01
2.964051258514334819e+01
3.063052355729432819e+01
3.862914567182470904e+01
3.467667338973947011e+01
2.872161218800669147e+01
2.398800178627529434e+01
2.478013643573722646e+01
6.093906778130133262e+01
2.929559453780804290e+01
2.763039716005568991e+01
2.851163239395687299e+01
5.924228909029356061e+01
2.990519407586077705e+01
2.789080313126832067e+01
3.587592768753904693e+01
3.003548323085922078e+01
9.322828468836146243e+00
2.544184399076922531e+01
1.083428425227795699e+01
1.298958530692977220e+01
2.286137717352004373e+01
3.286925680552010220e+01
7.791712515402652528e+00
4.696695850092542202e+01
1.438443650045645228e+01
1.545953007447879486e+02
1.443448671805009198e+01
8.323457754681708565e+00
1.244478356741947955e+01
7.873776615902633225e+00
1.853273577576582554e+01
2.496801555054433308e+01
6.362649193307156281e+00
7.820342906574817121e+00
1.495007281024042101e+01
8.335019738400555767e+00
2.697192728302183440e+01
1.418474994903387909e+01
1.317282783687620196e+01
2.617549409940531646e+01
1.844534340813507356e+01
1.102423261748891647e+01
2.593252800303614336e+01
3.866689301730013995e+01
4.592771674563756079e+01
2.873237480316432624e+01
1.860437272420540822e+01
8.855536860669136701e+00
1.322087762037476821e+01
1.541490632871706445e+01
1.541157228075680052e+01
3.399331806623415275e+01
1.905425259062647925e+01
2.103068471030146469e+01
3.841527500315781651e+01
2.894052254247107925e+01
2.740839945726113669e+01
2.219748977545666335e+01
2.899333721948886478e+01
5.942101604969943907e+01
1.108303555345233171e+01
2.354270839579647401e+01
2.658545790028990297e+01
9.292163555257305063e+01
3.032723598157188505e+01
1.780574145759845806e+01
2.979618998637646499e+01
1.344719760911016948e+01
2.980929175258577857e+01
1.399415166144713218e+01
1.396042890245422541e+01
3.102963340337080567e+01
3.538842256628750249e+01
1.460645490432380811e+01
5.335442839906652068e+01
1.576005388643729432e+01
1.556563841851648817e+02
1.357833654283307823e+01
1.405158309887544732e+01
1.179426174435910113e+01
1.176610358502597187e+01
1.538558898000606767e+01
2.976727198596541513e+01
7.916264722950253407e+00
7.144364832211095973e+00
1.338118370671778834e+01
1.636785542904613067e+01
2.785695243523444020e+01
1.580051876454230708e+01
1.465887550990634303e+01
2.982104813779527674e+01
1.796390953353794373e+01
1.071984900301720245e+01
3.117644175431644982e+01
3.924856734497904398e+01
4.330012624513514652e+01
3.179948317829279603e+01
1.910497104203034979e+01
1.422503979735896351e+01
1.543336934238004510e+01
1.316534951788067076e+01
1.312501835392613714e+01
3.823921767724822018e+01
2.365493034741002987e+01
2.039203910762660854e+01
3.972291098168624757e+01
3.382275329014081677e+01
2.988913162871367746e+01
2.099605701190212059e+01
3.166807171920424224e+01
6.397636692848216455e+01
1.575904747969316055e+01
2.762267640070480823e+01
2.752021922457198144e+01
9.493606325134828694e+01
3.272742638848592378e+01
1.655112772908602636e+01
2.414931514828882086e+01
1.872393144392968622e+01
2.460267527062916670e+01
2.817007129813465838e+01
2.800800544179742246e+01
2.027531171873377858e+01
2.284716319341838187e+01
3.654414500326030435e+01
2.638287669605600883e+01
1.382187367510197760e+02
2.717206314558713132e+01
2.643302795240734326e+01
2.920007095415328635e+01
2.576582285055589239e+01
2.911710431997886062e+01
1.931748565743122370e+01
2.426414242188020154e+01
2.441418119827100952e+01
2.987486093671510901e+01
2.869082946725606575e+01
4.544368942711567172e+01
2.624685444092392572e+01
2.508501710118316552e+01
1.491527764259019051e+01
3.424606925334823160e+01
2.685201248685599751e+01
9.282794166709805950e+00
2.617328584736828745e+01
2.429557840313401229e+01
1.619883325747964520e+01
3.102962982095043287e+01
2.365656824827063787e+01
2.626745095662167273e+01
2.985036162141048521e+01
2.917084228605596508e+01
1.273788214161325527e+01
2.440891212462429394e+01
3.061781988650124475e+01
2.770825426496917387e+01
2.771885937405872014e+01
1.483793041746010211e+01
3.228647700482198957e+01
3.324692412479914339e+01
4.221012040719896419e+01
2.711704085253816388e+01
1.358518782355040955e+01
1.793999458416987736e+01
8.076311637788677444e+01
1.956403705219235434e+01
2.969950203893243668e+01
4.416803896589670586e+01
2.946983561714429101e+01
7.896795286737108732e+00
2.307879243450585349e+01
3.435129022809569932e+01
6.931920013065333563e+00
5.372426419492810368e+01
5.095203320902554012e+00
1.547474702928273871e+02
8.110764050619604149e+00
1.323868582267918725e+01
1.422531360982419812e+01
1.424919730105041715e+01
8.578111236423781705e+00
2.947964175133895992e+01
8.912251224819900841e+00
7.088515062976883385e+00
7.484539115891142735e+00
1.745065515018736590e+01
3.264934430335713245e+01
3.644047899997087114e+00
4.865491153116758838e+00
2.972242549223447128e+01
1.972018586100808690e+01
9.196068010915523061e+00
2.840945161474290614e+01
3.528118398864511107e+01
4.642673835361926393e+01
2.999267764126911118e+01
1.655193965327504912e+01
6.728746352247055640e+00
7.570978196792549575e+00
9.345658988577397963e+00
1.169501637484270162e+01
3.616469934795657082e+01
1.371458960690388373e+01
1.236005130751807712e+01
3.260124569690540852e+01
2.378701059893128544e+01
2.474335228680693177e+01
1.343606351723037307e+01
3.646557595823817621e+01
6.290586310113560131e+01
1.755163032849609550e+01
2.226443831700166953e+01
2.562006112402985991e+01
9.017253526015778675e+01
2.782466377164531579e+01
1.012754479154559029e+01
2.925907575127993709e+01
1.728934326003381017e+01
2.249435210672592689e+01
3.476696826037564136e+01
1.249981351081848402e+01
5.454525772588836929e+01
6.663324174621783058e+00
1.527932717993630831e+02
7.261976249424383134e+00
1.535721455066159535e+01
1.717684001150489337e+01
1.607516252806809476e+01
8.741532523297061985e+00
2.919200030945434321e+01
1.083995241822582578e+01
8.029673400419957474e+00
8.349145379608426509e+00
1.980691578887319082e+01
2.745305435154627105e+01
7.662228846478822852e+00
8.297602573578979346e+00
2.992584778564995673e+01
1.986487600939429754e+01
8.583530297161797051e+00
2.940010434364229752e+01
3.532154292855212674e+01
4.882448809709883619e+01
2.939967601226381433e+01
1.579691270236678946e+01
1.008113319825415743e+01
6.512150112144379221e+00
6.195007760051201906e+00
1.517220208242825308e+01
3.552360132665510406e+01
1.491349565352583539e+01
1.375201364708583185e+01
3.619087703912340714e+01
2.291759120126730309e+01
2.506213647835422620e+01
1.418711086344159433e+01
3.868738953728924912e+01
6.378150208862664527e+01
1.791206465186515473e+01
2.269400358636276849e+01
2.554032130356033292e+01
9.181354876790632602e+01
2.804960913793106414e+01
1.168272241013016455e+01
2.947022755252817916e+01
1.831825801855851665e+01
3.684691103424590608e+01
2.536910327898615591e+01
4.653068259862933331e+01
2.141949464839719042e+01
1.644915814129503531e+02
2.556055627789321250e+01
1.939110239198001651e+01
2.124685506044408356e+01
2.693837024796501822e+01
2.878451609334337746e+01
3.116370778530718155e+01
1.933236525112004500e+01
2.308096411210180676e+01
3.218819138925515944e+01
3.005207069177605561e+01
5.297574802748154355e+01
2.024571619591157656e+01
2.236055508163538263e+01
3.049509608721690768e+01
3.179393030982988577e+01
2.882799026675494503e+01
2.932788681258682573e+01
3.668174345799157976e+01
4.570271723311432055e+01
3.579399335659742576e+01
3.346630161081039034e+01
2.449048010334876935e+01
2.852914528549715811e+01
2.730572757103005443e+01
1.877228414958961977e+01
3.706302014865595140e+01
1.107215710140871678e+01
1.664349820386987133e+01
3.435143246506262216e+01
2.263561208625743859e+01
3.198180367475262997e+01
3.793020479445645776e+01
4.120035039404015720e+01
5.493098152568384762e+01
1.880179367968271720e+01
3.200640788296006178e+01
3.321636844198596350e+01
8.966646565634943045e+01
3.495681930495560152e+01
2.322020690926169095e+01
3.894354712482932968e+01
1.928251294438152641e+01
3.315989346352840528e+01
4.027140896041223073e+01
3.564816475431321408e+01
1.355772500561724314e+02
2.981043062894348594e+01
3.655445879649029450e+01
3.453759219955149717e+01
3.504631195801002974e+01
3.410690474335466860e+01
1.814053913272495677e+01
3.272200003627054343e+01
3.193189829540514069e+01
3.532082246914875867e+01
3.764022254636007148e+01
4.526942319950904903e+01
3.424062420314086808e+01
3.296121654917887867e+01
1.742523953493657274e+01
3.416897982067402495e+01
3.251832019296364962e+01
1.633969528593547338e+01
2.144388220745533502e+01
2.845343377588446998e+01
1.592454849644142278e+01
3.419104241685324297e+01
3.355514432677152570e+01
3.599646487336624290e+01
3.643419365538676402e+01
3.180235281836814920e+01
1.898400010369958224e+01
3.486008514307658146e+01
3.412495649797060793e+01
2.878802072543381740e+01
3.563199574731526553e+01
1.774827412030601081e+01
3.037918338574372967e+01
3.904130318548146761e+01
4.363952107628696098e+01
3.588142438520608124e+01
1.757633502620613086e+01
1.426817254048702743e+01
7.899796985169533059e+01
2.286212839389716933e+01
3.148314881497331896e+01
3.883942438935560659e+01
3.722504372041593967e+01
4.954870842777079076e+01
1.029314589221776899e+01
1.572135048599028835e+02
1.241470095178625144e+01
1.168522832817504487e+01
1.715389635125902501e+01
1.080050344334181922e+01
1.592661599582147325e+01
2.665327154492141659e+01
9.241954509516769889e+00
9.841406068426739040e+00
1.488680374627489833e+01
1.366075009226961967e+01
3.537437428927999861e+01
1.136643190795657965e+01
1.030761521321577412e+01
2.630310013451542162e+01
2.286122893101149600e+01
1.109810485260490154e+01
2.514061426247769404e+01
3.668024279599192283e+01
4.727786503567735110e+01
2.743543918971752049e+01
1.665166681270550697e+01
6.378176330879115952e+00
1.074160369061122822e+01
1.521718998845381066e+01
1.784254481434858164e+01
3.324918026226435330e+01
1.827182326266742152e+01
2.193001712869625308e+01
3.665445207440345854e+01
2.651447222163265138e+01
2.437827881207697800e+01
1.936651115272812973e+01
3.094010445296551737e+01
6.066120851074768439e+01
1.611831491641160596e+01
2.084105052858135565e+01
2.577236134232078868e+01
9.395783187167128858e+01
2.740767928417269061e+01
1.777407277118036077e+01
3.390387763063579030e+01
1.684224046028127830e+01
5.538947641369490782e+01
1.261115676397748899e+02
4.997785241214012331e+01
4.780080279455198422e+01
4.615752680049926937e+01
4.513675200221161532e+01
5.928937322299523771e+01
3.653140040385715537e+01
4.502736974299370587e+01
4.997642787457798619e+01
5.898673292243420718e+01
4.714578220679317155e+01
4.595798450542235969e+01
5.460911649765031939e+01
5.310421487446456013e+01
3.601959717150386098e+01
4.630236244627315756e+01
5.432284359316733457e+01
3.609968740468663384e+01
4.260850967760570995e+01
3.982012676291003572e+01
4.402558424660637826e+01
5.699529689734291082e+01
5.092283751442417383e+01
5.478910702514679087e+01
5.736109582172579735e+01
5.167024923007873127e+01
3.726316433752774060e+01
5.020410921435792062e+01
5.471743979776049827e+01
3.679892941989243127e+01
5.546386143914580202e+01
4.435324783519647696e+01
6.105372079926581819e+01
4.798866710431601490e+01
2.942032854230467720e+01
4.316907874948306301e+01
3.933139233268198609e+01
4.427540183059065271e+01
7.393258659055024395e+01
3.951987990393443795e+01
5.326512846159036485e+01
6.103476010033186583e+01
4.621138320701957269e+01
1.561479290638079647e+02
7.150099687737937693e+00
1.511853374577106024e+01
1.740808491781800882e+01
1.660146400818319989e+01
8.666263216251593349e+00
3.132870290121510237e+01
1.039891443606602905e+01
9.398233730005845388e+00
9.156369537462742514e+00
1.979547366384188933e+01
3.084841352373774725e+01
3.767824358219894698e+00
6.582964571923958452e+00
3.140689686637393052e+01
2.188789656437929665e+01
1.003577553259082400e+01
3.009087667611077421e+01
3.683226184162791128e+01
4.913981906017038170e+01
3.084957529677729937e+01
1.879214822983001554e+01
9.668804097148301580e+00
5.523176487291601156e+00
7.239050425115139298e+00
1.520251327262897689e+01
3.783402091642700071e+01
1.411468871429656957e+01
1.344541105752418630e+01
3.446225183695512584e+01
2.135006561163476135e+01
2.513967207652445879e+01
1.235181066976299391e+01
4.121170876680459116e+01
6.367916033846294965e+01
1.937310764174645072e+01
2.297168511697728732e+01
2.641103379346273172e+01
9.129578129499958550e+01
2.831603956554803148e+01
1.165594719275972224e+01
3.261575292527302850e+01
1.750401278631565916e+01
1.515619001694066696e+02
1.556852076030578189e+02
1.585211925688472547e+02
1.556557210730613576e+02
1.561195001830703575e+02
1.405413728362913162e+02
1.558433249255704709e+02
1.556535561211370009e+02
1.575479234922632941e+02
1.564233075614489508e+02
1.253823888919695975e+02
1.583487960035760693e+02
1.568088994997816599e+02
1.338081225536453474e+02
1.420951513970699125e+02
1.529148409980136307e+02
1.378399135216751574e+02
1.285160890476959707e+02
1.302106738612613128e+02
1.404283171039581077e+02
1.359679927560979706e+02
1.544041387001410328e+02
1.556190810637353650e+02
1.560152222284430650e+02
1.554686079742883749e+02
1.365807729910546584e+02
1.620370942896018107e+02
1.597676697222240421e+02
1.342303957962708978e+02
1.579629170523194546e+02
1.422269636726424551e+02
1.536582446116888434e+02
1.231366215629041676e+02
1.176035830085448026e+02
1.589316011541118883e+02
1.417010891321082227e+02
1.411616124969060877e+02
1.022033878203187811e+02
1.284599656543462629e+02
1.512820673471484270e+02
1.579129797664732280e+02
1.559436207119916276e+02
1.637821989294373992e+01
1.658558101848437971e+01
1.703720186528208558e+01
5.970733286179676469e+00
2.915015221893050779e+01
1.168305726398988043e+01
8.139572680566191210e+00
6.791844383210320579e+00
2.024190904577569583e+01
3.038868015818627910e+01
7.957100838102155294e+00
7.691498022851374294e+00
2.948935920005995115e+01
1.854964016808343530e+01
9.178865865052509676e+00
2.794696205946969769e+01
3.315983017788614262e+01
4.537140929895175390e+01
2.781742234816130832e+01
1.669980883543176731e+01
1.030201611906600867e+01
7.270498136015615565e+00
6.768768798689965394e+00
1.271906425006787700e+01
3.227634511493261726e+01
1.837903620670019933e+01
1.402826953763142015e+01
2.435388176487832013e+01
2.309263823501932933e+01
2.338045286916194243e+01
9.904236982375648424e+00
3.839167930006087914e+01
5.535151454873554400e+01
2.020409264118823245e+01
2.246677509916726834e+01
2.404220630232631351e+01
7.945239091085585414e+01
2.516403915819450887e+01
1.003556712076365542e+01
2.582055313875218872e+01
2.148257973680776445e+01
1.708059530899509326e+01
1.010100161818993669e+01
2.046756287513703398e+01
2.917613629850145074e+01
1.076759443232249502e+01
1.301785071660087922e+01
2.117653594174478116e+01
1.392120453475793340e+01
2.668808404632509479e+01
1.564385343105671744e+01
1.526339079940485988e+01
2.818745673042658950e+01
2.213773062318788121e+01
1.367994394189766894e+01
2.865596929993195729e+01
4.057639414856039650e+01
4.776674580337517995e+01
3.587384606740486959e+01
2.203426706404183477e+01
1.350754599718539062e+01
1.977649112891104721e+01
1.780259088666049294e+01
1.819757464843996431e+01
3.550966131844471363e+01
1.965438980754084497e+01
1.948126289658956978e+01
4.036389765550988784e+01
2.740346896009816646e+01
2.992168284809591228e+01
2.765159222032307440e+01
3.057970563384473905e+01
6.056431361796902024e+01
9.552405351235666586e+00
2.727275677396246678e+01
3.063294765450094914e+01
9.070180391330768543e+01
3.217675169140172642e+01
2.060271112168830143e+01
3.373731504407797388e+01
9.281255795815448906e+00
1.477181662813307739e+01
1.791154406974985847e+01
2.563582382436959506e+01
3.408452421581128711e+00
1.055240875727236372e+01
1.497718737954612322e+01
2.044450910385499398e+01
3.608493059563350158e+01
1.571659798217855553e+01
1.391336692554456178e+01
2.752985623305334784e+01
1.631814859222547653e+01
1.452118424731003010e+01
3.010101897386184078e+01
3.902987285333238532e+01
4.016174890732638403e+01
3.065045941860359591e+01
2.179479833534317379e+01
1.849876586796887423e+01
1.909166927029360039e+01
1.607658320346222780e+01
9.850266068248462403e+00
3.607854104984798482e+01
1.741608969406457419e+01
1.613949626198879272e+01
3.843840172700951285e+01
3.175202232202941843e+01
2.937817230899015186e+01
2.233987443963661335e+01
3.289012512687461509e+01
5.627540101274634310e+01
1.233036492156453434e+01
2.708029930276421737e+01
2.823953723608727984e+01
9.222963776607925013e+01
3.189377813287281072e+01
1.662510621922681509e+01
2.133324042846489377e+01
1.775893044739650861e+01
2.106767949197861611e+01
2.602620475388076571e+01
8.550120932281021879e+00
1.299311533047446687e+01
1.906160493799618294e+01
6.288006262602987562e+00
2.435063844373815201e+01
1.736039650659559186e+01
1.644536894473124988e+01
2.742321683311830327e+01
2.146388481613995936e+01
1.399611194873957842e+01
2.784179381736694481e+01
4.045144156603279129e+01
4.691894746016855322e+01
3.176487467710381907e+01
2.089325993992750341e+01
1.302977739039340577e+01
1.646952106036162888e+01
1.760159569649760769e+01
2.038099752896925665e+01
3.548775110461860294e+01
2.507813753709658755e+01
2.637376489743806829e+01
4.129937152395908839e+01
3.160681951363136477e+01
2.954534090969711713e+01
2.427778335471765914e+01
2.687826875930261394e+01
5.875904626161867839e+01
1.076733200510033761e+01
2.598899586785882221e+01
2.955763781841209337e+01
9.482258209452737674e+01
3.213674183449792565e+01
1.966035825252198066e+01
3.435444536003110727e+01
1.256297353626982272e+01
2.970056787151753852e+01
1.206305199685710150e+01
8.573522315914695824e+00
7.327508191879541499e+00
2.544932027949809594e+01
3.437562604815024514e+01
7.208753411030094149e+00
7.502376046437129631e+00
3.150007588988975016e+01
2.060054541817812535e+01
9.724187424511621103e+00
3.033406522449078224e+01
3.460730142330167780e+01
4.755229941270436456e+01
2.887319315702656652e+01
1.691889891144673541e+01
1.569677290854173890e+01
1.040036208823374153e+01
6.261474176340922071e+00
1.488439810818436726e+01
3.497701328905715457e+01
1.987979899898679292e+01
1.514299478353690276e+01
3.699259990236691209e+01
2.355070575526963594e+01
2.457931113964361103e+01
9.786261058688573655e+00
4.497764712074987870e+01
6.244174510862214333e+01
2.266242738835316572e+01
2.340818193923204760e+01
2.511863709991946791e+01
9.477659210835582826e+01
2.756414501587018151e+01
1.139212802158917981e+01
2.785627410339363053e+01
2.499465658692408709e+01
2.492046513337686520e+01
2.574334416749695720e+01
2.990549241338030129e+01
3.087009216878053053e+01
4.345564019416751478e+01
3.042591057647543096e+01
2.872097482137244029e+01
9.869811212387459065e+00
3.085569446193516896e+01
2.845889871401100635e+01
1.302971757675059905e+01
2.881841282986147945e+01
2.453822506556122462e+01
1.241330216499322958e+01
3.204015356138779680e+01
2.750099541331531583e+01
3.041954067551006347e+01
3.093886261984143005e+01
2.853191824309782021e+01
1.937125386003017979e+01
2.944742230149158857e+01
3.175457683665041486e+01
2.885552300294893513e+01
3.562402189184353318e+01
1.496316006942439181e+01
3.000446792829792031e+01
2.930325770212028047e+01
4.386808536184030771e+01
2.691592715612873832e+01
1.435708249855189322e+01
1.529454155938762483e+01
7.615343846787260418e+01
2.172158924237028899e+01
3.078869180260357652e+01
3.795153703795269706e+01
3.021057547643544083e+01
6.790745354815844514e+00
9.558672374258819104e+00
1.106672070351769932e+01
2.874778035589665137e+01
9.883172650386665481e+00
9.640040901518970529e+00
2.600128405479098248e+01
1.498477784748847164e+01
1.004432323753693090e+01
2.713353233179116586e+01
3.533759374448595736e+01
4.026131524847876619e+01
2.813224980344463333e+01
1.829335888638633278e+01
1.010657953294610500e+01
1.049030668676607903e+01
1.104189230840652414e+01
8.072921395171793080e+00
3.314267193039130888e+01
1.365352794254556379e+01
1.234614500077568344e+01
3.553804434887207719e+01
2.566678455766214739e+01
2.580312931553515909e+01
1.523471151714178440e+01
2.877824883032286962e+01
5.584838386861412118e+01
9.079199529404617053e+00
2.333151356046883862e+01
2.526861729955934877e+01
9.064521270241445450e+01
2.882147481457056060e+01
1.279944344586246707e+01
1.991342848202166138e+01
1.183051601399877306e+01
6.024809761096554972e+00
1.585168641133796541e+01
2.897368279284930637e+01
8.239823194145355245e+00
7.319770435957206445e+00
2.656367130920377662e+01
1.600907105445777390e+01
6.483838148060812046e+00
2.678366977441623575e+01
3.353632774647421400e+01
4.216257283896583630e+01
2.561779624596917060e+01
1.598041917067699913e+01
8.105919746315368712e+00
8.332679872673210753e+00
7.796785052100593916e+00
9.323245883895243225e+00
3.246688942766463981e+01
1.587438170674542448e+01
1.433655602700384435e+01
3.474859556126611437e+01
2.536057652148014085e+01
2.336270434649268068e+01
1.255421292567259783e+01
3.365078586260283799e+01
5.731951458501891494e+01
1.537946302902688345e+01
2.143674620001359088e+01
2.309345153842224008e+01
9.388835987063036725e+01
2.712747036681662394e+01
1.158956923069054312e+01
2.249427233052225716e+01
1.853708453110188259e+01
2.462939802237893261e+01
3.359869263045215604e+01
7.483224749144402388e+00
7.569949625102189827e+00
3.079495205478867703e+01
1.811883460604102680e+01
9.059794650900730772e+00
3.114220262616574431e+01
3.545715771808605155e+01
4.642346920996232740e+01
2.913938905613198216e+01
1.756674150669059031e+01
1.256981622028050438e+01
9.541408076465199173e+00
7.671310314132796293e+00
1.276403907078535127e+01
3.483016372747023581e+01
2.243389114605534473e+01
1.498544601687354572e+01
3.627399071181337575e+01
3.119821589593289701e+01
2.482000709985364750e+01
1.264574777113137571e+01
4.010850955837005927e+01
6.477490356896744572e+01
2.199557993885765939e+01
2.359811965073096118e+01
2.525719959506790246e+01
9.456879077144145640e+01
2.873175446433149105e+01
1.037595178368717797e+01
2.521814421684656082e+01
2.538091904542624277e+01
2.438086156395155513e+01
2.128776935297863560e+01
2.072252980066578942e+01
3.124802228826699846e+01
2.570143997953716308e+01
1.647847360992357579e+01
2.946769345974320231e+01
4.350527547647484994e+01
4.927650341004908086e+01
3.378937214856154725e+01
2.172262581299674622e+01
1.499137130914979821e+01
1.957178164748376403e+01
2.222980752649108283e+01
2.627048233356205387e+01
3.796074967125233712e+01
2.873413726415408931e+01
3.127934075715142725e+01
4.493256552116822178e+01
3.456392831330886395e+01
3.221955608109064428e+01
2.693529971225243713e+01
2.911816515348077772e+01
6.061381562928342248e+01
1.592194122033439818e+01
2.856769673240192731e+01
3.187722306930362137e+01
9.610805238937876993e+01
3.439500702632967943e+01
2.488029129114220694e+01
3.940379922519104383e+01
1.153814057264218995e+01
3.491289757258262938e+01
3.570260107583188613e+01
4.560411334393643301e+01
3.133597488731527392e+01
3.086826415257787204e+01
4.794648104710590530e+01
5.157488612070432055e+01
6.075722359481499524e+01
4.880925237396689198e+01
3.326055810160197979e+01
3.065135752769658239e+01
3.043389516186903876e+01
2.894360951404106075e+01
3.873540184809353093e+01
4.607352264534166153e+01
4.787725027914864029e+01
4.194088122914438799e+01
4.250788978092127479e+01
5.585256488586044554e+01
4.738358671584374804e+01
3.572661999406524558e+01
2.782550161336924077e+01
5.867320089490114299e+01
3.258709748327279243e+01
4.261442194686741658e+01
4.464948978933953327e+01
5.723108983081020540e+01
4.820943817145568744e+01
3.795312026791081905e+01
4.613173244978204934e+01
3.090792002301839148e+01
5.054365050995199837e+00
3.089170187769857989e+01
2.093729792341437346e+01
1.002476610450540129e+01
2.980064468008177769e+01
3.369456288932142485e+01
4.688994443224426334e+01
2.963853458269155894e+01
1.827304917723635214e+01
1.065049697185989075e+01
8.002620444587185133e+00
8.992270943707362463e+00
1.273260063853768642e+01
3.685509390759445125e+01
1.160594305154746309e+01
1.065558546407588025e+01
3.398464332183969105e+01
1.949847733475190026e+01
2.374774806948951422e+01
1.188522720052201009e+01
4.117373457117528801e+01
6.128918489708143369e+01
1.860943015627205810e+01
2.217835878554178564e+01
2.545614638075012337e+01
9.246870671564654742e+01
2.717823570443232128e+01
9.265789898660910850e+00
3.027516819241859025e+01
1.795671732908736828e+01
2.920993397373560185e+01
1.827058882356315195e+01
9.102956826640602017e+00
2.891787128326907563e+01
3.258738324897173300e+01
4.406650296886784446e+01
2.708777840656370017e+01
1.725203867807596581e+01
9.517520885348801585e+00
8.998533692367162828e+00
9.394005906784347104e+00
8.856625250889148759e+00
3.232235576434104729e+01
1.297897458802935766e+01
9.406059386346976581e+00
3.401902402341779919e+01
2.200730934664671778e+01
2.197889571178152934e+01
1.254387416740606120e+01
3.841112804865427677e+01
5.825629578498576677e+01
1.771746718445405122e+01
2.052545250427294832e+01
2.374906131719894731e+01
9.308875800597510874e+01
2.594711802848089022e+01
8.980049004839763427e+00
2.533864639496490767e+01
1.982410846337162269e+01
3.238918159865908564e+01
2.789173568753689736e+01
1.112716884071923573e+01
2.567197937625371651e+01
2.535017099847082989e+01
1.411955310403705077e+01
3.224990523493211469e+01
2.798162582756520322e+01
3.085759377019936522e+01
3.171499199759050214e+01
2.910162528099836265e+01
1.374548025984030097e+01
2.970780640580612442e+01
3.179037768241577311e+01
2.915559904748484854e+01
3.473221908056456897e+01
1.571106576371810348e+01
3.204916048468493273e+01
3.248471207073143319e+01
4.350738264278038514e+01
2.682836482617553742e+01
1.507969983701804395e+01
1.566944511089534586e+01
7.763082512086074871e+01
2.112005374543293712e+01
3.136893257758295661e+01
3.819678637036145119e+01
2.982861641481312631e+01
1.875320693690499496e+01
3.534555209982462287e+01
3.785203275762929565e+01
4.535648057713692793e+01
3.275898117813714805e+01
2.300361907078898582e+01
2.063872774912610453e+01
2.129014681384305163e+01
1.927621304754416443e+01
1.518026635747769681e+01
3.747511408776960451e+01
2.677111559788415462e+01
2.007024117044417366e+01
3.050832481751135461e+01
3.614097898337912795e+01
3.253619645513067127e+01
2.099083187798960637e+01
3.846307512728294853e+01
5.312754014182939244e+01
2.322758401013948770e+01
2.944383149336285754e+01
3.152200672179937868e+01
7.981952315193672121e+01
3.306356127296784564e+01
1.709626225032972613e+01
9.347553969310856914e+00
2.676384238670277682e+01
2.828793741774781978e+01
3.350227248668302593e+01
4.424773495069337770e+01
3.006617707275126605e+01
1.722107834995592768e+01
7.954784316064774430e+00
1.012393197500352926e+01
1.024729539597162642e+01
1.226631028976637694e+01
3.533794379262730700e+01
2.051305771848364046e+01
1.644437058713821642e+01
3.684851168527316645e+01
2.858358614597726444e+01
2.660905540281567738e+01
1.595130213093668559e+01
3.401812438786248549e+01
6.236874607072716969e+01
1.695702898452942975e+01
2.478260345387163710e+01
2.563999575095200356e+01
9.355155255275593618e+01
2.889958191572033641e+01
1.207331707329689863e+01
2.472697954760266725e+01
1.923551172019121225e+01
2.350208666329703178e+01
2.597155687471423136e+01
1.208297628968817605e+01
3.173078354910002474e+01
2.712348133901843639e+01
3.003801719404571102e+01
3.226873595350138402e+01
2.983932260630280453e+01
1.149839836706316198e+01
2.789813040864031990e+01
3.104128156118596493e+01
2.579573918164691904e+01
2.948740439525907320e+01
1.169981077842636275e+01
3.024442952501430781e+01
3.238746016908833525e+01
4.279996193535924220e+01
2.846090651558780849e+01
1.164240321070234074e+01
1.253473599063165977e+01
8.010612768253724880e+01
1.812497468328960437e+01
3.145475772329064768e+01
4.177523728101961353e+01
2.938172328920247267e+01
3.084142719484971451e+01
2.221858973933930770e+01
3.748855850545874802e+01
3.592079086231994012e+01
3.718936463922894120e+01
3.730900967063281115e+01
3.440327943786714116e+01
2.254383188711314290e+01
3.380627151798334040e+01
3.333499407892693966e+01
2.827042861502498639e+01
3.605444182823419652e+01
2.162889046107935798e+01
3.606264900285729880e+01
4.770235654307879258e+01
4.489799254550391083e+01
4.113897444022135375e+01
2.066414282246792311e+01
2.037118047927275200e+01
8.134414479296181355e+01
2.376248299893959270e+01
3.111244661088578312e+01
4.608322587446491525e+01
4.149233289447001738e+01
2.811615979265899057e+01
4.821686932687697436e+01
4.745147159145570726e+01
5.011041104253729372e+01
4.749743426562766757e+01
4.141265544697792933e+01
2.239725534172468713e+01
4.337203486038110611e+01
4.419476277006330633e+01
4.004497996837169183e+01
4.571934036640202947e+01
3.027205020416627690e+01
4.981096466818413404e+01
4.462953113452169163e+01
4.507902906687065325e+01
4.407659754695414733e+01
3.007910505323646078e+01
2.722802484742839724e+01
8.688698490417431231e+01
3.281496319351629865e+01
4.505722412338499083e+01
4.902240458323802841e+01
4.806191387227987377e+01
3.269794636837842461e+01
2.690154189855387656e+01
2.899898332970842674e+01
3.062930739594639107e+01
2.843785607476407407e+01
1.563908297298232242e+01
3.063745853764839921e+01
3.162060678600561658e+01
2.883857937496528479e+01
3.562743916723648852e+01
8.454728291707136023e+00
2.671855634774613009e+01
3.650695196978169577e+01
4.940411009152440158e+01
3.641428815093586024e+01
8.877526213809412425e+00
8.854344665219120003e+00
7.980934493044784972e+01
1.746283683232090311e+01
2.824508231771267219e+01
3.973527051750190253e+01
3.848731583551067814e+01
1.716240229666374617e+01
1.805718563971484159e+01
1.803157569045833242e+01
2.007770434308109131e+01
3.848720011761576387e+01
2.543947193178644284e+01
2.376011547014553216e+01
4.020195100502542118e+01
3.128367937644267016e+01
2.944939106842966225e+01
2.130534282286799552e+01
3.184596704958497071e+01
6.511296181586969567e+01
2.569304533085263742e+01
2.673889368129994537e+01
2.806071424047473428e+01
7.523834710531670567e+01
3.099775502973160002e+01
1.930829287045610698e+01
3.202186683078026164e+01
2.610750505589247084e+01
8.109172201962941529e+00
1.375278105000064777e+01
1.686751106155254476e+01
3.312709016221939606e+01
1.888512485884530534e+01
1.943743639970306702e+01
3.225324663529412561e+01
2.679061224583144352e+01
2.417662556413067776e+01
1.732604945759113946e+01
3.331467507578798859e+01
5.920159609291748382e+01
1.745590782254691220e+01
2.121511109391800787e+01
2.535546873041167260e+01
8.907710219468611967e+01
2.782373294143267373e+01
1.579900567358850694e+01
3.268034125073281615e+01
1.794897530229996363e+01
8.507272726183659373e+00
1.947253124424089066e+01
3.531098671789357013e+01
2.116082224749468566e+01
2.042201158646364334e+01
3.553529454285836664e+01
2.748193247112661908e+01
2.470176914725778516e+01
1.286383663074191297e+01
3.991189927075474486e+01
6.451346710633454506e+01
2.300704942861936786e+01
2.219119460937040955e+01
2.654824457610135369e+01
9.323375001513147708e+01
2.845365583051711056e+01
1.401628826135933892e+01
3.384946829287741821e+01
2.338342115955017775e+01
1.412311675566638591e+01
3.786311786126002943e+01
2.040074462117008380e+01
1.548747708712601323e+01
3.697496700737440278e+01
2.717861982343729821e+01
2.615197362872099873e+01
1.174955162315559676e+01
4.144720434228879213e+01
6.225448575202028678e+01
2.097052624030290957e+01
2.491128409717309466e+01
2.651652882400004074e+01
9.327600331150134139e+01
3.032360764837734735e+01
1.252403188565682512e+01
2.752060412200169637e+01
2.246355976075608041e+01
3.290808795809435594e+01
1.424031873924569780e+01
9.267225514330593938e+00
3.254608836972781916e+01
2.706767131628102518e+01
2.576806247450696219e+01
1.745912832548533800e+01
3.715127010101561211e+01
5.644348212868536052e+01
1.725483959871601058e+01
2.424715997794471178e+01
2.481345078813071581e+01
8.938593886136618494e+01
2.724010978746157718e+01
1.072086860997392499e+01
1.721485596805996110e+01
2.206462439535957643e+01
3.372039236501941417e+01
3.460426421622138804e+01
3.191428372480780240e+01
3.574259535898743678e+01
1.513182197953633867e+01
3.272290962585429241e+01
3.552974187184508992e+01
4.058500190023833198e+01
3.595230776762520719e+01
1.482589919167564929e+01
1.485437526766736482e+01
7.933283488945011186e+01
1.895373519628838466e+01
3.606694226389112856e+01
4.416629163164373040e+01
3.787705279534740299e+01
1.156926175615495112e+01
3.375808188247349761e+01
1.748242928995777845e+01
2.701459571418671146e+01
2.713298916651397263e+01
4.072768039725829681e+01
5.529736379117806422e+01
1.576724851572016206e+01
2.500588414061615339e+01
2.887849791560330814e+01
9.230228937754331753e+01
3.057441873970152457e+01
1.593434110017060767e+01
3.543143576445093856e+01
1.988647835523064700e+01
3.357107736499444428e+01
2.208446000752203631e+01
2.447957221578468889e+01
1.670468363923265898e+01
4.483916131733290911e+01
5.904794234819636500e+01
1.914844993979792065e+01
2.478193586537413040e+01
2.571111726919869156e+01
9.285796263866811273e+01
2.691610435710579097e+01
1.003839939540423210e+01
2.384077388507096629e+01
1.999979824441550846e+01
3.282914403816948834e+01
2.300426370932060394e+01
3.589579802934608921e+01
4.835461613052537899e+01
4.338453005656962347e+01
4.136044958377732428e+01
2.239548150568040441e+01
2.546039876255501611e+01
7.211058939206165519e+01
2.273813771620016055e+01
2.791222198324000559e+01
4.073004544027179463e+01
4.128278211752996185e+01
2.617818038526420921e+01
2.855796437307299840e+01
5.325882897666674154e+01
5.882242131546847475e+01
2.991470074244350030e+01
2.716010621677012438e+01
3.027611953720802873e+01
9.262422336178836701e+01
3.039331048251889911e+01
2.339389059083050171e+01
4.591951060401422069e+01
2.673760093663864623e+01
2.212312469372997015e+01
4.034710736323155089e+01
4.851016353983451523e+01
3.150804748301494129e+01
6.722019564139779746e+00
6.764641808039738358e+00
7.798646581920158383e+01
1.513744172143041311e+01
2.364324761390897578e+01
3.842124676549597240e+01
3.224050863521106436e+01
5.375599657062397085e+01
6.290702871654006856e+01
3.004209575144447086e+01
2.164767906520409468e+01
2.207145712672758009e+01
9.244469712262846883e+01
2.458083223119946581e+01
1.420104764245224516e+01
2.512131004303210347e+01
2.769318631271218223e+01
5.610374187960820791e+01
3.071959510167673812e+01
3.713622211648274885e+01
3.881852720095477594e+01
5.377782821145508763e+01
4.237111091865048706e+01
4.166309981891783565e+01
4.935084004818617132e+01
3.334850393105227795e+01
5.909390090559395503e+01
4.457192484272417232e+01
4.836875718264041524e+01
8.803491101912649697e+01
3.751020269141056929e+01
6.035581722538974248e+01
6.611816783395012465e+01
5.952151711825928260e+01
2.841203888612122341e+01
3.141656100947272279e+01
9.127552155087209940e+01
3.410740351248249169e+01
2.187051132304619472e+01
3.222155918274900444e+01
8.008283727581337885e+00
8.210187041507435168e+00
7.888469115150040523e+01
1.556972354793260571e+01
2.255941556911849588e+01
3.705863311773612878e+01
2.962747616330485911e+01
7.731689076823455764e+01
1.573298805179256554e+01
2.392628370311334152e+01
3.591410631967498546e+01
3.165722669057440086e+01
8.227522820893835842e+01
8.468025595040927556e+01
9.474690296025315206e+01
9.064427829434671935e+01
2.625869563541544949e+01
3.795518260571026303e+01
3.480760710493214560e+01
2.242432953671223217e+01
2.349508918375577338e+01
3.805985916050667583e+01
