5.900000000000000000e+01 6.100000000000000000e+01 3.408452421581128711e+00 2.000000000000000000e+00
1.000000000000000000e+01 6.700000000000000000e+01 3.644047899997087114e+00 2.000000000000000000e+00
2.500000000000000000e+01 2.600000000000000000e+01 3.882104608648331734e+00 2.000000000000000000e+00
9.000000000000000000e+00 2.700000000000000000e+01 4.007462329457331052e+00 2.000000000000000000e+00
1.300000000000000000e+01 6.200000000000000000e+01 4.092448166176067659e+00 2.000000000000000000e+00
2.400000000000000000e+01 5.200000000000000000e+01 4.105978485556661894e+00 2.000000000000000000e+00
2.000000000000000000e+00 7.400000000000000000e+01 4.727088936967089872e+00 3.000000000000000000e+00
4.600000000000000000e+01 7.600000000000000000e+01 4.799728803198610727e+00 3.000000000000000000e+00
1.500000000000000000e+01 7.500000000000000000e+01 5.062454791281586708e+00 3.000000000000000000e+00
3.200000000000000000e+01 3.600000000000000000e+01 5.970733286179676469e+00 2.000000000000000000e+00
1.600000000000000000e+01 4.900000000000000000e+01 5.996277570969733794e+00 2.000000000000000000e+00
4.500000000000000000e+01 5.100000000000000000e+01 6.024809761096554972e+00 2.000000000000000000e+00
1.900000000000000000e+01 2.200000000000000000e+01 6.132381993529195441e+00 2.000000000000000000e+00
1.700000000000000000e+01 5.500000000000000000e+01 6.150342490856128386e+00 2.000000000000000000e+00
1.400000000000000000e+01 8.100000000000000000e+01 6.163091754738189820e+00 4.000000000000000000e+00
2.900000000000000000e+01 6.600000000000000000e+01 6.378176330879115952e+00 2.000000000000000000e+00
1.000000000000000000e+00 6.300000000000000000e+01 6.512150112144379221e+00 2.000000000000000000e+00
7.900000000000000000e+01 8.000000000000000000e+01 6.659145203477595309e+00 6.000000000000000000e+00
3.300000000000000000e+01 8.300000000000000000e+01 6.992505226650682637e+00 3.000000000000000000e+00
1.200000000000000000e+01 8.800000000000000000e+01 7.573191505688742886e+00 3.000000000000000000e+00
6.900000000000000000e+01 9.100000000000000000e+01 7.892660984749547026e+00 4.000000000000000000e+00
7.700000000000000000e+01 8.900000000000000000e+01 7.981621756650659982e+00 4.000000000000000000e+00
3.400000000000000000e+01 5.000000000000000000e+01 8.008283727581337885e+00 2.000000000000000000e+00
5.800000000000000000e+01 7.800000000000000000e+01 8.169262889267544736e+00 3.000000000000000000e+00
2.300000000000000000e+01 4.100000000000000000e+01 8.236059468633929015e+00 2.000000000000000000e+00
5.700000000000000000e+01 8.400000000000000000e+01 8.405191646359051916e+00 3.000000000000000000e+00
0.000000000000000000e+00 8.500000000000000000e+01 9.127875125416196056e+00 3.000000000000000000e+00
5.300000000000000000e+01 5.600000000000000000e+01 9.267225514330593938e+00 2.000000000000000000e+00
1.800000000000000000e+01 7.200000000000000000e+01 9.282794166709805950e+00 2.000000000000000000e+00
6.000000000000000000e+01 6.500000000000000000e+01 9.347553969310856914e+00 2.000000000000000000e+00
8.200000000000000000e+01 9.400000000000000000e+01 9.651274926720873282e+00 6.000000000000000000e+00
8.700000000000000000e+01 9.000000000000000000e+01 9.706603780192462949e+00 1.000000000000000000e+01
3.500000000000000000e+01 3.800000000000000000e+01 9.869811212387459065e+00 2.000000000000000000e+00
8.600000000000000000e+01 9.300000000000000000e+01 1.097510805224222707e+01 6.000000000000000000e+00
2.100000000000000000e+01 4.300000000000000000e+01 1.107215710140871678e+01 2.000000000000000000e+00
3.000000000000000000e+01 6.800000000000000000e+01 1.125213949968067695e+01 2.000000000000000000e+00
5.000000000000000000e+00 7.300000000000000000e+01 1.142987556955274719e+01 3.000000000000000000e+00
9.800000000000000000e+01 1.030000000000000000e+02 1.149495090749296899e+01 9.000000000000000000e+00
9.600000000000000000e+01 9.900000000000000000e+01 1.272612767005241174e+01 6.000000000000000000e+00
4.000000000000000000e+01 1.010000000000000000e+02 1.294556996789660808e+01 3.000000000000000000e+00
7.000000000000000000e+01 9.700000000000000000e+01 1.416611159403552733e+01 3.000000000000000000e+00
8.000000000000000000e+00 3.100000000000000000e+01 1.417864381390217687e+01 2.000000000000000000e+00
7.000000000000000000e+00 1.060000000000000000e+02 1.464164070407161944e+01 7.000000000000000000e+00
9.200000000000000000e+01 1.040000000000000000e+02 1.591259441951610754e+01 1.300000000000000000e+01
1.100000000000000000e+02 1.130000000000000000e+02 1.652073977809361338e+01 1.200000000000000000e+01
9.500000000000000000e+01 1.110000000000000000e+02 1.724746914912309492e+01 8.000000000000000000e+00
1.000000000000000000e+02 1.090000000000000000e+02 1.889052669091974934e+01 5.000000000000000000e+00
3.700000000000000000e+01 1.150000000000000000e+02 1.972136407820788406e+01 8.000000000000000000e+00
2.000000000000000000e+01 1.050000000000000000e+02 1.973172650313461318e+01 3.000000000000000000e+00
1.120000000000000000e+02 1.200000000000000000e+02 2.130587146067447790e+01 1.100000000000000000e+01
6.400000000000000000e+01 1.070000000000000000e+02 2.246048288229440004e+01 3.000000000000000000e+00
1.160000000000000000e+02 1.170000000000000000e+02 2.338004634037105589e+01 2.500000000000000000e+01
1.210000000000000000e+02 1.220000000000000000e+02 2.357255828637227424e+01 1.400000000000000000e+01
4.000000000000000000e+00 1.230000000000000000e+02 2.742482114109135694e+01 4.000000000000000000e+00
4.800000000000000000e+01 5.400000000000000000e+01 2.782550161336924077e+01 2.000000000000000000e+00
3.900000000000000000e+01 4.200000000000000000e+01 2.827042861502498639e+01 2.000000000000000000e+00
2.800000000000000000e+01 1.140000000000000000e+02 2.869196475656373835e+01 3.000000000000000000e+00
1.020000000000000000e+02 1.190000000000000000e+02 2.899715571502937195e+01 7.000000000000000000e+00
1.250000000000000000e+02 1.280000000000000000e+02 3.352476954007794063e+01 1.600000000000000000e+01
4.400000000000000000e+01 1.310000000000000000e+02 3.597160891782041148e+01 1.700000000000000000e+01
3.000000000000000000e+00 1.080000000000000000e+02 3.724386653204514630e+01 3.000000000000000000e+00
4.700000000000000000e+01 1.290000000000000000e+02 3.969844769849042621e+01 4.000000000000000000e+00
1.180000000000000000e+02 1.270000000000000000e+02 4.210984800981940879e+01 1.000000000000000000e+01
1.240000000000000000e+02 1.300000000000000000e+02 4.327258332223513548e+01 3.200000000000000000e+01
1.260000000000000000e+02 1.360000000000000000e+02 4.811716288666493568e+01 3.600000000000000000e+01
6.000000000000000000e+00 7.100000000000000000e+01 5.940507006703765569e+01 2.000000000000000000e+00
1.350000000000000000e+02 1.370000000000000000e+02 6.751264449952408597e+01 4.600000000000000000e+01
1.320000000000000000e+02 1.330000000000000000e+02 7.861062919638540336e+01 2.000000000000000000e+01
1.340000000000000000e+02 1.380000000000000000e+02 8.964259386527410811e+01 6.000000000000000000e+00
1.400000000000000000e+02 1.410000000000000000e+02 1.091323841252497715e+02 2.600000000000000000e+01
1.390000000000000000e+02 1.420000000000000000e+02 1.695740820489738496e+02 7.200000000000000000e+01
1.100000000000000000e+01 1.430000000000000000e+02 2.039404789570192236e+02 7.300000000000000000e+01
