1.587943652556999439e+02
1.276039037106821326e+02
1.586662146450824480e+02
8.051264765608716800e+01
6.077989324510489411e+01
1.102241943721605537e+02
1.145073341724782949e+02
1.324394046366737712e+02
1.144401689852094535e+02
5.074535185662350614e+02
6.148660153951334451e+01
1.160617920706060033e+02
1.344265680466751576e+02
1.573369497478705341e+02
1.055131611957146589e+02
1.007542071990582144e+02
1.219309032181232055e+02
1.680812605080567153e+02
1.415603830740546698e+02
2.815629284325962658e+02
1.542543550315209870e+02
9.572803118957865820e+01
8.981455063825906393e+01
1.071158673452923580e+02
1.167761034381074410e+02
1.628480237311633232e+02
1.124698977732830798e+02
9.615044679117750093e+01
7.466457933902692901e+01
8.978379346897719415e+01
7.397447074488673024e+01
1.636876789546068096e+02
1.512935343700898443e+02
1.102429118514507280e+02
1.390782889897319023e+02
7.668206512302494104e+01
1.541139077243425390e+02
1.143979046522399869e+02
1.066127911110331326e+02
8.575157308278318169e+01
1.268682216419229434e+02
1.773312995410684891e+02
1.117009954851015436e+02
1.402283728214091525e+02
1.078508841420325552e+02
7.670692059989755762e+01
2.061142817335548045e+02
1.819391468569849906e+02
1.104552959395045377e+02
8.999809150161622995e+01
1.088540735761178979e+02
9.120193833425912544e+01
1.478155018092751618e+02
1.347769876581999426e+02
1.010990149604250092e+02
1.984077902608260899e+02
1.295285067666503949e+02
1.134489225322155193e+02
1.298795550381300643e+02
1.540742602961018122e+02
1.368978497327394166e+02
1.081375186836625772e+02
1.284967884767846726e+02
1.096801466481906999e+02
8.505596717098195825e+01
1.630942201933322053e+02
1.166737656646187844e+02
1.209845426884998574e+02
1.057845016715717037e+02
1.531857927715090852e+02
8.055875691991558085e+01
1.610442190836046166e+02
1.076751915098487160e+02
1.275386962370118482e+02
1.048607655806116412e+02
1.990013177225919776e+02
1.579742279452776472e+02
1.601474740562514967e+02
1.071065430335358286e+02
1.549083939011741791e+02
2.059944709680484607e+02
8.414041735581761827e+01
5.087058409608308693e+02
1.983330990191052763e+02
9.017940451404983548e+01
1.286403465264164936e+02
1.469092777429429191e+02
8.523909953012794460e+01
1.415234625869375407e+02
1.447900817015287487e+02
8.105128733527570262e+01
8.781568653057397000e+01
1.843518872916823739e+02
1.739970579355286873e+02
1.338705132445560935e+02
1.526892422227772670e+02
8.468020685529430125e+01
1.514853007308813631e+02
9.349861855657447052e+01
8.856962046583075221e+01
1.438601657417727608e+02
1.775314956272695213e+02
1.458483520736441506e+02
1.593044644610877469e+02
7.132295977105005136e+01
2.018756697189164413e+02
8.411803611322972074e+01
9.378534704180516712e+01
1.535308890485043776e+02
2.897888885099725371e+02
1.692423155279778086e+02
1.468070223989973044e+02
1.651301566242424599e+02
8.364241843030004020e+01
4.704129862566017550e+01
9.118446353388517878e+01
5.929280179926643513e+01
7.999975198152631606e+01
1.578622124428407574e+02
9.865998232521862121e+01
7.827780797874410723e+01
1.761841486211229437e+02
1.688272269715845368e+02
9.652357797060962241e+01
1.680990539935343406e+02
4.628628719433066863e+01
1.043236297923488820e+02
1.368276738305331151e+02
9.910694647001125190e+01
8.986067092646617027e+01
9.256591648341152734e+01
7.805245492261340701e+01
2.866551631599601251e+02
7.786430698874302436e+01
9.434279779433967406e+01
1.099328570619223768e+02
1.095626482083750943e+02
1.830681481751649358e+02
8.749319561747257978e+01
9.272020029086280601e+01
9.459637077497100677e+01
8.406892278445340594e+01
9.058710472219152621e+01
1.516460606090901138e+02
9.744893592765080825e+01
1.090770414999701501e+02
9.274951277592224130e+01
1.854896917509021250e+02
1.459774625842113664e+02
1.348625024034416811e+02
5.618342229087868134e+01
1.318172844352108655e+02
1.928579497697723468e+02
4.365957503044666055e+01
4.443510901500716272e+02
1.695957392911026034e+02
6.179419148605612833e+01
7.458293681263073438e+01
1.358867960323015893e+02
6.151196204496726239e+01
8.353840292534356138e+01
9.098504974197615525e+01
1.025452018380769488e+02
5.651845712849842585e+01
2.018520209709535038e+02
1.552050815259912611e+02
1.088916378300608159e+02
1.360208487772125352e+02
3.284624162712516693e+01
1.220864767455766469e+02
9.429863544792625873e+01
6.810722929643101509e+01
9.711774316429045939e+01
1.269629159809822596e+02
1.337057887333330086e+02
1.416817496057869334e+02
8.915947957707113858e+01
1.638741287781280960e+02
6.956784556153623100e+01
5.558080373499224436e+01
1.274837940809825767e+02
2.595549449451779651e+02
1.383784445599213200e+02
1.230778439565245748e+02
1.461017362924304166e+02
4.287199255569204581e+01
1.297616951465917339e+02
5.922023372747226233e+01
6.746494167306929057e+01
5.216642034570499220e+01
1.434844970222782763e+02
1.336576130569332577e+02
9.087420192139404662e+01
1.449272699712427084e+02
1.501896008471876485e+02
5.929693894491402517e+01
1.471034922538395051e+02
8.454987659501554731e+01
5.898598929597281426e+01
1.085222996421745592e+02
1.223369095208363149e+02
5.260812686788619885e+01
5.520840468752570018e+01
6.264527280838238710e+01
2.531952017457666670e+02
6.703781375898286399e+01
3.305145716851774296e+01
3.123546366477642522e+01
6.183580221993521064e+01
1.475641565678976406e+02
8.322904394476454115e+01
3.806621276584611024e+01
4.771584731472879781e+01
5.570084499289261970e+01
6.402138971014882429e+01
1.268513043569710135e+02
8.007856526962432042e+01
5.622054832420636217e+01
5.367899125515365455e+01
1.806673326058871112e+02
1.825999840986850984e+02
1.438840633360364620e+02
1.780320264912443236e+02
2.202453504022629431e+02
1.581496637835391539e+02
6.459147704585093379e+02
2.192596267554608005e+02
1.590614234379353888e+02
1.794905173207731082e+02
2.390589926588812659e+02
1.657620196962990349e+02
1.558758296879137504e+02
2.012658160112398491e+02
2.541221443710305152e+02
1.939425538051029321e+02
3.647622221415527974e+02
1.697387134152523203e+01
1.123074941937128131e+02
1.842933219114750045e+02
9.855022072202015693e+01
1.450411309307765180e+02
2.495452948465192264e+02
1.749224414315186777e+02
1.549369028596819078e+02
2.115525237083840580e+02
1.788428765980676189e+02
1.935749896384388080e+02
2.140250071238115765e+02
2.197946711623421265e+02
1.841578790065074713e+02
1.722734901275171637e+02
1.431307870387701655e+02
3.247398815643549028e+02
1.761196744797202598e+02
1.629885410641178964e+02
2.106820997406960601e+02
1.543096655574029796e+02
2.411071113899086242e+02
1.942978330852382953e+02
1.791989155748591998e+02
1.182979510432275845e+02
1.861533919885858381e+02
2.879661430741981007e+02
2.649521624323427318e+02
1.846580768219172626e+02
1.865326605773455242e+02
1.889673447770881012e+02
2.439857995030051825e+02
1.770330276601173409e+02
1.876913406850640627e+02
1.163238010172267991e+02
2.747628473621348348e+02
1.666752354543756667e+02
1.586665924991163479e+02
1.775979251290933689e+02
3.089348394872264976e+02
1.867964205610854265e+02
1.184555670526121389e+02
1.728454052624274198e+02
1.410068904783347534e+02
2.101364821677179862e+02
2.371494298599814385e+02
1.621093095346477355e+02
1.541473372506218880e+02
1.645954461114629908e+02
2.469523538937857552e+02
1.157127254830063379e+02
3.091976700671198728e+02
1.352681094429725590e+02
1.824724472639454689e+02
5.533688730443377324e+01
1.084337408968284393e+02
5.583765305417200153e+01
7.653968248382453510e+01
1.167603784523072363e+02
4.881784396080337842e+02
7.536456676184243975e+01
1.115209875078229089e+02
1.384356109459428126e+02
1.513286471480468549e+02
1.031177391529252390e+02
1.007326871572388427e+02
1.266987568076459922e+02
1.587220971457682595e+02
1.392255843147733856e+02
2.887483135446403821e+02
1.822650591132363900e+02
6.858940386424012559e+01
4.486075766454911218e+01
1.120686033611608252e+02
6.233722183005257023e+01
1.619282859916193331e+02
1.034679316279103034e+02
7.227137191868132504e+01
3.916215328507731641e+01
2.473811524950405527e+01
2.919828960656202099e+01
1.667385309039521530e+02
1.275049690639512647e+02
1.076181510395830543e+02
1.451672368104830184e+02
2.458605969012831594e+01
1.355722430161786178e+02
6.486165601020611859e+01
6.105189525577176113e+01
1.784158561642649587e+01
1.308836433739473364e+02
1.699657819633819429e+02
1.154829682350739688e+02
1.475181490423914568e+02
1.079542295995413923e+02
1.395630551796563168e+01
2.105621708806531274e+02
1.806053090829359462e+02
5.528938258814817885e+01
2.509123176233118713e+01
1.128509398419556646e+02
4.488374233222484122e+01
1.492641655574731772e+02
1.342602493783238344e+02
5.360521534860149728e+01
2.013094429315956120e+02
1.320078105535995405e+02
1.244553964500041445e+02
1.338799387210242173e+02
1.420417082040397929e+02
1.461544272588348292e+02
1.189221801082554180e+02
1.432809101720644946e+02
1.091888758141673890e+02
3.409619687856408632e+01
1.783424733527936326e+02
1.219386233917153959e+02
1.281566070497507042e+02
1.185058820335053582e+02
1.614104254082715215e+02
4.704013698387518616e+01
1.849416964900944151e+02
1.212822863018785995e+02
1.303172726561881518e+02
1.053498775942631198e+02
8.220397386640846094e+01
1.145558799510551893e+02
1.143761763780039331e+02
5.053532631887036928e+02
4.887324723014658190e+01
1.106820787479078234e+02
1.343612329483755445e+02
1.575255741898970996e+02
1.051312431452167431e+02
9.599523078995318315e+01
1.248113697278614467e+02
1.582507338059924962e+02
1.393519622816636740e+02
2.820525850011503053e+02
1.835342590983009927e+02
7.161900118804469173e+01
6.106540926470968600e+01
1.088900805101769151e+02
8.435747290725235814e+01
1.590864051662437930e+02
1.037240752406357984e+02
7.989309411231324987e+01
6.653879923434452337e+01
5.165499593977559556e+01
5.320668374323152250e+01
1.649902025680914619e+02
1.221280646904355649e+02
1.059688131089327641e+02
1.364042716088965506e+02
6.042802292171412404e+01
1.429737337090768960e+02
8.096363082997193317e+01
7.319221903167732535e+01
6.327018008371345559e+01
1.296106319370329629e+02
1.711737304628167067e+02
1.086675797373466139e+02
1.471470141757375529e+02
1.047761903100089143e+02
5.580877636062013636e+01
2.029221048672289101e+02
1.778255020334888741e+02
6.817790769137415907e+01
5.317787910367744075e+01
1.057934818997756139e+02
5.877691363033258654e+01
1.430703212069792016e+02
1.285698194234117580e+02
6.583359484963882835e+01
1.984532014705059453e+02
1.243550937921971951e+02
1.187051308065698407e+02
1.336817811046379347e+02
1.455664568127409950e+02
1.336309888038617828e+02
1.132604231947799178e+02
1.375351228824482916e+02
1.076963314774233709e+02
6.761112524319474915e+01
1.703356961311571922e+02
1.150054016904520040e+02
1.234171557386359979e+02
1.147443097448476976e+02
1.533740114467893818e+02
6.451720288352258592e+01
1.745813198650639606e+02
1.152672090838143788e+02
1.249605690700003606e+02
1.011703105332732520e+02
1.587534156606787121e+02
3.621733445955104003e+01
4.242769772317584511e+02
1.396854600848778603e+02
4.289927441150757659e+01
4.776333447516714870e+01
1.014633246304105967e+02
3.934198826126809223e+01
6.794167514490095527e+01
4.861228966648598515e+01
8.420042729890994337e+01
6.207355161819586442e+01
2.015662733921752761e+02
1.219319283247303503e+02
8.756212012913744047e+01
1.124611236618627572e+02
3.444984530707365167e+01
9.433379719715482281e+01
8.514281936182376853e+01
2.747068231836192354e+01
9.371437151287139500e+01
1.230281659753002401e+02
9.980373123282912218e+01
1.108517443369562159e+02
8.252750936823763084e+01
1.414605335096919703e+02
3.132649728575598047e+01
6.700441452174463564e+01
1.057108736932571986e+02
2.308248435261978955e+02
1.156338218392767061e+02
9.026515089112599810e+01
1.164262537005512570e+02
5.150269979151153166e+01
1.284363750559357982e+02
3.977605882273042681e+01
8.008655092727896374e+01
3.786817610752938634e+01
1.088729018083804192e+02
1.214171913218460048e+02
9.855901486783221799e+01
1.242622164246115375e+02
1.205782725194255960e+02
5.385667352755504567e+01
1.268702701594356483e+02
9.239157897946010678e+01
4.854453835872448053e+01
7.991857932088905159e+01
1.099500402605205664e+02
6.436710756499103070e+01
4.416244103547089139e+01
5.633075783611488419e+01
2.285129955218732221e+02
7.002310255147239104e+01
4.158126876407008155e+01
5.880709189527418346e+01
2.882598747560105679e+01
1.290068449604650311e+02
9.688244558327313882e+01
4.509210355466156983e+01
5.799825476862522322e+01
4.865953744681600313e+01
8.114095981406221370e+01
1.083665400760077659e+02
1.096675641842415985e+02
4.066381888572743719e+01
6.065271847226056678e+01
8.402288417689946698e+01
1.080078659774006411e+02
4.323304334675604537e+02
1.138078391935261777e+02
1.037747113786502382e+02
1.268380262514338028e+02
1.529960231331054956e+02
9.768762321741596111e+01
9.080605206116022998e+01
1.189949250441382844e+02
1.569446540295776344e+02
1.251779949145404771e+02
2.779947000045809204e+02
1.777306479610564907e+02
3.694635724314752423e+01
6.768289554227831673e+01
1.028803031194774462e+02
1.258623904095775714e+01
1.571169985729826521e+02
1.013449361164958162e+02
3.491491472377612837e+01
7.286233762618692822e+01
4.405880223076471225e+01
7.167091941482227924e+01
1.579627124158027414e+02
8.532147561124767776e+01
1.046764981938208336e+02
1.304642024670970955e+02
5.729179917318492699e+01
1.457896924597830264e+02
2.166127243455838070e+01
2.407267877353538665e+01
5.263909274920406034e+01
1.165018045085581662e+02
1.736591046092227657e+02
1.075426915477744103e+02
1.395514668297584535e+02
9.913857700810592632e+01
5.718983005628010119e+01
2.028997267385397549e+02
1.712920503240761434e+02
4.076854505760478276e+01
5.533137178449457139e+01
1.036463104602660366e+02
6.964679841072398858e+01
1.438764218506240695e+02
1.239347233224424940e+02
1.950589680668729287e+01
1.927417420171256879e+02
1.179991807835799165e+02
1.146713731680416402e+02
1.267357991543729980e+02
1.512555325554920671e+02
1.379949226618394391e+02
1.071035649557696985e+02
1.305527642814921023e+02
1.045097191553336273e+02
6.843119069280510303e+01
1.671601883658992449e+02
1.078282096885297960e+02
1.130870542138605543e+02
1.086109851861429831e+02
1.445364022834085347e+02
5.538520777740048118e+01
1.780174575887294282e+02
1.080616264831588609e+02
1.190952227537660661e+02
1.649116662868071330e+02
4.301747353515057171e+02
1.272014094914598132e+02
1.635277662650002526e+02
1.876570531253525473e+02
2.132298638329690732e+02
1.554926971573337653e+02
1.571101764550564042e+02
1.834096795855608946e+02
2.173438964201661179e+02
1.906829601382112003e+02
3.335812322312174842e+02
2.200706700246224443e+02
1.024272275107388452e+02
9.250958071096214042e+01
1.599431919339860428e+02
8.770798584043713220e+01
2.137475390861243625e+02
1.590702032298997324e+02
1.022071930357457461e+02
9.263677578681553371e+01
8.722576109348608497e+01
8.706874567415079014e+01
2.097777357724058902e+02
1.189887983404364462e+02
1.536550939752746103e+02
1.889174029807455781e+02
8.444108253123820873e+01
1.157029432058649405e+02
9.533663062381000941e+01
9.640416356050437230e+01
7.466746873209558544e+01
1.741545998262475337e+02
2.274924325384283748e+02
1.631627944901032379e+02
1.922007078494011978e+02
1.521490330428660229e+02
7.234459194448012909e+01
2.464190402710759713e+02
2.303642806770345430e+02
7.149678324382099959e+01
8.686976380007061493e+01
1.596550388766207220e+02
9.435718029925597250e+01
1.982833630019795805e+02
1.878006260219283945e+02
9.344039049127958663e+01
2.448142041954685340e+02
1.829468399439647044e+02
1.660029410610769105e+02
1.765330479308631482e+02
1.161434163386395539e+02
1.897098543693559236e+02
1.648181509826457898e+02
1.887956717726340514e+02
1.620146906892453558e+02
8.585267467447272338e+01
2.194989593912881389e+02
1.740251317517590053e+02
1.757528535605191848e+02
1.652550395731552442e+02
2.077119976545063480e+02
9.742046360495781698e+01
2.347649812874860515e+02
1.607546001988111186e+02
1.746429362467414421e+02
4.446132637544312729e+02
1.517589698047557363e+02
3.098949425843221306e+01
6.159892631380773054e+01
1.039622477468711566e+02
2.778469824343824257e+01
7.808147121176868666e+01
7.660988687021468024e+01
8.998875947965431976e+01
3.816250776296609359e+01
1.927703529852089162e+02
1.285772344029728913e+02
8.958564493754910529e+01
1.176631326454321567e+02
1.173140554281261139e+01
1.023089260760727512e+02
8.296050763690809049e+01
2.745223386421541889e+01
9.399162231752447383e+01
1.242568646908852941e+02
1.039253954799498558e+02
1.136056197420493987e+02
7.817639367616686741e+01
1.492868163470506033e+02
2.677706670813008571e+01
4.918384093003984958e+01
1.080044227677794453e+02
2.397470324015189931e+02
1.187371317590924491e+02
9.753187769056893330e+01
1.218705520177692421e+02
2.179555876878146847e+01
1.125619610365968839e+02
2.683178116247183809e+01
5.444116784418442734e+01
1.901833635697007097e+01
1.145476014448343847e+02
1.199389266496661577e+02
9.723619212413350965e+01
1.295738289441543714e+02
1.269165264258797663e+02
4.049044314162382818e+01
1.266221411972475579e+02
6.767265789398032894e+01
4.017764357966705546e+01
8.711248773665464284e+01
1.041498753115803027e+02
3.677928642687589900e+01
2.838186527143414395e+01
4.106190936839119843e+01
2.343420213962504306e+02
4.921572367461308772e+01
2.344093636976531059e+01
4.747356036655563827e+01
4.865587455843215992e+01
1.371081904790105170e+02
8.946898732317589520e+01
2.536581522962936219e+01
3.238435264303416972e+01
2.994035586068252996e+01
5.236804939373404721e+01
1.085053273248425540e+02
8.873353224789129001e+01
4.539679054265322833e+01
4.625701377409890114e+01
5.319346442338768384e+02
4.610889628654886678e+02
4.072753489829924547e+02
4.945606301392217006e+02
4.506521996363102858e+02
4.308604847795367618e+02
3.905264295335109068e+02
4.126918713169499711e+02
4.663710382512929300e+02
3.604184988418436433e+02
5.862687799499550465e+02
4.709512964098798307e+02
5.020095075126926076e+02
4.495689005567297727e+02
4.395515522816439784e+02
4.147877470690497148e+02
4.592696955489486186e+02
4.354546066562462556e+02
4.754844050326892670e+02
4.804911638990885194e+02
5.068517368269807548e+02
4.333091984741024021e+02
3.964564156958176113e+02
4.614074923702906403e+02
4.612155022050847037e+02
4.794833641945659792e+02
4.585558433828761054e+02
4.346412477973846649e+02
4.399307291371681004e+02
4.868575840074682333e+02
4.642372076131496215e+02
4.876680919471418179e+02
4.571180254015171727e+02
4.774406506236942960e+02
4.572354391602594887e+02
4.860783346482446632e+02
3.892416723011642148e+02
4.236762042219208411e+02
4.269923560846550004e+02
4.797683555351968607e+02
4.472789710671790431e+02
4.995137328799963825e+02
4.547443286796045072e+02
4.577223812674006922e+02
4.529907235266409202e+02
3.905595952213853934e+02
4.722321132578178435e+02
4.571077193825248628e+02
4.704503901396150809e+02
4.733748178866784997e+02
4.622581878064670491e+02
4.383025766882756784e+02
4.215042669651243159e+02
4.130588433913663948e+02
4.741670987203958703e+02
4.510907413446570331e+02
4.455028090641841345e+02
4.637679381127051101e+02
4.595118043066968880e+02
4.742364598477827826e+02
4.713476124320522445e+02
4.875525389548763542e+02
4.409345336203008401e+02
4.578903638389963362e+02
1.454156847259885410e+02
1.705898077863220692e+02
1.938076397596237257e+02
1.394365089737558492e+02
1.280796809139991979e+02
1.580098247577036830e+02
1.927338226836768627e+02
1.745715840053657644e+02
3.202422208743375904e+02
2.196174249036465369e+02
1.071562064500696323e+02
9.896305755474573118e+01
1.451356066344944509e+02
1.182533028146114020e+02
1.965515420978231305e+02
1.376181504121557566e+02
1.129379548809183120e+02
7.758179262074990845e+01
9.193545476476978706e+01
6.158041406081866143e+01
2.004562263149436774e+02
1.590173426308835190e+02
1.400902699438172760e+02
1.783580997699998818e+02
7.681673822764322779e+01
1.075583011185522224e+02
1.170650498264407986e+02
1.083664097007576146e+02
7.838872371742486678e+01
1.637646808336800461e+02
2.065150104825950166e+02
1.440289392763207275e+02
1.812262948114763219e+02
1.401374088725021352e+02
6.752230618211972057e+01
2.404742889652660267e+02
2.133180769593900834e+02
1.077493302607200292e+02
8.884861847746053343e+01
1.380489814031930962e+02
9.172533887576292955e+01
1.852837329799162092e+02
1.650646507524176627e+02
1.025999008329928444e+02
2.337104553783921972e+02
1.595972854216960286e+02
1.556977999860185946e+02
1.693070673395730239e+02
1.120984585827660425e+02
1.770663453510318277e+02
1.495163656326463695e+02
1.716293934530754086e+02
1.454197942034227822e+02
6.503089349142602771e+01
2.057204418749037131e+02
1.535163470946384905e+02
1.607042033120998497e+02
1.505318339487986350e+02
1.928104916136776978e+02
1.042409601084086290e+02
2.097447636341902921e+02
1.519271572890727668e+02
1.629236251784680860e+02
5.162495525919349859e+01
8.348527398946208677e+01
2.867982518728871355e+01
7.708942603030793350e+01
8.293719738945337383e+01
9.170452510408718183e+01
3.039365308261734100e+01
1.921973894176189219e+02
1.342780255904170303e+02
9.229836896430617799e+01
1.203422113211162241e+02
3.358544295107321886e+01
9.808292892297548349e+01
9.385070808869289749e+01
2.123305489679265534e+01
9.915861343806922434e+01
1.310869674048774698e+02
1.037014519751764112e+02
1.151671477893443409e+02
7.981877804216549066e+01
1.551318125961245471e+02
2.552936306521308651e+01
4.434353803771013247e+01
1.125948732982352425e+02
2.342276055591912609e+02
1.195974777777709761e+02
9.436980771424236991e+01
1.213354398330268396e+02
3.066521139204179391e+01
9.661421002727415441e+01
2.436453526415906623e+01
6.049916680016939097e+01
1.697245751780289780e+01
1.134804141437675611e+02
1.121588192318253476e+02
9.942313027725032271e+01
1.299836507959821574e+02
1.257439045607040384e+02
3.860865363058152866e+01
1.328401529447569942e+02
7.213192876714751378e+01
2.354855084033377111e+01
8.476206779701189475e+01
9.309107920102448475e+01
3.017332742111194577e+01
2.622622516795316727e+01
2.689559570588520998e+01
2.328317863865125901e+02
4.813213617566358948e+01
4.155552378725430884e+01
6.033730436841244682e+01
4.267851054175262249e+01
1.337167747828606537e+02
8.672238661318968411e+01
3.859998028328046615e+01
2.586084945806054236e+01
4.140066393323466798e+01
4.559710487882299645e+01
1.165299319482731875e+02
9.235070348305332288e+01
4.625783166897646481e+01
3.071403252550179275e+01
1.025278126335413305e+02
7.218679131593393095e+01
9.518108486834456983e+01
4.931694542471087317e+01
9.096616643057164708e+01
6.068522607487762599e+01
1.680059195977664501e+02
1.500545271203621382e+02
1.104525681897332419e+02
1.377011629344113146e+02
5.588861253380797223e+01
1.192611381410196145e+02
8.494871042114748150e+01
6.346275860354492693e+01
1.158718666334323757e+02
1.467315615567332827e+02
1.288769895010460687e+02
1.369014383180369805e+02
6.235149343914304154e+01
1.730992237436692562e+02
6.660957115982482435e+01
6.092921614199817526e+01
1.287887671859935779e+02
2.579341292416585247e+02
1.405021241246807904e+02
1.176412026596615306e+02
1.417400739666668130e+02
5.935685129340756561e+01
1.321466869772627888e+02
5.490760642240282152e+01
7.968678261592313561e+01
5.808706494619932670e+01
1.377680118114247136e+02
1.018117359668061965e+02
8.435128109251969875e+01
1.496695984161816853e+02
1.474035832775905419e+02
8.034480527142491724e+01
1.506135559155241594e+02
9.888865314329378009e+01
4.887107611636716342e+01
1.044257084140706837e+02
8.201920244007230565e+01
6.065840510499224791e+01
5.171863772735510878e+01
6.051770900501631445e+01
2.562063845284525883e+02
7.361523696411066453e+01
5.664237609988209954e+01
6.079344853528790793e+01
4.374580740416236324e+01
1.589730782412714802e+02
7.703195802429158334e+01
5.842165347334614722e+01
5.162697911218857882e+01
7.128983840277486195e+01
7.398650206564413168e+01
1.306321599857522813e+02
1.178559676169963808e+02
3.615532094997693946e+01
6.020256747399549369e+01
9.706107769458587597e+01
1.312736735533453043e+02
1.403844076956006006e+02
1.615974160377637077e+02
1.038196515782464502e+02
1.894201295514302785e+02
2.121616857322877365e+02
1.394552850145238665e+02
1.637175569562026567e+02
1.050216515835769684e+02
1.528655708253619991e+02
1.602638488913478909e+02
9.289537242967666941e+01
1.485482970085564602e+02
1.779075184562484253e+02
1.428410259413320489e+02
1.536694049817834582e+02
1.444301573982239972e+02
2.017671519384792305e+02
9.538937331465393754e+01
1.083525497526928660e+02
1.564134784553595239e+02
2.842283143555526408e+02
1.692812258770813401e+02
1.423383934564724314e+02
1.671929530997705626e+02
1.055712298386104777e+02
1.493605158811154467e+02
9.636464574901962976e+01
1.248861094239503444e+02
9.193006533493813492e+01
1.540629765122211836e+02
1.838523266953085908e+02
1.662785989977516010e+02
1.759195390783612538e+02
1.638468866444979994e+02
1.113548716306665369e+02
1.747657110821365620e+02
1.295124929144172938e+02
9.233762782133916858e+01
1.377053651265368615e+02
1.580224379975468878e+02
1.080041976946203164e+02
9.728313146895524710e+01
1.001201209192714288e+02
2.835402565443038156e+02
1.170485223255572151e+02
1.074478575850879452e+02
1.329956005790072311e+02
9.217144383850737199e+01
1.808080069423904490e+02
1.513098808909994659e+02
1.099987298303423700e+02
9.354645365105706389e+01
1.035051260621980020e+02
1.181919200118439477e+02
1.548015223280733323e+02
1.592862889783946798e+02
9.917080826616708578e+01
1.045374866105457698e+02
7.560990461887040226e+01
7.428797057249109059e+01
8.406066709900539990e+01
5.570574819800825139e+01
2.095278964059890825e+02
1.379131864772144809e+02
8.852973651432212421e+01
1.150532950321406958e+02
3.332145144220571353e+01
9.442251435906833024e+01
8.409939136188833686e+01
1.798591493145325870e+01
9.596648336090595421e+01
1.231368392009006243e+02
9.430949755873525930e+01
1.061943263695734743e+02
9.133415985675735271e+01
1.399967430757232592e+02
2.049160264185846714e+01
6.463488453037597026e+01
1.073603624890083239e+02
2.268441410595629293e+02
1.155236135410517591e+02
9.135964681154054290e+01
1.146081541005647608e+02
3.902283520967097274e+01
1.024834249968642013e+02
2.926024299250180150e+01
7.723108843088941455e+01
2.184726900429734897e+01
1.061331246241640542e+02
1.298360708615573742e+02
1.050761962825888389e+02
1.224596056957844041e+02
1.180803477829582562e+02
2.902502315173542868e+01
1.241896181000671930e+02
7.625089557916705019e+01
5.042401463049046839e+01
8.154343381980692129e+01
1.135866755753012853e+02
5.150421148272205585e+01
3.644222032283191481e+01
4.711093442546476950e+01
2.273156352242003493e+02
6.696272701415711026e+01
3.481298065370438621e+01
6.459073738105338691e+01
4.216252430767109871e+01
1.274186885443334916e+02
9.122218342319794715e+01
4.509732751697271169e+01
4.981383828133019165e+01
3.448968390360247582e+01
6.735780019881525504e+01
1.052726070117773389e+02
8.985770878231180347e+01
6.247057414040506274e+01
4.823115618302317387e+01
6.310412401395293358e+01
1.275465621338685764e+02
9.268705892087884024e+01
2.180698835683477910e+02
1.539567565716963884e+02
7.925560990806812356e+01
1.070528524899683305e+02
7.111764211134975255e+01
8.514236095199473198e+01
1.324296471972899951e+02
7.337334475636239972e+01
7.576889918691973946e+01
1.035253678076570196e+02
9.111707809521158197e+01
1.013450870504855459e+02
1.335344602450283560e+02
1.291974445757483352e+02
8.097116733560274326e+01
1.001481818229505336e+02
9.954935408478414161e+01
2.160810427463958661e+02
1.028488027297612319e+02
8.270105303158554477e+01
1.054181524654289746e+02
8.851926084461058508e+01
1.559043515468008536e+02
8.037241992211610864e+01
1.148786755528427364e+02
7.598576775879818967e+01
1.039868329937263525e+02
1.750466389484576553e+02
1.415423679353981754e+02
1.079782468703214562e+02
1.089541488504873143e+02
7.635022854772596190e+01
1.131233348410873276e+02
1.248760522249800431e+02
8.442500524512115589e+01
7.254384427457385698e+01
1.605012892168645067e+02
9.420731872341053759e+01
8.162389766756012932e+01
9.239417585358779661e+01
2.181217498681230325e+02
1.120015399662111406e+02
6.724699791134088400e+01
9.322791057308009499e+01
7.038520952701803424e+01
1.119773012413321851e+02
1.304711091044566444e+02
7.655281811862653285e+01
8.987434797102106643e+01
8.914271729953017598e+01
1.188976410826908108e+02
9.721884232045708529e+01
1.318097525246183181e+02
7.989208273041717234e+01
9.154245862932778266e+01
9.240946152504038480e+01
9.623176923934677518e+01
1.951224295292647923e+02
1.903694253463582129e+02
1.065393038550595151e+02
1.367252145716560108e+02
7.611382408159569479e+01
1.128179002837007090e+02
8.887244527465723820e+01
7.062197911461851163e+01
1.143874886510319300e+02
1.423205737671417808e+02
1.184760110445107273e+02
1.285936878458999502e+02
9.249540553953428912e+01
1.566360841919812685e+02
7.534587931017939866e+01
9.690419572209957266e+01
1.262568525629674667e+02
2.435867571261489957e+02
1.322598218517250075e+02
1.084053092224192625e+02
1.360803578784594094e+02
9.116443559461156099e+01
1.554333362482506118e+02
8.136290664492396729e+01
1.211515375102320462e+02
7.945282522539292813e+01
1.290377409830004183e+02
1.366216997066210297e+02
1.064667534710425230e+02
1.418056228709997129e+02
1.363639874460681085e+02
9.045407734050083093e+01
1.427572122894947881e+02
1.235238839824010881e+02
8.367992770445908945e+01
9.858479597985333953e+01
1.153393802490739120e+02
1.014224057187894630e+02
8.506825704368038998e+01
9.813207274133203839e+01
2.462351770807938465e+02
1.119221102625533746e+02
7.871333108637787745e+01
8.234026704397922458e+01
5.721676242951982516e+01
1.466988170967412088e+02
9.973738958108904740e+01
8.061334265500930485e+01
9.829589345017620872e+01
8.513160344093284948e+01
1.196689271862623514e+02
1.267551983599250605e+02
1.305520070811741107e+02
8.136355786074028629e+01
9.131404325362295538e+01
9.348482598339788296e+01
1.394054703382359719e+02
2.302900120878018697e+02
1.485862454800573289e+02
1.729605030611697600e+02
9.656535433248825484e+01
1.545994984671614816e+02
2.756203829581681575e+01
8.841151871698043863e+01
1.561100997091137401e+02
1.816774933908016578e+02
1.518214248668519701e+02
1.662300798315597774e+02
4.545463186279758361e+01
2.067476312610557159e+02
9.145702767539494005e+01
9.285641468682287325e+01
1.666689017802018498e+02
2.780339202438611892e+02
1.722217368564826643e+02
1.474692863890169008e+02
1.731646423334268832e+02
1.006877558916532394e+02
9.051108278526001527e+01
9.914070363593782531e+01
8.009471219844334655e+01
8.794391447816727236e+01
1.632082988341183523e+02
5.818965671464064826e+01
4.081615080808886376e+01
1.790401848871735240e+02
1.706394905157663686e+02
1.003309718076220207e+02
1.838953125515120632e+02
1.062442976983954281e+02
9.920583401616018193e+01
1.417556194833950656e+02
4.810694742500196242e+01
1.061361886537232095e+02
9.794401477783131327e+01
8.207824588093579621e+01
2.840695006138450935e+02
8.333551043899886679e+01
1.030742695831063003e+02
9.811294593711933487e+01
9.316865574391906080e+01
1.785354708925336809e+02
6.462108848574172271e+01
9.632511357104058902e+01
1.124838918344201204e+02
1.096092403496454608e+02
1.057248522901828096e+02
1.700376082760413112e+02
9.523768116188850286e+01
1.183427432328205526e+02
8.759192914523383422e+01
1.767897409710527086e+02
1.628466604540880667e+02
1.125219094426127953e+02
1.419703473024624998e+02
3.770520802961626572e+01
1.183719911673212124e+02
8.923843648888514224e+01
5.294969693341994343e+01
1.179946430498248020e+02
1.501559979822107493e+02
1.305157960771204273e+02
1.396927286838618159e+02
6.850961214052961168e+01
1.762435351097308001e+02
5.789557028125698679e+01
3.134603327896359204e+01
1.326287813515029086e+02
2.614077401009756727e+02
1.402386964209497648e+02
1.169480267576956294e+02
1.421527959847872182e+02
2.848073088480776249e+01
9.331838376659740675e+01
4.523131807202901911e+01
4.547550023477472081e+01
3.688403773319843282e+01
1.388382873274377971e+02
1.058227920006858227e+02
8.490828820627058349e+01
1.487876299765839292e+02
1.499275518560618821e+02
6.274979915574792955e+01
1.553624767177106207e+02
6.364529802569001760e+01
2.947795937383994413e+01
1.026943201861087402e+02
8.905759564866774269e+01
2.256901828743502136e+01
3.814909284918642385e+01
2.443168118686494239e+01
2.585650851432117179e+02
4.059011116806939157e+01
4.808392056815456783e+01
5.904123259985158967e+01
5.914915197053889528e+01
1.590753693466958225e+02
7.603192994143002181e+01
3.271003563388185142e+01
2.747161230048472191e+01
5.684657273482520168e+01
2.433372637498006341e+01
1.337078223471304455e+02
7.477735796989776418e+01
5.218677979667774736e+01
2.969651548712313982e+01
3.345847119971572283e+02
2.639508892247582708e+02
2.883383491854770000e+02
1.928661469756416977e+02
2.750997199686847239e+02
1.446633698529832657e+02
2.101479780253383751e+02
2.699121144115697462e+02
2.957330784367773617e+02
2.775910137700736868e+02
2.881272517766994952e+02
1.204356047353067112e+02
3.257894591675286051e+02
2.100239302953595768e+02
1.662414522385526823e+02
2.789496106908271713e+02
4.092784993352314586e+02
2.937512469309206722e+02
2.698342126517293309e+02
2.907810686316921078e+02
1.876150354075257098e+02
1.886307295554003645e+02
1.988134122673918114e+02
1.477622676982189489e+02
1.927014113541390543e+02
2.881856453098933457e+02
1.299431661039410812e+02
1.321154551169647391e+02
2.976851992362950341e+02
2.960012996484634868e+02
2.190030086090312977e+02
2.977886470990170551e+02
1.848738908594049803e+02
1.865732274765148873e+02
2.597329766890229621e+02
1.053294725026399448e+02
1.853103312399127276e+02
1.904053923225685594e+02
1.742518054325061314e+02
4.092628380555137255e+02
1.606837888533856358e+02
1.993418974297127306e+02
1.916283903999258484e+02
1.990796910955150452e+02
3.064907675049335012e+02
1.456677750206872872e+02
1.920600807663691683e+02
1.868067248839134891e+02
2.106029695366695478e+02
1.788130348958864317e+02
2.744962697766605970e+02
1.933257597879559455e+02
1.914338690283347830e+02
1.806829420869186436e+02
1.160812854515795891e+02
1.845354202969571134e+02
7.590307045054919399e+01
1.477113733296120870e+02
2.213870287627700293e+02
1.466144611292194213e+02
1.558690567560513500e+02
2.106963439874497510e+02
1.785971497768833274e+02
1.946648076696082512e+02
1.876651615195407885e+02
2.159970562531067344e+02
1.532908202215984375e+02
1.416440652994542404e+02
1.463736780771875488e+02
3.218189421405091366e+02
1.765516279730066174e+02
1.632593656160955220e+02
2.099867454180526352e+02
1.232188605332886340e+02
2.170722500884640453e+02
1.647838522619103685e+02
1.545365278143510182e+02
9.540627547668293573e+01
1.871749148330918331e+02
2.600104236802523587e+02
2.389721566331089662e+02
1.838573278690768120e+02
1.875465207909037417e+02
1.590998183328381401e+02
2.403721820008317991e+02
1.510738203967066511e+02
1.553315493513107697e+02
1.206241579147616960e+02
2.398212196646787788e+02
1.400952599535489753e+02
1.308255431992654962e+02
1.472520372985712243e+02
3.078680701166551330e+02
1.600174910826627865e+02
9.160048915835146488e+01
1.452645101712831206e+02
1.179567326448663778e+02
2.095119049639350237e+02
2.063396092589535158e+02
1.346059951664112191e+02
1.285114738272000920e+02
1.338223244406665060e+02
2.086592425225049965e+02
1.200122283983041740e+02
2.671631501609975317e+02
1.088297928554885488e+02
1.553138343903528380e+02
5.148216788196998550e+01
7.865902078574511336e+01
3.252525615043938956e+01
1.467745876924726645e+02
9.107647705155358153e+01
1.948094017971087766e+01
6.775329904025612393e+01
5.214442144006009272e+01
5.647395445441403439e+01
1.408336420609948902e+02
7.756069558234928252e+01
9.192781664898360816e+01
1.142653461245424751e+02
5.243543013073073666e+01
1.748297851819747848e+02
4.211578479042666601e+01
2.841346269286073323e+01
7.225958536078215388e+01
9.864589555686400502e+01
1.567901603852155574e+02
9.049342224866394702e+01
1.153713654127586921e+02
8.468320169623490301e+01
6.335967393694605221e+01
1.841502272870388595e+02
1.545980409609476283e+02
6.652706827466565187e+01
6.444694406919484209e+01
9.356326417793941630e+01
5.692316795911804661e+01
1.219405140709599209e+02
1.127410464865066189e+02
2.144583274081181301e+01
1.799939899662940377e+02
9.633126422882801876e+01
9.743698338078030474e+01
1.099791463351475755e+02
1.717859994086743995e+02
1.168676139287979652e+02
8.573341068900739970e+01
1.051543036553753012e+02
8.987985558430878541e+01
8.903953377389659352e+01
1.512012626765801713e+02
8.904760704700072438e+01
9.118322678716641860e+01
8.201736420457416443e+01
1.214899117677800575e+02
5.168684833989864558e+01
1.646752712147050772e+02
8.361043601021815164e+01
1.032123352997675312e+02
1.055549514805252187e+02
6.151099893342793479e+01
1.652482144477886550e+02
1.189284187592260338e+02
6.032645364823946466e+01
6.231585692457534975e+01
2.958395119106565829e+01
5.648567596196867413e+01
1.605100563262268167e+02
1.300757247583085814e+02
1.159721158670844403e+02
1.331497976693350154e+02
3.963122065851896991e+01
1.704811657643498677e+02
6.551217085974498389e+01
6.234767515050943132e+01
4.647044956301038354e+01
1.240221343701643804e+02
1.745520816590754976e+02
1.191154831456370573e+02
1.387459248754787495e+02
1.095337858840073011e+02
4.338014366495036711e+01
2.009023747531131505e+02
1.795854989908607138e+02
5.625452478155801117e+01
4.173495970120388421e+01
1.184918098549787686e+02
3.714475114497497543e+01
1.359106823138053812e+02
1.397579580556631242e+02
4.762166070035427623e+01
2.049093375862621258e+02
1.306302837741213523e+02
1.176178973780757815e+02
1.330330013139447942e+02
1.695733677847181582e+02
1.362783109722657571e+02
1.109544156077066646e+02
1.356587596854566868e+02
1.169180586026440807e+02
6.450228258967680972e+01
1.715357520756984400e+02
1.193373488492683947e+02
1.237529225626264520e+02
1.182325536187964019e+02
1.585898243341922864e+02
2.673597811748548025e+01
1.807031491273657764e+02
1.089991956004829916e+02
1.247756940500561882e+02
9.346515713127382696e+01
9.024413416507928787e+01
3.168315238395632605e+01
8.225203933353884622e+01
1.122568654744479346e+02
1.014449922140926077e+02
1.083265538861132598e+02
7.885580421281986219e+01
1.391312194405057312e+02
3.372260732109736381e+01
5.070372988636826506e+01
9.398828392471074267e+01
2.355172336997711682e+02
1.116691989252388595e+02
9.011592423037410526e+01
1.162689307199629951e+02
1.949479203768604307e+01
1.120055218438820646e+02
2.550463293433274004e+01
4.894633168248466148e+01
2.241912648967739585e+01
1.112239658040348758e+02
1.235513958561423067e+02
9.777993762239518105e+01
1.209510901189491960e+02
1.193294134388630994e+02
4.547541901741252701e+01
1.156815228763963148e+02
6.707299193633052425e+01
3.886711388554840596e+01
7.716723172337751180e+01
1.104361487683909644e+02
2.842783628708852461e+01
3.038943192964122630e+01
4.467074787252011703e+01
2.288540091158822349e+02
5.093144357533896027e+01
1.786514377788997621e+01
3.978864478745531841e+01
4.718216393009031862e+01
1.323697979104629781e+02
9.253394440490826867e+01
1.739505726267316987e+01
2.509865883534518005e+01
2.656187910862719548e+01
4.650477755947711245e+01
9.853654409279222648e+01
8.616688679868570944e+01
3.592596311325259961e+01
4.813860673374139765e+01
1.562152168767537717e+02
9.387578453560097103e+01
3.233365473389476819e+01
7.490319431737296441e+01
5.024453563272861345e+01
7.943991005876922884e+01
1.530935291827631488e+02
8.707541642676780214e+01
9.831890643726048040e+01
1.242616578627212931e+02
5.993695061807313351e+01
1.528696003351466572e+02
2.862732490944656405e+01
2.718187796485328178e+01
5.513800174710303281e+01
1.077245625383544478e+02
1.696049902444573831e+02
9.809639255297354055e+01
1.342655262905357461e+02
9.413383483705811727e+01
6.432714702420729225e+01
1.945002023167684797e+02
1.654537346935408095e+02
4.513310132868454616e+01
5.989071093730698436e+01
9.824392900833794329e+01
7.334691967380516076e+01
1.395382776235476570e+02
1.172761134143400881e+02
1.674137868771325799e+01
1.902820520102908404e+02
1.106572891667127152e+02
1.062139758913684062e+02
1.188454669638879153e+02
1.573350546002568535e+02
1.312921951799303599e+02
9.853738920296687809e+01
1.224221535307636657e+02
9.864501475397278796e+01
7.272058737120669036e+01
1.632441403908200073e+02
1.006179701180915771e+02
1.046234063378070260e+02
1.008537465961793771e+02
1.325846070753374875e+02
5.211156752749164411e+01
1.714976275524370521e+02
9.665268566488185797e+01
1.112401118572169736e+02
9.235876179707483402e+01
1.536917669833570699e+02
1.811917539506348760e+02
1.500189732431392144e+02
1.661912840664204509e+02
4.145586922140485342e+01
2.067264476917711136e+02
8.853623877895046235e+01
8.123768180854293064e+01
1.625398087247130832e+02
2.784141931873361386e+02
1.732646071957644551e+02
1.511200747068843384e+02
1.690318806447531870e+02
9.270708657831833932e+01
1.074385245295515716e+02
9.910568874541814921e+01
7.204347787608899978e+01
8.499209454196277136e+01
1.616601108410618792e+02
7.125865009479602463e+01
4.917176044915859023e+01
1.761039673876973950e+02
1.702719263437973325e+02
9.682084014497002045e+01
1.772014090954923233e+02
8.813507950311944228e+01
9.829143767414358024e+01
1.428171857395619213e+02
5.674549700263065688e+01
1.021004225085266057e+02
9.268541373630934288e+01
7.719489669846736035e+01
2.822981730207545752e+02
6.748080545590966040e+01
9.565397665914453285e+01
9.020206978575851053e+01
9.343185001595740857e+01
1.803438484359734844e+02
5.657454027164435928e+01
9.148918100647433960e+01
1.055280810739348993e+02
1.028459265931290503e+02
1.051012819046770801e+02
1.616475072940271502e+02
8.568948060968772040e+01
1.073409079684636254e+02
8.280126800149055555e+01
9.857586006271050394e+01
1.266530461810650507e+02
9.649594081250535282e+01
1.094685276615910965e+02
9.176417888083152263e+01
1.448162109850482864e+02
8.669081679975883858e+00
6.625497305726767650e+01
1.092055111074993903e+02
2.268190800522073687e+02
1.177752891716391588e+02
9.051825735842525944e+01
1.172867895637910891e+02
4.077168827695570030e+01
1.083593979292296723e+02
2.235631563426712987e+01
7.926674313909954606e+01
1.939100228521664704e+01
1.078947532045554283e+02
1.294149013801998649e+02
1.093199364617971270e+02
1.242230002675760545e+02
1.190428243130645427e+02
3.474809963421512293e+01
1.307496634439319791e+02
7.776005516739927259e+01
4.495980901325454937e+01
8.088225122257208000e+01
1.121129390992221744e+02
4.929282238208531197e+01
3.588925710130195057e+01
4.454103069321777753e+01
2.267515627571019650e+02
6.678226792117740729e+01
3.874913761571102100e+01
6.971077011703791015e+01
4.008366699278861489e+01
1.282736285144448516e+02
1.029266833896789706e+02
4.405578240096237863e+01
4.924812376528074509e+01
3.526142956290701846e+01
6.939902636281954074e+01
1.142291308561872540e+02
1.010510220637850551e+02
6.037551603915950693e+01
5.270598015099348288e+01
5.670631412577156993e+01
5.673311671086618446e+01
6.880085887086583796e+01
1.484104147600618262e+02
7.520050588864891949e+01
9.983448696513839593e+01
1.210486217914199898e+02
5.543876765606943025e+01
1.657074623535094986e+02
3.579212387774573756e+01
2.314856035987936522e+01
7.257508791751766353e+01
1.030196436737976313e+02
1.670652466685668003e+02
9.697631537501258947e+01
1.207949539199870941e+02
9.109723523497187614e+01
6.775107281609628274e+01
1.944204489504275557e+02
1.632608822451260266e+02
5.631016740650803598e+01
6.663676779583273913e+01
8.984376042574211851e+01
5.644554254049831599e+01
1.310227865090108992e+02
1.144179617286246895e+02
2.407836461067848788e+01
1.869420907868653785e+02
1.014164409559749771e+02
1.012052778155794783e+02
1.137592864362326850e+02
1.662882632040419821e+02
1.242038197747555728e+02
8.282911933751655909e+01
1.034949594958332000e+02
9.406955275551507611e+01
8.029082723145468492e+01
1.504862215694087979e+02
9.256359556316414228e+01
9.647528799616642914e+01
8.797163561023272393e+01
1.280977394935729876e+02
5.755328173676415560e+01
1.589213604954422863e+02
9.224069036532715415e+01
1.120646266036175973e+02
5.555047333387530273e+01
3.894855371034870473e+01
1.796659068726234523e+02
1.204115651579849384e+02
1.323344455814833225e+02
1.540107649325710497e+02
2.669313782454545603e+01
1.470651029579145188e+02
7.544852291568031433e+01
6.617327455972231576e+01
3.857987993963159568e+01
1.370963792319185188e+02
1.920579224619799277e+02
1.256238646515771364e+02
1.481534183758597578e+02
1.215873758067482271e+02
3.664142885394220173e+01
2.291645123822249559e+02
1.900468645923348845e+02
6.023339950654661834e+01
4.800984847249584675e+01
1.200406351764779345e+02
4.734244959826312282e+01
1.603128153230794339e+02
1.468364233287535967e+02
5.922176559359888870e+01
2.192206119452226574e+02
1.343234901024516432e+02
1.362688102779651160e+02
1.522020818542525546e+02
1.472473401525539600e+02
1.529160300618144674e+02
1.107966818026259546e+02
1.365649499877956714e+02
1.236190425991204620e+02
4.087212675886251390e+01
1.792626104409216339e+02
1.243134457654630296e+02
1.288348890978210761e+02
1.208011862240492889e+02
1.658631154731822051e+02
5.956666470237557576e+01
1.794777839713779883e+02
1.259693095027487857e+02
1.458806574354369161e+02
4.167853595139778378e+01
1.543369501029960134e+02
1.136405635744460909e+02
9.716201208989059523e+01
1.271595547179479979e+02
3.677622706333693259e+01
1.522474598440618934e+02
4.976636537530565363e+01
4.914105500912265256e+01
3.587656312331547070e+01
1.195313996697091881e+02
1.645673162820032758e+02
1.072220497256114555e+02
1.373161088128975962e+02
9.597873650923105515e+01
2.322565596855064030e+01
1.976977383696931554e+02
1.681342443431143181e+02
4.486806070752706432e+01
2.787083213166532758e+01
1.002155566778135096e+02
3.903564615811548322e+01
1.345766641064506928e+02
1.259312933704681967e+02
3.783624651410887196e+01
1.899404410793497107e+02
1.240727976059311430e+02
1.124266596276092116e+02
1.249932672777953826e+02
1.579024663929785959e+02
1.308635769569240779e+02
1.064840395703777176e+02
1.329661190637789900e+02
1.016770354414527162e+02
4.961582659167849130e+01
1.649356074503752438e+02
1.112724460357085405e+02
1.166914935855064073e+02
1.065263478953773131e+02
1.504863284910743459e+02
3.393646718286072428e+01
1.744955248069863956e+02
1.075888228877349633e+02
1.177129906740862140e+02
1.682121409829398431e+02
1.209896303270406293e+02
1.117666981650927767e+02
1.432850990036416192e+02
3.098146031629547537e+01
1.444771609215632395e+02
7.804135978251946426e+01
6.493533507393620141e+01
3.873282925993508030e+01
1.279316437907530997e+02
1.730461151864153067e+02
1.144810090798949034e+02
1.444026159282134643e+02
1.074886036289160955e+02
1.896356475944696740e+01
2.125271934612368625e+02
1.792941962986428166e+02
7.062173031354433306e+01
4.240500843824559496e+01
1.144048298461280950e+02
4.324972702151872284e+01
1.443311053170019704e+02
1.370365318025114050e+02
6.248503297074469032e+01
2.035572119493715206e+02
1.277101523797811495e+02
1.248533089780598573e+02
1.378234652428130858e+02
1.438053327138421196e+02
1.437695545328480478e+02
1.136756950605904564e+02
1.395760757776210994e+02
1.127785696071177739e+02
4.483342473842528619e+01
1.787523814148257486e+02
1.194276370908609977e+02
1.231843409441259922e+02
1.104011956692354204e+02
1.595391101439206523e+02
5.891446233411667777e+01
1.884211366795095444e+02
1.187435580169854887e+02
1.300868297178110993e+02
2.081151082329483302e+02
8.691399531850552762e+01
6.615470338335070721e+01
1.598317430696596091e+02
2.890045310090865769e+02
1.733341085735333991e+02
1.533121925650379467e+02
1.685876853778815132e+02
7.261238524898952562e+01
8.996715861931582481e+01
8.499304728932662556e+01
4.362647298048224798e+01
7.575095823277057150e+01
1.644091877882311223e+02
5.114171744538118958e+01
2.811357151675135668e+01
1.793048110523335765e+02
1.761069648606091391e+02
9.596704327916657462e+01
1.748869521010504400e+02
7.863108552089524039e+01
7.931330128351518738e+01
1.399104784667126751e+02
4.004546611906415166e+01
8.100179504899188032e+01
7.715583510977619142e+01
6.235179802633761170e+01
2.863564658603251587e+02
5.829501261840905357e+01
8.524301587529461699e+01
7.702428570102563299e+01
8.304438890341378965e+01
1.854742622021050806e+02
3.900301010640951915e+01
8.158203169416083256e+01
8.198739855409962729e+01
9.279564460477374155e+01
7.709563344072944346e+01
1.560545764583955020e+02
8.363174059914624081e+01
7.926589879283413609e+01
7.260551103249058258e+01
1.497793879426675119e+02
1.809344828648525265e+02
1.109971086079249289e+02
1.791110197233637393e+02
9.413791360151148524e+01
7.385488392130038449e+01
1.320298305333937492e+02
1.594692548965358299e+02
2.134645188971546759e+02
1.488928618197842013e+02
1.831592836629678800e+02
1.450644074767147345e+02
1.269437308798569575e+02
2.531315764030233595e+02
2.166264470646471807e+02
8.195796315354914441e+01
1.233124775116010312e+02
1.416290181413716027e+02
1.191163843929654860e+02
1.825427252791404555e+02
1.723704412013336480e+02
8.050711620838981730e+01
2.431305713634056929e+02
1.617977821583189950e+02
1.595669330929972602e+02
1.748849759733868723e+02
1.811926795599294167e+02
1.824615516298900388e+02
1.371062475583208879e+02
1.721660402439553081e+02
1.444825124348783447e+02
1.453497974099355190e+02
2.084666312669058641e+02
1.520208253855267344e+02
1.581479017509710729e+02
1.378702979028842037e+02
1.931796706774951247e+02
1.194066524192183039e+02
2.081147212517277296e+02
1.520005826594028235e+02
1.687761008655595560e+02
6.666178327841366524e+01
1.144399562005541355e+02
2.295854129004861193e+02
1.209844244551201768e+02
9.647591999042363398e+01
1.193644418776119522e+02
3.936775922846636888e+01
1.124354173842746150e+02
2.085042773862672050e+01
7.785837191897059029e+01
1.609511620731266746e+01
1.078737908903469105e+02
1.232863556723858238e+02
1.086255624000104376e+02
1.290694460042742264e+02
1.220973827628750144e+02
3.192430019844677958e+01
1.299072602725023273e+02
7.592903771874127017e+01
5.182458360017100318e+01
8.557225971721395297e+01
1.091973829704233339e+02
5.363459731920752915e+01
3.175443438981886146e+01
4.431675469078110297e+01
2.301725698511930887e+02
6.587079193749613637e+01
3.933933777237981388e+01
7.080004051059206915e+01
4.372042116474261775e+01
1.301449112834274615e+02
9.728188715801972819e+01
4.973714494858281654e+01
5.196154221060109535e+01
3.392400795720099893e+01
7.603744973862890788e+01
1.118686879121158881e+02
1.055519636171532341e+02
5.653812459837868687e+01
5.291843806734874534e+01
1.344970170552168724e+02
2.648813982226744201e+02
1.432133578418159914e+02
1.249831048475872564e+02
1.449856094714910171e+02
4.227503350748036581e+01
1.025960597581889715e+02
6.165652317433088569e+01
4.595317477389835403e+01
5.133316972226823083e+01
1.418198030670791070e+02
9.814656668821032781e+01
8.492591152070212956e+01
1.454317330593461293e+02
1.515310115768047297e+02
7.304579878014774863e+01
1.482219179474748216e+02
6.201640163362474567e+01
3.538116253144008283e+01
1.107991652791897792e+02
7.845079033401711399e+01
3.825577907915212705e+01
4.625130124535147047e+01
3.447419050698875509e+01
2.625728093598580131e+02
2.991238043972606064e+01
5.609823014057005253e+01
5.483117784061710154e+01
6.451944078353952250e+01
1.604481369976502663e+02
7.020759040047215649e+01
4.291236303447392686e+01
4.168068771434759157e+01
6.939729820515722736e+01
3.722310651265905790e+01
1.252639320332589250e+02
7.321565190123482125e+01
4.688040393141413631e+01
2.947126534835810574e+01
1.460883264788422480e+02
6.216793875283245541e+01
5.621706428139173539e+01
2.386517384404663744e+01
1.187984670426293121e+02
1.691657752568882245e+02
1.080418030066746127e+02
1.278976099281787668e+02
1.031512802121827264e+02
2.481066405645988127e+01
2.084536969738363723e+02
1.774076863455565842e+02
5.306299692227878495e+01
3.286252824347830881e+01
1.152260213410825287e+02
2.702134013976969129e+01
1.380667167899002266e+02
1.302592594044312193e+02
4.716518358240457331e+01
2.011376271247787599e+02
1.141645575883844401e+02
1.201417826409400504e+02
1.352024721258537454e+02
1.463660310507251836e+02
1.304948340656578978e+02
1.029371797417874603e+02
1.253826663604363461e+02
1.088233212094362159e+02
4.527309492375309929e+01
1.731978835947606115e+02
1.072401806543297198e+02
1.101712389477274172e+02
1.031761673682287181e+02
1.453141745929345348e+02
3.818416029655557509e+01
1.790374824495988548e+02
1.057588438083495106e+02
1.285795329504641984e+02
1.362858422800662197e+02
1.533095860971793343e+02
1.381601812018047610e+02
2.527357220228109043e+02
2.991240131253313734e+02
2.353413627901250322e+02
2.734728994718113313e+02
2.297964019719637179e+02
1.336324159925300705e+02
3.328005761066725654e+02
3.024952780002174677e+02
1.284176821560334361e+02
1.381000470298405389e+02
2.264012661743119850e+02
1.651536549584266709e+02
2.752483626912520549e+02
2.576091645160594226e+02
1.572405596893166262e+02
3.211330887015142252e+02
2.540291820669054914e+02
2.445818469353466469e+02
2.577233153917505888e+02
2.370446579956840694e+01
2.642201495361367165e+02
2.381748359057429525e+02
2.632715462053829469e+02
2.354481515214091871e+02
1.217766099716638308e+02
2.933646797026353852e+02
2.448370992421148742e+02
2.508286559856850602e+02
2.406352827293043219e+02
2.860729124369020155e+02
1.665322865316451839e+02
2.987919061994551271e+02
2.442809060343706165e+02
2.475698883343061709e+02
2.866000276297121374e+01
6.112976405484511844e+01
1.293175302186251940e+02
1.862001626642918950e+02
1.185366685496225898e+02
1.495780914971209654e+02
1.145446191440216666e+02
6.526379437504033376e+01
2.161790560661604843e+02
1.871881393498376269e+02
4.892084313122151684e+01
5.375052142629545671e+01
1.177521402220925353e+02
7.413634823035015131e+01
1.540786767747229078e+02
1.399789815020365324e+02
2.992709867050332306e+01
2.096302181533209819e+02
1.285577086277753835e+02
1.266645033571614647e+02
1.430531767809114854e+02
1.411351178038129319e+02
1.462201392353061067e+02
1.145459384408710548e+02
1.374870926102704516e+02
1.202795227177490318e+02
7.259152271138468393e+01
1.806952176000068562e+02
1.170277825547151593e+02
1.241961998607058320e+02
1.189101337267813960e+02
1.558377312491207931e+02
5.566093932323260418e+01
1.882698341389996699e+02
1.184440625149671007e+02
1.314527384069050697e+02
6.756195404982571517e+01
1.102882193066874237e+02
1.636258311274943082e+02
9.525738714313467881e+01
1.304162143097526894e+02
9.204191811873414508e+01
5.932884687208282770e+01
1.952517256312761731e+02
1.660078094872113752e+02
5.112342992153580923e+01
6.046551273816486116e+01
1.007239037799271415e+02
6.594553242841817564e+01
1.321825136845697841e+02
1.153389898620605862e+02
1.843299555815238122e+01
1.878343811982793170e+02
1.062713427123471774e+02
1.065736141693005266e+02
1.209759555527835460e+02
1.593898643020735051e+02
1.288007172252825114e+02
9.720676305238067982e+01
1.204271857820420877e+02
9.552019452555656187e+01
8.121490695072067467e+01
1.640815254182893739e+02
9.533279538519578011e+01
1.035545467380867137e+02
1.004755956384733793e+02
1.344978885739014345e+02
6.481644150653950476e+01
1.725244791639141511e+02
1.021379335788850540e+02
1.106748664170895040e+02
1.304158375525894371e+02
1.831248832343117101e+02
1.223257284867030421e+02
1.464721293234626387e+02
1.148024654351910527e+02
2.210403007237790263e+01
2.135998396489561912e+02
1.838804789753544355e+02
5.144349283579433063e+01
2.845506332503393310e+01
1.180135800748067396e+02
4.506425812602300596e+01
1.535234690197011957e+02
1.400993770365899707e+02
5.161695897682970724e+01
2.078867762669196111e+02
1.353804355461322757e+02
1.289552586075783438e+02
1.416074639009227383e+02
1.422269632462455888e+02
1.465798539379962051e+02
1.205058782794901617e+02
1.458294305032233638e+02
1.210973517450858168e+02
3.119604519271812393e+01
1.804048339235523599e+02
1.252308666235578301e+02
1.292961472475155063e+02
1.216881451896627482e+02
1.636724266085102215e+02
4.098327040024079793e+01
1.912282911217536423e+02
1.204718301655921806e+02
1.354911457193644821e+02
1.040616531641064171e+02
2.549683076982030983e+01
4.880785593188400640e+01
1.727002913196316669e+01
1.279563575156926589e+02
1.130591332703660044e+02
9.016622568222818757e+01
1.382737457633454312e+02
1.402781476823453772e+02
4.697440588633339331e+01
1.386937372051748696e+02
5.996671725057357349e+01
4.115718056632043442e+01
9.386649599898126439e+01
1.012924992364709595e+02
2.647232624410327517e+01
2.585624955486530396e+01
3.622709805665373040e+01
2.469002422619308845e+02
4.848177364550374335e+01
2.704134268056869672e+01
4.507819128047010793e+01
5.306922820985097644e+01
1.497511294700267968e+02
8.551883491835683060e+01
3.012142590570107004e+01
2.433498392906553676e+01
3.906373200108686206e+01
3.475863219565264473e+01
1.182280650432681171e+02
8.136559203875584956e+01
3.848382352178440868e+01
3.755338640719961774e+01
1.090642096347388303e+02
7.278724084355168600e+01
1.033052250532694529e+02
1.729960214041381050e+02
1.011616317185806082e+02
9.227810271750597337e+01
1.888568296935615365e+02
1.809789506914478068e+02
1.150031479961140093e+02
1.881218096713957664e+02
6.555256596156702642e+01
1.022234674552868654e+02
1.525345205548863987e+02
1.006006730158296705e+02
9.249654895456322379e+01
1.099375553876777047e+02
9.199074084003058260e+01
2.997883890713320625e+02
8.705936101621635714e+01
1.158114543966513565e+02
1.303957444261288572e+02
1.145465071985982206e+02
1.969379777318418974e+02
9.575668057086620877e+01
1.119322089938736156e+02
1.039055647838345493e+02
1.110730600291338561e+02
9.895484101804498778e+01
1.716274359484809224e+02
1.036299369801007089e+02
1.232852201740937375e+02
9.556168985029847818e+01
6.625959419932574690e+01
1.370762839918886300e+01
1.158281741201425632e+02
1.215811112129732976e+02
1.029471773561137695e+02
1.289977167266343940e+02
1.243471667954978699e+02
3.912341814756797476e+01
1.300242221352887384e+02
6.955702552568001806e+01
4.353204361949136825e+01
8.346070853123053723e+01
1.109646884890143355e+02
3.725505498286126027e+01
2.731589700816704891e+01
4.620462410677662746e+01
2.291208336895426498e+02
5.752032062958774361e+01
2.832112865730354656e+01
5.764098295219563539e+01
4.409415844433535625e+01
1.366116989534506843e+02
9.699163508807237122e+01
3.715541314033266218e+01
3.419678205332107979e+01
3.171461477016036312e+01
5.816299235699294456e+01
1.116074484853665325e+02
9.485825866732763245e+01
4.421376137685374630e+01
4.732897299014975090e+01
5.775372124283934738e+01
1.454552325819514067e+02
8.216620547273180364e+01
6.512338719678670884e+01
1.580736751571354262e+02
1.548293874417432789e+02
8.503061871538783123e+01
1.481281848645953687e+02
5.787939580464239242e+01
6.110585107638808466e+01
1.189962305330850256e+02
6.686163879091336071e+01
4.488740597358232520e+01
5.908373526544906440e+01
4.598574784307888308e+01
2.660306738564406714e+02
2.866459066120989618e+01
5.892627768041161573e+01
6.951098008165313047e+01
8.056786534035340708e+01
1.660523995794578695e+02
5.019997288113357570e+01
5.473939434520064395e+01
4.869866849497685735e+01
6.828883901342432239e+01
4.367758317308408778e+01
1.326304783741818198e+02
6.261273259894120002e+01
5.790116932867067590e+01
5.356219493348185523e+01
1.063522209093201241e+02
1.108687021951729292e+02
9.309084884680363814e+01
1.237044659303394525e+02
1.210035883641874364e+02
3.262531192100536259e+01
1.215473201562275563e+02
6.140156584756847735e+01
3.869563402338503266e+01
8.027659470051509061e+01
9.862758859158567759e+01
3.209718155160618380e+01
2.263228211516631205e+01
3.342518342862494762e+01
2.270415411769548939e+02
5.126759059851845279e+01
2.887501189710030403e+01
4.894169471449146158e+01
4.242289602575109342e+01
1.292752447760987877e+02
8.556339007711373768e+01
3.380660553725879680e+01
2.850309673174657021e+01
3.225444509051934716e+01
4.925996658841791742e+01
1.037550270193237907e+02
8.597861280985313215e+01
4.212225232916587458e+01
3.828460573568953862e+01
2.083177746426032115e+02
1.809088160517635799e+02
5.774389949606306516e+01
2.890443207611609111e+01
1.122686129221381606e+02
4.059302103733107714e+01
1.473620316460290951e+02
1.372474624888552910e+02
5.232895620187834140e+01
2.008369149462879193e+02
1.318756548816719203e+02
1.209979654298772971e+02
1.348208155690736021e+02
1.391399039296906608e+02
1.429669395664951992e+02
1.167558570676929008e+02
1.413515941938524065e+02
1.134178263553279180e+02
3.115155439600776077e+01
1.754767047643826743e+02
1.210052232788760023e+02
1.260882385183572723e+02
1.169001777143513863e+02
1.614290187068316698e+02
4.787650407960907728e+01
1.865647415448750053e+02
1.166407027781831829e+02
1.293724130052510475e+02
5.493198332715603982e+01
2.226656718231278660e+02
2.197725351978768913e+02
1.364638719520088728e+02
2.198613935775792640e+02
1.161192524910155441e+02
1.153607533934389835e+02
1.827758423496033515e+02
3.234834116000730830e+01
1.185840739275150355e+02
1.095923534356730897e+02
9.413232032801138871e+01
3.301688684767125324e+02
8.732937639835381560e+01
1.284316421479365715e+02
1.194112962336211439e+02
1.205990621227341677e+02
2.264781816943043964e+02
7.164755856670339540e+01
1.264885995120148010e+02
1.213959645764822852e+02
1.386077517726463100e+02
1.102909995054280614e+02
2.010215342315962346e+02
1.211804672402208354e+02
1.182863580414898621e+02
9.851299285221732305e+01
1.909727026852562233e+02
1.888828786218633979e+02
1.096793432909792330e+02
1.887304282928178623e+02
9.294183843140220347e+01
9.654499843613629650e+01
1.539426305627193017e+02
5.044213740762911158e+01
1.006225948480549022e+02
9.888437705089275198e+01
8.537748520009851916e+01
3.023528803804165364e+02
7.656285646933380917e+01
9.853353086733771704e+01
8.433044505194868634e+01
9.202485352833350873e+01
1.983259546355149325e+02
5.069576704100582276e+01
9.807100446821733897e+01
1.011304055195147953e+02
1.057498346087165828e+02
9.422778254756899230e+01
1.741598603023913938e+02
8.726434949866913371e+01
1.047213954603402328e+02
8.745497700502026817e+01
4.572187623877032792e+01
1.226135350077285864e+02
5.449745288057831516e+01
1.568973552342760058e+02
1.413554165660553110e+02
4.342495460681816866e+01
2.157774834028635098e+02
1.371252308876671577e+02
1.376836749470597852e+02
1.498720343897166174e+02
1.345923614896360334e+02
1.498815175017169565e+02
1.210776971993112738e+02
1.511579203613545701e+02
1.259693601430288510e+02
6.581863941049597599e+01
1.827630837520450200e+02
1.270515094811677983e+02
1.353971988911993662e+02
1.262759269889093190e+02
1.721044049453660705e+02
5.254895236725655394e+01
1.855186335361477177e+02
1.275707526461922328e+02
1.437541982692951592e+02
1.228011922975247359e+02
3.820130511411801422e+01
1.515185393541191843e+02
1.479912840231689302e+02
5.197530540341669081e+01
2.122689320399440476e+02
1.399620910067176283e+02
1.329762032053307053e+02
1.489297793021917187e+02
1.445308281802560373e+02
1.490290131761945531e+02
1.241605030011867825e+02
1.491930570809938672e+02
1.237409367317063982e+02
4.235814713985119795e+01
1.861155195378993028e+02
1.288791761494416335e+02
1.346620856995192526e+02
1.253785987183337056e+02
1.702523823292428631e+02
3.559674398017083519e+01
1.896613801067125280e+02
1.282172009986410046e+02
1.404208135065976535e+02
1.270393652838850755e+02
8.379419272296289023e+01
5.789579190956761323e+01
8.715779811417016276e+01
1.212957544968158174e+02
6.046830483166979064e+01
4.246000123088918343e+01
5.457410329243814573e+01
2.267435142298953394e+02
7.401591961520794882e+01
3.765826915258799801e+01
6.369307035989746169e+01
5.506125216196652161e+01
1.208855878966054576e+02
8.588525818721676330e+01
5.775532991155976248e+01
5.764371415464060533e+01
3.938738544755550919e+01
7.440787381493109365e+01
1.086236731297733797e+02
8.732750682010826893e+01
6.870961211236520683e+01
5.632769846892742294e+01
1.500220069014089290e+02
1.548874425215194606e+02
5.725424208259824610e+01
2.158394715601915834e+02
1.383293823310063715e+02
1.368408726147563925e+02
1.481191761067705386e+02
1.656700273671852983e+02
1.443964922101858122e+02
1.216158397325492615e+02
1.448521009146693359e+02
1.278700237303495868e+02
6.346730811427288188e+01
1.845294920252376585e+02
1.328132136807598442e+02
1.309099681507126718e+02
1.187603007795760419e+02
1.677506256772466600e+02
3.478137239231327271e+01
1.961672988044647354e+02
1.229131594458979748e+02
1.426337030367569412e+02
8.205982646298373595e+01
1.246288949272842075e+02
1.070141851308117253e+02
6.517337877347576125e+01
7.186749008267305783e+01
6.459238670482466205e+01
2.727907687019637706e+02
5.080915737615697481e+01
7.445096692062179500e+01
8.765677703621784644e+01
9.196406462652561231e+01
1.704694499735120985e+02
8.838024102897900036e+01
7.125935984806740464e+01
6.986540226981972523e+01
6.947891931035282198e+01
6.528623163865424317e+01
1.338553905366114520e+02
7.492280319436335390e+01
8.409274038920310090e+01
7.001047954443498611e+01
9.921054614096337332e+01
9.531070772230899024e+01
3.443979078409206807e+01
3.696339225457571587e+01
3.536658333188514547e+01
2.555238986103114485e+02
4.967888159664043712e+01
4.642497491350041372e+01
5.524128422418419859e+01
4.787550497132568950e+01
1.531405945944776761e+02
8.637465448207717600e+01
3.196710864965273302e+01
2.844247005919653049e+01
5.467713048028282685e+01
4.619964002440651996e+01
1.292445338912931447e+02
8.925686608613459327e+01
4.438384190249509231e+01
3.419430339067102409e+01
1.772355436968655624e+02
9.041924829102696037e+01
9.456594579698089831e+01
1.074985250528731626e+02
1.602016533204221105e+02
1.176469945460222846e+02
8.473253310678279604e+01
1.077626902116470831e+02
8.523329656361944728e+01
7.073605454241943846e+01
1.505327250198585602e+02
8.147636734469631392e+01
8.925876174829457455e+01
8.617983051729369492e+01
1.216359933775955824e+02
5.009661388438704677e+01
1.598971073988911371e+02
8.453787199741675806e+01
9.935271012233133092e+01
1.001980847868998410e+02
9.728246116986676384e+01
7.657496495022914473e+01
3.235397527810688416e+02
7.332167789899837373e+01
1.155069997784227240e+02
1.050224575809478011e+02
1.046802072799660834e+02
2.195712542660190252e+02
5.717462550763654150e+01
1.111903115052173092e+02
1.027140348786653448e+02
1.231279258022209149e+02
9.330545928463112659e+01
1.974373671544659885e+02
1.098507542140434339e+02
1.054040656576794959e+02
8.644757291450360981e+01
4.293391726214751003e+01
3.792801648413531268e+01
2.471832905876651125e+02
4.691405278636965193e+01
4.230242137859345775e+01
5.589232198454689637e+01
6.142039182625860150e+01
1.518637084503145900e+02
8.786092409233420142e+01
3.192203101576619773e+01
1.980814312668886856e+01
4.456250371251323372e+01
2.840885977932074624e+01
1.201768529731849213e+02
8.766221758924378094e+01
4.783047256758123211e+01
3.818641566441763047e+01
3.113577292640459859e+01
2.411119170258456847e+02
4.900754633827540374e+01
3.082943111695479743e+01
5.315647505743344681e+01
4.512070549032087285e+01
1.385600314832558126e+02
8.196359988406538832e+01
3.699563640103165341e+01
3.499866161337865123e+01
4.259716672162029028e+01
4.763172927045918215e+01
1.145940943029333141e+02
8.576830729065807191e+01
3.702407048655040711e+01
3.315670004898026235e+01
2.559658413655547804e+02
3.268205109066399672e+01
5.075827171015643557e+01
6.108530846723054708e+01
5.615260988437905354e+01
1.507996424969801410e+02
6.596928927893173977e+01
4.610256417985142718e+01
3.841457888146622679e+01
5.849786122967890378e+01
3.207588543376030543e+01
1.295502589972486476e+02
7.168812691939547221e+01
5.166528752973844973e+01
2.376353472138270106e+01
2.611960765403085247e+02
2.324117726505712369e+02
2.568608809118403542e+02
2.341966787199079647e+02
1.272628347504166726e+02
2.911405034985328939e+02
2.389187018984511326e+02
2.435120775510877138e+02
2.344057154850912070e+02
2.803674123990239195e+02
1.656411506378683498e+02
2.977273832788624759e+02
2.356833414953676140e+02
2.490110471081820265e+02
5.896126911436139295e+01
6.714201703300038560e+01
7.093439244769801633e+01
1.601163460632492388e+02
6.264731253022601720e+01
5.403880068903281142e+01
4.703803912108178764e+01
6.652844965488863238e+01
3.801128752888798346e+01
1.277596750181137395e+02
5.567353790203497965e+01
5.682124022708872246e+01
3.807806153649559633e+01
4.121539025234783082e+01
4.332246762727767475e+01
1.285141179740228097e+02
8.207197697781687395e+01
2.815715645819157231e+01
3.646146263509288588e+01
2.913596853723115387e+01
5.516577863486968170e+01
1.013934345278074431e+02
7.798619943135805954e+01
3.578931509809883948e+01
5.032050669692537781e+01
5.236101800107889659e+01
1.535514729273612033e+02
7.453786158511006477e+01
4.312578591685012697e+01
4.968233184474922837e+01
5.708042539818129057e+01
6.153231300833772366e+01
1.247303695222136781e+02
8.631715011527013814e+01
5.433424994932616414e+01
5.605833102820713520e+01
1.317378332155338683e+02
7.990343729746037127e+01
5.325296063268037017e+01
5.612327100919209499e+01
5.038701740634989079e+01
7.618198130910438692e+01
1.085352244554900096e+02
9.647561808079021262e+01
3.734771008490045574e+01
5.266772175181075255e+01
1.815907131080418253e+02
1.404410926943106688e+02
1.478556292808467276e+02
1.351235443708423531e+02
1.780622889904850297e+02
5.944903858897099980e+01
1.908836285919369686e+02
1.367317761360669124e+02
1.467462045522791243e+02
9.388413255226829790e+01
9.004404394809637324e+01
9.695484478555749774e+01
8.503125502192676777e+01
1.657020854639627601e+02
6.922819446934801135e+01
8.686486687464076795e+01
6.693844667500665935e+01
3.038474164086643015e+01
4.130720371010853853e+01
4.607594027505019341e+01
1.096395985049030770e+02
7.926185798614000078e+01
4.538736603109026646e+01
4.311175247867720373e+01
3.983976629012516213e+01
2.876636130373332634e+01
1.116522621669634816e+02
9.228916473540365928e+01
3.791261250214594014e+01
3.931244547433320946e+01
6.094527253472867301e+01
1.009769292075868066e+02
9.471066417726525799e+01
5.510338709469798602e+01
6.048109100643186764e+01
1.423874532766665482e+02
8.311673387780048472e+01
6.170324149370075162e+01
4.276680514795958743e+01
1.641843917368930477e+02
1.021906524244137557e+02
1.226024776898140658e+02
1.046327644386838784e+02
7.216885494111039634e+01
4.986253827346371281e+01
