2.062809063306058306e+02
1.522358348043411752e+03
1.717870122403920504e+03
5.224032197036608522e+02
1.276718087017389735e+03
5.572862034580903128e+02
8.201939079309572662e+02
5.955704709826281942e+02
1.355391276322179692e+03
6.335219120585807104e+02
1.132729252091803573e+02
4.785603579655603426e+02
2.259945401141217189e+02
1.484486327676811743e+04
5.663940048795657276e+02
2.768611363102522773e+02
4.911133731984264159e+02
1.930551660272315530e+03
3.931806925652813334e+02
7.569194599084112269e+02
5.049980512801962504e+02
2.972055443074639243e+02
4.542775844487391623e+02
1.661533856489035998e+03
4.200653797185245821e+02
3.552362717464370689e+02
4.960501036799660142e+02
9.646506260144528824e+02
5.480072495097979299e+02
6.351839242017390461e+02
1.392170608601863933e+02
3.793917378857168387e+03
1.282572755507396778e+03
7.692849501709301876e+02
5.492947739695032396e+02
5.627751696404225186e+02
1.042925701434594430e+03
3.989475386447670644e+02
4.255182552479991500e+02
3.609539558412592669e+03
3.164431851138965612e+02
2.566257878544725827e+03
2.741063000134577123e+02
1.424537526605693984e+03
3.497780739964493932e+03
3.831483849436051514e+02
1.414672464706904975e+02
4.240359564986720216e+02
3.748066097669898227e+02
1.393459775525294390e+03
1.205828690083075344e+03
4.602311080422266514e+02
6.726051777964676148e+02
2.513423309648155737e+02
2.035908248490282176e+03
9.226270061073500983e+02
1.122471258123757252e+03
8.484609750343181531e+02
4.826561343749876869e+02
3.230130849038660017e+02
4.031979595209741092e+02
3.187514536122727350e+03
8.333836389058915302e+02
9.155016045296370066e+02
1.815906150897003499e+02
5.883183571350787133e+02
2.891100331280290447e+02
1.868832800618710507e+03
5.737847828479980308e+02
2.576872995942917441e+02
4.042428912190407573e+02
5.540361179609330975e+02
1.851904962759694854e+03
2.156610739047697280e+03
5.717215294051648016e+02
1.756868128503105254e+03
8.396747190988617149e+02
8.596528050545171027e+02
8.536031283249785702e+02
1.140618970745529396e+03
4.833798343099888370e+02
2.350756088482553423e+02
4.135271295123020536e+02
1.604117546969450814e+02
1.494954688776383773e+04
7.574284225573733238e+02
2.818562313191987414e+02
5.618609094254616139e+02
2.126712131369936287e+03
4.666342919455983065e+02
9.359081191285326895e+02
6.935390401637282594e+02
2.898890828808773676e+02
4.143541971008796736e+02
1.831853909423612095e+03
2.990487154371317047e+02
3.757536458122740441e+02
3.274099558138791508e+02
1.157881847507243492e+03
3.783366323422701498e+02
9.438202126839983066e+02
2.110403613497001061e+02
4.171194267717224648e+03
1.726963478082401480e+03
8.506177294059089036e+02
4.114068801380021796e+02
6.779490884262536383e+02
6.692638073887824248e+02
5.211445547078733398e+02
4.926104314582621555e+02
4.146033978491832386e+03
2.864132857268223233e+02
2.506774504347519269e+03
3.208011489992795759e+02
1.198231116480091259e+03
4.144717814697314680e+03
2.973139565001338269e+02
1.352533505094884276e+02
4.549049609070912084e+02
4.659716564038922115e+02
1.807906915294180180e+03
1.516987949980867597e+03
5.064703576772080851e+02
6.090155237343496992e+02
2.755583137918426928e+02
2.504994174105674574e+03
1.107323674255919286e+03
1.392385487871895293e+03
6.775135527164886753e+02
4.669152419085150996e+02
4.093380542327777221e+02
5.160353087195940134e+02
3.558784842585713704e+03
7.004388954085693513e+02
1.077592343816887706e+03
2.772300055726072969e+02
7.372141976758880446e+02
1.444212317716369398e+02
2.138825215713630769e+03
6.153470953382316111e+02
1.218295066154159940e+02
4.298111901464699258e+02
4.599948236426648691e+02
2.086650898021036483e+03
2.374106155864928951e+03
2.506805108048965394e+03
1.243162688730527407e+03
2.023404443125926718e+03
9.786912275333224898e+02
2.828541983589798292e+03
2.268808903562842715e+03
1.808994753816769844e+03
1.880987225387456874e+03
1.850859885957270535e+03
1.307186507978397276e+04
1.086051918369530540e+03
1.899489700490166342e+03
1.982608215643004769e+03
1.428099276916590497e+03
2.217927181467760420e+03
1.148578923381739969e+03
8.612396132761114131e+02
1.836822551773828536e+03
1.656720023654968372e+03
2.692153381589627315e+03
1.996812530910850455e+03
1.757410067150619170e+03
1.626838914186210104e+03
6.291304346601423276e+02
1.761845110343135275e+03
1.167112945465003122e+03
1.853912095259215675e+03
2.246748282275297242e+03
1.787779683538147765e+03
2.584641105277289171e+03
2.441058430907171896e+03
2.092923229304168217e+03
2.241043474764878283e+03
1.423214403195966042e+03
1.963926993512524405e+03
5.476188187798501531e+03
1.361987502384470190e+03
3.628654185357051574e+03
1.790464999907908805e+03
1.308760838338768735e+03
3.734629573322223223e+03
1.704582531280153034e+03
1.855643778509390586e+03
1.550026402840956052e+03
2.017430202593599915e+03
1.766502699311243759e+03
8.967362532393435686e+02
1.434339620938332246e+03
1.793232001111289264e+03
1.911411049801840136e+03
3.950573225663956691e+03
8.193586722084946814e+02
1.540685934047889532e+03
2.319613690709419188e+03
1.657592234389968326e+03
2.074490367457296088e+03
1.313058550288966217e+03
4.452296107801809740e+03
2.165282679288831787e+03
6.767142523870857076e+02
2.024487900047481617e+03
7.578998483758236944e+02
1.535816366873038078e+03
3.902176989896759551e+03
1.409933400079005423e+03
1.902378469188536656e+03
2.388963184490336516e+03
1.976392654750634847e+03
2.192365964576234546e+03
1.010310512747504617e+03
1.322327638467339057e+03
2.105202883474079499e+03
1.316054735313678066e+03
1.913383529095403901e+03
2.321170617213690093e+03
2.036486691953273748e+03
2.378852301517236810e+03
2.307990285905074415e+03
1.028862519613227778e+04
1.306256838392543614e+03
2.159965045948237730e+03
2.127465406531471217e+03
1.012961852963540878e+03
1.391763972174025639e+03
1.857453591742749722e+03
1.566785428061944913e+03
2.301085657061887105e+03
2.709889790283329603e+03
3.147411265082653244e+03
1.739542351685584890e+03
2.364639570681017176e+03
2.817628044098799364e+03
2.622870429312423312e+03
2.371439447805363216e+03
1.878781128356585214e+03
2.045396587420792002e+03
4.092384413990315352e+03
9.679648790900955646e+02
2.151596475275252942e+03
1.884934639352922659e+03
2.020963966330982657e+03
2.299581564888502271e+03
9.540498093874766710e+02
2.088864331217694144e+03
1.580113697659820900e+03
1.949297635117210120e+03
1.755786593268073375e+03
1.555864960274186615e+03
1.826998316368358246e+03
8.662420687860230828e+02
2.835928168853907664e+03
2.151202390796383952e+03
1.827660456811192034e+03
1.985719979182817951e+03
6.282214423074046863e+02
1.952373398127508153e+03
2.217564802548763055e+03
2.426005346168237793e+03
2.209098123560668682e+03
1.173135616067536830e+03
1.274753887439256687e+03
1.216657506142539205e+03
3.718758944794618856e+03
2.710553975338299097e+03
2.131690534210630176e+03
1.461480701211888572e+03
2.295502839148503881e+03
2.454270656719673298e+03
2.180866760801735381e+03
1.909055073225443721e+03
1.641359042387060981e+03
2.413938443986510265e+03
2.519330050875379584e+03
1.623713131391869865e+03
1.925064290683819763e+03
1.631057139191172610e+03
2.417430905719972998e+03
1.463711707491733705e+03
6.270025567085012881e+02
8.405031140283504101e+02
1.035925465879232888e+03
1.648988603020153278e+03
4.116375733033237339e+02
4.206203961896344481e+02
1.008504604529454355e+03
5.296996820961694539e+02
1.513327600120103307e+04
7.594551450795020173e+02
3.719403067680423192e+02
2.192063072122459744e+02
2.675913980305571386e+03
1.098428154760375492e+03
1.368211860503795833e+03
8.364333734417514279e+02
4.388157400378740931e+02
7.543284425113429279e+02
1.522918575385569284e+03
3.262499095985308486e+02
4.722252040178113930e+02
9.773398898486989310e+02
1.734625677536455214e+03
7.247438406841929464e+02
1.052811560088214719e+03
2.948466839853408601e+02
4.756190469114432744e+03
2.153212416074960402e+03
1.918508468996737292e+03
3.283651748216320811e+02
3.048417469046407859e+02
8.626405316154928187e+02
9.391847311833589629e+02
1.136802326029129290e+03
3.550638568369894983e+03
8.006594183513593634e+02
2.591834692214435108e+03
4.867955666233538068e+02
1.289386268610754996e+03
4.736066169289401842e+03
8.702851747106594757e+02
3.560389874137567858e+02
7.603567385728024419e+02
8.933927983354528806e+02
2.287586166788238188e+03
1.739800043171039306e+03
7.790263835760847542e+02
1.242326247930422142e+03
3.565283661830262645e+02
2.320169169545868954e+03
1.217650860153180474e+03
2.338130383254969274e+03
1.309384215612510616e+03
8.799906952800636191e+02
4.315508374400351386e+02
9.307223598532150390e+02
3.506992704073219556e+03
1.053737614403179123e+03
1.722017282684508928e+03
4.520624277743786479e+02
1.190746297789232813e+03
7.986163998311931209e+02
1.950566519205408667e+03
1.218372677210203165e+03
3.694588965647585610e+02
3.829349514341038230e+02
6.441401773727629916e+02
8.415807450964348391e+02
1.760737690702104373e+03
1.240616033661752226e+03
2.582135182155792336e+03
1.909424239235437653e+03
1.494324702248602080e+03
2.061297210818656367e+03
1.985580399744698298e+03
1.186027949768551480e+04
1.242035859703703863e+03
1.835810869627107877e+03
1.607368409569494361e+03
1.746713286035547753e+03
1.488403485873707268e+03
1.243907392895465819e+03
1.375145151530131443e+03
1.959561552409446449e+03
2.159324048696935279e+03
3.184706750302841101e+03
1.126318721951926818e+03
2.052783982600990839e+03
2.548438131140424048e+03
2.603750148070103933e+03
2.092162559540428902e+03
1.613567120680043899e+03
1.659283456158160334e+03
3.845097049538344436e+03
1.707189860418502576e+03
2.179881184686965753e+03
1.373723700904768521e+03
1.561811692442954154e+03
2.008455979814425518e+03
8.599483177727952352e+02
1.519606677969589782e+03
2.808781881301323665e+03
1.561771551601944793e+03
2.360747557892279019e+03
1.381943720026575647e+03
1.442171065952332356e+03
2.366116077241676066e+03
2.514812657294338351e+03
1.706816281988913033e+03
1.772407004931178562e+03
1.988852909065842596e+03
1.416408343018285450e+03
2.119692016969348515e+03
2.283436270449707536e+03
2.184575319184506952e+03
1.903602285619414943e+03
1.224835191766102071e+03
1.362500698245666172e+03
1.357490148568469522e+03
3.206478044597305598e+03
2.498714248133243018e+03
1.677083794432768173e+03
1.237984834992454125e+03
3.564733476026246080e+03
1.953113726226419658e+03
2.316726112890394234e+03
1.228723860454088481e+03
1.539725328005354186e+03
2.091999986498181443e+03
3.030829554754282526e+03
1.373940699496998604e+03
1.460455521624428002e+03
1.205798222573565454e+03
2.254855892672811933e+03
9.500002621794869810e+02
4.518883954256707511e+02
1.766026956246136706e+03
7.692508950675673987e+02
5.854108446562049721e+02
1.092634910507756103e+03
8.268288195701384211e+02
1.348680470708117718e+04
2.169246462382161553e+02
6.813663911286907933e+02
4.941813961381817535e+02
1.219450198367893790e+03
1.059292788156931238e+03
6.156570703268334910e+02
4.487944358302083856e+02
7.453429062321310994e+02
8.366528271858892367e+02
1.927926274163315611e+03
5.922620238237786907e+02
6.932903449453860958e+02
1.147290530884155942e+03
1.292783873336173656e+03
8.993844282998688868e+02
6.814633214707932893e+02
5.876660577600810029e+02
3.649777846773216879e+03
1.214909444206784428e+03
1.723200626744666806e+03
8.410475117989622049e+02
5.621472515691334593e+02
1.059333570469744700e+03
4.037129737733944239e+02
1.110722368613981871e+03
3.621120306377288216e+03
6.205329096782893430e+02
2.388681631374110566e+03
5.325450136357058000e+02
7.257081174631821341e+02
3.376941894159843741e+03
1.009193922426144582e+03
6.861169845748318039e+02
7.179619882435131331e+02
9.846359114643028079e+02
1.216361261002116407e+03
6.879756878849757413e+02
7.198764428204117394e+02
1.136887834875200952e+03
6.683660117845038258e+02
2.111812532668857784e+03
4.072212138670502100e+02
1.205428784004732279e+03
1.725559785358746922e+03
1.000377320536997559e+03
6.435757013147976977e+02
6.033580988920780328e+02
3.532967054851959347e+03
1.067509384157497152e+03
1.162413891346384844e+03
6.485313130547829132e+02
5.350446785743092732e+02
9.493957166756822517e+02
2.206591594416364387e+03
6.909683018127402647e+02
6.461688520951693135e+02
7.563877443966030114e+02
8.683233783466366731e+02
1.271074622000236559e+03
1.945374427595937505e+03
1.127236701268233901e+03
7.416958116839537070e+02
6.949491457619351422e+02
8.236083388782917609e+02
1.493228070357203251e+04
8.731765139987555813e+02
7.385207228182430299e+02
7.228064143054889428e+02
2.328110815133698907e+03
1.402480575816362034e+03
1.467399797100445085e+03
8.446907105770951603e+02
8.857561727452862215e+02
1.065091819597281756e+03
2.061633478223422571e+03
7.300496845135444346e+02
7.458648572371480441e+02
1.183699348792997398e+03
1.475638246292668555e+03
8.693627227859769846e+02
1.309007576068109756e+03
7.882875293957617941e+02
4.558283399530257157e+03
1.937400776700525512e+03
1.444068476095385904e+03
1.072188127720967259e+03
7.324080280738053261e+02
1.409499522190440530e+03
1.131254889884133263e+03
1.182337453486220966e+03
3.888708913495968773e+03
1.056402797197724794e+03
2.812112408136702470e+03
6.864931493118970138e+02
1.573237421934962640e+03
4.183161695915383461e+03
1.095659449555210585e+03
7.718535273803754535e+02
1.037006215147398052e+03
1.134742789280394618e+03
2.029624032838185030e+03
1.510001295537121223e+03
8.568463388564850902e+02
7.111178389347492157e+02
7.405704051607640395e+02
2.740985722041560166e+03
1.394618991672336051e+03
1.754138472253684540e+03
1.772863472120108327e+03
1.210090372362975586e+03
8.464056735929389106e+02
8.168571145933906337e+02
3.362586404152883460e+03
1.076930079862257571e+03
1.639418884264644930e+03
8.456235849488630265e+02
1.186269035133278521e+03
8.802515391482011182e+02
2.390853695421449629e+03
1.460057955639357260e+03
7.030116320806901058e+02
9.139150055003751731e+02
7.681724853106816227e+02
2.312098778647961808e+03
1.228164978021351089e+03
8.990146424571116768e+02
1.168003112107261131e+03
1.045655195655383068e+03
1.318142353989580079e+04
5.838007324651221097e+02
9.364265627249224053e+02
1.117972222232448530e+03
1.313707241006729873e+03
1.145972227305207070e+03
4.074780273561632384e+02
5.667986406765712672e+02
1.074441801839446725e+03
1.100991252176663693e+03
2.305232686365417067e+03
9.277599003850109511e+02
1.066520858042315012e+03
1.172892433398456433e+03
1.219690175499434190e+03
1.269999393563060949e+03
5.951984780776697335e+02
7.931714581725418611e+02
3.201425469201971282e+03
1.177269464028481707e+03
2.034380066413920758e+03
1.110003147040225940e+03
1.074855966408884342e+03
1.566586250576463044e+03
4.093845215833271141e+02
9.896506961496193071e+02
4.339501423326099939e+03
3.700266270588058433e+02
3.268174731165574485e+03
1.018279578201555978e+03
1.112303268338972885e+03
3.647987985469700106e+03
1.139004357413771231e+03
8.632749304388426026e+02
9.132750563929857890e+02
1.105613601944136008e+03
1.206591845556629778e+03
7.389726578121540115e+02
1.118775626158177147e+03
1.346376970056612208e+03
1.008937064254918823e+03
2.582668420548560789e+03
5.036161983059091654e+02
1.058617618989978382e+03
1.663903501850762495e+03
1.120027848240227740e+03
1.139303513458198267e+03
6.172621572259899949e+02
3.979719372883648703e+03
1.701725662292057223e+03
8.269227924447181977e+02
9.430558078571343685e+02
3.520883746571480515e+02
7.671382658504599021e+02
2.676271143761138774e+03
5.355892978782194405e+02
9.198310736433204511e+02
9.972320811202675941e+02
1.259968450570434470e+03
1.064846284976929837e+03
1.278999940685549973e+03
1.788227022767485323e+03
9.698230763605311040e+02
1.107297745250926164e+04
1.492465264717121272e+03
1.145898333751204746e+03
1.465839846116486797e+03
2.238532362888625357e+03
8.434675000094623556e+02
2.305802399535298264e+03
1.772319168300540696e+03
1.094770099301904111e+03
1.249736819296822432e+03
1.701180345488319517e+03
1.535685291529307278e+03
1.321695306932279664e+03
1.126180082472303184e+03
2.027645192572835413e+03
1.131410670079105330e+03
1.947762422099375726e+03
1.258234736894902426e+03
5.704579057744246711e+03
1.654349125095325689e+03
1.540481409765502804e+03
1.375903081669961693e+03
1.772812415708008757e+03
1.269397947609337962e+03
1.476598289948787624e+03
1.957637308375259636e+03
2.037217440575197543e+03
1.558843216355762706e+03
8.079776352774524639e+02
8.313439416524281569e+02
1.847444714098089662e+03
2.110946314109857667e+03
1.113603881463923699e+03
1.331579638978586445e+03
8.255497659762118019e+02
8.384432228783016399e+02
1.637786767896438505e+03
2.391278061460123354e+03
1.014214889533482165e+03
1.920712590818421404e+03
1.044395442919966172e+03
1.268713382793519941e+03
1.729057698718127995e+03
2.430142001310695377e+03
1.685032627562389052e+03
1.342824068257118370e+03
1.177873922825688169e+03
1.570964532358271072e+03
2.171739355678860193e+03
1.821179637621102302e+03
2.214948548056835989e+03
1.379441391506651598e+03
1.621576204700443441e+03
1.336172115288115265e+03
2.606825708897079949e+03
1.591256343286080437e+03
1.076803175546745024e+03
9.583700609350910327e+02
1.290589386916719377e+03
5.436534091755834197e+02
1.147805124009232486e+03
3.845280857724619636e+02
1.503552668643544894e+04
7.212537303545200302e+02
3.659093561705940374e+02
4.011586801040884893e+02
2.197909304745415739e+03
9.369573103935938434e+02
1.586776733013432931e+03
8.322292917421746097e+02
3.995766179490242394e+02
8.828398798324594736e+02
1.500314850315730155e+03
5.803736616959608909e+02
5.852532312496948634e+02
7.056388782027750040e+02
1.645883617775388757e+03
6.255805729913345203e+02
1.217250550365404706e+03
4.160606760634136663e+02
5.089718480311147687e+03
1.979761770947420018e+03
1.725302235965739783e+03
5.293284186644204965e+02
7.083248206397433933e+02
3.529660907690681597e+02
9.147496222472659611e+02
1.422979078067591445e+03
3.706801811896135860e+03
7.502847194242331170e+02
2.012038191652982732e+03
5.353411696810189824e+02
1.186759979650278183e+03
4.389987302519255536e+03
7.248978914395054289e+02
4.909304872893035281e+02
6.921663118200640383e+02
8.734327006278404042e+02
2.215545544589756446e+03
1.727171934869054894e+03
4.575736410261015408e+02
1.303733760536979162e+03
3.555117414792343880e+02
2.499288064740852860e+03
1.031125362753432455e+03
2.322634742723171712e+03
1.287276632655932644e+03
7.713915502094748717e+02
5.743150439671449021e+02
9.368942727020589700e+02
3.345899659818703640e+03
1.101602424103560224e+03
1.646360594634522386e+03
6.651907291666057063e+02
1.105657535818970246e+03
7.318564470847893517e+02
1.901931051167762234e+03
1.165827178752415875e+03
3.614745716358456775e+02
5.662598174031431881e+02
5.502589157622278435e+02
4.395021308665545803e+02
1.367958367129940598e+02
1.490308747393227713e+04
5.400875607287839557e+02
1.873102245013956235e+02
2.699581050799515651e+02
2.247210746413918514e+03
4.992329047056464333e+02
1.005228201110529426e+03
6.347882938130310322e+02
2.305901141654192088e+02
3.587546059623282417e+02
1.502088969307734942e+03
3.664993836901585382e+02
2.012077168418286419e+02
4.405595820693272344e+02
1.067691141920021892e+03
4.161169263440979194e+02
8.486064055299329993e+02
1.562959783621545284e+02
4.342036764194815987e+03
1.557837809105999895e+03
7.489800543494407066e+02
5.616092686236888767e+02
4.302707791770626500e+02
9.680364417197815783e+02
5.577964457887296703e+02
6.253414310667640166e+02
3.539482451696998396e+03
5.364849669757600168e+02
2.534804957694962468e+03
1.707665235234276224e+02
1.465267117870704624e+03
3.918114908146540074e+03
3.202883050456712226e+02
1.116032564802126217e+02
4.510704039178863241e+02
3.986869417783791505e+02
1.721375850076142342e+03
1.339797819904785683e+03
3.452188501342739073e+02
6.291462566256527680e+02
1.597384936183370883e+02
2.288342072242950053e+03
1.094706038399092449e+03
1.493006764347909211e+03
8.969414976148966616e+02
4.787768793472957896e+02
1.735771737587583630e+02
5.109974839417100156e+02
3.153440186473939320e+03
5.421531519951936389e+02
1.197164521652770418e+03
1.896225585145198238e+02
8.081706227660515651e+02
3.225813861974484098e+02
1.858785891998892112e+03
8.167644257139763795e+02
1.809511570175118322e+02
4.910807736801011743e+02
3.177447012781094600e+02
4.890929042837428824e+02
1.479366216839612389e+04
1.010374333117787955e+03
6.276506039231931027e+02
7.582025409792563551e+02
2.391128599326007588e+03
7.470846874499175101e+02
1.256229180660477596e+03
9.079057746207240598e+02
6.009059784564603888e+02
6.495005704296727345e+02
2.019903900230756790e+03
6.680177361430337442e+02
5.442496524902076089e+02
6.236640456188292774e+02
1.143630381263177696e+03
6.537295193380368801e+02
1.314462605212287144e+03
5.726562028015819124e+02
4.430924741196291507e+03
1.826757357470105035e+03
5.642343167169310618e+02
1.019114460649223929e+03
7.336020515066138614e+02
1.333988320289787225e+03
8.852978118285000164e+02
3.846576732846533559e+02
4.118905174717018781e+03
7.606710642641887716e+02
3.103726845570391561e+03
5.144724416134304192e+02
1.768867567391780085e+03
3.994583173859017734e+03
5.812054248578906481e+02
4.170160631559733702e+02
8.415474315626283897e+02
7.385310526481973739e+02
1.916422999396388605e+03
1.534695916299839155e+03
7.021665367868081375e+02
1.138575775458589305e+02
6.648208744802000183e+02
2.926167946333582222e+03
1.630413077730881014e+03
1.206245723397797065e+03
1.074726826391280383e+03
7.202488968288673732e+02
7.412537742876497759e+02
7.216141570413947193e+02
3.659723952523996559e+03
6.590959196151734432e+02
1.293409513086585321e+03
5.797306093962101841e+02
1.064362865499989312e+03
3.782765942139430990e+02
2.465422993150511957e+03
1.154666214004894755e+03
5.202967458488087686e+02
8.938177757753610422e+02
6.513967263440199531e+02
1.467063880823494765e+04
6.770755616860669761e+02
1.401469522074971792e+02
3.842234283031439190e+02
2.114574479253617938e+03
5.455640703108865637e+02
1.195509954579547866e+03
7.344459773734824921e+02
1.542987375717452778e+02
3.848897170205882503e+02
1.541884126998178544e+03
5.274755600384637546e+02
1.926264900625608334e+02
2.374001198748649131e+02
1.065015269641311761e+03
3.632974187001793780e+02
9.763590078139895923e+02
1.807850457698509672e+02
4.447398730192285257e+03
1.692166720036729430e+03
8.240895719603515772e+02
6.271811227684552250e+02
6.012526986400775968e+02
7.479224565211015943e+02
7.641521025276874752e+02
7.259879499220010075e+02
4.009212524196491813e+03
4.379109289594241545e+02
2.293020017258820189e+03
2.387159357960335910e+02
1.448542638636522952e+03
3.958400022065649409e+03
2.070722599886303215e+02
1.508572790836703916e+02
4.044381681687723358e+02
3.642047674885186552e+02
1.936794303521341817e+03
1.414913710516475021e+03
1.997490999342983287e+02
6.566054423576547379e+02
9.447051425436211503e+01
2.405186085621829534e+03
1.127581906041325510e+03
1.674989240457418418e+03
6.206005055031724851e+02
3.442552290536882538e+02
2.646397184428828950e+02
6.506380252669537185e+02
3.322081820199967751e+03
7.429231325247346831e+02
1.206526199760878853e+03
3.626835622161879655e+02
8.214204101453769908e+02
2.290710390416252267e+02
1.904541322670739874e+03
8.445084504748342624e+02
1.775373867135831460e+02
5.091596574380253060e+02
2.207404924919655969e+02
1.323536658715873818e+04
1.437888420929678614e+04
1.474811522998233158e+04
1.320302632172015365e+04
1.465483397273794617e+04
1.362723542868832010e+04
1.399780384028282606e+04
1.497898825348047831e+04
1.496498393588413091e+04
1.034384997943451162e+04
1.478564309680374572e+04
1.402229093369297698e+04
1.452886426239710272e+04
1.270095852325899614e+04
1.505279392681515310e+04
1.490872217223404004e+04
1.455699581063551886e+04
1.035429681255429023e+04
1.360617616135813296e+04
1.529645636563156222e+04
1.472371896037679289e+04
1.527136839193024025e+04
1.521281384177709515e+04
1.371700157150933228e+04
1.475891621516215127e+04
7.646332732965358446e+03
1.382750833227884868e+04
1.009809999658123888e+04
1.490209376848855936e+04
1.315835032452706946e+04
1.295270545263589520e+04
1.495173625497324610e+04
1.481303182803362142e+04
1.478098100935698494e+04
1.471075682683137529e+04
1.250338942025462165e+04
1.334650249150790478e+04
1.501831008931443648e+04
1.453411889450489252e+04
1.460843431242973384e+04
1.021970726427960835e+04
1.322443520863620870e+04
1.347601309032338759e+04
1.570645778089409396e+04
1.505570281892217099e+04
1.507877191839678562e+04
1.427031231158075752e+04
8.677080746585510497e+03
1.555974699096074801e+04
1.233893112767170533e+04
1.499719703612133526e+04
1.332665973896146534e+04
1.488387369713114822e+04
1.209687985248936820e+04
1.374582495066828233e+04
1.494576608951540038e+04
1.472516960159761402e+04
1.463696306113031824e+04
5.647231015246361494e+02
5.037312025504288613e+02
1.187487958207380871e+03
1.007868229707566115e+03
8.660349934270539052e+02
3.704655817126317743e+02
7.630326325986152369e+02
8.246941269575918341e+02
1.985597981462912912e+03
5.681308577494046403e+02
6.811591252655312019e+02
9.673067498248642551e+02
1.097787842362349693e+03
7.242183692364242233e+02
7.632948229618859841e+02
6.838741428425255435e+02
3.867659187286395081e+03
1.076607885095351776e+03
1.357516801583993583e+03
8.666518968574846440e+02
6.989336854740249692e+02
7.852141973107181911e+02
4.437482413993943737e+02
1.278326094281174846e+03
3.855969586177203382e+03
7.630722666459937500e+02
2.035248149170099623e+03
4.990172908492236274e+02
5.300896027621283793e+02
3.328584422123873082e+03
9.029428573550067085e+02
7.422832836944353403e+02
5.643297132156667431e+02
1.054901029574081804e+03
1.289675511165214630e+03
7.424510021854421211e+02
5.230045584538247567e+02
1.037564484268846627e+03
5.973374526255452110e+02
2.553298317131324893e+03
2.899651150040808716e+02
1.042674361784673238e+03
1.874267134857601604e+03
1.051638349076138638e+03
7.024012501542824793e+02
4.366606302226145999e+02
3.519696704856845827e+03
9.454729372780284393e+02
1.032801370792852595e+03
7.214830424182791830e+02
3.761191178582857901e+02
8.104147820010903160e+02
2.210848580852681152e+03
8.766084590242753620e+02
4.659514717394545187e+02
9.227837054252222515e+02
6.851065722077705686e+02
3.177205237911671247e+02
2.181046829270806029e+03
8.410749609807758134e+02
1.218803017389441266e+03
6.866539275427339817e+02
3.091138808536372835e+02
4.513183947238285327e+02
1.555089783082517442e+03
4.582587981628921625e+02
2.008152507662721291e+02
4.788779086776473832e+02
1.167599598834041217e+03
5.182208124705848604e+02
7.820298394917390397e+02
2.078563295375870439e+02
4.541718358539472320e+03
1.627017484323028384e+03
1.257385719465014063e+03
5.825379940053358041e+02
4.357218306773852419e+02
6.727051556812593844e+02
7.879449445759432820e+02
9.486807827764835110e+02
3.939871769332505210e+03
5.210453360733904447e+02
2.317561565599496134e+03
2.869479055270503522e+02
1.364390923531982025e+03
4.251850715704560571e+03
3.446546497426122642e+02
2.438032817632765727e+02
4.457276065766386637e+02
4.455519245358736953e+02
1.841707853671000521e+03
1.220560130941990337e+03
2.714849049647191350e+02
8.030831986390667225e+02
9.656612514422613458e+01
2.380327613704160740e+03
1.037807033857205170e+03
1.944046682674152635e+03
9.025870546162320807e+02
4.894367706918428667e+02
2.735894945169998209e+02
5.147779393619721304e+02
3.418102189527464816e+03
8.834194793095821296e+02
1.311945517024245873e+03
4.188548257996781103e+02
7.935756342061758914e+02
3.010552722049947079e+02
1.886803634130800901e+03
9.356634133530938016e+02
1.893593515691159155e+02
5.086945562941059507e+02
1.525559626672061313e+02
2.226008192810059427e+03
9.451847045175868516e+02
1.442806681326084799e+03
5.799785580834513894e+02
2.557235665055009122e+02
5.671370836915293694e+02
1.588745188509581340e+03
3.585245126753138720e+02
2.842440843108793160e+02
7.222577860807616617e+02
1.347727851394412937e+03
4.572741238666144454e+02
1.082204902134638360e+03
3.026183171530092295e+02
4.920867050481843762e+03
1.968266157867052243e+03
1.418522589766248075e+03
5.237209075801929430e+02
2.450549614967922025e+02
7.504957877744500365e+02
8.551721359975977066e+02
1.122432078276673565e+03
3.304156062546293015e+03
9.066385345653588956e+02
2.340451232611433625e+03
2.520291840844402032e+02
1.128599495763729010e+03
4.086808037823560880e+03
6.820806206794873106e+02
3.153032502898067833e+02
6.170457499984386232e+02
8.378757069839568885e+02
2.113430892814957588e+03
1.427345696258588305e+03
4.006544003565868479e+02
8.452198622781656923e+02
2.785756178201240800e+02
2.444881858600720989e+03
9.636463193184254123e+02
1.988584899076162401e+03
1.378845409523620219e+03
6.743101637401023254e+02
3.295710680923602922e+02
8.657418821352171108e+02
3.082113159287990129e+03
5.954003296446790046e+02
1.536943296800698818e+03
4.634913416637168666e+02
1.083069548707752801e+03
7.378320886665451326e+02
1.752107448428859470e+03
1.286827570514536092e+03
3.000257081195572937e+02
5.629033585312754440e+02
4.289151302946493161e+02
1.991142671215624432e+03
1.594689320870909796e+03
1.326511343520774062e+03
2.264389388579401384e+03
2.402350446963064769e+03
3.873131392429761490e+03
2.169252036296829829e+03
2.257815972677520676e+03
2.211402893690222299e+03
1.908730446342787673e+03
2.331721016243160193e+03
1.838246079549542173e+03
2.280176331670688342e+03
3.912379081402589236e+03
1.259465783762335377e+03
2.581928209453969430e+03
2.524930211447094734e+03
2.404506969815541652e+03
2.020321063110186060e+03
1.315112449014585309e+03
2.277390846616370254e+03
3.663388032730208579e+03
1.508407993393253946e+03
2.158354102163694733e+03
1.819669079471449095e+03
1.435034775535259541e+03
1.230516886746817363e+03
2.554675677152986282e+03
2.411421642654379866e+03
1.716682249574517755e+03
2.330024886324753425e+03
1.193953501035559384e+03
1.133583243435225086e+03
1.783800520037028946e+03
2.378894069039755777e+03
2.258791288613815595e+03
1.833175996837746425e+03
7.614680145134479972e+02
1.222093120075684965e+03
3.275483267119171160e+03
2.396396225768992736e+03
2.313363066542659908e+03
1.540292662868828756e+03
3.280661836025428784e+03
2.657687029481233367e+03
1.734774926488373694e+03
2.264281762552423061e+03
1.246698142944072970e+03
2.196426643594644247e+03
3.408177414604121623e+03
1.420187492301805378e+03
2.027318410254808896e+03
2.072843574121402980e+03
2.379873679325733065e+03
1.203199573677743956e+03
1.057662441596045028e+03
7.154183205652577726e+02
9.706763107386027514e+02
2.099163624485791388e+03
8.470920000549085671e+02
9.316949175777690471e+02
9.304098212432754735e+02
1.558100049220897290e+03
8.433349191062179671e+02
1.286510401163559436e+03
6.135611989375868234e+02
4.188640900333904938e+03
1.157647080886689764e+03
7.329414103640647227e+02
8.367498162376164146e+02
1.116654994098968473e+03
1.293959466616564896e+03
4.597016331239733518e+02
5.895089187678727285e+02
2.381353993827729028e+03
7.818160586078629422e+02
1.698115562540509018e+03
3.934520672930489127e+02
1.674321717846749380e+03
1.807311413795685439e+03
8.827992078341940214e+02
5.863202273722272366e+02
6.334528382246235196e+02
5.019982793298215711e+02
1.092877054439442418e+03
1.927043772283351700e+03
8.963058741429015299e+02
9.508081136382679688e+02
7.545885936037484498e+02
9.088851153065807011e+02
1.308286318945355106e+03
1.108663834584539927e+03
1.320951067722392736e+03
8.814884347624949896e+02
6.865206223092345681e+02
9.104713566600594277e+02
2.143493018988537187e+03
1.175951498153365719e+03
1.371137831555472076e+03
4.871062112171571243e+02
1.122872835710852542e+03
8.321013818841179273e+02
1.868250616952780774e+03
8.985199680458722469e+02
5.458853380660848416e+02
4.606891099464778563e+02
1.204666248581586842e+03
7.682055004662183819e+02
1.327422201147031501e+03
1.015648514706392689e+03
2.229184201002018199e+03
9.805808184666825582e+02
1.226327099620782064e+03
1.364890136325964477e+03
1.353055134123668722e+03
1.188837774363218159e+03
5.906805064061359190e+02
1.072658836466569483e+03
3.029972472634634414e+03
1.305662190072653175e+03
1.871435022826786280e+03
1.290285762021780101e+03
1.381373916047679813e+03
1.884007705776790772e+03
5.470864107369407066e+02
8.294782884562696381e+02
4.843637230782082042e+03
5.107502993861071445e+02
3.240664940981217569e+03
1.177717893579243992e+03
9.740066485928546172e+02
3.602046392953267514e+03
1.021502430673333492e+03
1.038708906016782748e+03
1.068625336462329415e+03
9.849689092093449290e+02
1.159208084814830727e+03
7.331008608776505753e+02
1.401904453624349117e+03
1.394991788018862280e+03
1.247145428643499145e+03
2.957752291181611781e+03
8.876082172069768603e+02
1.048443931486562178e+03
1.671106993345764749e+03
1.119312433440856239e+03
1.303292530170465398e+03
7.905822082903387127e+02
4.108433310839768637e+03
1.575614587352537910e+03
1.062924008850385235e+03
9.890698484854560775e+02
4.173301583988286438e+02
9.848000774296497184e+02
3.261371909901536128e+03
2.507264153617920783e+02
1.067278504560881629e+03
1.290924542490454314e+03
1.535354974154028241e+03
6.170219025245996818e+02
6.791376458137551708e+02
2.064030979724489043e+03
6.191028296118220169e+02
6.343412239663689434e+02
8.025335026493321493e+02
7.756794899408819219e+02
6.304333131578969187e+02
4.872037680951489165e+02
6.344730765703634461e+02
3.668734732966982847e+03
1.432780554083420611e+03
1.675045397708830933e+03
8.671700110922806743e+02
6.621533131241558294e+02
1.006943349690320247e+03
5.948213658145318732e+02
1.053699379789112754e+03
3.995969908265794857e+03
6.820088221049823005e+02
2.393636225173915591e+03
5.447849856380107667e+02
7.167641094739610708e+02
3.476018040454163383e+03
7.583165195183132710e+02
6.513401403957109324e+02
5.622497653376303788e+02
9.737078830249511157e+02
1.351694541086243589e+03
7.485048862554031075e+02
4.550569804964657123e+02
8.004854831491038567e+02
6.911543702987123652e+02
2.675244342436206807e+03
4.229412536203108175e+02
1.317721021314566769e+03
1.853234166736439647e+03
7.294719767708784275e+02
7.771942283504840816e+02
4.844261006786664439e+02
3.320435962487710640e+03
9.135368522705871328e+02
8.033795704311796726e+02
7.417142909443991812e+02
4.405245410821607948e+02
6.818789452646369682e+02
2.295286022912573571e+03
8.560745653201902314e+02
5.897104790609901102e+02
8.995014229931771297e+02
8.789074736003872204e+02
3.847936064118912327e+02
1.540699725435325263e+03
5.775246307907059418e+02
1.549165272018715314e+02
3.167128095093955835e+02
1.136262469181229108e+03
3.493319681784075783e+02
1.004770402790173193e+03
1.475693362372655884e+02
4.643970707168458830e+03
1.916906658491877124e+03
1.248508810191431849e+03
6.127183925284430188e+02
5.444582501066988698e+02
9.417060488655436075e+02
8.274339761407991318e+02
8.490614396427044994e+02
3.630212515295404046e+03
5.602528875038424303e+02
2.430143601535364724e+03
2.913392226252053661e+02
1.496672402703622083e+03
3.954130638277404614e+03
2.851837199760220756e+02
1.113302519512628805e+02
5.087465492879041449e+02
4.827592323389640114e+02
1.907592593176778792e+03
1.453660950357782440e+03
2.007642361065243222e+02
6.693542448421333120e+02
1.757191912444391164e+02
2.266673376984006609e+03
1.073672847776542312e+03
1.968696716853711905e+03
7.333696782342836968e+02
2.497124937315434181e+02
2.742022809550578586e+02
9.252578976590680213e+02
3.114494182661804189e+03
6.929622681046757862e+02
1.256321423018944643e+03
3.931435530615672178e+02
9.727724431658577942e+02
4.603856631077655948e+02
1.864724683441031630e+03
9.644176057507966107e+02
3.288178600237592946e+02
4.974609531601245180e+02
4.215439332527723764e+02
1.558683550884692750e+03
7.120931042361107757e+02
2.407679134752156642e+02
2.729859134837834063e+02
9.174274086373384307e+02
4.086082952493388802e+02
6.662100774983055089e+02
4.178073103356416595e+02
4.529972522804011533e+03
1.776863097013391780e+03
1.273585329453699842e+03
8.828233347477034840e+02
6.691650194176913828e+02
1.096458162269758304e+03
1.014891991925919228e+03
8.562491190987234404e+02
4.107330271673125935e+03
6.303619735800591570e+02
2.555789477287315094e+03
4.345304142031131960e+02
1.289578947448854706e+03
4.095102559484294034e+03
1.827042215614901579e+02
3.695118383219689804e+02
2.865186961536551280e+02
4.039025115301205915e+02
1.888658980698423420e+03
1.072802499862111290e+03
4.609051854438605460e+02
7.607731486518223392e+02
3.962927518820142723e+02
3.025677452394020293e+03
1.278731003399984729e+03
1.859602029075274913e+03
9.423193553247286900e+02
2.378061022228114325e+02
3.843639629771942055e+02
6.652481264898060545e+02
3.360266810109841117e+03
8.507612816771033977e+02
1.190850432709700499e+03
5.034182860051082571e+02
6.583843656640092377e+02
3.807988969212206030e+02
2.430224967670289516e+03
7.659742858287472700e+02
5.204372650515474561e+02
8.242415053984298083e+02
5.594008262549850770e+02
1.804084163002904234e+03
1.443944019494240138e+03
1.817701797267936627e+03
1.991280119045616857e+03
1.006328733807829622e+03
2.009383890959652035e+03
1.442607890393958769e+03
1.580502166521217077e+03
3.109952898995485157e+03
2.704588051171901498e+03
1.609978023454327513e+03
1.783202114320826013e+03
1.826802205199491482e+03
2.197751037461769101e+03
2.199247032874715842e+03
3.722026346579149504e+03
1.936467676330938957e+03
2.446994374203862662e+03
1.676056040413496021e+03
1.998356471954330573e+03
4.517919082480174438e+03
1.586022899492449369e+03
1.524115745236987323e+03
1.742546319089260805e+03
1.473811083474535280e+03
2.875868151777570347e+03
2.488481849335945299e+03
1.704847875002863020e+03
2.276212278705516837e+03
1.368091456751985106e+03
2.801008696730243173e+03
2.329228343065417448e+03
3.383620352876508150e+03
1.728959847248365122e+03
1.612182287133263571e+03
1.503469834129493847e+03
2.229781593657162375e+03
3.911656869821279997e+03
2.308722493766982552e+03
1.962105466672609055e+03
1.731301895385561693e+03
2.163729192484302075e+03
1.739249522034914207e+03
3.667968017870913627e+03
2.053885950552555641e+03
1.694579446744002780e+03
1.732887769895109614e+03
1.831765692481730184e+03
5.785639125581960798e+02
8.733792105621510018e+02
1.415436199891930301e+03
4.889610725306056338e+02
1.027986349567034722e+03
4.117493555212226966e+02
4.286552152970522911e+03
1.842507591229314130e+03
1.293885886692233271e+03
2.112286878877548588e+02
4.259878532834663929e+02
6.818674501445416354e+02
4.777153322936733275e+02
7.891085778292554096e+02
3.581480503212799704e+03
6.380530834264777695e+02
2.343467089489391128e+03
3.798989062985874625e+02
8.884807315718153404e+02
4.088096296630358211e+03
7.672481781130800300e+02
3.505962803768497906e+02
7.007228959064523224e+02
9.407836286419424141e+02
1.796827309074141340e+03
1.572540721005109390e+03
8.102078752677916782e+02
7.953060981368839748e+02
4.866090872488571222e+02
2.350845706127866833e+03
1.037745062487261748e+03
1.593882147363590320e+03
1.427104166031345130e+03
9.683499179734321842e+02
5.534446827569272500e+02
4.933511777632088524e+02
3.389156029946776471e+03
5.052358283030448547e+02
1.365364209059173390e+03
3.147568249988821663e+02
8.804052980545175160e+02
5.659819932820601025e+02
2.004826403417569509e+03
8.867350550444716646e+02
1.560742552314304703e+02
5.338301216831182501e+02
6.521494395484924098e+02
2.844690109330051655e+02
1.026732667541661613e+03
4.500904490837087906e+02
8.620570972511491163e+02
2.463513554474382090e+02
4.422635579963027340e+03
1.775843647382704376e+03
1.294691709410997646e+03
7.069772264627295044e+02
3.826288475434507745e+02
8.764670700523229243e+02
9.394081222533013715e+02
9.602274722016370561e+02
3.868968376327893111e+03
5.737870453380298841e+02
2.573231640156820049e+03
2.617042883742533377e+02
1.479981505323346482e+03
4.230380739482750869e+03
2.415259237484920050e+02
2.039892445211460199e+02
4.021364199485205972e+02
4.454886910113862086e+02
1.883360733675369602e+03
1.180559220486355116e+03
2.320907087649920868e+02
6.242927128170576907e+02
1.620277634080848657e+02
2.551129053477827256e+03
1.136476576479045434e+03
2.051140994541111468e+03
8.436210764846860002e+02
2.924071745726130303e+02
1.770007713302734373e+02
6.654250619411404841e+02
3.418040420564735996e+03
7.129693424727502133e+02
1.246872820015045136e+03
3.985037843174191039e+02
8.342113872651711972e+02
2.990093014778130964e+02
2.091947323541985497e+03
9.653478682528173067e+02
3.233755615144614239e+02
6.847455570182726206e+02
2.946555069500191166e+02
8.712698759123436503e+02
4.436013951684333279e+02
1.072794181669111822e+03
4.654948483072760155e+02
4.541245695888743285e+03
1.960716299206226040e+03
1.213547213633545653e+03
9.373321893906509104e+02
9.622501224505119808e+02
8.050115968406589673e+02
1.076872876364799140e+03
9.526237604767136418e+02
4.267211049949331937e+03
5.254707337875879603e+02
2.619526975154671163e+03
5.410538577400407121e+02
1.455304124309347117e+03
4.241677760254450732e+03
2.673556992587452896e+02
3.736289652626624047e+02
4.175107412971153735e+02
6.128129412052085172e+02
2.194999670684380362e+03
1.415019399966340416e+03
3.086328347099413349e+02
7.666729554609116803e+02
3.992044627232119183e+02
3.222880523184320737e+03
1.201252835194952240e+03
1.932593354685143822e+03
6.860635603099560740e+02
3.176340571496764369e+02
5.137628757175536975e+02
8.513408855396610306e+02
3.419339820152113134e+03
9.185920511213048485e+02
1.128004315365436014e+03
6.601605099804648944e+02
7.759720491655070873e+02
2.678509961111856228e+02
2.466863874830890836e+03
9.367146985555232277e+02
4.680415781738236092e+02
9.474535968320990378e+02
4.915469370575037829e+02
1.019128438850042130e+03
1.076717058235933564e+03
1.175147438891504862e+03
2.511277531699348856e+03
1.887300689394607161e+03
1.781801360152761845e+03
1.699916884762402788e+03
1.480662204866787761e+03
1.630805368052593167e+03
1.355474822746341943e+03
1.470410425044489557e+03
4.865006116977390775e+03
1.128242087803470667e+03
3.090209509665593032e+03
1.098248220595624844e+03
1.479324806350872677e+03
3.927804261587969449e+03
9.656599251082066075e+02
1.124514061406655856e+03
9.623926977629853354e+02
1.335123653447320294e+03
2.058392009528075050e+03
1.066656445593200260e+03
8.450369005106331315e+02
1.210267177070515118e+03
1.180286097808592785e+03
3.679647298535353002e+03
1.180486610430107248e+03
1.802649516600677089e+03
1.487307927101540372e+03
9.679528583800758952e+02
1.251666814224028485e+03
9.542518009068016909e+02
3.793251886034693143e+03
1.436249758468171876e+03
2.742622802363148367e+02
1.344805384244604056e+03
8.442295886705887824e+02
9.539791833982435492e+02
3.458795531322071838e+03
1.286186223528953178e+03
1.208159546314856016e+03
1.746582223991043975e+03
1.214940811079583909e+03
1.068902876714741979e+03
4.478629957593420841e+02
4.420844792757974574e+03
1.914648546664544938e+03
1.182743469479996293e+03
6.372053874338084825e+02
6.639505630164740069e+02
7.553906203604683469e+02
8.786310619666423918e+02
9.991736437314752948e+02
3.941003756931978387e+03
7.994838801719060939e+02
2.199047383817224727e+03
3.613793748871794378e+02
8.998812974989059512e+02
3.973175219878902226e+03
3.323210638654820741e+02
3.647557439359575255e+02
4.845543530716590794e+02
6.450160765244622780e+02
1.943816345694849133e+03
1.387638666648843355e+03
4.068872252326041234e+02
6.910106445984397396e+02
4.065863909673371381e+02
2.704117115380803625e+03
1.109725498235144642e+03
1.898640749222251088e+03
1.027856118643619311e+03
4.424845049617999848e+02
5.503917950438485605e+02
8.245385566892941824e+02
3.333959797315323613e+03
5.580132712126246588e+02
1.193091758552040119e+03
5.417033882196251398e+02
8.292161096030540648e+02
5.921650859778615086e+02
2.445460355322827127e+03
9.736586848046240448e+02
3.482150509739408335e+02
7.943922718224630444e+02
5.880384851593066742e+02
7.725051171476143281e+02
3.739627814727092300e+03
1.138155152267515859e+03
2.106752019528657002e+03
1.182721902498337386e+03
9.730500773491335167e+02
1.631184990937452312e+03
8.915327327416034677e+02
1.245190811665518140e+03
4.822940127736951581e+03
7.511378605370050536e+02
2.836072792118236521e+03
8.985760442905766467e+02
1.204740881795160931e+03
3.998442338053448566e+03
7.570336316668108338e+02
9.176107598195326318e+02
5.580905512858776092e+02
6.975677166248556205e+02
1.173718768295435893e+03
5.775847410437345388e+02
8.856876334356284133e+02
1.393356591759959429e+03
8.118911279813505644e+02
2.854443460598464299e+03
8.205040281500164383e+02
1.602191459441442021e+03
1.848252856380802996e+03
7.208905171316478118e+02
8.828098767859532927e+02
6.061013026466371230e+02
4.017144559035019483e+03
1.677286878010782857e+03
1.033196221679137125e+03
8.713603109365267301e+02
4.062367462472252555e+02
8.357871794286352269e+02
2.845225752218705566e+03
6.784445547563927903e+02
9.594662748663035927e+02
1.121890541099079201e+03
1.165316412211911484e+03
4.457494332901784219e+03
1.656710997893301055e+03
1.234017007175883691e+03
4.172149998906811561e+02
4.039697148148234191e+02
9.346512807703543331e+02
6.203643800482918778e+02
7.162269117053126593e+02
3.515763390973208971e+03
4.191510415553648272e+02
2.513151032724134893e+03
2.528256925024916200e+02
1.455066157113012650e+03
3.957203854408535335e+03
3.522352459878188711e+02
6.653993210887438181e+01
4.568532020349516642e+02
3.954286724146350025e+02
1.700237284619960064e+03
1.360952502683512648e+03
4.110308212429470132e+02
7.935589010101293752e+02
1.339571785641469432e+02
2.065568907791688616e+03
1.055462717304486432e+03
1.754719710830993336e+03
7.288120418431324197e+02
3.638632715984826973e+02
2.200899042813498454e+02
6.374595805505819044e+02
3.089643826039731721e+03
8.537237277621557041e+02
1.157227691126607624e+03
1.908955763819944877e+02
7.783740771551642865e+02
3.779273421085915743e+02
1.758957173935157016e+03
8.078929060862035385e+02
2.615198897137097447e+02
3.304392544948473187e+02
4.712444007454087114e+02
4.120046876573276677e+03
4.845038306224582811e+03
4.493793457103304718e+03
4.841598976197867159e+03
4.998052184507460879e+03
3.536755298280776969e+03
3.701039557881037581e+03
7.876303978156704034e+03
3.425719416937021379e+03
6.414666947855360377e+03
4.456171209040923713e+03
3.800342580922734669e+03
6.293602058281100653e+03
4.551009586148144990e+03
4.362420435091888066e+03
4.228127742862086052e+03
4.549996351739715465e+03
4.111378171193071466e+03
3.815849923560399930e+03
4.627656238098392350e+03
4.512804551344671381e+03
4.708362079979794544e+03
5.969956208157561377e+03
3.588995716708420332e+03
3.486391439291434835e+03
4.220398543362010059e+03
4.646328113253860465e+03
4.752578146445063794e+03
3.659010073476530124e+03
7.257116873058012061e+03
5.021637614865899195e+03
2.161727820399326447e+03
4.312232173270413114e+03
3.233984467243416020e+03
4.078449560744871633e+03
6.678255576235555054e+03
3.238202315729280144e+03
4.344569123023273278e+03
4.349800233773925356e+03
4.709973206904564904e+03
1.646278627292245801e+03
1.962071136142660635e+03
1.907239526618552645e+03
2.081112303974909082e+03
9.520656758393342898e+02
1.740844510311673275e+03
2.394959016016601709e+03
1.520467608817020846e+03
1.860228944526074883e+03
1.258817621776855049e+03
1.791886856312657073e+03
1.549230060255235458e+03
1.820000722986307210e+03
1.828613470796071397e+03
1.096306095330789049e+03
1.047060294549736682e+03
4.492606828054431389e+02
1.231956016514715884e+03
1.586335639114075093e+03
1.925890317445221626e+03
1.673530948898111546e+03
1.334245501219031212e+03
1.112054116627684380e+03
9.983231010598892681e+02
2.796609374705978098e+03
1.691630941740199887e+03
1.597026057973432216e+03
1.187922707616296975e+03
2.376755583893010680e+03
2.472762478759496389e+03
1.646847350149580961e+03
1.537436010863748379e+03
1.095579586703656787e+03
1.790694087378733229e+03
1.820153478058025939e+03
1.063721857504536274e+03
1.592294574994058621e+03
1.480484824352110991e+03
1.985556338696555486e+03
1.691897878950926952e+03
1.562964365379818446e+03
1.699966314494361995e+03
1.008217745774967170e+03
6.969597688074927646e+02
2.963842760043211001e+03
1.505080353949141454e+03
2.455583442517807271e+03
7.180810787529840127e+02
2.359717821567187457e+03
2.583087302865006222e+03
1.201732900914341144e+03
1.078615509515792837e+03
1.074579546454215233e+03
8.930558626640440707e+02
1.738177892447117301e+03
2.253129638660952878e+03
1.135132355978600799e+03
6.539626624243660444e+02
1.229502760212191788e+03
1.904649863176326562e+03
2.121263484151638295e+03
1.132434086349223435e+03
1.770868076965757609e+03
1.266309272162168099e+03
1.115533307281823227e+03
1.158989955871825714e+03
2.560464692132662094e+03
9.537204974625938121e+02
1.942491636451050908e+03
8.972673859333685868e+02
1.706788496615024542e+03
1.094496386235495720e+03
1.772113478806420744e+03
1.514588346557748991e+03
8.969685743945160539e+02
1.313884212289683546e+03
1.297255509615314850e+03
4.969959640160641356e+02
7.823336945550950077e+02
6.313579645343525044e+02
1.035927141994804970e+03
3.323928627901294021e+03
6.839973133906787552e+02
2.117970287209245271e+03
4.744394938870773331e+02
1.124787580714390060e+03
4.084374848575042506e+03
9.422893388508023236e+02
4.252094442232141773e+02
6.643733705389190618e+02
1.003538758378831062e+03
1.855911027656922670e+03
1.976030514082471655e+03
1.008847691004752051e+03
1.254429869249056537e+03
5.302421143322567332e+02
1.945367721251895091e+03
1.228575015784698280e+03
1.970823234157516708e+03
1.313690153881355855e+03
1.047186525998321031e+03
5.127194519325503279e+02
7.893945877450369153e+02
3.510583696631008934e+03
1.012360062204008045e+03
1.558481742897933600e+03
3.103704066239070016e+02
1.025239059038955929e+03
7.995510429001938064e+02
2.030237909748247375e+03
1.000880639250315198e+03
3.041896380661473813e+02
4.700909174592729869e+02
1.031499976325816078e+03
1.096824589149427084e+03
9.343132290966054825e+02
1.027657856590994015e+03
3.313317307681212696e+03
9.187029006717702941e+02
2.496900012981552663e+03
3.058771706938096031e+02
1.380839063017750959e+03
4.063352010083423011e+03
8.378608998341701408e+02
4.481482702142420749e+02
6.784249414636192341e+02
9.053726878770908115e+02
1.949808836155864356e+03
1.409844824205988516e+03
6.605346366341445901e+02
8.538586787764993460e+02
4.042067762148808470e+02
2.167944499713903951e+03
1.241486448451942579e+03
1.912417045152085848e+03
1.613957950699136973e+03
8.231349208423362143e+02
3.038589894636061217e+02
7.391179561951603318e+02
3.234635118613658506e+03
8.830320760771064670e+02
1.646798991636047504e+03
4.009130937827417256e+02
1.078013194138881317e+03
7.763686873089650362e+02
1.966018340476237199e+03
1.313061949595908573e+03
4.911914163630990515e+02
6.542107186103162348e+02
6.434728916082981414e+02
1.060330111698705423e+03
1.720371688122316527e+03
3.855329811386315669e+03
9.374640686518109760e+02
1.806376311925632308e+03
8.198776198094719803e+02
9.721365452577656470e+02
4.296561660667648539e+03
1.131937894266784042e+03
9.935076599186704698e+02
8.330060481773721222e+02
1.423911116721144936e+03
2.463156507207548657e+03
1.962858129494205059e+03
8.129874529858143433e+02
1.416974038401981034e+03
7.686364377773616070e+02
2.830010717819557158e+03
1.068402234828078690e+03
2.192993433527442903e+03
1.803718217237169938e+03
1.314114619535258726e+03
9.917344028233569588e+02
8.528440740115765948e+02
3.682214444570074193e+03
1.177556070952785831e+03
1.769464091350796025e+03
9.947213219009113345e+02
1.122057878509089733e+03
7.695442483249389625e+02
2.082916056132230096e+03
1.389994386492478952e+03
4.752264183858974320e+02
1.046820728883572883e+03
8.038147886291917530e+02
7.735480710226838710e+02
2.962737583514777725e+03
4.415203576835865533e+02
2.077380554192578074e+03
5.572014629841660280e+02
8.770350440733782307e+02
2.391673377599011474e+03
1.021026615254347007e+03
6.034137048853240231e+02
7.441910377562912799e+02
9.211839129821241841e+02
8.577700388527828181e+02
1.214848073347621721e+03
9.806779731952888142e+02
9.952135872178400859e+02
7.881959884733614672e+02
1.495763915204127443e+03
5.625692371599366197e+02
6.166647707801412253e+02
1.525830376809029758e+03
1.125316735946189056e+03
7.947272823208149930e+02
5.198809798668848998e+02
3.192803229196420489e+03
9.835485420810282449e+02
9.561892873087713269e+02
5.090368899688578495e+02
5.386177590414313272e+02
7.583959731737795664e+02
2.116058943009687027e+03
4.853660315434285621e+02
4.866296421986139649e+02
6.898194482098292610e+02
1.101001064896314347e+03
4.374104362866571137e+03
5.762116785082007482e+02
3.273061356127084764e+03
8.150400097647411712e+02
1.680320778235436592e+03
3.526640602887056957e+03
8.464541568554222977e+02
6.181795659586837246e+02
9.689438811672275733e+02
7.765402678656346325e+02
1.626712898102809049e+03
1.662306463896282821e+03
1.237329848136080727e+03
5.595024669736935721e+02
9.578995132609391021e+02
2.311217287020349886e+03
1.674403454692767355e+03
8.406483062722149953e+02
1.101658231035307381e+03
9.690635509369183183e+02
1.032633725664726171e+03
8.817286730866330799e+02
3.872056299120815311e+03
1.181386862942867538e+03
1.304708512899314883e+03
6.024591852711660067e+02
9.762249562882602731e+02
6.104853198881173739e+02
2.547066322970274996e+03
7.705640596602952428e+02
7.519566775439570847e+02
8.300076027535947105e+02
1.246062458628286549e+03
4.302199376418038810e+03
2.190939156795846429e+03
2.724845845093959724e+03
4.751554452546463835e+03
2.270170650887630018e+03
4.520306247692541547e+03
3.543693792221248259e+03
3.765237013500954617e+03
3.225354325321364740e+03
2.481629238032280227e+03
5.401671201386139728e+03
3.905029838327739526e+03
4.199093595133923372e+03
3.664886746211918762e+03
1.637303374968988464e+03
4.050054371834787162e+03
3.969022994000319159e+03
5.167368670455161919e+03
4.438070272133798426e+03
3.358685996768222140e+03
4.013602928484511722e+03
1.313165577903921985e+03
3.725298308659307622e+03
4.909194667308028329e+03
3.555415664305327027e+03
4.653742213419956897e+03
4.163115237748769687e+03
1.810011825245855107e+03
4.039956259471543035e+03
3.771110792266582393e+03
2.852447743900310343e+03
3.898460158963915092e+03
2.965093520145872844e+03
6.443910600179783614e+02
1.077245518946800075e+03
3.930766858727204635e+03
5.770956973363850011e+02
4.062973662908098049e+02
5.700987535251142617e+02
6.488319728024389406e+02
1.478971844869372489e+03
1.057900024079570358e+03
7.132721628180506741e+02
9.712113100216397470e+02
5.207296493176729655e+02
2.445843154666369628e+03
7.502946045049561690e+02
1.252235720214939647e+03
6.855092756365486366e+02
6.259954750739216252e+02
6.496479044884179075e+02
6.120599830378341721e+02
3.758978563388277507e+03
1.285115068161786894e+03
8.926130598207432740e+02
5.209724320364671257e+02
4.130502825198136634e+02
3.160493599630244717e+02
2.266406950545826476e+03
3.045686504368222813e+02
4.648421835582876156e+02
6.159443573026278500e+02
8.167775690983721688e+02
1.513445848723431482e+03
2.265386433158217642e+03
2.056146602326004995e+03
2.690374731604931185e+03
2.710453339718662392e+03
1.613050134758314471e+03
2.008411836550105136e+03
1.846704413102872877e+03
3.204886695555390361e+03
2.091765884040495166e+03
3.075685633377041540e+03
2.190779861488736060e+03
1.613089952200134576e+03
2.202705924218049859e+03
2.890253127112756374e+03
3.657622032911181577e+03
2.962824661539847966e+03
2.145908242002727093e+03
2.279890990615393093e+03
2.956514256416437547e+03
2.852659880025272287e+03
3.183035620644322080e+03
2.389455789685804120e+03
2.493844043716289889e+03
2.796880625730231259e+03
3.777359840817229269e+03
2.592709383408957819e+03
2.040797343627043119e+03
1.862626172254952962e+03
2.526985580220160500e+03
1.197112840977882570e+03
2.466585305348161000e+03
4.750893148177942749e+02
2.632117618439806392e+02
3.006348796980187217e+02
4.464978593496525718e+02
1.356014723647387655e+03
1.276560626016517290e+03
3.166019693949351677e+02
5.943238151359255426e+02
2.095116231507540761e+02
1.305570032210752288e+03
9.736606209022065741e+02
1.323451978716958365e+03
1.126403403558572791e+03
5.321581860664728083e+02
1.539115967142370209e+02
5.172583863451059187e+02
2.728659946303548168e+03
6.149804936436480602e+02
1.228210201586788116e+03
2.100334445612138552e+02
8.009440554717480154e+02
5.020521280392736116e+02
1.922852150780521697e+03
9.187999321108172808e+02
2.132076368995180928e+02
4.003767697208140817e+02
4.486364603062202150e+02
3.946526214765208351e+03
1.440960491153822204e+03
1.498940510575497228e+03
9.797171866060025422e+02
1.768542414789893883e+03
1.746419421905441595e+03
1.099633043362855460e+03
1.247458869582954321e+03
1.656277718624432055e+03
1.399013317153007392e+03
3.151767780461070288e+03
5.353035938306402386e+02
1.559673477838244253e+03
2.297369465035621033e+03
1.650354107826109612e+03
1.611589176436301386e+03
9.613033614901446526e+02
4.064818205055426006e+03
1.420042884513436547e+03
1.521636685894232869e+03
1.386908299649738183e+03
5.529860635857867237e+02
1.407402304792360155e+03
3.140877546846416408e+03
1.036433809304617625e+03
9.941391345513602573e+02
1.441383134806940689e+03
1.571558716480905332e+03
4.226994378401892391e+03
4.023859022119597284e+03
3.103673024133781837e+03
2.636924322223996569e+03
9.412452592280633326e+02
3.626302643212823568e+03
3.738233266766679662e+03
4.010904397572860489e+03
4.068874161261782774e+03
1.591436764685510298e+03
3.117202728624230986e+03
2.044258773169904089e+03
5.337974422521445376e+03
4.369911681076490822e+03
3.786429450735922273e+03
3.506893905016375356e+03
2.304161799184047595e+03
4.009567232015822810e+03
3.918422435656192192e+03
3.750845524105108780e+03
3.552674498130366374e+03
4.068864835156136451e+03
3.734215576617025818e+03
3.253658865465610234e+03
4.026403399654821897e+03
2.872117546848242910e+03
4.424086700697533161e+03
2.709754471969456517e+02
4.678763298411847700e+02
2.644191838720969372e+02
1.972527244853081129e+03
1.103935949378921578e+03
3.138396908089673616e+02
7.061439524463808084e+02
2.951579318381411667e+02
3.200100134975260517e+03
1.349915870462167504e+03
2.024773669590891132e+03
6.687371928127626006e+02
1.318228483633190535e+02
4.542911553927690420e+02
7.591292885722973551e+02
3.547345002305057733e+03
8.175508179510666196e+02
1.127214366089220903e+03
5.623102636727842309e+02
7.367797711623998111e+02
3.053774139741751696e+02
2.599412943091778743e+03
7.422855689915652420e+02
4.507001824148760534e+02
9.116781556815142267e+02
4.495505089371388294e+02
5.349113371075466148e+02
4.264114486797700465e+02
1.802750225651192977e+03
1.464819620468377707e+03
4.162707853247957246e+02
5.978926626892653076e+02
1.842402466778758026e+02
2.226818597600643898e+03
1.178619333440732589e+03
1.801374419124798806e+03
6.421736024350263961e+02
3.336482978504511721e+02
2.513437179909078623e+02
6.532164869582966276e+02
3.098346174317263831e+03
6.230409921086475151e+02
1.137515566119917139e+03
2.189547442069861063e+02
8.420836724780028817e+02
2.768903975041228023e+02
1.820275050893190837e+03
7.837887957388563791e+02
2.087159329597211581e+02
4.192805151549637230e+02
4.321866994186423199e+02
4.766019643533181807e+02
1.334155105568723229e+03
1.047437636191340971e+03
3.872843286572519901e+02
9.578441442458110942e+02
3.625827060079486728e+02
1.870000364772039802e+03
8.282870133227088445e+02
1.330734081773314301e+03
1.162307909975467055e+03
4.925080409630568283e+02
3.506962074361485975e+02
5.322112654996417405e+02
3.394946469874968443e+03
1.158110937353585541e+03
1.085722560605287981e+03
4.478147794425535722e+02
4.892051639876722220e+02
5.186038793356483438e+02
2.293236085967446343e+03
7.400985060536008859e+02
4.346743929791591654e+02
5.656730958869766255e+02
6.683248449019106374e+02
1.131759748065697295e+03
1.227928331486182287e+03
6.056248120184916388e+02
9.214398228046229633e+02
3.961372813576110730e+02
1.279423355932519826e+03
1.431336213542525229e+03
1.603157057509071819e+03
8.249558063781443025e+02
2.830025111585537161e+02
4.205902692462916548e+02
8.757466236467762428e+02
2.671894462425807433e+03
1.265001381557265177e+03
1.353121697516907034e+03
4.953051901789372096e+02
9.063055991075234488e+02
5.655854079414041280e+02
1.843252260409323299e+03
7.126832546710443239e+02
6.109634453646283418e+02
5.841935149631199238e+02
7.579102834281725336e+02
1.294866176355331390e+03
1.836726034536177394e+03
1.908159664375944885e+03
1.867141313054668217e+03
9.156261404653223508e+02
1.220186625131858818e+03
9.228813197185800163e+02
2.769722630009715886e+03
1.757043596579035693e+03
1.757913149049287313e+03
1.338575804852176589e+03
2.421736799977898499e+03
2.317627462896130510e+03
1.681389652615428986e+03
1.601852630299763860e+03
1.173406904579986985e+03
1.980485339110507766e+03
2.992732763455148415e+03
9.617230357295011345e+02
1.782973027098861166e+03
1.526341593495918914e+03
2.279092320447570273e+03
1.053986931977337463e+03
1.529665143799162252e+03
1.311467062952848210e+03
3.533597902425654866e+03
7.483591468648451155e+02
1.358552235220247894e+03
2.233915465549582677e+03
1.123534237658684106e+03
1.438374989738350450e+03
9.158684018570697845e+02
4.373423996880635968e+03
1.905263133002994891e+03
1.047646441277254326e+03
1.560751857444936832e+03
4.852302556913364242e+02
1.273388858850664292e+03
3.531744372444454257e+03
9.002983706892205191e+02
1.458478086489498764e+03
1.854623947872829604e+03
1.438326074374816471e+03
7.004279364853964580e+02
2.181677367437764588e+02
2.664531485720088767e+03
7.967811336120225860e+02
1.804360818097735319e+03
1.097610332588421443e+03
3.293200190959621523e+02
3.974170152906672229e+02
6.669599311607871641e+02
3.359294669604333194e+03
8.258227242376142385e+02
1.063215259965720179e+03
7.139039843812704476e+02
7.246005116504434227e+02
4.435974384863511659e+02
2.132047598954651676e+03
1.079353253589746373e+03
3.946729058150558558e+02
8.753590354597110945e+02
3.211744355116816223e+02
8.343334005388323931e+02
3.160982739239909279e+03
1.570249279546630078e+03
1.212561027500200908e+03
1.394795275010008254e+03
8.081358054825007002e+02
9.080068700214483215e+02
8.324913669021702844e+02
3.598215792999787027e+03
6.107501544044307593e+02
1.393149733323715736e+03
7.883464204718907240e+02
1.133087604617414854e+03
5.681871933730176352e+02
2.496726551757590642e+03
1.288527562834693981e+03
6.492663323027518345e+02
1.140631260136544370e+03
8.004522029594695596e+02
2.229650228199676349e+03
1.033274971269956495e+03
1.957155672285322908e+03
8.016794174017740033e+02
3.937057036272069581e+02
1.619991709938813074e+02
6.315767784938316254e+02
3.277093151591514015e+03
8.507627038314481069e+02
1.321078667158806866e+03
3.083513021493822635e+02
8.020016524443831258e+02
3.742705817955031762e+02
1.925496583823349738e+03
9.116925739416285523e+02
2.161375736541031074e+02
4.719889672058093311e+02
2.494823247441668173e+02
2.540160093646795758e+03
2.181008953790479609e+03
3.166758636860848128e+03
2.812534100726496945e+03
1.881989511201426467e+03
2.397268909123387857e+03
2.232746692472938776e+03
3.125474157389923676e+03
3.394391895246210424e+03
1.914243719016973500e+03
2.965015378628798317e+03
3.018130581667270235e+03
2.550402826461609948e+03
1.941474830604539193e+03
2.337145409799054505e+03
1.112317978562121425e+03
2.842741087288820381e+03
1.204675371681494653e+03
2.085945154168123736e+03
1.308866981271231452e+03
1.193706402727495515e+03
8.121315078020879810e+02
3.741884116199758409e+03
1.555970587025571604e+03
9.763183731252952384e+02
1.186470730568842100e+03
4.195432760065400544e+02
1.172795106114316241e+03
2.657180437570412778e+03
8.069157696867819141e+02
9.364962120786935884e+02
1.182069580494081492e+03
1.275298486895143924e+03
2.641787411417700241e+03
2.058988533244618338e+03
1.896352166462834703e+03
1.065071706678392729e+03
3.660676903117870097e+03
1.932889958464829306e+03
1.458465785331275129e+03
1.357358699618180708e+03
9.885517129810305050e+02
1.592237977562912420e+03
2.881050906062603644e+03
1.169665778903996397e+03
1.472110587212647715e+03
1.637713399577490691e+03
2.265074092247621138e+03
7.001063110666972307e+02
9.965327927303942488e+02
1.702585527321784411e+03
4.204154692582460484e+03
1.749797800798520484e+03
1.340332967758868335e+03
1.042993395061603223e+03
1.442937313380238265e+03
7.717354781189121695e+02
2.903014654015567430e+03
1.112368539740584993e+03
1.037122674471953587e+03
1.125523329672847467e+03
1.113925722877698036e+03
4.892257876693645358e+02
1.017422014804889386e+03
3.472664603650228401e+03
1.042623839869057747e+03
1.144622651987584959e+03
6.745457428890911160e+02
8.599947189413073829e+02
5.105402003077329027e+02
2.403449163860701447e+03
8.402206669754937138e+02
6.713104263791560697e+02
8.115051111972670697e+02
6.661834104456534078e+02
6.771004992651360226e+02
3.325688738181395365e+03
8.620779273396947247e+02
1.443528114039940192e+03
2.118632326564088544e+02
9.318448499812011505e+02
5.274841518728119354e+02
2.007574182779814691e+03
9.922245515702600187e+02
3.651497513036624696e+02
4.965679623038654427e+02
4.813812920293926254e+02
3.745079541216362941e+03
9.765632921817732495e+02
1.049147364399202161e+03
5.480000536540192115e+02
4.294709721303111110e+02
4.257676075225772365e+02
2.445411773504560188e+03
7.565490824667372181e+02
4.251197313452853450e+02
9.259911177171288728e+02
6.799802187017239703e+02
3.302315288870989207e+03
3.998213265857898023e+03
3.184345562966030684e+03
3.859709637382230994e+03
3.564076779683320638e+03
1.311248466879928401e+03
3.531456948927936082e+03
3.360246169546461715e+03
3.084647876347592501e+03
3.423950158021690186e+03
1.648891730996840579e+03
7.785914945893887307e+02
1.409305559180244018e+03
8.411417596095843692e+02
2.332116567194964773e+03
1.486868728894164633e+03
5.409135295683618097e+02
1.352996756430065489e+03
8.072065622063446426e+02
1.298624854983091609e+03
8.583833487944316403e+02
1.000617238903280395e+03
3.199318807852370355e+03
9.257295237546290991e+02
1.255019832634629893e+03
1.519802512435848257e+03
1.443421005737050791e+03
8.288327772390616701e+02
4.943870295799956693e+02
1.925918243603235624e+03
7.615633677949258526e+02
2.803345435315641225e+02
4.043371916671526378e+02
7.573442171901933762e+02
6.441079783807185777e+02
2.962808926919653459e+03
4.462688203765787875e+02
7.490519509915388880e+02
1.103075601488854318e+03
1.029700766613125325e+03
2.413143369874928794e+03
7.425120836781434264e+02
2.833870651212969278e+02
8.081138148626801012e+02
3.496735419968003953e+02
2.388052703951057993e+03
1.868905104398970707e+03
1.876477179650860762e+03
2.032486494217117752e+03
7.987487033790407622e+02
9.854992937806259761e+02
1.251595169511448375e+03
4.194393901733556049e+02
3.207958928434904919e+02
9.448101443445632412e+02
