3.100000000000000000e+01 4.700000000000000000e+01 6.653993210887438181e+01 2.000000000000000000e+00
1.300000000000000000e+01 5.400000000000000000e+01 9.447051425436211503e+01 2.000000000000000000e+00
0.000000000000000000e+00 1.100000000000000000e+01 1.132729252091803573e+02 2.000000000000000000e+00
1.200000000000000000e+01 5.300000000000000000e+01 1.138575775458589305e+02 2.000000000000000000e+00
1.000000000000000000e+00 7.000000000000000000e+01 1.218295066154159940e+02 2.000000000000000000e+00
1.600000000000000000e+01 7.400000000000000000e+01 1.278119600733280947e+02 3.000000000000000000e+00
4.600000000000000000e+01 5.900000000000000000e+01 1.318228483633190535e+02 2.000000000000000000e+00
2.200000000000000000e+01 7.300000000000000000e+01 1.459619875504395736e+02 3.000000000000000000e+00
4.300000000000000000e+01 6.000000000000000000e+01 1.539115967142370209e+02 2.000000000000000000e+00
6.500000000000000000e+01 7.500000000000000000e+01 2.041510688902149298e+02 3.000000000000000000e+00
2.500000000000000000e+01 3.500000000000000000e+01 2.112286878877548588e+02 2.000000000000000000e+00
2.600000000000000000e+01 7.800000000000000000e+01 2.133710830086097872e+02 4.000000000000000000e+00
6.000000000000000000e+00 1.500000000000000000e+01 2.169246462382161553e+02 2.000000000000000000e+00
4.000000000000000000e+00 1.700000000000000000e+01 2.192063072122459744e+02 2.000000000000000000e+00
2.300000000000000000e+01 7.900000000000000000e+01 2.327286591082513780e+02 3.000000000000000000e+00
6.700000000000000000e+01 7.700000000000000000e+01 2.499926752572578721e+02 3.000000000000000000e+00
2.000000000000000000e+01 6.900000000000000000e+01 2.507264153617920783e+02 2.000000000000000000e+00
5.200000000000000000e+01 8.400000000000000000e+01 2.680844030274306533e+02 5.000000000000000000e+00
2.800000000000000000e+01 6.400000000000000000e+01 2.742622802363148367e+02 2.000000000000000000e+00
7.200000000000000000e+01 9.000000000000000000e+01 2.903374371467518245e+02 6.000000000000000000e+00
3.600000000000000000e+01 8.600000000000000000e+01 2.932060961727007680e+02 3.000000000000000000e+00
8.100000000000000000e+01 8.200000000000000000e+01 3.083637143369866749e+02 5.000000000000000000e+00
2.700000000000000000e+01 8.700000000000000000e+01 3.249013904922542793e+02 4.000000000000000000e+00
8.000000000000000000e+00 6.600000000000000000e+01 3.520883746571480515e+02 2.000000000000000000e+00
1.000000000000000000e+01 3.700000000000000000e+01 3.529660907690681597e+02 2.000000000000000000e+00
8.000000000000000000e+01 9.400000000000000000e+01 3.665194013019544172e+02 8.000000000000000000e+00
5.600000000000000000e+01 8.500000000000000000e+01 3.884848636003690672e+02 3.000000000000000000e+00
4.100000000000000000e+01 9.600000000000000000e+01 4.045962010349399520e+02 3.000000000000000000e+00
3.300000000000000000e+01 5.000000000000000000e+01 4.492606828054431389e+02 2.000000000000000000e+00
2.100000000000000000e+01 9.900000000000000000e+01 4.574669939917345687e+02 4.000000000000000000e+00
1.900000000000000000e+01 3.800000000000000000e+01 4.597016331239733518e+02 2.000000000000000000e+00
4.800000000000000000e+01 4.900000000000000000e+01 4.766019643533181807e+02 2.000000000000000000e+00
2.900000000000000000e+01 9.500000000000000000e+01 4.822540245677809594e+02 5.000000000000000000e+00
6.100000000000000000e+01 8.800000000000000000e+01 5.429677238371058365e+02 4.000000000000000000e+00
7.100000000000000000e+01 9.800000000000000000e+01 5.458365650613059188e+02 9.000000000000000000e+00
3.900000000000000000e+01 7.600000000000000000e+01 5.504681414845043719e+02 3.000000000000000000e+00
1.040000000000000000e+02 1.050000000000000000e+02 5.554562623257361338e+02 7.000000000000000000e+00
8.900000000000000000e+01 1.000000000000000000e+02 5.649363074118269878e+02 5.000000000000000000e+00
3.000000000000000000e+01 5.100000000000000000e+01 5.775847410437345388e+02 2.000000000000000000e+00
8.300000000000000000e+01 9.300000000000000000e+01 5.812432153008091973e+02 5.000000000000000000e+00
3.400000000000000000e+01 1.080000000000000000e+02 7.327315627040278514e+02 4.000000000000000000e+00
2.000000000000000000e+00 9.100000000000000000e+01 7.376256430915167357e+02 3.000000000000000000e+00
4.400000000000000000e+01 1.020000000000000000e+02 7.494855739544193511e+02 5.000000000000000000e+00
9.200000000000000000e+01 1.060000000000000000e+02 7.518297288561237792e+02 1.000000000000000000e+01
9.000000000000000000e+00 4.200000000000000000e+01 8.079776352774524639e+02 2.000000000000000000e+00
1.070000000000000000e+02 1.120000000000000000e+02 8.335162552123836122e+02 1.400000000000000000e+01
3.000000000000000000e+00 4.500000000000000000e+01 8.662420687860230828e+02 2.000000000000000000e+00
1.090000000000000000e+02 1.160000000000000000e+02 9.743673421384481799e+02 1.700000000000000000e+01
5.700000000000000000e+01 1.030000000000000000e+02 1.001248601127144752e+03 3.000000000000000000e+00
1.100000000000000000e+02 1.110000000000000000e+02 1.019474956304488956e+03 7.000000000000000000e+00
6.300000000000000000e+01 1.130000000000000000e+02 1.036579713616727759e+03 5.000000000000000000e+00
7.000000000000000000e+00 1.180000000000000000e+02 1.063902208356308620e+03 1.500000000000000000e+01
1.800000000000000000e+01 1.190000000000000000e+02 1.201409134658426865e+03 3.000000000000000000e+00
5.000000000000000000e+00 5.500000000000000000e+01 1.224835191766102071e+03 2.000000000000000000e+00
5.800000000000000000e+01 1.200000000000000000e+02 1.242007966621826199e+03 1.800000000000000000e+01
6.200000000000000000e+01 6.800000000000000000e+01 1.311248466879928401e+03 2.000000000000000000e+00
1.010000000000000000e+02 1.210000000000000000e+02 1.342908390120164313e+03 5.000000000000000000e+00
9.700000000000000000e+01 1.240000000000000000e+02 1.352496361080920224e+03 1.700000000000000000e+01
1.150000000000000000e+02 1.220000000000000000e+02 1.416655285241976571e+03 1.200000000000000000e+01
2.400000000000000000e+01 3.200000000000000000e+01 1.580502166521217077e+03 2.000000000000000000e+00
4.000000000000000000e+01 1.280000000000000000e+02 1.661497391225575939e+03 3.000000000000000000e+00
1.270000000000000000e+02 1.300000000000000000e+02 1.674203912556584555e+03 3.500000000000000000e+01
1.260000000000000000e+02 1.290000000000000000e+02 1.941096448148031413e+03 7.000000000000000000e+00
1.140000000000000000e+02 1.310000000000000000e+02 2.081170403862729472e+03 1.500000000000000000e+01
1.230000000000000000e+02 1.340000000000000000e+02 2.202510593250920465e+03 4.000000000000000000e+01
1.250000000000000000e+02 1.350000000000000000e+02 2.401703767428961783e+03 1.000000000000000000e+01
1.170000000000000000e+02 1.380000000000000000e+02 3.121864460953578600e+03 1.200000000000000000e+01
1.360000000000000000e+02 1.370000000000000000e+02 4.373139708777992382e+03 5.500000000000000000e+01
1.330000000000000000e+02 1.390000000000000000e+02 5.227228093382279440e+03 1.500000000000000000e+01
1.320000000000000000e+02 1.400000000000000000e+02 6.066892046542531716e+03 5.700000000000000000e+01
1.410000000000000000e+02 1.420000000000000000e+02 9.262751353550869680e+03 7.200000000000000000e+01
1.400000000000000000e+01 1.430000000000000000e+02 1.942407924236851977e+04 7.300000000000000000e+01
