2.002171311964005508e+04
2.572962686710341586e+04
2.005230316444451455e+04
2.623831889622296148e+04
2.118125112797400288e+04
2.263610250713163259e+04
2.053420756739938224e+04
2.887949862679832586e+04
2.566637355901170667e+04
2.033829176158650444e+04
2.621321809113207200e+04
2.078603694911831553e+04
2.139048888577935941e+04
2.515184272158248496e+04
2.773279368687513124e+04
9.938502098581570317e+04
2.381673693307074427e+04
2.619820852742004718e+04
2.021337006826358629e+04
2.224537833430856699e+04
2.295531333695914509e+04
2.183403801279224717e+04
2.597439633463408973e+04
2.607051180195257621e+04
1.918568093902968030e+04
3.158474611494104611e+05
2.799008320720030679e+04
2.530445662270156390e+04
1.963933230369562079e+04
2.146112970013293307e+04
2.644161645046570266e+04
2.542271225232587676e+04
2.935896553395761293e+04
2.499944295327794316e+04
1.912248305285926472e+04
2.260056538561924026e+04
2.475972077668222482e+04
6.625310466495189758e+03
2.322811458953789770e+04
2.620036683473228913e+04
5.285798526407064492e+04
2.613533452226335794e+04
2.099693903307504661e+04
3.062516354540611792e+04
2.440008797095602131e+04
2.099886054846787010e+04
2.990360701809846796e+04
2.329909117736330518e+04
2.526571065937049207e+04
2.641492873698692347e+04
2.212037721346960825e+04
2.516586954130338563e+04
3.947308914489765448e+04
2.138822041854594863e+04
2.426739280218002750e+04
2.189716773555868349e+04
1.830389800666542942e+04
2.230469175317126428e+04
2.601140172459438327e+04
2.383800026744617207e+04
2.439366519602962944e+04
3.991614036325678899e+04
2.283258299704403180e+04
2.320242889382879002e+04
2.030814055693711998e+04
2.193205079720965296e+04
2.288053313231622815e+04
2.487680146323784720e+04
4.596513438681267144e+04
2.272887185975821922e+04
1.897458567674936057e+04
2.602127624704463233e+04
2.535800813979125815e+04
2.299592062093474669e+04
2.159108049578625287e+04
2.149093762292835163e+04
1.913439661221999268e+04
2.190185118008890277e+04
1.168729020261864061e+05
2.112789138234709390e+04
3.221096652123804961e+04
2.178592989655393103e+04
2.282994687203466128e+03
9.194210847221793301e+02
2.869668843868571457e+03
2.909037423109696192e+02
1.584062195752714388e+03
9.204265623837981138e+02
7.176035286054502649e+03
6.300297698255822979e+03
1.202416935930486943e+03
1.677319065474642230e+03
3.488389100833250723e+03
2.124183949612323659e+02
3.547125018334651031e+03
4.102193781792791015e+03
1.757284667079709761e+05
1.962395120700489315e+03
2.938607047917655109e+03
3.575474613030037290e+02
2.740595378547263863e+02
3.612624297998439943e+03
3.011180346475223359e+02
3.144489786685260242e+03
3.952002893415554354e+03
1.280820520835003208e+03
4.032928696924581309e+05
6.015952138334318988e+03
2.714016442669657408e+03
8.313013753812388131e+02
3.999890601052804413e+03
3.015000125712608224e+03
2.436303269445383648e+03
5.514784277222256605e+03
9.602819617895410147e+02
1.806387252437236839e+02
3.816904903381712302e+02
2.117520251991118130e+03
3.929047698922215204e+03
7.250704447571333731e+02
4.533944170040963400e+03
2.921050352800371002e+03
2.001119483602947412e+03
9.239744711903153984e+02
8.315945166926631646e+04
2.864074979101022564e+03
1.059354332294169581e+03
3.117963726205645798e+03
7.424837703797597896e+02
1.626343750537194637e+03
1.963034307951645133e+03
4.711584740991429499e+02
2.906637056603707606e+03
4.781695111334323883e+03
1.199043533956283909e+03
2.590943305729972053e+03
1.229348203670963130e+03
6.308694188606150419e+02
6.441711837069715330e+02
2.665645828273198276e+03
3.313395727682353481e+03
2.276999740670686151e+03
1.558496630410641956e+04
2.418054196407625568e+03
6.395959327654610433e+02
1.243956129577356933e+02
5.242967055073463598e+03
1.893686532743813359e+03
2.332150365307173161e+03
2.313204985065680830e+03
1.135534053139572734e+03
6.804171424900496277e+02
2.600462169844717209e+03
4.142354503127539829e+03
7.482557537795692042e+02
3.212442653739715297e+02
1.498479306357900441e+03
4.910588029721690191e+02
2.976310406342220176e+02
1.740476280903902079e+05
4.117909124538758078e+03
8.414650932493432265e+03
5.241429053944320913e+02
8.284607930574048851e+02
4.824358229005270005e+02
1.916573232336194451e+03
7.950854627744397476e+02
1.331995435680592891e+03
1.972826189752715800e+04
2.671062504365084169e+04
1.570422944255384891e+03
6.906410787694825558e+03
1.060422341922177293e+04
1.414535059447416188e+03
4.583644042269455895e+03
1.463792788826478954e+03
1.753141020525423228e+05
5.826572228133171620e+02
3.716607233009875927e+03
3.075970496234357597e+03
3.773388093150667373e+03
1.159389745452804345e+04
4.078686278759699235e+03
7.965792655620767619e+03
1.289275671062556285e+04
4.104494292775731992e+03
4.067189661219681730e+05
8.408266389885291574e+03
1.233674816101420902e+03
3.849689271230517534e+03
1.449565419728470806e+04
2.677449596858515406e+02
4.672786547700621895e+02
1.298008020628896156e+04
2.786277156143457432e+03
2.854913310147013362e+03
3.322373532151964355e+03
5.084317750483206737e+02
7.390661170240722640e+03
4.017919500829960270e+03
2.399273143751104271e+03
2.973976783717140279e+03
3.393015574861722143e+02
6.006662466974616109e+03
9.001567050124699017e+04
9.220367871723349253e+02
4.042537528999968345e+03
5.518885890114766880e+03
2.201918507005718311e+03
7.690458798600286173e+03
3.707460589482333262e+02
2.158453829664470959e+03
5.627799389495130526e+02
3.450509262985108762e+03
1.019751306842935492e+03
6.320846847309633176e+02
6.620894035985480741e+02
2.501212187624449143e+03
7.955743824943085656e+02
1.492375361784769211e+03
4.759813075558737182e+03
7.234834548913559047e+02
2.775096027305668395e+04
1.110452758826707213e+04
8.731034520600546784e+02
2.278015683932875618e+03
1.455757955176850737e+04
6.019007872203210354e+02
5.684124021534996700e+02
5.025999749944725409e+03
3.801315563036580897e+03
3.381559634937289047e+03
6.447766276949107578e+02
2.697392870166127523e+03
4.490026803062247382e+03
2.691644296119159662e+03
1.277702945137160896e+03
1.904455450656856556e+03
2.176204930363083804e+03
1.844408855655376683e+05
1.024252816889167298e+04
2.132637576997106953e+04
5.216332083105309721e+03
1.297885749789803413e+03
9.003972950736109624e+02
6.214772683064269359e+02
2.160693237146138017e+02
1.246429757286918903e+04
1.459523271813103929e+04
3.061307908846807777e+02
4.373351218097775927e+03
6.210539865620870842e+03
5.979345860796480565e+02
2.197019525496076767e+03
2.367631625314125358e+03
1.734944915602199908e+05
6.605214535711085091e+02
2.158863191072705376e+03
9.278982607157558959e+02
1.764144096967319001e+03
6.333599936667766997e+03
1.673720361911659893e+03
5.072978263371179310e+03
7.960749792043708112e+03
1.525100079276305223e+03
3.996229555884332513e+05
5.569508521491172360e+03
1.126764756226833015e+03
9.178415044738121651e+02
6.495994011283723012e+03
9.542305215231066313e+02
8.493046051684871145e+02
1.001656493467056862e+04
2.400250667469578730e+03
1.054587437261583091e+03
1.740270477992259430e+03
1.010858738071563494e+03
5.234515112084492102e+03
2.586462516802022947e+03
3.502348346522620432e+03
2.014386661256663274e+03
1.291273578276590342e+03
2.714167700912254531e+03
8.502351394945196807e+04
6.729815823117004356e+02
1.209636999235903431e+03
6.267404115623530743e+03
1.361355199425938054e+03
4.813561640792151593e+03
1.030518597860931777e+03
8.966098088072791370e+02
7.571376049152621590e+02
4.415887669273917709e+03
2.171102066462202629e+02
9.244267738226503752e+02
2.560424384649552394e+02
4.405553205004174515e+02
6.366732813881753827e+02
2.492023776580459980e+03
3.054627445651100061e+03
8.599807342731659219e+02
1.713072226548376057e+04
5.526859871817002386e+03
7.147830173658991271e+02
6.746030737332832814e+02
7.354730653154158063e+03
4.289817033241690183e+02
9.510772016312291726e+02
3.283802597511280510e+03
1.654306370135049292e+03
9.969999137846847361e+02
1.046911974585023927e+03
2.893786491878444849e+03
2.463763436083424494e+03
1.353856456773969740e+03
4.690904135558932921e+02
4.110359771340562247e+02
1.044154538100040554e+03
1.837290358177931339e+05
7.070116324811288905e+03
1.221996466130551016e+04
2.148612487014057933e+03
2.462438092706292082e+03
7.124960958806657345e+02
1.572631738207400758e+03
2.159374230432757395e+04
2.410838624845519007e+04
1.869254593210384883e+03
7.864055790170299588e+03
1.164814834225225604e+04
2.141648565465588035e+03
3.858173743341993941e+03
9.829812712825532799e+02
1.735189074472624634e+05
8.322722500793928475e+02
3.612497957950088676e+03
3.520092190057989683e+03
4.488270865998490990e+03
1.221850420294792275e+04
4.548838373204707750e+03
7.850137390066151056e+03
1.405466668799279978e+04
4.162179263999987597e+03
4.011989505925705307e+05
7.418117764516307943e+03
1.229624458313114701e+03
4.169089877243321098e+03
1.388578235177106581e+04
4.043795149636407587e+02
4.977096639787441745e+02
1.481999681094781045e+04
3.292633813276492219e+03
3.327653296187716933e+03
3.841820808658833812e+03
3.122817346703991461e+02
7.863027956217714745e+03
4.913360403346812745e+03
2.479102212622018214e+03
4.261800126608306527e+03
7.380211772814512869e+02
6.812770803876552236e+03
8.892576233773265267e+04
9.144318055039749424e+02
4.128349247312129592e+03
6.344528187598936711e+03
2.840918368516096052e+03
8.485511285822671198e+03
6.028243910552081388e+02
2.744150342797592202e+03
9.010178174623298446e+02
3.915021084662104386e+03
1.150641059511179492e+03
6.613283157793307510e+02
1.014473614037425136e+03
2.951598145339973598e+03
1.395983174259085672e+03
1.744597115228541043e+03
4.521960520077700494e+03
6.441204331673518482e+02
2.379143302474391385e+04
1.190803781731197523e+04
1.542800678794944815e+03
3.024743964364105068e+03
1.382305599248816361e+04
8.094379886214729822e+02
5.606352892022130163e+02
5.719088913593514008e+03
4.039034676916581702e+03
3.568599168695741810e+03
7.081537977671567887e+02
2.021618729068430866e+03
4.838805197725325343e+03
2.992769065162224251e+03
1.305215979688692642e+03
2.150137946626899065e+03
2.618706310733758073e+03
1.824717513153525069e+05
1.171372432771945023e+04
1.751634071821568068e+04
5.716421023370913645e+03
1.559447707051607949e+03
8.539464433430658801e+02
7.790506930474515684e+03
9.014015526632791079e+03
1.226386201205522639e+03
1.677870717859716024e+03
4.301613315499467717e+03
2.515254139044762951e+02
3.269420747983525416e+03
3.888655412517416607e+03
1.766652831216624181e+05
2.063217129435682637e+03
2.460010398675809029e+03
4.962174434777294891e+02
5.195085059881448615e+02
4.326983541414211686e+03
4.757603675295774792e+02
3.095639513957374220e+03
4.512460546326276017e+03
1.305691585098209544e+03
4.054223441987598198e+05
5.620182646705399748e+03
2.353830990105739147e+03
8.691578204025079231e+02
4.902997746498200286e+03
2.590224978604842818e+03
2.249128349603905008e+03
6.198579676325145556e+03
8.534900319828744841e+02
4.315432936746153700e+02
4.544702082555604647e+02
2.016662309040953232e+03
4.345249478516846466e+03
8.909330072831470488e+02
3.323625555688196528e+03
3.380442174312369389e+03
1.711229604162910164e+03
1.185123404294799229e+03
8.383071816324583779e+04
2.512857031747379551e+03
1.084744309094499386e+03
2.757430143567878531e+03
5.057807318283876157e+02
2.217432267220466201e+03
1.620254569830044375e+03
2.871011523468923770e+02
2.734916918719753085e+03
4.523316461925129261e+03
9.814237662085234888e+02
2.480553005280024990e+03
1.194862500490548427e+03
8.406278687620300616e+02
3.744292405848459566e+02
2.198833764780490583e+03
2.809186584595706336e+03
2.342585736268643814e+03
1.571714510485692335e+04
2.994135298197523298e+03
5.466306522347008467e+02
3.116458098959265044e+02
6.291683610875441445e+03
1.877717750348601840e+03
2.289736430087551980e+03
2.631356771277482949e+03
1.026127986322190281e+03
1.127269123515065985e+03
2.519721810197966079e+03
4.010077896315506678e+03
1.173694178164518689e+03
4.538638541328957672e+02
1.578866700676492428e+03
5.720431842907217970e+02
2.679255590617292455e+02
1.753129420500136621e+05
4.739283438861654759e+03
9.278382170708158810e+03
6.578204818426854672e+02
7.282798536921765162e+02
1.840432656673963356e+04
2.350593068709921135e+04
8.429549500420347385e+02
7.427088014680079141e+03
9.587613933435828585e+03
1.188766185539109301e+03
3.285314126882501114e+03
1.374823718816870496e+03
1.723223383100611391e+05
3.976075262372113457e+02
3.396415603808346532e+03
2.304382049737866510e+03
2.976455983724673388e+03
9.601235269852879355e+03
3.268389564196893843e+03
7.162637027435948767e+03
1.171990552950458732e+04
2.136301937958578492e+03
3.966282513626611908e+05
6.895488812847719601e+03
8.018636354944267168e+02
2.589614902399880521e+03
1.225587566769529440e+04
5.839550177605331100e+02
3.329262134498478645e+02
1.374191012303256502e+04
2.879468951808315978e+03
1.995930307102276629e+03
2.876991766797064884e+03
4.058740483613257766e+02
6.513753328616639919e+03
4.089127227671993751e+03
1.928426494441418527e+03
1.697632335684726513e+03
1.368129349704572178e+03
4.725776032995898277e+03
8.722164273254557338e+04
6.160490994481008329e+02
2.635772110206718935e+03
7.252091809455469956e+03
2.157731252077117006e+03
7.085396248675881907e+03
8.284134095847791741e+02
2.071291506673580443e+03
5.455673865778555864e+02
4.109327314213942373e+03
5.867056481514315465e+02
4.256195114240208568e+02
3.843098636627912583e+02
1.440727561736647658e+03
9.645412592362620217e+02
2.145030574473279103e+03
3.243899322994900558e+03
2.812366174672849866e+02
2.345233218727992426e+04
9.330185746233117243e+03
9.596556045987809966e+02
1.654964687514564048e+03
1.149622606528737197e+04
3.233333692092980982e+02
4.652580191641255851e+02
3.638772169738755110e+03
3.051728420406348050e+03
1.846118954407420006e+03
5.566232391921633962e+02
1.663532201119301135e+03
3.206291347980926730e+03
2.320933008303783936e+03
4.272621728829803942e+02
8.680355201700443786e+02
1.631673002084404743e+03
1.847634495149698923e+05
9.965566886237855215e+03
1.860702795606728978e+04
4.384577070208183613e+03
1.228120010566465680e+04
1.351432018063711621e+04
2.676832647517560417e+02
4.173109472756019386e+03
6.305262599202704223e+03
5.183889396964672187e+02
1.993777231135205284e+03
2.073681303682581984e+03
1.730570721800774336e+05
8.366878004109310041e+02
2.113690844834014115e+03
8.180534785140976055e+02
1.488725272422720536e+03
6.279661306757263446e+03
1.539203085935763056e+03
4.762791049763308365e+03
8.150597386257859398e+03
1.545111381663427210e+03
3.975089429890609463e+05
5.182144116813136861e+03
1.044394691393076982e+03
6.815835759239622575e+02
6.320497927566510953e+03
1.380108735292040365e+03
1.183583155155971781e+03
1.010724889063138289e+04
1.988544378798782645e+03
1.122257799705647358e+03
1.627003705441951752e+03
1.242319320363352517e+03
4.940713476784419072e+03
2.428520477364714679e+03
3.634649288656022236e+03
1.621937298423011725e+03
1.688453231357356344e+03
2.728932344781375832e+03
8.410393820543499896e+04
6.009885361043084231e+02
9.868921600865860455e+02
6.158930149199555672e+03
1.183269068575377105e+03
4.565170929792642710e+03
1.379328948217889319e+03
7.612656305349356671e+02
1.020644383923115129e+03
4.071319056061920492e+03
1.743191089501913211e+02
1.078119183970931545e+03
2.692722363083092887e+02
5.003059904965009537e+02
6.004955513712591255e+02
2.737871471953924811e+03
3.056029580948328203e+03
9.128804920360026927e+02
1.650527683808518486e+04
5.308194120337891036e+03
6.631935880124717642e+02
6.488655992861554296e+02
7.245998932926526322e+03
5.570179631917794723e+02
1.053999301251819588e+03
2.850214053537975815e+03
1.420335668132846649e+03
9.827183397847402375e+02
1.330920491329148945e+03
2.729436887045305866e+03
2.100129315882907122e+03
1.336948807664003425e+03
3.159653828665623223e+02
3.608781827458282123e+02
8.236478199633475015e+02
1.809918387642596499e+05
7.146006648074254372e+03
1.163320853522452671e+04
1.886013151893958820e+03
7.208215151265970235e+03
1.285852569033326472e+04
6.571022812667610197e+03
5.733164192647112941e+03
8.904706564010910370e+03
1.398139240090308522e+04
2.289941986510705465e+04
2.036685714441855380e+05
2.126683103243385267e+04
1.294804377597473649e+04
8.774257066775142448e+03
6.689026367407934231e+03
7.232193462085307146e+03
6.666955206141170493e+03
7.170772883648047355e+03
4.210432787653481682e+03
7.342897839520025627e+03
4.264188875403519487e+05
1.428840051785417745e+04
1.525041253792594580e+04
8.056819722883641589e+03
8.233304588988699834e+03
2.430467333622867227e+04
2.345500985363722430e+04
3.275000618358977590e+03
8.604736070170860330e+03
6.898187311623526512e+03
7.469579251036697315e+03
2.127590855145623209e+04
1.083604685722665090e+04
6.973741486700409951e+03
1.764914959271231783e+04
2.292558332265116769e+04
1.586753483448340194e+04
5.248371020691336525e+03
9.308327966025182104e+04
1.763441950955060747e+04
1.089371314043656457e+04
7.766481601163585765e+03
8.811123424627427084e+03
4.953461940899142064e+03
2.008228304088713776e+04
9.514757965083155796e+03
2.288461072873737430e+04
1.341378456640725381e+04
1.400185052458123391e+04
2.302886234801285900e+04
1.642636604656313284e+04
8.788283650163197308e+03
1.063470936830212304e+04
1.384071702786032620e+04
1.014968124690384502e+04
2.202584403876047145e+04
2.481321338489117625e+04
3.712304418407053618e+03
1.122218494211586221e+04
7.508520394561282956e+03
9.387888270781320898e+03
1.951730127159603217e+04
2.113409866791927925e+04
6.667483637376486513e+03
9.386041313792293295e+03
8.595945289109269652e+03
2.443043422017578632e+04
2.177786762493442802e+04
6.559219302683111891e+03
8.822247950781104009e+03
1.475981024653127133e+04
8.617018011312808085e+03
8.023843290678603807e+03
1.762630919249321450e+05
5.280883982057927824e+03
1.342226436266100427e+04
6.588246517279990258e+03
1.391635022945148194e+04
6.318692473917963980e+03
4.476640473923976060e+03
9.129262263794000319e+03
1.063624327591173278e+04
2.259183884838927042e+04
2.051163511285206769e+05
2.460924368674713696e+04
1.043098312656895359e+04
6.491943456373475783e+03
5.584022983521968854e+03
4.005182950985680236e+03
5.628046086602869764e+03
7.440325012848869846e+03
4.709434593174654765e+03
6.740595333829600349e+03
4.295397665045557660e+05
7.513002846062019671e+03
1.581863565718753671e+04
8.606934117761707967e+03
3.667277513663166246e+03
2.803608303473348860e+04
2.796366701566131451e+04
6.307089560277333476e+03
1.078507380205761001e+04
5.257792017193367428e+03
6.146328237949198410e+03
2.598570447724692349e+04
1.009203365983342337e+04
6.319926767906306850e+03
2.660730226530320215e+04
2.935897051794034633e+04
2.455676086309745369e+04
4.765560294147249806e+03
8.994430535223847255e+04
1.604901203262524359e+04
9.843186776399666996e+03
8.565332464151872045e+03
9.808168769374964540e+03
3.493511303603986562e+03
2.699488039677596316e+04
8.800400065453623029e+03
2.485187141545595296e+04
1.923273588710967306e+04
1.648774356758968133e+04
2.782782622361979156e+04
2.057459146703679289e+04
8.208386870453956362e+03
1.325447550711816439e+04
2.108012545723510630e+04
9.282180538500160765e+03
2.726952744584271568e+04
1.426002024367312697e+04
6.204606095282711067e+03
1.540657433933253924e+04
6.569504643518768717e+03
4.986553274306114872e+03
2.454944939153876840e+04
2.395152329368419305e+04
7.927937599603575109e+03
7.850372835274418321e+03
7.373327340564427686e+03
2.881654133229165018e+04
1.138147317279853269e+04
6.505491145421246983e+03
7.459390169000289461e+03
1.500406112789939834e+04
9.042320383889320510e+03
8.094583860481639931e+03
1.820845870685882401e+05
5.936607495823524914e+03
5.993332726679799634e+03
6.198868958702554664e+03
5.123893342117397879e+03
6.769612240994268177e+03
9.348085423699851617e+02
1.970016372180750295e+03
2.162254639797612526e+03
1.735504256329246273e+05
1.097161469116400895e+03
2.164605852869351111e+03
1.204949879404019839e+03
1.966527947009502896e+03
6.513672317188460511e+03
1.924501617693085109e+03
5.350096683877698524e+03
8.841403759569635440e+03
1.659912225627175303e+03
3.972091981233105180e+05
5.408476378162065885e+03
1.000853721583639526e+03
9.731240810931228680e+02
6.201044396997741387e+03
1.650969703811454110e+03
1.455881110508397114e+03
1.077699386728946774e+04
2.785777654917694690e+03
1.440636565545197755e+03
1.987417715673232351e+03
1.283178165532178355e+03
5.512854774523011656e+03
3.073902737860767957e+03
3.849577936665750258e+03
2.861983177594061090e+03
1.983553837395823621e+03
3.175166128066226975e+03
8.574446020232545561e+04
7.704535054969925341e+02
1.263478240865624230e+03
7.447757710290296018e+03
1.736734476681094293e+03
5.245147696703326801e+03
1.979184035983146259e+03
1.192164004854206041e+03
1.099265060598821037e+03
4.622504654547461541e+03
3.852126548865192035e+02
1.339996176725144551e+03
4.030163115782901286e+02
6.284408034848489706e+02
1.100527946410443292e+03
2.778479652256773988e+03
2.708871738640066724e+03
1.048248746893358657e+03
1.642792473457249071e+04
5.949668423950620308e+03
1.221957903468553923e+03
1.033595921748729552e+03
7.156291931479678169e+03
6.788089822341974013e+02
1.279467604250617796e+03
4.177472598220793770e+03
1.611473661989251923e+03
9.241686602305326232e+02
1.668184085654943146e+03
2.527224484140676850e+03
2.419164159356197615e+03
1.780354889244065816e+03
4.657366929140609955e+02
5.375215553557387693e+02
1.218456962481458731e+03
1.848676344211546530e+05
7.863859184234222084e+03
1.170020684516547408e+04
2.329587509530528678e+03
5.549407091928462251e+03
1.848758302819778237e+03
6.178654622173229654e+03
8.926757200823576568e+03
1.890614562227296701e+05
8.719604443380445446e+03
3.390923866643050587e+03
2.230418286129823173e+03
6.358253062810285883e+02
5.379523432487437276e+03
9.917069398472494868e+02
2.231679063433418833e+03
4.020004587342241393e+03
3.742539476700211708e+03
4.194416831330018467e+05
8.119528205541478201e+03
6.970418539829875044e+03
2.614488638649903351e+03
5.796180855288163002e+03
8.951764493196764306e+03
8.966007023779156953e+03
6.335394533815511750e+03
1.247253969460618009e+03
1.959360463818984954e+03
8.856043876391956928e+02
7.539005304318829076e+03
5.021997952958270616e+03
4.819863450533430296e+02
8.927355872603720854e+03
1.146435030838111561e+04
5.150021483904493834e+03
2.081347607355763103e+03
8.825806308330487809e+04
6.509624919812690678e+03
3.405466843981235343e+03
1.782356740498110184e+03
9.572601150906745033e+02
1.170067354656527868e+03
6.806679620782562779e+03
1.688299935430863115e+03
8.756750354082167178e+03
8.355889895943559168e+03
4.696863983263464434e+03
9.331961631660858984e+03
6.397939138081645069e+03
3.476464260981527332e+03
2.251973374000848253e+03
4.743393973158659719e+03
5.261345357805830645e+03
9.223337629280667898e+03
1.714124457735956094e+04
2.059515765578230457e+03
2.489440759485818035e+03
1.752864611315541879e+03
8.492524912511467846e+03
8.129559003208084505e+03
8.262163787250154201e+03
4.844729108930871007e+03
2.216563784672041947e+03
3.404335461689996464e+03
1.038147272053017878e+04
1.000256993846699334e+04
1.075191791574961371e+03
1.594135916019589331e+03
5.607869955660724372e+03
2.944247355295069156e+03
1.176387564949446187e+03
1.729930154404296482e+05
5.921435075949681050e+03
8.372494181003994527e+03
9.646015021324105874e+02
4.673480208411378044e+03
9.040796540928888135e+03
1.333899639584449142e+04
1.889526590394118102e+05
1.165015823389824436e+04
8.760596178072208204e+03
3.773689425340257912e+03
4.202483582507041319e+03
1.355488787667238739e+03
3.719580435884729923e+03
7.478548920587207249e+03
2.219966401787547511e+03
3.305982343476287042e+03
4.055609229520785739e+05
8.783172186444566250e+03
8.729058328027160314e+03
4.539880348512378987e+03
3.486638748621338891e+03
1.321596608072260824e+04
1.274060734421247435e+04
3.148182841228572670e+03
5.228092153572104507e+03
3.021422703791829917e+03
4.232669758706255379e+03
1.146620911416702438e+04
7.549948811438162920e+03
4.505906556064561300e+03
1.087491804058177513e+04
1.335315639565995662e+04
8.904475706441644434e+03
2.306418662770818173e+03
8.884461419114079035e+04
8.817734120175158750e+03
4.802507365811154159e+03
6.748894233112187067e+03
5.627486547860214159e+03
4.024548439323126331e+03
1.114359861129287310e+04
4.986476834610431069e+03
1.188759677160500178e+04
9.322996294634585865e+03
7.001200570007902570e+03
1.243673557018777501e+04
8.559256701240765324e+03
4.026181209229102933e+03
5.932012438642186680e+03
9.196845507135465596e+03
6.142406427680584784e+03
1.182583216092154726e+04
2.329727812218666077e+04
4.296287178610753472e+03
5.921608949683020001e+03
3.624756166309233777e+03
3.164152700204408575e+03
1.030782325710227815e+04
1.186373054451985627e+04
4.712778803967942622e+03
6.078924279741220744e+03
3.765825698720184846e+03
1.385814919323213689e+04
1.287643051552699762e+04
4.828050507724616182e+03
4.273652768378605288e+03
8.045865209887731908e+03
4.216983668500208296e+03
4.705374370067220298e+03
1.820124046156949189e+05
2.181823616326030788e+03
1.238800091553017046e+04
4.392289573268969434e+03
2.656748646740991717e+03
3.465163734079798814e+03
1.749764129837988585e+05
1.115850064948717090e+03
1.917051583350949159e+03
5.184890638338778217e+02
4.666143606069302905e+02
4.867724573792157571e+03
4.713927475680919770e+02
3.053544033433360710e+03
5.179304853114965226e+03
1.684927406097363246e+03
4.020129658575989306e+05
5.517944816008346606e+03
1.830330107926514302e+03
8.372150405067239944e+02
5.178347028201113062e+03
2.180551617198237636e+03
1.754596732029596751e+03
6.808880671909710145e+03
8.609101764535163284e+02
4.679713099564213508e+02
5.814621626349315875e+02
1.616522636393955509e+03
3.836554914616611313e+03
7.970260754527323570e+02
4.197918547711589781e+03
1.408836498726193668e+03
1.200683836916738755e+03
1.494972172966409516e+03
8.335419043163105380e+04
2.020198213504543673e+03
1.303644616424312744e+03
3.180948494516913343e+03
4.085514902567581430e+02
2.266503633677014477e+03
1.101128005579234696e+03
2.824363787053877104e+02
2.170657077986540571e+03
3.524061502442057645e+03
8.069789341868342945e+02
1.856080073842599631e+03
6.192973369590047241e+02
6.179902386359889306e+02
2.312667388165143052e+02
2.144536137792804311e+03
3.382794958535298974e+03
1.749102558736556603e+03
1.512956759642055476e+04
3.219135292156564901e+03
1.918319741869378277e+02
1.953468091843959655e+02
6.339034002380680249e+03
1.298729664314228330e+03
1.716818260482988990e+03
1.913244098913019116e+03
8.414800260837669157e+02
1.102447423902715400e+03
1.670347036390490302e+03
3.841533973824236455e+03
9.927369853737490075e+02
5.185245704972420526e+02
1.190954367165344365e+03
5.425491890998143845e+02
2.479350932793366837e+02
1.743499608150635613e+05
5.166822534970655397e+03
9.040323359987034564e+03
7.878826120812919953e+02
3.506280340391518621e+03
1.766139618575264758e+05
3.638046205921817091e+03
1.581180423857291999e+03
3.079069627206668883e+03
3.977809993086539635e+03
7.809773644460955438e+03
3.623549948198762650e+03
4.667179115215563797e+03
1.039071254589424279e+04
4.351151910245974250e+03
4.009009643896082416e+05
3.526878286404056325e+03
1.704976405968836389e+03
2.458348771367078371e+03
5.072535876549936802e+03
4.363177526513263729e+03
4.197528685058777228e+03
1.480360981476644156e+04
4.618791433820729253e+03
3.890078855764886612e+03
3.831890068926369167e+03
4.056491421422846543e+03
7.305210955577773348e+03
4.768453372843560828e+03
5.768772863275648888e+03
6.232556312223658097e+03
4.836410708117974536e+03
6.155833484127427255e+03
8.746901746505142364e+04
1.739165731998326464e+03
3.223683097599689518e+03
9.131281660252378060e+03
3.206672321142677902e+03
7.957510246170850223e+03
4.900261361029010004e+03
2.851699552194685111e+03
3.709936160190845840e+03
6.834484487636917038e+03
2.210456981082985749e+03
4.157718886385491714e+03
2.745702183132653772e+03
2.483684394231604074e+03
2.813643027029577752e+03
5.265764636128082202e+03
3.705053303318627968e+03
3.984045003154725237e+03
1.191603422302445142e+04
6.204684289526665452e+03
3.158280692707445269e+03
3.127129416237777150e+03
6.307089094058714181e+03
3.329284662629848754e+03
3.359709264978615465e+03
6.441464349728243178e+03
2.096441989826287681e+03
3.386297900844898322e+03
4.417224214514220876e+03
2.202578610541791022e+03
4.236928092447665222e+03
3.706528553908313370e+03
1.787752989756733314e+03
2.599126695069298876e+03
2.965757173622675964e+03
1.864267452467357216e+05
1.256486657109459338e+04
6.137711500037373298e+03
3.643250708358849351e+03
1.760193816930934845e+05
9.203732513761267455e+02
3.422570396646593053e+03
4.460123050056095053e+03
5.660079559476742361e+03
1.274193433712209662e+04
5.616207101546115155e+03
8.508756739920287146e+03
1.511591712824108436e+04
5.166922471681922616e+03
4.000681839921423816e+05
7.252768301229965800e+03
1.840446316043462048e+03
4.333858880329250496e+03
1.236711496463510048e+04
1.095856764326716075e+03
1.156371081610035617e+03
1.891056973983640273e+04
5.053213527973737655e+03
4.597597816817878993e+03
5.228991642554520695e+03
9.404214702166507323e+02
8.859965464654354946e+03
6.294716701752804511e+03
3.604272697608892940e+03
4.770842825760817504e+03
1.942475750168239301e+03
8.441639844816174445e+03
9.174601712102114107e+04
1.199897713674811484e+03
4.713182755673455176e+03
9.309705408107296535e+03
4.233662919452962342e+03
9.764789053636017343e+03
1.788297791224669027e+03
3.784848098244146513e+03
1.027249648823627467e+03
4.644274001422831134e+03
1.854165601780248608e+03
1.185937053080556097e+03
1.590802760660891636e+03
3.873486366682195694e+03
2.818160253053019460e+03
3.030982503826544416e+03
5.244683348331249363e+03
1.035517867900949113e+03
2.248255458752886989e+04
1.180919343039640080e+04
2.813091357015198810e+03
4.215722563411289229e+03
1.277591240434885549e+04
1.171284459531889752e+03
4.730657453319072374e+02
7.100709203778797018e+03
4.179667477162669456e+03
4.172219279637765794e+03
1.235997691812201083e+03
1.889104948306326833e+03
5.898354149442251583e+03
4.236961730964945673e+03
1.685898768477101385e+03
3.064537726333708633e+03
3.877072044722790451e+03
1.878386823219300131e+05
1.523798191369957203e+04
1.651455609492874646e+04
6.290449947941484425e+03
1.701418117212421785e+05
1.787377417113152333e+05
1.778426063750791072e+05
1.796983255800944753e+05
1.894497519496934838e+05
1.791438594379658462e+05
1.866408841734839662e+05
1.959359632832117786e+05
1.769087424870507093e+05
1.466859753731815144e+05
1.806357062610764115e+05
1.729814861457739025e+05
1.770317468631675874e+05
1.868799408114779799e+05
1.756136727686464437e+05
1.718548763144682162e+05
1.996137372510144487e+05
1.822656050938260450e+05
1.762823460475837637e+05
1.816162883324364375e+05
1.733568528688602382e+05
6.179100809350501368e+04
1.813151853149200615e+05
1.748332952412841260e+05
2.419165913758905663e+05
1.772611835576777521e+05
1.820198593940003484e+05
3.425847524278229685e+04
1.769385782983542595e+05
1.801365129526682140e+05
1.903445755941332609e+05
1.783757869141891715e+05
1.883938990357670118e+05
1.720475150199694908e+05
1.788129959098598920e+05
1.755832932956977747e+05
2.216022513399318559e+05
1.747239705239534669e+05
1.715172847086783440e+05
1.718122897611727531e+05
1.736282375688967877e+05
1.741034522215353500e+05
1.786602589225797856e+05
1.791391177791725786e+05
1.720564037392025057e+05
2.007421215270693065e+05
1.927529225646691048e+05
1.738805796904345916e+05
1.773450667263604992e+05
1.856000426113519061e+05
1.720569703117081663e+05
1.720265821034973487e+05
2.343956824588908930e+05
1.773535583156244247e+05
1.767888452499083360e+05
1.710944264810007007e+05
1.735924073994513892e+05
1.791526700317876530e+05
1.777312173680416308e+05
1.724044667772060202e+05
1.739022260142598534e+05
1.762936244222882960e+05
3.331090857431180484e+04
1.914630711373837257e+05
1.998630276452090766e+05
1.809023184185987047e+05
3.746138704353136745e+03
3.128484022981250746e+03
3.571096548004860779e+03
1.166985477715560410e+04
3.966300781742206254e+03
8.425630660380009431e+03
1.502773109865902370e+04
3.299798593205042380e+03
3.920805932508007390e+05
7.422042555388249639e+03
7.925331268895599806e+02
2.983818943534969549e+03
1.284918244886940556e+04
3.334965033698221077e+02
2.375589976879275582e+02
1.690935733100220386e+04
4.037892931169714302e+03
2.620247561416502776e+03
4.005782884880934034e+03
4.597075671662393006e+02
6.649989710318760444e+03
5.133048369915139119e+03
2.596041899665068740e+03
7.698017871773014349e+02
1.504712055559840337e+03
6.195019984103379102e+03
8.758431093241802591e+04
7.370634060647487331e+02
3.941822846490967095e+03
9.861172399182585650e+03
2.612540233566032839e+03
8.654247688427465619e+03
4.921039335505917052e+02
2.550381979081309510e+03
2.673179565751715927e+02
4.116183585578216480e+03
8.871541489824257951e+02
1.894819526192655985e+02
2.323679069199137075e+02
1.758105605799270506e+03
8.934568112139381810e+02
2.993692082904175095e+03
4.873487494029850495e+03
2.300124955555970701e+02
2.500797378093177758e+04
1.083292026870545124e+04
7.095746270293658426e+02
1.924428969341120592e+03
1.268006307211361855e+04
1.693915502847798962e+02
1.520936008097677359e+02
4.217756367661215336e+03
3.594385693262635868e+03
2.728681670037078220e+03
1.602327902830273842e+02
1.834061033353440052e+03
4.177209502339917890e+03
3.456563869427318423e+03
6.990256832065782646e+02
1.137644115903457759e+03
2.112331040901291544e+03
1.864487917625365662e+05
1.227972820401845456e+04
1.959691079505253583e+04
5.214126651651555221e+03
2.906890456227247341e+03
2.871684463808738201e+03
8.110742280547990049e+03
2.775065308398698107e+03
3.862204458960723969e+03
8.872379130424040341e+03
4.754869747302853284e+03
4.107658110027504154e+05
4.899694453659554711e+03
2.002673849609459012e+03
2.633899128554627168e+03
5.928149682924518856e+03
4.220159335854328674e+03
4.206289395882822646e+03
1.255791938273425876e+04
2.519311594239194164e+03
3.622425492713845415e+03
2.644723120130329789e+03
3.468070878691885355e+03
6.451189079980342285e+03
2.797383161374146766e+03
5.465619623235608742e+03
6.020070847897823114e+03
3.170761407302230964e+03
5.400361370425205678e+03
8.695853847725826199e+04
1.968956836037218636e+03
3.365494409502197414e+03
4.553364043005578424e+03
1.645614438635645456e+03
5.619164815494170398e+03
3.919601484038409126e+03
2.088746666663981159e+03
4.014694641511448026e+03
5.321763154506079445e+03
2.176430020942612373e+03
4.333268899076489106e+03
2.796406422777804892e+03
3.057296619364855360e+03
1.823331730176295650e+03
3.013284238845033087e+03
3.630764487771787117e+03
4.052044646652465872e+03
1.293145835753650317e+04
5.958903384057639414e+03
2.050505092700459954e+03
2.772088365619370052e+03
7.474472544223969635e+03
3.567180181459478717e+03
3.354857929824581788e+03
5.512195709378702304e+03
1.710717894242490729e+03
3.683871822310034986e+03
4.514981021567547941e+03
3.293672573827905580e+03
2.815850464748742525e+03
2.980380888846894777e+03
2.257749557950280177e+03
2.822665153505354283e+03
1.950426973996832203e+03
1.797850771090173221e+05
1.165958947442302633e+04
6.958940710369632143e+03
2.961693458999590348e+03
7.841829118695601437e+02
3.672076886158311936e+03
5.644124660436436898e+02
3.592239045232769058e+03
4.878810146586825795e+03
1.267416130144359158e+03
4.023633616718054982e+05
5.933025615176071369e+03
3.047897534136889590e+03
4.348185889719131865e+02
3.487126278388645915e+03
3.699433792775867005e+03
3.485256278047599153e+03
7.145048161373337280e+03
1.359073160511862625e+03
2.858662746139789306e+02
7.019945243065196792e+02
3.096034847908325446e+03
4.180566179303698846e+03
1.366595173071648105e+03
5.212237713554828588e+03
5.506126271977361284e+03
2.748091830843756725e+03
1.294071389746984096e+03
8.466256851098289189e+04
2.302178913592440949e+03
4.716562776453070001e+02
4.230169069001145544e+03
1.043226167804520628e+03
2.704437509839865470e+03
3.372977757289702822e+03
3.716083456131325420e+02
3.197096853394589743e+03
6.154899582525507867e+03
1.060400312745830661e+03
3.386517212851050317e+03
1.747379721836890894e+03
4.829711143023245086e+02
1.038389958725446377e+03
3.669475645320590047e+03
3.312184898098789290e+03
3.239262748611080042e+03
1.482193042018100823e+04
2.848363327733649385e+03
1.277096021798694892e+03
1.581998037043615568e+02
5.229920694709356212e+03
2.482757172306925895e+03
3.243828585560657302e+03
4.046933422482227343e+03
1.132608566216534655e+03
6.305954700037482326e+02
4.148762156308120211e+03
4.892392273576237130e+03
1.557580877241403869e+03
3.878624172970837662e+02
1.698668258310567353e+03
4.616789790291154532e+02
6.121920155849960565e+02
1.786302202147400531e+05
4.972865558422970935e+03
8.393121806254104740e+03
6.013977216281705296e+02
4.115492828284552161e+03
2.678816330974580069e+02
2.464587385392779197e+03
3.717029831791667220e+03
1.907507561848750811e+03
4.099253325388465892e+05
6.250092365620232158e+03
3.440071405968594263e+03
1.141060096086091562e+03
4.387111871108780178e+03
4.975725637177289173e+03
4.317209063105362475e+03
5.467772447792376624e+03
7.496414849493792190e+02
5.836110703410771521e+02
2.430030349707742516e+02
3.733516166202161912e+03
4.002350007207527142e+03
2.778245893194878136e+02
5.748151980529910361e+03
4.342818589225695177e+03
2.895642999572486588e+03
1.134528932920946772e+03
8.408128631595967454e+04
3.871468273131794376e+03
1.822699249600627809e+03
1.789005530809540232e+03
4.718638852429315875e+02
9.130351004116889726e+02
3.552389852000741485e+03
6.057244406601026867e+02
4.740090568670855646e+03
5.219924234075931963e+03
2.072838145211181200e+03
4.245364572528176723e+03
2.309005345081450287e+03
1.238932774285610094e+03
9.929194984350657478e+02
3.063836159799028792e+03
3.852746049251036766e+03
3.873097482359262358e+03
1.554895809244150769e+04
2.170349372086745916e+03
1.084470228479711977e+03
3.919659984775169050e+02
5.814970304581871460e+03
3.305766099472409678e+03
3.827062791815878882e+03
2.403976474637269803e+03
1.154318608540239211e+03
1.504950962613241700e+03
4.692689628135334715e+03
5.811712879342405358e+03
4.457107522960591268e+02
5.533982336703211331e+02
2.562740657624067353e+03
1.036262097691513418e+03
2.740383227169593283e+02
1.725024282529995835e+05
4.545299709899744812e+03
8.290230625658174176e+03
3.137086119535649686e+02
3.742050304516139931e+03
6.073115048715792000e+03
3.080805657709838670e+03
3.058554799278932478e+03
4.101083811389858020e+05
6.180603820261901092e+03
8.029856372401648514e+03
4.761309837695216629e+03
3.292986310918405252e+03
1.308096886659633674e+04
1.283371909251657780e+04
4.421704435008108703e+03
5.761311158590756349e+03
3.083848401377641494e+03
3.934148875902627879e+03
1.168560655545145892e+04
7.790384963283198886e+03
4.757040520149848817e+03
1.054928829520107320e+04
1.370256847547164944e+04
9.837156785749422852e+03
2.757416250107909491e+03
8.956789976555139583e+04
8.383282229713378911e+03
4.978437884351322282e+03
6.480108067366325486e+03
5.556251038102863276e+03
4.390690731141172364e+03
1.173150221048417734e+04
4.833726274208632276e+03
1.174231742972085340e+04
9.459261614478424235e+03
7.061824892290598655e+03
1.240292497942852424e+04
8.659261245175064687e+03
4.142468418691214538e+03
6.165683247838238458e+03
9.799728677706863891e+03
5.220428966271292666e+03
1.177993746186506905e+04
1.736708263699769304e+04
5.118291669720175378e+03
6.746710799191989281e+03
3.717051241491053133e+03
2.716052409197808629e+03
1.032240728733968172e+04
1.175987241678544160e+04
5.335538966332151176e+03
5.349344327667844482e+03
3.664752867865473490e+03
1.377652146964892199e+04
1.056054547577250014e+04
4.638560883382229804e+03
4.129934208958434283e+03
7.522957698654297928e+03
4.031746072514558364e+03
4.433918870252256056e+03
1.835190969249226619e+05
2.945228461745837649e+03
1.006346050652368649e+04
4.270756368140723680e+03
2.859222941804993297e+03
3.756650093646901496e+03
1.703261314442600906e+03
4.051155655235570157e+05
6.188082283617819485e+03
3.291338822705883558e+03
9.810345251473135022e+02
3.839816539994765662e+03
5.162477947086810673e+03
4.678662111618838935e+03
5.347059876130246266e+03
9.228016528741597995e+02
3.987171753116174386e+02
3.141771963904807308e+02
4.076516975789248136e+03
3.652241153330720408e+03
4.810079792972173891e+02
5.883157432185177640e+03
5.090808362583543385e+03
3.227160810871219837e+03
1.187773746486917844e+03
8.378310123285221925e+04
3.528909085767699253e+03
1.448781888979453242e+03
2.421158352382523844e+03
7.327640825076848614e+02
1.299498364911639328e+03
3.909336228169985134e+03
5.813403345027146543e+02
4.740990496816591985e+03
5.902392155374709546e+03
1.926204812018667781e+03
4.466897627495688539e+03
2.435433153772223704e+03
9.628041953568639428e+02
1.182946176375168307e+03
3.466236464214649459e+03
3.539574117380755069e+03
4.185780190312021659e+03
1.522937091651929040e+04
2.054628819527153155e+03
1.248526480146543236e+03
3.620430717149326938e+02
5.430809282826749040e+03
3.459476869682415781e+03
4.119344494213090002e+03
2.658459614760935438e+03
1.057318945244915540e+03
1.205736738905496168e+03
5.250939227075122290e+03
5.764102577030074826e+03
6.052400092936600231e+02
3.743100482214961175e+02
2.647595082402691332e+03
9.114071212138932196e+02
3.976996410919566642e+02
1.731512197613194003e+05
4.473773884207303126e+03
7.641053143127051044e+03
3.856216046345664381e+02
5.482428952427108925e+03
5.838288969072402324e+03
4.211155334611914586e+05
6.514268947914304590e+03
7.397608542089292314e+03
3.849939169972352829e+03
7.315196652027298114e+03
9.325179222167444095e+03
9.009873604008032999e+03
8.260215650053982245e+03
3.032560831664287434e+03
3.680269764270862652e+03
2.597001791595516806e+03
7.792680102333839386e+03
6.681290831704631273e+03
2.392043230453770775e+03
8.795135250313203869e+03
1.107956104578733357e+04
6.554464815550114508e+03
4.327798127560306966e+03
8.772418845756878727e+04
6.900954498578318635e+03
4.442635382948263214e+03
3.804970967490370640e+03
2.446305989552270148e+03
3.144757429790078277e+03
7.550528589004768946e+03
3.065059780036055145e+03
8.843214199837198976e+03
8.702258751308392675e+03
5.238549680366973917e+03
9.526052236533245377e+03
6.689163021166137696e+03
4.721187668002063219e+03
3.586227304605581594e+03
6.204496029999158054e+03
5.639203927830310931e+03
9.100181996162038558e+03
1.341981931354317021e+04
3.187515329816249960e+03
3.797527266873306871e+03
3.369239346133510480e+03
8.087162522536135839e+03
8.240409566133164844e+03
8.083411411213333849e+03
6.387009311276520748e+03
2.066982999319256123e+03
4.839079477637767013e+03
9.910388210491995778e+03
6.883416983686385720e+03
2.673271233993738406e+03
3.212262008787286504e+03
5.326015197430974695e+03
4.227072402603889714e+03
2.576126241827039848e+03
1.762605048286341189e+05
8.742489422424181612e+03
9.193924412237422075e+03
2.372020653920732912e+03
4.907359412636151319e+03
4.214597364424318075e+05
1.141635836194210788e+04
1.098487150033134094e+04
5.355006080115555960e+03
5.579786950562327547e+03
1.547076282470699152e+04
1.541684756546720382e+04
3.349299632837884019e+03
4.720721792260090297e+03
4.001575082247773935e+03
3.830495617761579524e+03
1.346428009952650245e+04
7.951383125847654810e+03
3.757462181336230969e+03
1.246731256396926619e+04
1.775397072691399808e+04
1.008663301219212553e+04
2.786926861630549865e+03
9.173640760739080724e+04
1.125225391369987119e+04
5.863525504271461614e+03
5.007759306187421316e+03
4.965560192354215360e+03
2.828108232996289189e+03
1.284177674550778647e+04
5.299995464621830251e+03
1.480715591349613351e+04
1.057261322195787216e+04
8.638499123334484466e+03
1.556698603680342057e+04
1.107274834260841089e+04
6.019558381854863910e+03
6.073836706820505242e+03
9.796630252419676253e+03
7.687122550454903831e+03
1.498635646788882514e+04
2.307528426155888155e+04
2.387740296406038397e+03
6.324549178279778971e+03
4.386422455523426834e+03
6.572450905711682935e+03
1.329754595325310947e+04
1.452162481114700677e+04
6.345684814940597789e+03
5.748338218720267832e+03
5.226941326171554465e+03
1.724230180357166319e+04
1.505614488412444916e+04
4.022467092567677355e+03
4.613965910051038918e+03
9.918892787915334338e+03
5.516320722773665693e+03
4.601225938746519205e+03
1.811899714444783458e+05
2.990334087921644368e+03
1.262011408645981282e+04
3.674012782875133325e+03
3.986818121096522082e+05
5.418035217310958615e+03
3.049067383476887699e+03
1.304979114778107260e+03
3.209751604430902262e+03
4.267873286173966335e+03
3.533716276578032193e+03
5.962991189996020694e+03
2.471588590593677509e+03
1.014516103572627799e+03
1.951750642656844320e+03
3.385458298650215511e+03
5.533172759265966306e+03
2.777474573664856507e+03
3.848708067423220200e+03
4.765059802341234899e+03
4.431626481186787714e+03
1.481265331032570430e+03
8.510733822573568614e+04
3.215987977005542234e+03
1.469162433216140016e+03
4.995465561310602425e+03
2.523336429390028115e+03
3.435927722847925907e+03
3.798461475709853858e+03
1.902454461179118653e+03
3.588871285289081243e+03
5.500797670513219600e+03
1.773243984234482923e+03
3.763917418274829288e+03
2.099765654723788430e+03
9.712345530297800451e+02
1.905374399609665488e+03
3.827523430562097928e+03
2.386199942702247426e+03
3.187010993963891451e+03
1.681354511149219979e+04
3.726736956980414561e+03
2.357498839591893557e+03
1.184503714888553986e+03
3.932654857932380310e+03
2.801068094954909611e+03
3.577439168337657065e+03
2.825418273439429868e+03
2.688086200895989350e+03
7.782536587790650628e+02
4.047521440860449275e+03
4.315303668058548283e+03
2.403434395920915904e+03
1.674147357453274253e+03
1.948531403793323534e+03
7.828052755810656436e+02
1.692658299954556469e+03
1.817197835345258645e+05
3.692251276220006730e+03
9.020035052737603110e+03
1.957938881583003877e+03
4.035920507949001039e+05
3.947095657692386303e+05
3.981134580955883721e+05
4.040411032286377158e+05
4.026531941002154490e+05
3.979497885491597117e+05
4.270589071430247277e+05
4.111553043120319489e+05
4.005742857076835353e+05
4.137099590580896474e+05
4.008543135832879925e+05
2.811691187560827821e+05
4.122061873695020913e+05
4.030088978371243575e+05
4.545762485044138739e+05
4.134163894003057503e+05
4.061875262008571299e+05
2.428620039238870668e+05
4.003288223476487328e+05
3.993265361617423478e+05
4.217333878026398015e+05
4.120485943666509702e+05
4.200314907093648217e+05
4.004427119291872950e+05
4.091801919430858106e+05
4.019067336866991827e+05
4.708032092709013959e+05
3.990885213560463744e+05
3.938957640517780674e+05
3.945057132487402996e+05
3.956605979994239751e+05
4.031378420446103555e+05
4.103048064763364964e+05
4.063616306812016410e+05
3.976682768894741312e+05
4.179637621930933092e+05
4.127714625264572096e+05
4.025901133036058163e+05
4.045753592044239631e+05
4.039406942991509568e+05
3.969321023082218016e+05
3.979035094419646775e+05
4.551773287769762101e+05
4.030610775525444187e+05
3.943034278005770175e+05
3.938257652550095809e+05
3.961665017675578129e+05
4.096220611479394720e+05
4.028761488116008695e+05
3.988371303642185521e+05
3.990192481385009014e+05
4.052687580707076122e+05
1.983765895480881445e+05
4.087492665202961070e+05
4.253030008488508756e+05
4.073450459183588973e+05
5.026546451260456706e+03
5.917700775161809361e+03
5.061873711206356347e+03
8.284758476858032736e+03
8.174223240705874559e+03
1.265624081203996866e+04
6.950927163181428114e+03
6.477760645336791640e+03
6.303621273154932169e+03
7.769991835450218787e+03
9.621726780921289901e+03
7.047176949536356915e+03
6.691234955004457333e+03
9.391350184298247768e+03
8.323188750937069926e+03
7.074555475124533586e+03
9.057414652714809927e+04
5.290337849787440064e+03
6.893312849329564415e+03
9.363419428783847252e+03
5.719839245995605779e+03
9.045763584760941740e+03
8.612780610867623182e+03
5.801425220545321281e+03
7.634269736668256883e+03
8.506398641699932341e+03
5.664398408091225065e+03
8.191512170563135442e+03
6.194856945748946600e+03
5.601683118175148593e+03
5.293855041658405753e+03
6.888006668956432804e+03
4.285362784948144508e+03
7.903476837623983556e+03
1.423914428023409528e+04
8.628981118079293083e+03
6.416854453386472414e+03
5.797210108011147895e+03
4.748980107395798768e+03
7.227493795121017683e+03
7.248161147902603261e+03
6.286829193534338629e+03
5.276581265994029309e+03
6.094361652468018292e+03
8.243949812986138568e+03
4.550913391663150833e+03
6.481360820340185455e+03
6.468547148051801742e+03
5.082989842016379043e+03
5.148122156910170816e+03
5.279246917648762974e+03
1.890069661804380303e+05
1.093145794189988919e+04
6.238151586949258672e+03
6.790790212994284047e+03
2.377606844318461299e+03
7.556361880894311980e+03
9.936040783963347849e+02
7.396173557256878439e+02
1.337973359774796518e+04
4.097456978689129755e+03
2.988352777682953274e+03
3.609537958436711051e+03
9.186239550961579425e+02
6.745642130654056018e+03
4.768229769788471458e+03
2.474195543771328630e+03
2.369603928837469994e+03
2.003182834219430333e+03
5.261530589151113418e+03
8.802185979587933980e+04
6.726350647862300320e+02
3.418834283660022265e+03
9.184672932789495462e+03
2.671876214113337483e+03
7.493863805475488334e+03
1.193415443490723874e+03
2.464219960856681610e+03
8.361326840246945267e+02
4.520406713543133264e+03
1.051202363520893869e+03
8.152639574217328118e+02
6.482747982026259024e+02
1.913299545147557637e+03
1.448199446494756558e+03
2.996336745797142157e+03
3.049712815810833945e+03
7.283734394800096652e+02
1.526229734382000970e+04
7.965575770333766741e+03
1.564453789273923348e+03
2.480033053552106594e+03
8.043851473287858425e+03
6.501220732676114267e+02
8.974182945439309833e+02
4.908218848174144114e+03
2.577596002730074360e+03
2.562206932858630807e+03
9.487217603566939488e+02
2.023081879313858735e+03
3.649113920161942588e+03
3.530019331902527938e+03
1.028314886673803358e+03
1.662114039681893928e+03
2.221088875319504041e+03
1.861125576886373747e+05
1.012311594668665020e+04
1.073360811811728490e+04
4.041100841512262832e+03
3.890506501497448880e+03
4.180242036481282412e+03
3.784922100427427722e+03
8.038666173338833687e+03
1.741843554316495329e+03
7.657303029700624393e+02
1.275602492631880295e+03
3.505786370233176967e+03
4.716328105458011123e+03
1.903655192534857406e+03
5.566190546892432394e+03
4.052347300052289938e+03
3.759225573371128121e+03
1.853704125748006618e+03
8.352128904798267467e+04
2.028449511318545319e+03
3.929718065204519917e+02
5.020050981616823265e+03
1.355084012937524221e+03
3.225518428208835758e+03
4.033528082670470212e+03
8.224715665723123266e+02
3.287017405024698292e+03
6.028811858361301347e+03
1.055881942119426185e+03
3.560041667276062071e+03
1.736191435518657272e+03
4.961324360018475090e+02
1.334382794671262900e+03
4.208376961042307812e+03
3.301317225282521576e+03
3.255388285118245221e+03
1.409879684284146060e+04
2.941840376920730705e+03
1.585686710828710147e+03
5.098548772737123045e+02
5.648608810887994878e+03
2.527574718140942878e+03
3.234699590827854081e+03
2.978012105797654840e+03
1.235456172176691098e+03
5.992565245517771473e+02
4.223669067316930523e+03
4.681678515167986916e+03
1.827137202160729430e+03
1.068903211323313371e+03
1.295247960034073458e+03
4.563800971546952496e+02
9.186510000707543213e+02
1.793723861288603512e+05
5.754035285740145810e+03
8.670046632407596917e+03
8.354842850204074693e+02
1.494927469279620163e+04
1.484932982784932756e+04
8.208583238561388498e+03
7.327134744091535140e+03
3.277051653407257163e+03
4.471950557780435702e+03
1.390630109400899892e+04
7.434161149281433609e+03
5.305213933210738105e+03
1.402000758068353389e+04
1.671280991008715137e+04
1.371778627056680489e+04
3.954983271351323310e+03
8.613603428495947446e+04
7.631242275227847131e+03
4.677597839071845556e+03
9.010006424945819163e+03
6.071471701182766992e+03
5.340204022430672921e+03
1.538479002598807347e+04
5.035550891409920951e+03
1.279605183818446130e+04
1.386716150105519228e+04
7.627356717382201168e+03
1.444358421134431774e+04
9.863742565118940547e+03
3.677860209031886370e+03
7.004672088821969737e+03
1.175938113092916683e+04
4.785193417714484895e+03
1.409526026707489655e+04
1.310177351360581451e+04
5.108187121815648425e+03
8.472957239816460060e+03
3.701875939424265198e+03
2.766722678917685698e+03
1.205365167000642214e+04
1.270471787909682826e+04
6.484903240927698789e+03
4.886286237411923139e+03
3.390545760578761019e+03
1.548709624689562224e+04
7.740421619119079878e+03
5.142349554426862596e+03
4.611185873737504153e+03
7.248061816526094844e+03
4.133662917333946098e+03
4.942759461817106057e+03
1.827598365666811587e+05
6.631962116598600915e+03
5.798783100982722317e+03
4.333247730172429328e+03
1.451046912967863136e+02
1.726868927760100632e+04
4.030663399352682518e+03
3.469365583392521330e+03
4.337736150722163075e+03
4.050152762357311076e+02
8.498167880707744189e+03
5.549072064092205437e+03
2.655893662546237465e+03
3.182749933313109068e+03
1.037912108092373046e+03
7.173762716200945761e+03
9.172260615595548006e+04
6.989221827088746295e+02
4.416821393723446818e+03
8.354583376459911960e+03
3.309963075580618352e+03
9.448486345072096810e+03
5.473421150672393196e+02
2.946390754873974402e+03
2.930535738678510143e+02
4.175536330828283099e+03
1.054915131063726449e+03
2.423448472527982176e+02
5.755611888583969176e+02
2.631867413303929425e+03
1.414305334763517521e+03
2.331776889034018041e+03
5.170693348929875356e+03
3.059456948771244242e+02
2.771677865879925594e+04
1.266144652814601068e+04
1.594186863255544495e+03
2.940147628898648691e+03
1.470352363937223345e+04
2.987731401782453986e+02
2.761027405387276303e+02
5.866810096507749222e+03
4.560581812310519126e+03
3.610851339901361371e+03
2.255070746205307159e+02
2.252933813435944103e+03
5.682251853706002294e+03
3.530366622651979014e+03
1.133406262203570577e+03
1.950940981196544726e+03
3.050375104345045656e+03
1.903030045829754672e+05
1.329714677580543866e+04
2.179200818699070442e+04
6.256769449929190159e+03
1.750034199252487451e+04
3.822011902776781426e+03
2.996221152291749604e+03
4.024084489490103806e+03
4.015925700659895483e+02
7.895366542119761107e+03
5.267361536641298699e+03
2.170947128870850520e+03
1.949192252220203500e+03
1.268004015573292236e+03
6.708680035628920450e+03
8.967636638395015325e+04
7.170221813535733872e+02
4.215293010875781874e+03
8.289082267460436924e+03
2.896066182991505229e+03
9.235801463542875354e+03
5.292227211938571827e+02
2.825090563270286111e+03
3.550300251852718247e+02
4.499757686883860515e+03
9.568203009943858888e+02
1.868150323219761049e+02
4.708539363743236663e+02
2.228997448320803414e+03
1.181476158940271944e+03
2.397649889723866181e+03
4.670902602840545114e+03
2.099872842426448187e+02
2.769027828478678202e+04
1.210873679211354829e+04
1.266448711782093596e+03
2.474427104623704054e+03
1.437173093696342221e+04
2.528772238868863269e+02
2.541479631769545904e+02
5.012589651400826369e+03
4.365862811219831201e+03
3.111839898977465964e+03
1.745783767873838315e+02
2.053612429754592085e+03
4.741960159453070446e+03
3.345762246706036876e+03
8.952428629773127113e+02
1.466297356731179207e+03
2.513961441090866174e+03
1.889738523927403148e+05
1.304192519711825480e+04
2.193238503266182670e+04
5.974604031375623890e+03
6.935678203769548418e+03
5.397329283784455583e+03
5.964776427222521306e+03
1.473967583075989023e+04
9.544739952526273555e+03
5.281234143858309835e+03
1.326773008676739119e+04
1.802896328301265748e+04
9.891837563089336982e+03
3.487038292164056202e+03
9.545615382951397623e+04
1.488780051301304957e+04
1.024006202297538948e+04
6.426956119896438395e+03
6.881818197454076653e+03
3.394429198656388508e+03
1.370752718845326308e+04
7.617259460281497923e+03
1.743973573790933733e+04
1.064152328684190616e+04
1.110292884673062872e+04
1.793541993631522200e+04
1.283593449723429148e+04
7.399090270931680607e+03
8.170516278181830785e+03
9.651880061510295491e+03
8.749935205306826902e+03
1.703173137940312881e+04
3.113439156806698156e+04
5.319545376318736089e+03
7.867236642262319947e+03
6.003454350061301739e+03
7.410871314436622924e+03
1.528118869673973131e+04
1.686620153103933262e+04
5.271407988990962622e+03
8.693694522398502158e+03
7.419283726822177414e+03
1.945566732577664152e+04
1.748990572741055803e+04
5.499397964653785493e+03
7.240509947693010872e+03
1.253937026562247593e+04
7.101239830957500089e+03
6.337826672650597175e+03
1.769725812777781102e+05
2.536488814116264621e+03
1.623333679877607574e+04
6.520741618817872222e+03
1.237362198679443054e+03
6.773251674788073160e+02
2.826204193279519586e+03
5.085561754888944051e+03
6.499594867969938150e+02
4.873964011838960687e+03
6.431725181340684685e+03
1.875197604925648193e+03
2.244716785462813732e+03
8.704862095819780370e+04
3.749716937359652093e+03
1.884496042952179096e+03
1.388537744333070805e+03
5.841726026565738721e+02
1.970656305091111562e+03
2.258190369731827104e+03
9.004194019924767645e+02
4.343049944474304539e+03
5.069837164694166859e+03
2.044849016825529816e+03
4.258411962306438909e+03
2.865496104060096513e+03
2.191077147942787178e+03
8.576967035518377998e+02
1.823572676095519455e+03
4.100703013436406764e+03
4.036011163392267918e+03
1.753791818461872026e+04
3.071018788632427913e+03
7.379002177733741519e+02
1.091947641004925799e+03
8.793928511313491981e+03
3.693858525183438360e+03
3.828102881578382039e+03
4.030863751809185487e+03
1.559253206947591252e+03
1.799899022936202755e+03
4.557514842748709270e+03
5.482209433420900496e+03
9.497558735455932037e+02
9.584898707425913926e+02
2.779857351674212623e+03
1.521237194270809596e+03
5.205652436284669875e+02
1.746968486106852069e+05
5.852585847146219749e+03
1.086012982010855194e+04
1.179704613680602961e+03
6.465398652088230165e+02
2.639917191341163289e+03
3.940186889251216598e+03
1.091833130897274259e+03
5.014783851339029752e+03
4.071044836054589268e+03
2.604642933771851403e+03
9.740842619871478973e+02
8.376943386173447652e+04
2.943086028466373136e+03
8.115198821396372750e+02
3.580826360557596672e+03
1.159696523138733937e+03
1.860131758225863905e+03
2.601065445815231669e+03
6.368015525255988223e+02
3.256520834506771280e+03
5.931034130432615711e+03
1.333401578458021959e+03
3.002896980953013099e+03
1.613610146142789290e+03
4.907161466354508548e+02
9.448221690287114143e+02
3.412008117187192511e+03
3.465737306288802756e+03
2.862538365821983462e+03
1.621924935465520684e+04
2.384587609448185958e+03
1.049653912810821794e+03
1.683093954429214136e+02
4.708828454878454977e+03
2.282312072322811218e+03
2.892187091860197143e+03
2.943605101766430380e+03
1.466828048764698224e+03
6.030961634809116276e+02
3.337392992527243223e+03
4.534289055378292687e+03
1.200720003869232187e+03
4.021882450708253600e+02
1.714049811084277735e+03
4.772170358737308788e+02
6.209317942217663813e+02
1.760770975864156790e+05
3.705928008400972431e+03
8.123274573779071034e+03
6.882616797363443766e+02
3.227450197627687885e+03
4.245176542023278671e+03
4.308507939622484173e+02
5.155983259958716189e+03
5.693305569688479409e+03
2.455063056476723432e+03
1.431319974525509679e+03
8.581227409916603938e+04
3.360250568747042053e+03
1.521579112773878933e+03
1.742018444211518045e+03
4.884587828234452900e+02
1.368047137219770320e+03
3.142235439590533133e+03
4.022050847953616994e+02
4.301294119144666183e+03
5.101264038448278370e+03
1.867786308700108520e+03
4.318090018782064362e+03
2.548165857418652195e+03
1.425567045901839720e+03
9.477614983782423224e+02
2.681987511351569992e+03
3.295093946267355932e+03
3.950034249156778060e+03
1.529608085182081595e+04
2.536293644441924698e+03
1.098999629232049074e+03
5.157656131388391714e+02
6.096528105939167290e+03
3.356912686651086915e+03
3.999421204715394651e+03
3.383907538920272145e+03
1.139536104423895040e+03
1.410773505711264534e+03
4.766737545852655785e+03
5.414432638973237772e+03
5.487342883815647383e+02
3.093088978408848106e+02
2.599892657783423147e+03
1.034912835452039417e+03
2.599420230683533646e+02
1.772659657906302309e+05
4.987098147842893923e+03
8.102738698392424340e+03
4.623837558945808723e+02
7.498328078002830807e+03
4.420619318333525371e+03
2.231226644708782715e+03
2.917384623948963053e+03
8.229648094527427702e+02
6.071445591411245914e+03
8.845903451697176206e+04
8.762509954890763311e+02
3.494788988704749499e+03
6.316415947964251245e+03
2.562626496371651683e+03
7.814437157079031749e+03
6.349536197208351496e+02
2.412530206155384349e+03
6.548144337495745049e+02
3.694452032007213347e+03
9.239244141350702648e+02
4.530769105423753444e+02
6.521825461668380512e+02
2.275808401866525855e+03
1.175091143932962495e+03
1.654888040246700484e+03
4.112552271199884672e+03
3.301074664117256816e+02
2.683403420461827045e+04
1.096185117454783176e+04
1.225112082526911308e+03
2.371007630444618826e+03
1.358405938256169611e+04
5.362818721212842092e+02
3.054836778320554913e+02
5.060826332019694746e+03
3.600978398066236878e+03
2.696828596804236440e+03
4.610049438925007053e+02
1.777154484311574151e+03
3.892709816102308650e+03
2.635493338466575551e+03
8.537776462022594615e+02
1.526162603851967106e+03
2.144396936884205843e+03
1.849450678688930639e+05
1.183063869747874924e+04
2.058700292323846952e+04
5.080263075270364425e+03
4.055000035663764720e+03
9.327398783499924320e+03
1.131625605663279384e+04
6.967923540132947892e+03
4.733404706396209804e+03
8.227743630679267881e+03
7.065723429672942984e+03
5.069453908009713814e+03
6.810188345900896820e+03
4.448361724793399844e+03
5.177429955395569777e+03
6.817126152325943622e+03
4.391177129717651042e+03
8.342589677232614122e+03
1.260265874339311631e+04
5.581278163540418973e+03
7.461850356535383980e+03
5.538871539173613201e+03
4.530607577264248903e+03
4.558534695334139542e+03
7.061693309327027237e+03
7.189850193342817875e+03
7.554303144902540225e+03
1.832700541428955330e+04
5.976559849984516404e+03
4.360743141672433921e+03
4.148672769837639862e+03
9.209390574176377413e+03
6.928980952141248054e+03
7.423855134968647690e+03
8.949593622065787713e+03
4.508049267329222857e+03
4.872455162435350758e+03
7.967844128700354304e+03
9.251913554196797122e+03
4.196715387838313291e+03
3.822337805498529633e+03
6.117873198342334945e+03
4.617890730423581772e+03
3.942684294520546246e+03
6.343086528128071222e+04
8.316871967606224644e+03
1.201905265326482731e+04
4.049339228111160082e+03
6.318922995232549511e+03
6.796194721571041555e+03
2.851687036598665145e+03
1.550488277523719489e+03
8.482749415225908160e+04
4.544866469385958226e+03
2.532967979600904528e+03
1.526413637971392518e+03
5.586391673746805964e+02
8.184563736538800640e+02
3.760240915824957483e+03
9.147268587462867799e+02
5.478454035207163543e+03
6.098587227322384933e+03
2.815498681106111690e+03
5.513156849241258897e+03
3.448084649174119477e+03
2.133346105440687552e+03
1.226582075522953119e+03
2.948100166007883672e+03
4.212040390128340732e+03
5.285772544405639565e+03
1.601918668887457534e+04
2.160129995050566322e+03
1.170192215421207493e+03
8.971401960825332935e+02
7.098914213494865180e+03
4.578891639577789647e+03
5.124806153338005970e+03
3.539558329945914011e+03
1.482243707283399999e+03
2.185629906712604225e+03
6.185028625522010771e+03
6.888864776480043474e+03
5.749254754040680382e+02
8.675664308150346642e+02
3.687050491074623096e+03
1.764862396358478236e+03
5.573499911749566991e+02
1.698673412790706207e+05
4.662274447725261780e+03
8.412863351462478022e+03
7.402881040733145710e+02
5.805470667573466017e+03
2.521491888516713061e+03
6.093734089756997491e+03
8.890662202176456049e+04
2.982819898109298265e+03
5.584734145244487991e+03
5.623402889329865502e+03
4.298142719434818900e+03
8.552652338208583387e+03
2.345895353741583676e+03
4.576499874280886615e+03
2.842482468734544909e+03
5.877098622502246144e+03
3.332642569542947513e+03
2.549284489753053094e+03
2.899806627546059644e+03
4.748266878700687812e+03
2.750184258221223899e+03
2.566647447679209108e+03
3.512175256335933227e+03
2.629424805735202426e+03
2.594637750680254612e+04
1.148829335523534064e+04
3.766592825909765452e+03
4.850125605434428508e+03
1.256446426728061851e+04
2.588719938733044273e+03
2.557457915906551534e+03
5.015731573204799133e+03
5.497894736114943953e+03
4.891153425762413463e+03
2.707543331625961855e+03
4.043479864851624825e+03
5.598847999033766428e+03
4.811951276450352452e+03
3.546012624211195543e+03
3.467195615789700696e+03
3.832681129534912543e+03
1.833771931773479737e+05
1.120421352623980056e+04
2.104419246484064934e+04
6.741022421606190619e+03
4.234524143788671608e+03
7.816413533445211215e+03
1.478514746449975355e+05
3.943285871672289886e+03
7.532286278604306062e+03
1.448977524900320896e+04
3.500651627406266016e+03
1.016116239416940698e+04
1.470350721869923746e+03
4.104392011020650898e+03
3.395554527863580915e+03
3.718005126660336828e+03
2.804452015491429847e+03
2.141007127359248898e+03
1.029176784871270002e+03
2.715468229760195754e+03
1.651673230785347414e+03
5.980528206742839757e+03
7.314158263864992477e+03
1.931109688768722208e+03
3.049659173297552115e+04
1.246104582434517943e+04
1.036861440648650614e+03
2.463243469828064462e+03
1.504516313644854381e+04
1.843249267154570816e+03
1.982936599784097780e+03
3.189168836106636263e+03
5.471119136338267708e+03
4.579224838176228332e+03
1.344364556142683796e+03
4.880953361429474171e+03
4.778887696839722594e+03
6.425714571745776993e+03
2.248371542872612736e+03
1.919483986191093891e+03
3.074129812758615117e+03
2.486561749462446023e+05
1.295076198235858828e+04
2.569834831274016324e+04
7.113167567671607685e+03
5.306443753815939999e+03
8.892180614799876639e+04
1.507186144920424795e+03
3.667777713215705717e+03
3.788366545966050580e+03
1.428132532145329151e+03
6.050214756284703981e+03
5.105478015598762909e+02
1.637890274185038379e+03
1.585958793130324466e+03
3.158559316702123851e+03
1.373616715672509827e+03
1.498963163241319080e+03
1.392055283626446226e+03
2.815415965430740471e+03
6.563172571217492077e+02
1.279928702265882748e+03
4.753478667290831254e+03
1.677847606939606749e+03
2.689025277159098187e+04
8.934377136865270586e+03
6.548323477460710365e+02
2.135993219195524034e+03
1.419542891117731779e+04
1.493481828875578685e+03
1.236001113414720066e+03
4.679075512026007345e+03
3.213750973306820924e+03
3.562004485472740271e+03
1.659797171864921438e+03
3.325488535362032962e+03
3.397574043378273473e+03
2.108188633917673542e+03
1.821233261668502109e+03
2.275388163217282454e+03
1.631991989436770837e+03
1.824496325784739747e+05
8.295210122531942034e+03
1.997701489081250475e+04
4.307035134836014549e+03
8.566681062563651358e+04
5.333517109502120547e+03
2.284321647706129625e+03
3.957031407980018230e+03
1.916895663023661200e+03
1.911623416001524447e+03
5.824648664171103519e+03
1.650510822814152107e+03
6.503519099217435723e+03
6.648770747824195496e+03
3.223455207226521452e+03
6.657884115270639995e+03
3.928835551760240378e+03
1.854423579690372662e+03
2.131620801953885803e+03
5.073976543325021339e+03
3.995239592668804107e+03
6.347245012769360983e+03
1.895987076184737089e+04
2.491533285149123003e+03
2.466436467022259876e+03
1.037310386932327219e+03
5.449473518830832290e+03
5.295201773807098107e+03
6.502337266350048594e+03
3.011298887491392634e+03
2.758201524391833118e+03
1.705571902069134467e+03
7.645541099535683315e+03
7.714989570545204515e+03
2.045737108084574629e+03
1.572265367331360267e+03
4.216856160003610967e+03
1.674761302666547863e+03
1.442193072944521646e+03
1.756535161209352082e+05
2.693502044007421318e+03
9.343822777042794769e+03
1.225354215691849731e+03
8.925770801688481879e+04
8.710377700721875590e+04
9.212364519925994682e+04
8.444493786386480497e+04
8.821316495533499983e+04
8.714577263764980307e+04
8.515596101504768012e+04
9.057294796064816182e+04
1.155534245492068731e+05
8.546369717614469118e+04
8.943686635796118935e+04
8.602552472865776508e+04
8.385396721855868236e+04
8.349213147547759581e+04
8.864048355615959736e+04
8.788231519920928986e+04
8.849568166168998869e+04
9.896549786516066524e+04
9.007354286926682107e+04
8.329561124134970305e+04
8.437268146293012251e+04
8.885927858403731079e+04
8.787066289521633007e+04
8.856127170764318726e+04
1.330299765918263001e+05
8.341580503661945113e+04
8.518332598966608930e+04
8.995395302322541829e+04
8.985710472023261536e+04
8.359603157037238998e+04
8.401562460484482290e+04
8.466011276282656763e+04
8.322714022566682252e+04
8.319567547644629667e+04
4.531067161668588960e+04
9.263507026044996746e+04
9.272917094323653146e+04
8.399733172022469807e+04
2.507920750313198369e+03
8.770311601045861607e+03
2.686204302510123853e+03
7.599604655683742749e+03
1.410599933053310224e+03
2.056873473998558438e+03
5.137700682269488652e+02
4.658674079801796324e+03
5.232141845663475124e+02
5.963783118782221209e+02
5.571637416989958638e+02
1.616882461245847026e+03
1.637478943828027923e+03
2.912808898213407701e+03
3.440807858502972067e+03
6.362822998522584612e+02
1.670790659018957376e+04
8.330836879147311265e+03
1.826717315294522450e+03
2.287116836545460501e+03
8.496928069044794029e+03
4.138027896498537075e+02
5.887413777502033554e+02
5.994354391853220477e+03
2.634674504457265357e+03
2.467077866956631169e+03
1.052108553839603701e+03
1.898944348309356656e+03
4.459330668163369410e+03
2.880300916093233354e+03
5.539175324669795373e+02
1.576830507620554499e+03
2.495608862991254682e+03
1.899481497086882882e+05
1.090472414400434536e+04
1.170102262249891282e+04
3.969895013610910155e+03
5.492088085695304471e+03
1.753797596224274912e+03
4.187106833876017845e+03
4.628226018139263033e+03
9.261596925760552494e+02
3.784555391986388258e+03
6.654313054492768970e+03
1.171051451320065553e+03
4.022817408798199722e+03
2.267117768475329740e+03
8.291635985021227953e+02
1.731058503442868869e+03
4.250432152146632689e+03
3.505227857101290738e+03
3.897372119563826345e+03
1.649679244499097695e+04
3.710085845530347797e+03
1.998194839047169808e+03
6.834502078148300370e+02
6.324019058969257458e+03
3.076695904668010371e+03
3.805120309354055280e+03
5.629715247058205932e+03
1.620872289744177579e+03
7.012388166069335966e+02
5.191857275024822229e+03
4.863208193618497717e+03
2.394307918770783544e+03
9.660414253241419829e+02
1.528880088707139066e+03
7.573258862573854913e+02
1.335040209397904164e+03
1.833764117411910556e+05
6.263940170388478691e+03
9.964493511030861555e+03
1.323085494901411266e+03
1.581596988449725359e+03
2.022210358768531250e+03
4.824128394292534722e+03
3.186129863490111347e+03
9.830809333707360565e+03
7.734470145278889504e+03
6.254981800034891421e+03
9.994061877333850134e+03
7.963862336429174320e+03
5.849286409415333765e+03
2.768254013067235064e+03
2.899769445669843208e+03
4.997366105482652529e+03
9.602458602733460793e+03
2.019259457926293180e+04
4.058056037741510863e+03
2.421189897263905550e+03
3.645693693358767632e+03
1.055605223267583824e+04
9.400613836977212486e+03
8.812686977697532711e+03
6.445063217889672160e+03
3.808414102361945424e+03
4.878643450747150382e+03
1.048931191885197768e+04
1.003437029254651497e+04
1.282239660706771701e+03
2.847043342282406684e+03
7.267204793169667028e+03
4.419095722995429242e+03
1.847670530671019151e+03
1.763986151988037454e+05
6.761074372862171003e+03
1.091246632980276991e+04
2.830300508509634255e+03
1.880664068777447937e+03
1.886206019177328017e+03
4.293820691573459953e+02
3.466099906825599646e+03
4.312296312571585077e+03
1.448320630815944696e+03
3.066699308546655629e+03
1.686138050986117833e+03
1.602066626584192818e+03
3.923504113478318232e+02
1.957896318822602097e+03
3.515937230246682248e+03
2.880660257456595900e+03
1.560032059634858160e+04
3.355962378992849153e+03
4.344773649985041857e+02
7.303761170475971767e+02
7.357488799700911841e+03
2.389879567890304315e+03
2.810212993379414002e+03
2.677499424203173930e+03
1.036834320427397870e+03
2.160104130349986008e+03
3.250130999670924211e+03
4.895997501643903888e+03
9.373457309786685983e+02
8.056752000570600103e+02
1.891475073782532263e+03
1.250251609420082332e+03
2.491400034097412117e+02
1.742972100648830237e+05
5.858928962117364790e+03
9.765264364306889547e+03
8.378087030902562446e+02
7.358327200640636875e+03
2.535179493898800956e+03
9.108930591473943423e+03
8.213539539336641610e+03
5.161617865272758536e+03
9.251095263953911854e+03
6.384411644500206421e+03
3.506732302312943830e+03
3.024029532724208366e+03
5.272089665823050382e+03
5.345170174421190495e+03
8.832062253040196083e+03
2.045494293942269724e+04
2.131686060757866471e+03
2.979732037935383687e+03
1.940488600157527344e+03
6.854419571783568244e+03
7.913519043919960495e+03
8.476635168641969358e+03
3.773464361528704103e+03
3.411379490806860304e+03
3.379057918377433907e+03
1.044553591489038445e+04
9.951754783617783687e+03
9.724604030286009220e+02
2.183232011627688735e+03
6.249775292694643213e+03
3.125609133989733891e+03
1.772662751361680648e+03
1.736975962763247662e+05
3.681008831838627430e+03
9.282844274180417415e+03
1.745510610141438519e+03
2.194737181853841321e+03
1.174821995558330173e+03
3.652771345154782466e+03
1.230241999324483686e+03
6.274608438669099542e+02
6.257768817183380179e+02
2.325644003627961865e+03
5.100588492184468805e+02
1.609779286319051153e+03
4.935377786437631585e+03
8.509784054157776154e+02
2.814865201790226638e+04
1.110096361407378026e+04
5.211573743140851320e+02
2.094668765125356003e+03
1.495994870815232207e+04
7.918477580196265535e+02
6.843787725146597722e+02
4.180659674273257224e+03
3.959082914244465428e+03
3.600863011724799890e+03
4.204434059070418925e+02
3.000641385559104492e+03
3.930085159044015199e+03
2.814363421381469834e+03
1.472086998461320718e+03
1.575243707276183613e+03
1.865374968229980368e+03
1.791868506121179089e+05
1.106649190678785271e+04
2.159394387712884054e+04
5.300418546755647185e+03
2.805708829653277007e+03
4.570233473352712281e+03
9.254779340081206556e+02
2.816326722216873350e+03
1.415485005910622931e+03
9.135482530606057026e+02
4.423488419588577472e+02
2.640315673831613367e+03
3.376074923267794020e+03
2.748806494911854770e+03
1.506651453885067349e+04
3.376429840303264882e+03
6.656862904439404929e+02
3.100022599446953109e+02
6.804753215701650333e+03
2.088641593916901002e+03
2.628915120046051925e+03
3.359147801741949024e+03
9.634464681534875581e+02
1.287541061812402404e+03
3.238165463957247994e+03
4.645137581094691086e+03
1.339552889951282850e+03
3.883696110413534370e+02
1.539250546286410781e+03
7.661494022947366602e+02
3.388658270029038704e+02
1.783887031601426133e+05
5.774515409659903526e+03
9.138899322150271473e+03
6.940371070938815592e+02
4.496347494064150851e+03
9.103455178101703495e+02
3.278960690452485096e+02
3.630613026849887319e+02
2.058044516397833831e+03
1.763326935302447282e+03
2.923838052893824624e+03
4.254234180762796314e+03
2.640057621883595402e+02
2.522570241342359805e+04
1.162268539159963984e+04
1.897600145574633189e+03
2.694452647123083807e+03
1.293646227596077733e+04
1.725603867195943621e+02
3.382499481392727603e+02
5.979997615222520835e+03
4.056853215231767081e+03
2.862364150918759151e+03
4.920002498013377590e+02
1.899577627659374912e+03
5.587591622640582500e+03
3.517570530063848764e+03
7.848718470894665415e+02
1.677939994171099897e+03
3.074209297750363930e+03
1.917743410827117332e+05
1.305809229434886038e+04
1.966552741886215881e+04
5.663432466065667541e+03
4.442528517888381430e+03
5.219256407310780560e+03
3.657232249591436812e+03
5.551547358892092234e+03
3.341954063741466598e+03
3.936203559547891018e+03
6.655768170500281485e+03
4.724733806237199133e+03
2.556102997694227815e+04
8.142837092972476967e+03
2.880600718570395202e+03
4.637175949155935086e+03
1.130699844483934612e+04
4.461397389113492864e+03
3.920724629553486920e+03
2.348537788933279444e+03
5.395638543502493121e+03
6.347797762116302692e+03
4.668765406215522489e+03
6.222895805870140975e+03
5.173524158336747860e+03
5.459615355802498016e+03
4.661614474252620312e+03
4.252806985970899404e+03
4.276970417172014095e+03
2.256451689855399600e+05
7.851263325243768122e+03
1.896924913226096396e+04
7.123949444009861509e+03
9.921567135691370822e+02
3.244412988455949289e+02
7.542600750677316910e+02
7.391218389378068423e+02
2.544242468619996998e+03
3.122005955303229257e+03
8.400892156473481691e+02
1.821499513401298464e+04
6.230908707054587467e+03
8.645447745420572119e+02
9.390534193125698721e+02
8.301172704454547784e+03
5.199461943696642265e+02
9.904675337938830353e+02
3.967793106656470627e+03
1.781608040467564479e+03
1.188316053798281018e+03
1.246513802085871703e+03
2.574842100162311908e+03
2.690674529516670191e+03
1.461713872750964583e+03
3.100811724574000436e+02
5.737422393579885238e+02
1.152789119389665757e+03
1.833211839093379094e+05
8.003162184672904914e+03
1.347993050973739810e+04
2.412133534328730548e+03
4.290125493425912282e+02
2.126754164714157923e+03
1.349144098124661468e+03
3.195263721749151955e+03
4.919176308235161741e+03
2.376616932660056136e+02
2.773260103744550725e+04
1.198322266419386506e+04
1.395346849562197804e+03
2.566857999409474814e+03
1.395889405318626086e+04
2.021959279376713994e+02
2.094989946614680321e+02
5.443415345318740037e+03
4.198835869080252451e+03
3.143627367057966239e+03
1.515248260514889580e+02
2.079236850181125192e+03
4.838937617439052701e+03
3.647274199557619340e+03
8.624218626324195611e+02
1.620892315077816420e+03
2.670216517952866525e+03
1.881815764758398000e+05
1.298435248776833396e+04
2.221556886956788730e+04
5.795247967507355497e+03
9.034155421554301029e+02
5.465881625365145737e+02
2.629890125578770494e+03
3.453376557720593155e+03
3.884038167076464561e+02
2.140325971356393711e+04
7.914539268133142286e+03
5.004736006081120649e+02
1.090280617858035157e+03
1.000529566562810214e+04
1.430392854453561995e+02
5.098213118338014738e+02
3.064619657270285643e+03
2.279586996635884134e+03
1.600134542924475682e+03
4.652178340363052484e+02
2.179343099285013977e+03
2.846325425171264214e+03
2.182628489434162020e+03
4.145727393922295505e+02
6.560234879198532099e+02
1.250827955689627061e+03
1.837050000799374538e+05
9.143244564430951868e+03
1.668310716927334579e+04
3.390846060957568625e+03
1.088391126273180134e+03
3.938517107107543779e+03
3.253136105835178569e+03
1.980585180257486854e+03
1.484723847699543694e+04
3.510000832744691252e+03
1.224306890050411766e+03
3.786048642189202837e+02
4.834317963352690640e+03
1.329166813077607003e+03
2.196262086901975181e+03
2.932803030441081319e+03
1.577436815705330901e+03
4.629572934947798331e+02
2.422177057350466839e+03
3.830959912654513573e+03
1.871862190178762376e+03
1.054247081179888710e+03
1.037638138485767513e+03
2.119564432593303991e+02
9.947089086216194573e+02
1.813870823188063805e+05
4.958378004186503858e+03
8.913300606167504156e+03
1.378798838196036741e+03
1.426004402139701597e+03
3.136103584798453539e+03
1.418099600826351207e+03
1.732897247281646560e+04
4.513981232766757785e+03
1.431722127631820740e+02
5.916450259544901655e+02
7.902271430989008877e+03
1.076374274949921755e+03
1.284829774164241826e+03
2.465702861172766916e+03
1.310333968045274105e+03
1.747235431310213698e+03
1.126822523463860762e+03
3.535880660391033416e+03
1.659404250778502274e+03
9.300663608912670952e+02
1.142060103278104407e+03
7.873669439707455240e+02
4.452723160558208519e+02
1.752425162067895290e+05
6.169921004665376131e+03
1.135432374121433168e+04
1.484532249038295049e+03
3.206702709057614811e+03
2.701177867630749006e+03
2.368631724006805598e+04
8.725779270392040416e+03
1.558500056831534266e+03
3.040949054776226149e+03
1.208175078296535867e+04
2.952749030240522188e+03
2.574841715272478723e+03
5.021603910931057726e+03
3.325073831731662722e+03
3.882846971807503905e+03
3.142247170934399946e+03
3.785186731480482649e+03
2.892128003189628544e+03
2.693473179156751939e+03
2.865813833789584805e+03
2.876725213370004440e+03
1.966559083481098241e+03
1.780025576640217623e+05
8.825476846235907942e+03
1.711370482891283245e+04
4.291806797863236170e+03
4.433947293535836252e+03
1.169788351497979420e+04
6.921036457105854424e+03
3.938984823944921118e+03
3.313471926695874572e+03
5.002782234013251582e+03
4.072189456970878382e+03
4.895654051112494017e+03
5.115614195504580493e+03
3.576203454176164087e+03
2.936074478498018834e+03
5.579682480344867145e+03
3.941767492318691438e+03
3.652299569342860195e+03
3.241660938044178693e+03
3.364431813585643340e+03
2.568181498497578104e+03
2.856866395100779300e+03
1.811939797159044247e+05
7.479252645281916557e+03
8.107346617004036489e+03
4.005747156094071670e+03
2.687221824037664919e+04
1.144532440838993716e+04
1.392853202523560640e+03
2.333068624149977950e+03
1.336508981373182542e+04
1.833862665454530543e+02
2.442242360410305082e+02
4.827483523369908653e+03
3.895569838279474880e+03
2.639395560111880513e+03
2.816323001837199627e+02
1.686261261442900377e+03
4.192653752638552760e+03
3.471326612360428044e+03
6.517684791067551942e+02
1.302410462452215370e+03
2.383110653177225686e+03
1.883680860469133186e+05
1.235054072830962104e+04
2.189508774283599632e+04
5.586975039119298344e+03
1.815243388777113068e+04
1.882486789468712595e+04
1.522021356371419824e+04
1.350101048761383936e+04
2.450743930133388494e+04
2.412202855420354535e+04
1.924359979826344352e+04
1.310354014366764022e+04
1.586660213357582688e+04
2.785027404787432897e+04
1.287171650499729367e+04
1.588962973541197971e+04
1.561777317858208153e+04
1.687996241399089922e+04
1.525285254166734376e+04
1.465108990657807226e+04
1.900253088613148138e+05
2.836988538364347914e+04
9.285504205039676890e+03
1.505744349167175824e+04
4.683093202409312653e+03
2.436246090837052634e+03
7.489710828185232458e+03
9.964413852582390973e+03
1.072938199145383260e+04
4.222035901498540625e+03
2.932683624264228911e+03
3.139424907193343643e+03
1.301770821859696662e+04
1.161678151552249983e+04
2.518639732579637894e+03
2.939640248589272687e+03
6.846811174078731710e+03
3.463425081620151559e+03
2.947977823018939944e+03
1.757251935275903088e+05
5.478152191265246074e+03
9.633923534468358412e+03
1.681299094332633786e+03
7.008554557385857606e+02
8.874702852292544776e+03
1.096955087443614275e+03
1.282727907182109220e+03
2.104340475147718280e+03
1.430356851147783345e+03
1.870697529436393324e+03
1.123472087039009011e+03
3.492474499176682002e+03
1.515156718811223300e+03
9.711098839905582736e+02
1.139968419429075993e+03
9.121642923892584349e+02
4.976518229070503594e+02
1.722308699557385116e+05
6.439904525061735512e+03
1.323215570434859546e+04
1.811337503211076637e+03
5.227298402031365185e+03
1.744893952069149691e+03
2.438282450273964059e+03
2.172289798512375455e+03
1.127046719732483098e+03
5.721235029748017951e+02
2.640277599374028796e+03
4.374754025803067634e+03
1.073337572660083879e+03
3.913851969042243581e+02
1.361067209245416507e+03
3.593793333153899994e+02
3.834916686455227364e+02
1.768677611482205102e+05
4.211695038838336586e+03
8.456429999547821353e+03
5.166319666445144776e+02
1.178542556722780682e+04
1.264629978760412814e+04
5.925984698509546433e+03
6.400067481727424820e+03
4.616779113444023096e+03
1.468532507740247456e+04
6.832011014933517799e+03
6.066535250274700957e+03
6.246895291899253607e+03
7.698269222123449254e+03
5.099817586360637506e+03
6.032074957783557693e+03
1.879785464198171976e+05
5.851364276193458863e+03
9.658227180061188847e+03
6.057840668653130706e+03
2.530024029466605953e+02
4.471643968940681589e+03
3.251362340763193970e+03
2.178300842631272644e+03
3.256890224575564616e+02
1.872907977696277158e+03
3.885052879702753216e+03
2.905165063986237328e+03
5.014262972514884495e+02
1.024033318071734129e+03
1.996018414711441437e+03
1.879864792294879153e+05
1.089357894892060540e+04
1.965864857522293460e+04
4.698086364927121394e+03
5.111189750790548715e+03
3.513949798622011713e+03
3.035149206692106418e+03
2.563660641454999904e+02
1.670305187970264114e+03
4.433535949113005699e+03
3.377513758123976913e+03
7.951317390058002275e+02
1.520146864262039344e+03
2.479859040938766157e+03
1.874196694949668599e+05
1.276261300366559408e+04
1.843472107367632270e+04
5.185542892839088381e+03
3.937711929677060198e+03
3.794900926998650448e+03
5.334612061365020963e+03
6.954659227314326927e+03
2.760057280184643332e+03
4.304380491555235494e+03
3.837942608746375299e+03
2.381260666050753571e+03
2.404581098030463636e+03
2.247848614187887870e+05
4.466515413589469972e+03
1.137585362101507417e+04
3.422950271269848599e+03
1.775428574135726649e+03
4.745976196808380337e+03
4.254431160320486015e+03
1.495274764163956434e+03
1.115073951441023382e+03
1.974090129217244339e+03
1.402150086148781156e+03
7.910130424073095128e+02
1.747246481679857825e+05
7.770153086006763260e+03
8.083905984024824647e+03
8.443653546670498145e+02
3.624207171152935189e+03
3.826288462656777483e+03
1.807879902749787561e+03
1.041778953286107253e+03
1.326215698318683280e+03
3.717141847307043463e+02
1.300524310653812336e+03
1.819334579077866219e+05
4.802958851742299885e+03
8.837058117353542912e+03
1.398746631303801450e+03
2.195854373722561832e+03
5.130966246182705618e+03
4.210786610817283872e+03
1.185197542000076055e+03
1.579541870617588756e+03
2.709538244017119268e+03
1.886347690875041881e+05
1.436516912840263467e+04
2.226197667579398694e+04
6.686060565852552827e+03
5.639345118849998471e+03
4.709964088686083414e+03
1.616501194831986822e+03
2.978387550758011457e+03
3.935744411897266673e+03
1.885129758606506221e+05
1.371801333270412943e+04
6.677200331364889280e+03
6.822633603391279394e+03
9.189687581561770457e+02
3.001892545151878039e+03
1.494972116920164581e+03
6.619172980401865516e+02
1.701083233006316295e+05
5.255006584738558558e+03
8.261242474299022433e+03
9.104688028644870883e+02
2.062315188224202757e+03
8.107590634414474380e+02
4.258452758414809978e+02
1.740258464513108192e+05
5.195294258488354899e+03
8.682850232770939328e+03
6.099010801150104726e+02
8.030250131164837057e+02
1.595935499525590785e+03
1.837077522705195297e+05
8.956022153240290208e+03
1.193432514804019411e+04
3.009620035277340776e+03
6.415021266578717132e+02
1.785576056544789171e+05
5.036799974517398368e+03
9.415060837297047328e+03
1.200358822224397500e+03
1.731187176857682352e+05
5.247303034179374663e+03
8.654716478080687011e+03
5.541836936367355975e+02
1.781447537449198426e+05
1.877341321026267542e+05
1.740433651476430823e+05
1.506253873837153878e+04
5.558684506079878702e+03
7.947938519809025820e+03
