1.000000000000000000e+00 6.500000000000000000e+01 1.243956129577356933e+02 2.000000000000000000e+00
5.600000000000000000e+01 6.700000000000000000e+01 1.430392854453561995e+02 2.000000000000000000e+00
5.800000000000000000e+01 6.400000000000000000e+01 1.431722127631820740e+02 2.000000000000000000e+00
3.100000000000000000e+01 3.200000000000000000e+01 1.451046912967863136e+02 2.000000000000000000e+00
5.500000000000000000e+01 7.200000000000000000e+01 1.515248260514889580e+02 2.000000000000000000e+00
1.700000000000000000e+01 6.800000000000000000e+01 1.520936008097677359e+02 2.000000000000000000e+00
7.000000000000000000e+00 5.400000000000000000e+01 1.743191089501913211e+02 2.000000000000000000e+00
3.500000000000000000e+01 8.300000000000000000e+01 1.883635976694608871e+02 3.000000000000000000e+00
5.700000000000000000e+01 7.700000000000000000e+01 2.119564432593303991e+02 2.000000000000000000e+00
3.000000000000000000e+00 8.900000000000000000e+01 2.289530062521720311e+02 3.000000000000000000e+00
1.300000000000000000e+01 8.500000000000000000e+01 2.309901434398314848e+02 3.000000000000000000e+00
2.000000000000000000e+01 3.600000000000000000e+01 2.430030349707742516e+02 2.000000000000000000e+00
4.800000000000000000e+01 7.800000000000000000e+01 2.491400034097412117e+02 2.000000000000000000e+00
8.700000000000000000e+01 8.800000000000000000e+01 2.500990891053980931e+02 4.000000000000000000e+00
5.200000000000000000e+01 6.100000000000000000e+01 2.640057621883595402e+02 2.000000000000000000e+00
5.000000000000000000e+00 5.100000000000000000e+01 2.871011523468923770e+02 2.000000000000000000e+00
2.200000000000000000e+01 9.400000000000000000e+01 3.065318282334806668e+02 3.000000000000000000e+00
4.000000000000000000e+00 3.700000000000000000e+01 3.122817346703991461e+02 2.000000000000000000e+00
1.900000000000000000e+01 9.000000000000000000e+01 3.233491419603116697e+02 4.000000000000000000e+00
8.600000000000000000e+01 9.600000000000000000e+01 3.330102619731186451e+02 6.000000000000000000e+00
2.000000000000000000e+00 4.200000000000000000e+01 3.393015574861722143e+02 2.000000000000000000e+00
8.400000000000000000e+01 9.700000000000000000e+01 3.577145262030248318e+02 4.000000000000000000e+00
1.000000000000000000e+01 9.200000000000000000e+01 3.690229433463531450e+02 4.000000000000000000e+00
2.900000000000000000e+01 4.600000000000000000e+01 3.929718065204519917e+02 2.000000000000000000e+00
6.000000000000000000e+00 7.600000000000000000e+01 4.272621728829803942e+02 2.000000000000000000e+00
8.200000000000000000e+01 9.900000000000000000e+01 4.384117553894773778e+02 4.000000000000000000e+00
7.500000000000000000e+01 1.010000000000000000e+02 4.430882526485291351e+02 5.000000000000000000e+00
7.100000000000000000e+01 9.100000000000000000e+01 4.690686686122128890e+02 3.000000000000000000e+00
5.000000000000000000e+01 1.030000000000000000e+02 4.764793975588021908e+02 3.000000000000000000e+00
1.100000000000000000e+01 3.900000000000000000e+01 4.819863450533430296e+02 2.000000000000000000e+00
9.500000000000000000e+01 9.800000000000000000e+01 4.910699802134549259e+02 4.000000000000000000e+00
1.020000000000000000e+02 1.040000000000000000e+02 5.758685561991185295e+02 1.000000000000000000e+01
4.500000000000000000e+01 1.070000000000000000e+02 6.298489996376275712e+02 3.000000000000000000e+00
9.300000000000000000e+01 1.130000000000000000e+02 6.571992450251589162e+02 7.000000000000000000e+00
7.400000000000000000e+01 1.080000000000000000e+02 7.803660043345807935e+02 5.000000000000000000e+00
1.000000000000000000e+02 1.110000000000000000e+02 8.924839244566784373e+02 5.000000000000000000e+00
1.050000000000000000e+02 1.150000000000000000e+02 8.942361248684885595e+02 7.000000000000000000e+00
1.060000000000000000e+02 1.100000000000000000e+02 9.098874672287879548e+02 5.000000000000000000e+00
3.400000000000000000e+01 1.160000000000000000e+02 9.652779752294044329e+02 8.000000000000000000e+00
2.800000000000000000e+01 1.140000000000000000e+02 1.062576279990830471e+03 1.100000000000000000e+01
1.120000000000000000e+02 1.170000000000000000e+02 1.081841435492948676e+03 7.000000000000000000e+00
1.090000000000000000e+02 1.200000000000000000e+02 1.304386086132225046e+03 1.000000000000000000e+01
1.200000000000000000e+01 2.100000000000000000e+01 1.355488787667238739e+03 2.000000000000000000e+00
7.000000000000000000e+01 1.210000000000000000e+02 1.466103108961304542e+03 9.000000000000000000e+00
2.500000000000000000e+01 4.300000000000000000e+01 1.481265331032570430e+03 2.000000000000000000e+00
4.900000000000000000e+01 1.230000000000000000e+02 1.520432263674613296e+03 8.000000000000000000e+00
1.500000000000000000e+01 1.220000000000000000e+02 1.581178422903603632e+03 1.200000000000000000e+01
1.400000000000000000e+01 1.800000000000000000e+01 1.581180423857291999e+03 2.000000000000000000e+00
5.900000000000000000e+01 1.180000000000000000e+02 1.968160035329697621e+03 6.000000000000000000e+00
1.240000000000000000e+02 1.270000000000000000e+02 2.043936541062462311e+03 1.200000000000000000e+01
5.300000000000000000e+01 6.900000000000000000e+01 2.348537788933279444e+03 2.000000000000000000e+00
2.400000000000000000e+01 6.300000000000000000e+01 2.387740296406038397e+03 2.000000000000000000e+00
1.190000000000000000e+02 1.290000000000000000e+02 2.497583155918718603e+03 1.900000000000000000e+01
3.300000000000000000e+01 8.000000000000000000e+01 2.536488814116264621e+03 2.000000000000000000e+00
4.700000000000000000e+01 1.280000000000000000e+02 2.539190076971441613e+03 9.000000000000000000e+00
3.000000000000000000e+01 6.600000000000000000e+01 2.766722678917685698e+03 2.000000000000000000e+00
7.300000000000000000e+01 1.350000000000000000e+02 2.804669943855529255e+03 2.000000000000000000e+01
4.000000000000000000e+01 1.310000000000000000e+02 3.060099319195855514e+03 7.000000000000000000e+00
1.260000000000000000e+02 1.320000000000000000e+02 3.395128285152262379e+03 2.100000000000000000e+01
2.300000000000000000e+01 1.370000000000000000e+02 3.557475272712451897e+03 1.000000000000000000e+01
4.100000000000000000e+01 1.390000000000000000e+02 3.558099096955798814e+03 2.100000000000000000e+01
1.250000000000000000e+02 1.380000000000000000e+02 3.930464818025649038e+03 4.000000000000000000e+00
6.000000000000000000e+01 1.300000000000000000e+02 4.136004914544327221e+03 3.000000000000000000e+00
8.000000000000000000e+00 1.340000000000000000e+02 4.370987416494614990e+03 3.000000000000000000e+00
2.700000000000000000e+01 1.450000000000000000e+02 4.743778888817803818e+03 4.000000000000000000e+00
9.000000000000000000e+00 1.440000000000000000e+02 4.976991435102935611e+03 5.000000000000000000e+00
1.400000000000000000e+02 1.430000000000000000e+02 5.000753654054733488e+03 2.800000000000000000e+01
1.360000000000000000e+02 1.460000000000000000e+02 5.748860309211182539e+03 5.000000000000000000e+00
3.800000000000000000e+01 1.410000000000000000e+02 6.093431901084650235e+03 2.200000000000000000e+01
1.420000000000000000e+02 1.510000000000000000e+02 6.651991796545701618e+03 3.200000000000000000e+01
8.100000000000000000e+01 1.470000000000000000e+02 8.238614191529453819e+03 5.000000000000000000e+00
1.330000000000000000e+02 1.490000000000000000e+02 8.422353277623065878e+03 3.000000000000000000e+01
1.480000000000000000e+02 1.500000000000000000e+02 1.097964766758761471e+04 1.000000000000000000e+01
1.520000000000000000e+02 1.530000000000000000e+02 1.371263247452564065e+04 3.700000000000000000e+01
1.550000000000000000e+02 1.560000000000000000e+02 2.055014472890683464e+04 4.700000000000000000e+01
6.200000000000000000e+01 1.570000000000000000e+02 2.348709666412057777e+04 4.800000000000000000e+01
0.000000000000000000e+00 4.400000000000000000e+01 3.062516354540611792e+04 2.000000000000000000e+00
1.600000000000000000e+01 7.900000000000000000e+01 3.331090857431180484e+04 2.000000000000000000e+00
1.540000000000000000e+02 1.580000000000000000e+02 4.512962671449271147e+04 7.800000000000000000e+01
1.590000000000000000e+02 1.600000000000000000e+02 1.111661828985326720e+05 4.000000000000000000e+00
2.600000000000000000e+01 1.620000000000000000e+02 2.914850936635609251e+05 5.000000000000000000e+00
1.610000000000000000e+02 1.630000000000000000e+02 5.974813278590200935e+05 8.300000000000000000e+01
