7.000000000000000000e+00 1.700000000000000000e+01 4.008171290258160298e+02 2.000000000000000000e+00
1.500000000000000000e+01 2.500000000000000000e+01 7.254887675471547936e+02 2.000000000000000000e+00
3.000000000000000000e+00 2.700000000000000000e+01 9.110876296668620853e+02 2.000000000000000000e+00
2.800000000000000000e+01 4.600000000000000000e+01 1.019294078152013299e+03 2.000000000000000000e+00
1.000000000000000000e+00 9.000000000000000000e+00 1.480382453603092472e+03 2.000000000000000000e+00
7.200000000000000000e+01 8.200000000000000000e+01 1.654804779865830596e+03 3.000000000000000000e+00
1.900000000000000000e+01 3.500000000000000000e+01 1.814045401327116451e+03 2.000000000000000000e+00
2.200000000000000000e+01 4.300000000000000000e+01 1.827334594556384673e+03 2.000000000000000000e+00
1.600000000000000000e+01 4.000000000000000000e+01 1.848514477062611604e+03 2.000000000000000000e+00
3.300000000000000000e+01 8.400000000000000000e+01 1.870760514229139972e+03 3.000000000000000000e+00
2.300000000000000000e+01 8.700000000000000000e+01 2.363317739313129096e+03 4.000000000000000000e+00
2.000000000000000000e+01 8.500000000000000000e+01 2.526278369577071317e+03 3.000000000000000000e+00
7.800000000000000000e+01 8.600000000000000000e+01 2.697674872147943915e+03 3.000000000000000000e+00
4.000000000000000000e+00 3.100000000000000000e+01 2.726319004253755338e+03 2.000000000000000000e+00
6.800000000000000000e+01 7.100000000000000000e+01 2.926657575550679212e+03 2.000000000000000000e+00
7.400000000000000000e+01 8.900000000000000000e+01 3.088570705155530504e+03 3.000000000000000000e+00
4.200000000000000000e+01 4.700000000000000000e+01 3.134042721233834527e+03 2.000000000000000000e+00
7.900000000000000000e+01 9.200000000000000000e+01 3.339635134948866835e+03 5.000000000000000000e+00
3.200000000000000000e+01 7.000000000000000000e+01 3.521741098101619173e+03 2.000000000000000000e+00
4.100000000000000000e+01 5.000000000000000000e+01 3.601372235263640960e+03 2.000000000000000000e+00
1.800000000000000000e+01 6.300000000000000000e+01 3.666235570419517444e+03 2.000000000000000000e+00
9.400000000000000000e+01 9.900000000000000000e+01 3.923886750992315228e+03 8.000000000000000000e+00
8.800000000000000000e+01 9.700000000000000000e+01 4.186898997781857361e+03 5.000000000000000000e+00
9.300000000000000000e+01 1.030000000000000000e+02 4.672901577819624436e+03 1.100000000000000000e+01
5.000000000000000000e+00 6.900000000000000000e+01 5.112235063150948918e+03 2.000000000000000000e+00
2.000000000000000000e+00 5.800000000000000000e+01 5.212960832498332820e+03 2.000000000000000000e+00
1.040000000000000000e+02 1.050000000000000000e+02 5.758333381520715193e+03 1.600000000000000000e+01
9.100000000000000000e+01 1.010000000000000000e+02 6.280552180003622198e+03 5.000000000000000000e+00
1.400000000000000000e+01 9.500000000000000000e+01 6.565701739712721974e+03 3.000000000000000000e+00
9.600000000000000000e+01 9.800000000000000000e+01 6.611584607587549726e+03 4.000000000000000000e+00
5.200000000000000000e+01 5.300000000000000000e+01 6.821246435148232194e+03 2.000000000000000000e+00
9.000000000000000000e+01 1.080000000000000000e+02 7.192162082780385390e+03 1.800000000000000000e+01
1.100000000000000000e+01 1.020000000000000000e+02 7.470203940081750261e+03 3.000000000000000000e+00
1.300000000000000000e+01 2.900000000000000000e+01 7.477048681975728869e+03 2.000000000000000000e+00
4.800000000000000000e+01 6.700000000000000000e+01 8.128911977509260396e+03 2.000000000000000000e+00
7.600000000000000000e+01 1.090000000000000000e+02 8.189488611856935677e+03 6.000000000000000000e+00
3.600000000000000000e+01 1.000000000000000000e+02 8.332485373744946628e+03 3.000000000000000000e+00
1.000000000000000000e+01 8.300000000000000000e+01 8.673691971027070394e+03 3.000000000000000000e+00
5.700000000000000000e+01 1.130000000000000000e+02 8.990635869936642848e+03 1.900000000000000000e+01
1.070000000000000000e+02 1.170000000000000000e+02 9.535415832787057298e+03 8.000000000000000000e+00
3.700000000000000000e+01 1.120000000000000000e+02 1.007483992019582001e+04 3.000000000000000000e+00
8.000000000000000000e+00 6.000000000000000000e+01 1.130920837150354419e+04 2.000000000000000000e+00
5.100000000000000000e+01 1.200000000000000000e+02 1.139493489882224640e+04 2.000000000000000000e+01
2.400000000000000000e+01 1.210000000000000000e+02 1.247779214385728665e+04 9.000000000000000000e+00
2.600000000000000000e+01 3.400000000000000000e+01 1.275122630403838411e+04 2.000000000000000000e+00
3.800000000000000000e+01 1.140000000000000000e+02 1.401161827920526594e+04 4.000000000000000000e+00
1.200000000000000000e+01 1.220000000000000000e+02 1.475502176782655260e+04 4.000000000000000000e+00
1.110000000000000000e+02 1.240000000000000000e+02 1.497507242803228291e+04 2.400000000000000000e+01
3.900000000000000000e+01 1.060000000000000000e+02 1.512182195373847389e+04 3.000000000000000000e+00
6.000000000000000000e+00 1.290000000000000000e+02 1.558829100899315563e+04 2.500000000000000000e+01
4.400000000000000000e+01 6.600000000000000000e+01 1.736412558900364456e+04 2.000000000000000000e+00
1.190000000000000000e+02 1.310000000000000000e+02 1.840323329475768696e+04 2.800000000000000000e+01
1.250000000000000000e+02 1.270000000000000000e+02 1.860029733329597730e+04 1.300000000000000000e+01
1.180000000000000000e+02 1.260000000000000000e+02 1.898624928621643994e+04 5.000000000000000000e+00
2.100000000000000000e+01 1.150000000000000000e+02 1.920497973889157947e+04 3.000000000000000000e+00
3.000000000000000000e+01 1.340000000000000000e+02 2.057821532143357399e+04 1.400000000000000000e+01
6.200000000000000000e+01 7.300000000000000000e+01 2.199649177919789145e+04 2.000000000000000000e+00
5.400000000000000000e+01 6.100000000000000000e+01 2.274187021449933309e+04 2.000000000000000000e+00
7.500000000000000000e+01 1.360000000000000000e+02 2.537059654556097667e+04 4.000000000000000000e+00
7.700000000000000000e+01 1.280000000000000000e+02 2.771421149946306468e+04 5.000000000000000000e+00
1.230000000000000000e+02 1.400000000000000000e+02 2.801322185924435325e+04 6.000000000000000000e+00
0.000000000000000000e+00 1.330000000000000000e+02 2.832497222619853710e+04 2.900000000000000000e+01
1.380000000000000000e+02 1.430000000000000000e+02 2.913838784300339466e+04 3.100000000000000000e+01
5.600000000000000000e+01 1.160000000000000000e+02 2.916362167502538432e+04 3.000000000000000000e+00
1.350000000000000000e+02 1.410000000000000000e+02 3.060632948230634793e+04 1.000000000000000000e+01
4.500000000000000000e+01 1.300000000000000000e+02 3.085889172965945181e+04 4.000000000000000000e+00
5.900000000000000000e+01 1.440000000000000000e+02 3.458675775021864683e+04 3.200000000000000000e+01
1.390000000000000000e+02 1.460000000000000000e+02 3.765621256387639733e+04 1.200000000000000000e+01
4.900000000000000000e+01 1.320000000000000000e+02 3.925545227153020824e+04 3.000000000000000000e+00
5.500000000000000000e+01 1.370000000000000000e+02 3.933157594509686169e+04 1.500000000000000000e+01
6.500000000000000000e+01 1.100000000000000000e+02 4.253065437664354977e+04 4.000000000000000000e+00
1.480000000000000000e+02 1.510000000000000000e+02 4.852786389307517675e+04 4.700000000000000000e+01
1.420000000000000000e+02 1.500000000000000000e+02 5.029991089688740612e+04 9.000000000000000000e+00
1.470000000000000000e+02 1.530000000000000000e+02 6.645055645254586125e+04 5.100000000000000000e+01
1.490000000000000000e+02 1.540000000000000000e+02 7.397748689336488314e+04 2.100000000000000000e+01
1.520000000000000000e+02 1.560000000000000000e+02 8.004851726067754498e+04 2.500000000000000000e+01
8.100000000000000000e+01 1.550000000000000000e+02 8.169616001169584342e+04 5.200000000000000000e+01
1.450000000000000000e+02 1.580000000000000000e+02 1.160716445635892451e+05 5.500000000000000000e+01
1.570000000000000000e+02 1.590000000000000000e+02 1.407218854020422150e+05 8.000000000000000000e+01
8.000000000000000000e+01 1.600000000000000000e+02 3.331414984667410608e+05 8.100000000000000000e+01
6.400000000000000000e+01 1.610000000000000000e+02 4.278134238781438908e+05 8.200000000000000000e+01
