3.700000000000000000e+01 9.300000000000000000e+01 1.127017922467366589e+02 2.000000000000000000e+00
9.000000000000000000e+00 1.010000000000000000e+02 1.200536942304543118e+02 2.000000000000000000e+00
1.200000000000000000e+01 3.200000000000000000e+01 1.263302071815260206e+02 2.000000000000000000e+00
7.600000000000000000e+01 1.350000000000000000e+02 1.482143239173933296e+02 3.000000000000000000e+00
1.600000000000000000e+01 3.400000000000000000e+01 1.521507776653415931e+02 2.000000000000000000e+00
3.800000000000000000e+01 6.400000000000000000e+01 1.598908720250395845e+02 2.000000000000000000e+00
9.400000000000000000e+01 1.130000000000000000e+02 1.744223849236961996e+02 2.000000000000000000e+00
7.000000000000000000e+00 9.100000000000000000e+01 1.829223883203480909e+02 2.000000000000000000e+00
6.200000000000000000e+01 1.280000000000000000e+02 1.960961467847826043e+02 2.000000000000000000e+00
3.900000000000000000e+01 1.340000000000000000e+02 2.127797481344782113e+02 3.000000000000000000e+00
2.800000000000000000e+01 4.600000000000000000e+01 2.131425083037736385e+02 2.000000000000000000e+00
1.000000000000000000e+01 1.700000000000000000e+01 2.244987987587303451e+02 2.000000000000000000e+00
2.500000000000000000e+01 1.440000000000000000e+02 2.250910226521993138e+02 3.000000000000000000e+00
6.800000000000000000e+01 1.380000000000000000e+02 2.309132868888083863e+02 3.000000000000000000e+00
3.000000000000000000e+00 6.300000000000000000e+01 2.320486823605467634e+02 2.000000000000000000e+00
5.100000000000000000e+01 7.800000000000000000e+01 2.339655632868507382e+02 2.000000000000000000e+00
9.800000000000000000e+01 1.310000000000000000e+02 2.461037186027222106e+02 2.000000000000000000e+00
1.900000000000000000e+01 3.100000000000000000e+01 2.730997357917334512e+02 2.000000000000000000e+00
2.900000000000000000e+01 8.800000000000000000e+01 2.734658924483660485e+02 2.000000000000000000e+00
6.100000000000000000e+01 1.460000000000000000e+02 2.757112051371925645e+02 4.000000000000000000e+00
1.180000000000000000e+02 1.390000000000000000e+02 2.814377265021186076e+02 3.000000000000000000e+00
5.800000000000000000e+01 5.900000000000000000e+01 2.837246881349210526e+02 2.000000000000000000e+00
2.200000000000000000e+01 1.370000000000000000e+02 2.932997889664040372e+02 4.000000000000000000e+00
1.100000000000000000e+01 3.300000000000000000e+01 2.942122809568204502e+02 2.000000000000000000e+00
7.900000000000000000e+01 8.400000000000000000e+01 3.353340753214692995e+02 2.000000000000000000e+00
1.090000000000000000e+02 1.360000000000000000e+02 3.386679781703281833e+02 3.000000000000000000e+00
8.100000000000000000e+01 1.140000000000000000e+02 3.408441150261276107e+02 2.000000000000000000e+00
2.600000000000000000e+01 1.050000000000000000e+02 3.553738387866428639e+02 2.000000000000000000e+00
4.700000000000000000e+01 1.060000000000000000e+02 3.654326658113855046e+02 2.000000000000000000e+00
6.900000000000000000e+01 9.600000000000000000e+01 3.949509701733572911e+02 2.000000000000000000e+00
4.400000000000000000e+01 1.560000000000000000e+02 4.205669542721951757e+02 5.000000000000000000e+00
8.600000000000000000e+01 1.070000000000000000e+02 4.268976161152302211e+02 2.000000000000000000e+00
2.000000000000000000e+01 1.470000000000000000e+02 4.330248436747663732e+02 4.000000000000000000e+00
1.430000000000000000e+02 1.580000000000000000e+02 4.428026126283738222e+02 5.000000000000000000e+00
7.500000000000000000e+01 1.320000000000000000e+02 4.457181836924742129e+02 2.000000000000000000e+00
2.300000000000000000e+01 1.510000000000000000e+02 4.504764215559699210e+02 3.000000000000000000e+00
1.490000000000000000e+02 1.550000000000000000e+02 4.555296848038470898e+02 4.000000000000000000e+00
1.080000000000000000e+02 1.260000000000000000e+02 4.571666519771779349e+02 2.000000000000000000e+00
8.200000000000000000e+01 1.400000000000000000e+02 4.865803891108606649e+02 3.000000000000000000e+00
5.600000000000000000e+01 1.030000000000000000e+02 4.894971633402387852e+02 2.000000000000000000e+00
1.330000000000000000e+02 1.480000000000000000e+02 4.927038826093454986e+02 3.000000000000000000e+00
1.590000000000000000e+02 1.610000000000000000e+02 5.037335444619035343e+02 5.000000000000000000e+00
0.000000000000000000e+00 6.600000000000000000e+01 5.042945976707420641e+02 2.000000000000000000e+00
1.250000000000000000e+02 1.420000000000000000e+02 5.088820669407611490e+02 3.000000000000000000e+00
2.000000000000000000e+00 1.540000000000000000e+02 5.103246008916031542e+02 4.000000000000000000e+00
5.500000000000000000e+01 1.110000000000000000e+02 5.334307660198569465e+02 2.000000000000000000e+00
4.000000000000000000e+01 9.000000000000000000e+01 5.337277725379510684e+02 2.000000000000000000e+00
4.300000000000000000e+01 6.700000000000000000e+01 5.475126469025117331e+02 2.000000000000000000e+00
6.500000000000000000e+01 1.730000000000000000e+02 5.920440686108462387e+02 3.000000000000000000e+00
1.400000000000000000e+01 8.000000000000000000e+01 6.119572764887604990e+02 2.000000000000000000e+00
1.220000000000000000e+02 1.450000000000000000e+02 6.893603200254477770e+02 3.000000000000000000e+00
7.300000000000000000e+01 8.300000000000000000e+01 7.079775791930733249e+02 2.000000000000000000e+00
1.410000000000000000e+02 1.690000000000000000e+02 7.081744060804860510e+02 5.000000000000000000e+00
9.200000000000000000e+01 1.150000000000000000e+02 7.115629781276165886e+02 2.000000000000000000e+00
5.300000000000000000e+01 1.780000000000000000e+02 7.297005163552877320e+02 5.000000000000000000e+00
5.400000000000000000e+01 1.840000000000000000e+02 7.822439550078827324e+02 4.000000000000000000e+00
7.100000000000000000e+01 1.700000000000000000e+02 7.861619336497541326e+02 5.000000000000000000e+00
1.600000000000000000e+02 1.680000000000000000e+02 7.942662809841584703e+02 4.000000000000000000e+00
3.000000000000000000e+01 5.700000000000000000e+01 8.146438103740533734e+02 2.000000000000000000e+00
1.500000000000000000e+02 1.670000000000000000e+02 8.177973160739347804e+02 7.000000000000000000e+00
1.710000000000000000e+02 1.750000000000000000e+02 8.185919618452262512e+02 7.000000000000000000e+00
1.570000000000000000e+02 1.620000000000000000e+02 8.488567720829381642e+02 4.000000000000000000e+00
1.300000000000000000e+02 1.630000000000000000e+02 8.841315201384538796e+02 3.000000000000000000e+00
7.200000000000000000e+01 1.800000000000000000e+02 8.895584566644082543e+02 3.000000000000000000e+00
1.530000000000000000e+02 1.660000000000000000e+02 9.352749743236183804e+02 8.000000000000000000e+00
1.800000000000000000e+01 7.400000000000000000e+01 1.008896751022135732e+03 2.000000000000000000e+00
1.830000000000000000e+02 1.890000000000000000e+02 1.026503345269941974e+03 6.000000000000000000e+00
8.000000000000000000e+00 1.650000000000000000e+02 1.036130500088372401e+03 3.000000000000000000e+00
7.000000000000000000e+01 1.640000000000000000e+02 1.089133874480616669e+03 6.000000000000000000e+00
8.500000000000000000e+01 1.770000000000000000e+02 1.101576889901891946e+03 4.000000000000000000e+00
1.040000000000000000e+02 1.940000000000000000e+02 1.149369673048112645e+03 8.000000000000000000e+00
3.500000000000000000e+01 2.040000000000000000e+02 1.200665478892799683e+03 9.000000000000000000e+00
1.930000000000000000e+02 1.960000000000000000e+02 1.258113439349085411e+03 1.000000000000000000e+01
1.880000000000000000e+02 2.020000000000000000e+02 1.270236575922666816e+03 1.100000000000000000e+01
1.720000000000000000e+02 1.980000000000000000e+02 1.273351911052438709e+03 1.100000000000000000e+01
1.820000000000000000e+02 1.900000000000000000e+02 1.278815368874393698e+03 8.000000000000000000e+00
1.290000000000000000e+02 2.050000000000000000e+02 1.351236698313027773e+03 1.000000000000000000e+01
1.100000000000000000e+02 2.030000000000000000e+02 1.412786707288618345e+03 5.000000000000000000e+00
2.400000000000000000e+01 2.090000000000000000e+02 1.439222103357546075e+03 9.000000000000000000e+00
6.000000000000000000e+01 1.920000000000000000e+02 1.447692161717061254e+03 3.000000000000000000e+00
1.870000000000000000e+02 1.990000000000000000e+02 1.465647494723285035e+03 4.000000000000000000e+00
1.240000000000000000e+02 2.000000000000000000e+02 1.480617758472624928e+03 7.000000000000000000e+00
8.700000000000000000e+01 1.910000000000000000e+02 1.526327340393249642e+03 5.000000000000000000e+00
4.500000000000000000e+01 9.500000000000000000e+01 1.570530055554072987e+03 2.000000000000000000e+00
4.100000000000000000e+01 2.110000000000000000e+02 1.592298465361256376e+03 6.000000000000000000e+00
1.740000000000000000e+02 1.950000000000000000e+02 1.609933518766870748e+03 7.000000000000000000e+00
2.100000000000000000e+01 1.860000000000000000e+02 1.644626152122839812e+03 6.000000000000000000e+00
1.210000000000000000e+02 2.130000000000000000e+02 1.720847621664040389e+03 4.000000000000000000e+00
1.970000000000000000e+02 2.080000000000000000e+02 1.748531186101774210e+03 1.400000000000000000e+01
1.790000000000000000e+02 1.810000000000000000e+02 1.789862644307667779e+03 4.000000000000000000e+00
2.060000000000000000e+02 2.140000000000000000e+02 1.956628646392336805e+03 1.400000000000000000e+01
2.100000000000000000e+02 2.230000000000000000e+02 2.027073143477762869e+03 1.400000000000000000e+01
1.520000000000000000e+02 2.120000000000000000e+02 2.028240304289102596e+03 1.100000000000000000e+01
1.300000000000000000e+01 1.200000000000000000e+02 2.062995429851009249e+03 2.000000000000000000e+00
4.800000000000000000e+01 7.700000000000000000e+01 2.100228280582361094e+03 2.000000000000000000e+00
5.000000000000000000e+00 2.010000000000000000e+02 2.206286445813605951e+03 4.000000000000000000e+00
1.000000000000000000e+00 1.850000000000000000e+02 2.297456678203888714e+03 3.000000000000000000e+00
6.000000000000000000e+00 2.190000000000000000e+02 2.319243874568182946e+03 8.000000000000000000e+00
2.070000000000000000e+02 2.160000000000000000e+02 2.328689971088489983e+03 1.600000000000000000e+01
1.760000000000000000e+02 2.320000000000000000e+02 2.509753547218608674e+03 1.800000000000000000e+01
4.000000000000000000e+00 1.020000000000000000e+02 2.642015208518434520e+03 2.000000000000000000e+00
5.000000000000000000e+01 1.120000000000000000e+02 2.722848800924117313e+03 2.000000000000000000e+00
2.200000000000000000e+02 2.240000000000000000e+02 2.744754116707291359e+03 2.000000000000000000e+01
3.600000000000000000e+01 2.340000000000000000e+02 2.893545921930815894e+03 3.000000000000000000e+00
1.500000000000000000e+01 9.900000000000000000e+01 3.105926877583980058e+03 2.000000000000000000e+00
4.900000000000000000e+01 1.270000000000000000e+02 3.453708946667122291e+03 2.000000000000000000e+00
1.190000000000000000e+02 2.290000000000000000e+02 3.646207072276636609e+03 5.000000000000000000e+00
2.180000000000000000e+02 2.210000000000000000e+02 3.650594413481757783e+03 1.000000000000000000e+01
2.700000000000000000e+01 9.700000000000000000e+01 3.652680379872203957e+03 2.000000000000000000e+00
2.150000000000000000e+02 2.250000000000000000e+02 3.839193993641101315e+03 2.100000000000000000e+01
1.230000000000000000e+02 2.270000000000000000e+02 3.976341380729371394e+03 3.000000000000000000e+00
2.330000000000000000e+02 2.420000000000000000e+02 4.098870914761627319e+03 2.000000000000000000e+01
5.200000000000000000e+01 2.300000000000000000e+02 4.247860877541193076e+03 4.000000000000000000e+00
2.220000000000000000e+02 2.360000000000000000e+02 4.375028009152650156e+03 3.400000000000000000e+01
1.160000000000000000e+02 2.170000000000000000e+02 4.449931157533686019e+03 3.000000000000000000e+00
2.430000000000000000e+02 2.460000000000000000e+02 4.950786358840418870e+03 2.500000000000000000e+01
4.200000000000000000e+01 2.350000000000000000e+02 5.144981926459617171e+03 3.000000000000000000e+00
2.260000000000000000e+02 2.310000000000000000e+02 5.319511492318029013e+03 1.900000000000000000e+01
2.450000000000000000e+02 2.470000000000000000e+02 6.218769353038326699e+03 5.400000000000000000e+01
2.410000000000000000e+02 2.440000000000000000e+02 7.067102672262723900e+03 1.300000000000000000e+01
2.370000000000000000e+02 2.510000000000000000e+02 7.548842731405507038e+03 2.200000000000000000e+01
2.480000000000000000e+02 2.500000000000000000e+02 8.171440212580060688e+03 6.000000000000000000e+00
2.490000000000000000e+02 2.540000000000000000e+02 8.974596256330267352e+03 4.700000000000000000e+01
2.400000000000000000e+02 2.520000000000000000e+02 9.263001018871080305e+03 5.900000000000000000e+01
2.530000000000000000e+02 2.550000000000000000e+02 9.896741895783201471e+03 1.900000000000000000e+01
2.390000000000000000e+02 2.570000000000000000e+02 1.313665726974878453e+04 6.100000000000000000e+01
2.380000000000000000e+02 2.580000000000000000e+02 1.448984908645727955e+04 2.100000000000000000e+01
2.590000000000000000e+02 2.600000000000000000e+02 2.213149838843602265e+04 8.200000000000000000e+01
1.000000000000000000e+02 2.280000000000000000e+02 2.232107996944318074e+04 3.000000000000000000e+00
2.560000000000000000e+02 2.610000000000000000e+02 3.410647077710343729e+04 1.290000000000000000e+02
8.900000000000000000e+01 2.630000000000000000e+02 1.178306947492320760e+05 1.300000000000000000e+02
2.620000000000000000e+02 2.640000000000000000e+02 2.180669297858703940e+05 1.330000000000000000e+02
1.170000000000000000e+02 2.650000000000000000e+02 1.372084785336100962e+06 1.340000000000000000e+02
