7.600000000000000000e+01 1.390000000000000000e+02 2.602069091796875000e+01 2.000000000000000000e+00
1.000000000000000000e+01 6.800000000000000000e+01 4.273883056640625000e+01 2.000000000000000000e+00
6.200000000000000000e+01 1.020000000000000000e+02 5.163232421875000000e+01 2.000000000000000000e+00
1.230000000000000000e+02 1.580000000000000000e+02 5.322825217026381495e+01 3.000000000000000000e+00
7.400000000000000000e+01 1.100000000000000000e+02 7.234729003906250000e+01 2.000000000000000000e+00
6.000000000000000000e+01 1.430000000000000000e+02 7.246929931640625000e+01 2.000000000000000000e+00
3.800000000000000000e+01 7.300000000000000000e+01 7.247399902343750000e+01 2.000000000000000000e+00
2.800000000000000000e+01 1.370000000000000000e+02 7.566137695312500000e+01 2.000000000000000000e+00
3.300000000000000000e+01 7.000000000000000000e+01 8.987084960937500000e+01 2.000000000000000000e+00
4.100000000000000000e+01 9.300000000000000000e+01 9.025964355468750000e+01 2.000000000000000000e+00
1.090000000000000000e+02 1.170000000000000000e+02 9.921911621093750000e+01 2.000000000000000000e+00
1.190000000000000000e+02 1.250000000000000000e+02 1.003046875000000000e+02 2.000000000000000000e+00
1.300000000000000000e+01 2.300000000000000000e+01 1.029789428710937500e+02 2.000000000000000000e+00
3.000000000000000000e+00 1.380000000000000000e+02 1.090732421875000000e+02 2.000000000000000000e+00
5.900000000000000000e+01 1.560000000000000000e+02 1.116743164062500000e+02 2.000000000000000000e+00
7.200000000000000000e+01 1.620000000000000000e+02 1.151110893138317977e+02 3.000000000000000000e+00
1.900000000000000000e+01 1.600000000000000000e+02 1.166222108376007895e+02 3.000000000000000000e+00
6.900000000000000000e+01 1.320000000000000000e+02 1.188255615234375000e+02 2.000000000000000000e+00
1.200000000000000000e+01 6.500000000000000000e+01 1.213067016601562500e+02 2.000000000000000000e+00
5.700000000000000000e+01 1.610000000000000000e+02 1.236848910875092287e+02 4.000000000000000000e+00
5.000000000000000000e+00 9.100000000000000000e+01 1.290173339843750000e+02 2.000000000000000000e+00
3.400000000000000000e+01 3.700000000000000000e+01 1.331123046875000000e+02 2.000000000000000000e+00
7.800000000000000000e+01 1.700000000000000000e+02 1.344377645044953624e+02 3.000000000000000000e+00
1.500000000000000000e+01 1.440000000000000000e+02 1.366176757812500000e+02 2.000000000000000000e+00
0.000000000000000000e+00 4.800000000000000000e+01 1.369846191406250000e+02 2.000000000000000000e+00
3.600000000000000000e+01 7.100000000000000000e+01 1.379705810546875000e+02 2.000000000000000000e+00
1.700000000000000000e+01 5.200000000000000000e+01 1.416124267578125000e+02 2.000000000000000000e+00
2.100000000000000000e+01 5.600000000000000000e+01 1.420762939453125000e+02 2.000000000000000000e+00
6.100000000000000000e+01 1.040000000000000000e+02 1.438233642578125000e+02 2.000000000000000000e+00
3.000000000000000000e+01 4.900000000000000000e+01 1.488339843750000000e+02 2.000000000000000000e+00
2.000000000000000000e+00 1.570000000000000000e+02 1.494543457031250000e+02 2.000000000000000000e+00
1.050000000000000000e+02 1.590000000000000000e+02 1.503139205246935717e+02 3.000000000000000000e+00
9.500000000000000000e+01 1.770000000000000000e+02 1.527517383639069806e+02 5.000000000000000000e+00
2.200000000000000000e+01 1.490000000000000000e+02 1.556130371093750000e+02 2.000000000000000000e+00
8.400000000000000000e+01 1.080000000000000000e+02 1.579777832031250000e+02 2.000000000000000000e+00
1.600000000000000000e+01 1.180000000000000000e+02 1.581433105468750000e+02 2.000000000000000000e+00
9.800000000000000000e+01 1.650000000000000000e+02 1.585307731525684574e+02 3.000000000000000000e+00
6.300000000000000000e+01 1.410000000000000000e+02 1.613681640625000000e+02 2.000000000000000000e+00
1.300000000000000000e+02 1.690000000000000000e+02 1.658183553048033332e+02 3.000000000000000000e+00
1.400000000000000000e+02 1.750000000000000000e+02 1.671092149498618653e+02 3.000000000000000000e+00
8.000000000000000000e+00 8.100000000000000000e+01 1.722130126953125000e+02 2.000000000000000000e+00
1.010000000000000000e+02 1.460000000000000000e+02 1.734663085937500000e+02 2.000000000000000000e+00
5.400000000000000000e+01 1.710000000000000000e+02 1.734949841964180166e+02 3.000000000000000000e+00
1.160000000000000000e+02 1.760000000000000000e+02 1.763981783640720380e+02 3.000000000000000000e+00
5.100000000000000000e+01 1.480000000000000000e+02 1.790267333984375000e+02 2.000000000000000000e+00
1.100000000000000000e+01 1.400000000000000000e+01 1.790742187500000000e+02 2.000000000000000000e+00
9.000000000000000000e+01 1.740000000000000000e+02 1.794062586505015133e+02 4.000000000000000000e+00
4.300000000000000000e+01 1.060000000000000000e+02 1.826990966796875000e+02 2.000000000000000000e+00
1.000000000000000000e+02 1.720000000000000000e+02 1.835451449497548708e+02 3.000000000000000000e+00
4.500000000000000000e+01 1.240000000000000000e+02 1.863012695312500000e+02 2.000000000000000000e+00
2.500000000000000000e+01 5.300000000000000000e+01 1.893395996093750000e+02 2.000000000000000000e+00
8.900000000000000000e+01 1.150000000000000000e+02 1.912617187500000000e+02 2.000000000000000000e+00
6.000000000000000000e+00 7.900000000000000000e+01 1.925269775390625000e+02 2.000000000000000000e+00
9.700000000000000000e+01 1.330000000000000000e+02 1.935539550781250000e+02 2.000000000000000000e+00
8.300000000000000000e+01 1.860000000000000000e+02 1.951214142837773693e+02 3.000000000000000000e+00
4.000000000000000000e+01 1.640000000000000000e+02 1.961754123049795737e+02 3.000000000000000000e+00
8.200000000000000000e+01 8.500000000000000000e+01 1.991261901855468750e+02 2.000000000000000000e+00
9.600000000000000000e+01 1.820000000000000000e+02 2.019173585549268068e+02 3.000000000000000000e+00
2.700000000000000000e+01 4.700000000000000000e+01 2.085233154296875000e+02 2.000000000000000000e+00
1.110000000000000000e+02 1.510000000000000000e+02 2.122514648437500000e+02 2.000000000000000000e+00
1.540000000000000000e+02 2.050000000000000000e+02 2.172535172310880398e+02 3.000000000000000000e+00
1.670000000000000000e+02 1.950000000000000000e+02 2.235082557047317948e+02 4.000000000000000000e+00
1.780000000000000000e+02 1.940000000000000000e+02 2.251730195805054109e+02 5.000000000000000000e+00
6.400000000000000000e+01 2.010000000000000000e+02 2.290248373451683790e+02 4.000000000000000000e+00
1.890000000000000000e+02 2.040000000000000000e+02 2.331466503278669222e+02 7.000000000000000000e+00
1.630000000000000000e+02 1.800000000000000000e+02 2.379370735139489739e+02 5.000000000000000000e+00
7.700000000000000000e+01 8.600000000000000000e+01 2.382406005859375000e+02 2.000000000000000000e+00
1.450000000000000000e+02 1.790000000000000000e+02 2.387031993379348194e+02 3.000000000000000000e+00
2.110000000000000000e+02 2.130000000000000000e+02 2.406689081146101046e+02 5.000000000000000000e+00
2.600000000000000000e+01 1.870000000000000000e+02 2.428107589360801057e+02 3.000000000000000000e+00
1.360000000000000000e+02 1.530000000000000000e+02 2.455465087890625000e+02 2.000000000000000000e+00
1.260000000000000000e+02 1.970000000000000000e+02 2.497700640252192272e+02 4.000000000000000000e+00
5.500000000000000000e+01 1.930000000000000000e+02 2.513528321374542429e+02 3.000000000000000000e+00
1.840000000000000000e+02 2.250000000000000000e+02 2.548239824294230402e+02 5.000000000000000000e+00
4.400000000000000000e+01 2.140000000000000000e+02 2.557241245528196032e+02 3.000000000000000000e+00
9.400000000000000000e+01 1.680000000000000000e+02 2.586047098343999551e+02 3.000000000000000000e+00
5.000000000000000000e+01 1.340000000000000000e+02 2.651788330078125000e+02 2.000000000000000000e+00
9.900000000000000000e+01 2.000000000000000000e+02 2.706986029681842183e+02 4.000000000000000000e+00
1.830000000000000000e+02 2.030000000000000000e+02 2.763991764311923021e+02 4.000000000000000000e+00
1.280000000000000000e+02 1.900000000000000000e+02 2.764392962732197248e+02 6.000000000000000000e+00
2.240000000000000000e+02 2.300000000000000000e+02 2.774656826782672852e+02 5.000000000000000000e+00
1.810000000000000000e+02 2.090000000000000000e+02 2.803144672885327395e+02 4.000000000000000000e+00
3.500000000000000000e+01 2.260000000000000000e+02 2.868086659354918879e+02 6.000000000000000000e+00
1.660000000000000000e+02 2.160000000000000000e+02 3.016600131197337191e+02 4.000000000000000000e+00
4.200000000000000000e+01 2.360000000000000000e+02 3.111793111661247622e+02 5.000000000000000000e+00
1.130000000000000000e+02 1.880000000000000000e+02 3.116253167138171420e+02 3.000000000000000000e+00
1.200000000000000000e+02 2.190000000000000000e+02 3.131902595304894703e+02 5.000000000000000000e+00
8.800000000000000000e+01 1.990000000000000000e+02 3.249526862129753226e+02 3.000000000000000000e+00
4.600000000000000000e+01 6.700000000000000000e+01 3.304317626953125000e+02 2.000000000000000000e+00
2.900000000000000000e+01 2.280000000000000000e+02 3.379389927699747318e+02 3.000000000000000000e+00
7.000000000000000000e+00 2.410000000000000000e+02 3.414742564136512328e+02 5.000000000000000000e+00
1.910000000000000000e+02 2.200000000000000000e+02 3.492785277738776131e+02 7.000000000000000000e+00
1.730000000000000000e+02 2.370000000000000000e+02 3.544706637654780934e+02 9.000000000000000000e+00
8.700000000000000000e+01 1.470000000000000000e+02 3.557404785156250000e+02 2.000000000000000000e+00
1.140000000000000000e+02 2.390000000000000000e+02 3.569066427795525556e+02 5.000000000000000000e+00
1.960000000000000000e+02 2.070000000000000000e+02 3.657978068203560156e+02 5.000000000000000000e+00
6.600000000000000000e+01 1.220000000000000000e+02 3.732283935546875000e+02 2.000000000000000000e+00
2.400000000000000000e+01 1.270000000000000000e+02 3.744118652343750000e+02 2.000000000000000000e+00
1.350000000000000000e+02 1.920000000000000000e+02 3.746279393644977631e+02 3.000000000000000000e+00
2.330000000000000000e+02 2.450000000000000000e+02 3.757803753955002435e+02 6.000000000000000000e+00
1.000000000000000000e+00 1.310000000000000000e+02 3.825338134765625000e+02 2.000000000000000000e+00
4.000000000000000000e+00 2.020000000000000000e+02 3.961025652071605805e+02 3.000000000000000000e+00
7.500000000000000000e+01 1.550000000000000000e+02 4.030985107421875000e+02 2.000000000000000000e+00
1.850000000000000000e+02 2.220000000000000000e+02 4.070735482025550596e+02 9.000000000000000000e+00
2.180000000000000000e+02 2.210000000000000000e+02 4.130830638208642540e+02 7.000000000000000000e+00
1.800000000000000000e+01 2.270000000000000000e+02 4.302789725631727151e+02 4.000000000000000000e+00
9.000000000000000000e+00 2.320000000000000000e+02 4.395146921589439444e+02 4.000000000000000000e+00
2.310000000000000000e+02 2.470000000000000000e+02 4.422659818148349018e+02 8.000000000000000000e+00
2.120000000000000000e+02 2.440000000000000000e+02 4.515459301880517842e+02 8.000000000000000000e+00
1.070000000000000000e+02 2.580000000000000000e+02 4.524606174711954623e+02 3.000000000000000000e+00
2.100000000000000000e+02 2.610000000000000000e+02 4.538843594325628601e+02 1.100000000000000000e+01
2.550000000000000000e+02 2.560000000000000000e+02 4.609510915272956595e+02 5.000000000000000000e+00
1.980000000000000000e+02 2.570000000000000000e+02 4.857929672088545203e+02 8.000000000000000000e+00
2.170000000000000000e+02 2.520000000000000000e+02 4.973485121077888493e+02 7.000000000000000000e+00
2.060000000000000000e+02 2.290000000000000000e+02 5.135330663929705679e+02 7.000000000000000000e+00
3.900000000000000000e+01 2.620000000000000000e+02 5.187037151984545744e+02 8.000000000000000000e+00
3.100000000000000000e+01 2.490000000000000000e+02 5.236273759098396567e+02 8.000000000000000000e+00
1.520000000000000000e+02 2.600000000000000000e+02 5.297114428560076931e+02 3.000000000000000000e+00
2.080000000000000000e+02 2.460000000000000000e+02 5.314946734142638434e+02 4.000000000000000000e+00
2.150000000000000000e+02 2.650000000000000000e+02 5.445378299393782981e+02 1.100000000000000000e+01
2.420000000000000000e+02 2.590000000000000000e+02 5.639214758441867161e+02 8.000000000000000000e+00
1.500000000000000000e+02 2.340000000000000000e+02 5.695235009622849702e+02 3.000000000000000000e+00
3.200000000000000000e+01 2.690000000000000000e+02 6.096154788537958211e+02 6.000000000000000000e+00
2.400000000000000000e+02 2.430000000000000000e+02 6.201150761116120975e+02 9.000000000000000000e+00
2.500000000000000000e+02 2.720000000000000000e+02 6.293614832509913413e+02 1.600000000000000000e+01
2.350000000000000000e+02 2.510000000000000000e+02 6.580557095773460787e+02 6.000000000000000000e+00
2.630000000000000000e+02 2.710000000000000000e+02 7.024826420368116260e+02 1.100000000000000000e+01
2.770000000000000000e+02 2.780000000000000000e+02 7.251992773727869235e+02 1.900000000000000000e+01
2.790000000000000000e+02 2.830000000000000000e+02 7.474826131451060292e+02 9.000000000000000000e+00
8.000000000000000000e+01 2.740000000000000000e+02 7.661963563360911849e+02 9.000000000000000000e+00
1.120000000000000000e+02 2.380000000000000000e+02 7.717446844153735128e+02 6.000000000000000000e+00
2.700000000000000000e+02 2.850000000000000000e+02 8.029699926869337787e+02 2.700000000000000000e+01
2.660000000000000000e+02 2.670000000000000000e+02 8.166027439703406117e+02 1.100000000000000000e+01
2.530000000000000000e+02 2.840000000000000000e+02 8.247400138395074691e+02 1.600000000000000000e+01
1.420000000000000000e+02 2.900000000000000000e+02 8.508949263303034058e+02 1.200000000000000000e+01
2.750000000000000000e+02 2.890000000000000000e+02 9.651821255097029280e+02 3.000000000000000000e+01
2.230000000000000000e+02 2.880000000000000000e+02 1.012511553609495536e+03 1.100000000000000000e+01
2.540000000000000000e+02 2.730000000000000000e+02 1.017174722966957916e+03 1.000000000000000000e+01
2.800000000000000000e+02 2.810000000000000000e+02 1.174907693193617433e+03 1.500000000000000000e+01
2.870000000000000000e+02 2.920000000000000000e+02 1.191179302540442677e+03 2.100000000000000000e+01
2.640000000000000000e+02 2.760000000000000000e+02 1.219283333742165951e+03 8.000000000000000000e+00
2.480000000000000000e+02 2.820000000000000000e+02 1.223281926134491414e+03 2.100000000000000000e+01
2.930000000000000000e+02 2.950000000000000000e+02 1.352267216597380184e+03 4.000000000000000000e+01
2.860000000000000000e+02 2.910000000000000000e+02 1.368453681965206897e+03 2.500000000000000000e+01
2.680000000000000000e+02 3.000000000000000000e+02 1.489497644458763034e+03 5.100000000000000000e+01
5.800000000000000000e+01 2.970000000000000000e+02 1.512282539450238801e+03 2.200000000000000000e+01
2.940000000000000000e+02 2.980000000000000000e+02 1.763787118963874036e+03 1.900000000000000000e+01
9.200000000000000000e+01 1.030000000000000000e+02 1.875429443359375000e+03 2.000000000000000000e+00
2.990000000000000000e+02 3.010000000000000000e+02 2.114426625231336857e+03 4.600000000000000000e+01
2.960000000000000000e+02 3.020000000000000000e+02 2.805789861094593562e+03 6.600000000000000000e+01
3.030000000000000000e+02 3.060000000000000000e+02 3.268733672302841569e+03 6.800000000000000000e+01
3.040000000000000000e+02 3.080000000000000000e+02 3.940781738967719320e+03 8.700000000000000000e+01
3.070000000000000000e+02 3.090000000000000000e+02 1.668855861112106868e+04 1.530000000000000000e+02
2.000000000000000000e+01 1.290000000000000000e+02 2.552442187500000000e+04 2.000000000000000000e+00
3.050000000000000000e+02 3.100000000000000000e+02 4.193395435640161304e+04 1.550000000000000000e+02
1.210000000000000000e+02 3.110000000000000000e+02 8.713779817165236454e+04 3.000000000000000000e+00
3.120000000000000000e+02 3.130000000000000000e+02 8.736316568950060755e+05 1.580000000000000000e+02
