6.294238223120381008e+03
4.683341053285656926e+03
4.954825978349416800e+03
2.958934175882725867e+03
1.918677965989806125e+03
3.433973271425662460e+03
4.165749163151169341e+03
6.191071096674942964e+03
3.866977875278373176e+03
4.305064793972172629e+04
1.494596929477027061e+03
3.954661310843055162e+03
4.701789957904707990e+03
7.493783754920978936e+03
3.319240731108461659e+03
3.376118757934576024e+03
4.691321264162902480e+03
6.907772337257339132e+03
5.315061977036294593e+03
1.598144263205919924e+04
4.619023239888043463e+03
2.692873204132028150e+03
3.941993616514368114e+03
3.137879712277698673e+03
3.470546328195788192e+03
6.575930979617331104e+03
4.014961056228318739e+03
3.479626203431284011e+03
3.335823313350319950e+03
3.308985515588008639e+03
2.685451441685087957e+03
6.301277292427786961e+03
7.323937812198682877e+03
4.464085474650808465e+03
4.470165158091978810e+03
2.358326438234435955e+03
8.035597005523502958e+03
3.804102622601082658e+03
3.621488263775434461e+03
3.470001834518703618e+03
4.170456860119321391e+03
7.506358236836213109e+03
4.643498368353565638e+03
5.637907888563092456e+03
3.583994798669351439e+03
3.136501915480350362e+03
1.073059683578856857e+04
8.863772377829047400e+03
3.724759180259095501e+03
3.552656652083321660e+03
4.238316196477930134e+03
4.978075646636149941e+03
5.018033209677574632e+03
4.050605447870903845e+03
2.850042922729970996e+03
8.670761266627039731e+03
4.602019313985560075e+03
3.700073408715430560e+03
4.381013337971248802e+03
6.729735773710910507e+03
5.456382132339946111e+03
3.147509332666074442e+03
4.132505730811888498e+03
3.229555295047646268e+03
3.044614706948925232e+03
6.538679237727933469e+03
3.447991754798060356e+03
4.233030505400360198e+03
4.079548087911282437e+03
2.290759616591696613e+03
4.079106977736983936e+03
4.282221442493624636e+03
3.977329959524579863e+03
8.247525769828684133e+03
7.194099576102122228e+03
6.842927798257474933e+03
4.703009158909812868e+03
7.398812061282411378e+03
1.024226786939976228e+04
3.567890381103869458e+03
4.180909472382751846e+04
8.051205345617181592e+03
3.757534794919159140e+03
6.265583057126197673e+03
7.515190524806985195e+03
3.551117545735142812e+03
6.030014387379379514e+03
7.742803867299489866e+03
4.661557441426992227e+03
3.092489015331066639e+03
1.241790016608321093e+04
7.587004212015812300e+03
5.521427731427427716e+03
7.809026289806102795e+03
2.874941434210724765e+03
6.214056573084597403e+03
5.057255742656820075e+03
4.614962265638644567e+03
6.807860287244273422e+03
8.735127308927021659e+03
7.621616629159420881e+03
7.496993272265415726e+03
3.806026672959487769e+03
9.972048549870061834e+03
5.204325906136356025e+03
2.939765474950739190e+03
6.028344277883547875e+03
1.585744372011465384e+04
7.776714577785022811e+03
6.713792960925879015e+03
8.455212141178490128e+03
3.026785415499311057e+03
1.063825641863546480e+03
5.232386939518593863e+03
1.891288766504570049e+03
3.512320414767357761e+03
7.616663934046177019e+03
8.005843801363500461e+03
5.491820104764409734e+03
6.862156161197987785e+03
7.790233171748751374e+03
3.950426759048520125e+03
1.131687942779751393e+04
1.460122287174747044e+03
4.067735817879745809e+03
5.433792180675103737e+03
6.437358780725429824e+03
3.139558992716302782e+03
4.204109746397823983e+03
3.099616619066964631e+03
1.447472576498872513e+04
2.950759361290244669e+03
3.286210846394797954e+03
4.014235368569326965e+03
4.635382412059510898e+03
8.536519680751958731e+03
4.101353295608984808e+03
3.552064260249763720e+03
3.438481275035167073e+03
4.092740270219283047e+03
5.906005907284898058e+03
5.007653767930894901e+03
3.452277807772310098e+03
7.985816810061955039e+03
5.510345698375107531e+03
5.014356791361688920e+03
2.138162773352280965e+03
5.179141392436116803e+03
9.827415275309847857e+03
1.159009574595058439e+03
3.320972200125206291e+04
7.005100930083552157e+03
2.445206726708370297e+03
2.491005295311040754e+03
5.163487629412055867e+03
1.291492294683112505e+03
2.868698314517190738e+03
2.822016391099105022e+03
4.176157727329614318e+03
1.717477784384088409e+03
9.976485121028428694e+03
6.395651106553232239e+03
4.325536057085191715e+03
5.685967456310694615e+03
1.458139092303033067e+03
4.814568236246166634e+03
2.970678785809975125e+03
2.403398892451422398e+03
4.234625571799513637e+03
4.856671404828616687e+03
5.009364050025020333e+03
5.790957453153059760e+03
3.379626395267093812e+03
6.446318092465050540e+03
2.622089181196521167e+03
1.514365334691891348e+03
4.771437812245277200e+03
1.324351252059578837e+04
5.640149222054801612e+03
4.602905843916292724e+03
5.583215250296071645e+03
1.227905693773720486e+03
5.452640354782499344e+03
2.166238725963713478e+03
3.310624531567667873e+03
2.368508995607102406e+03
5.938389917027472620e+03
7.234363202413657746e+03
4.565965937116932764e+03
5.276221362687246256e+03
6.068255398759913078e+03
1.400613016562939265e+03
6.398038577361509851e+03
3.080759217555877967e+03
1.278696065875124987e+03
4.315266809376670608e+03
4.666840851432886666e+03
2.281798462783256582e+03
1.336806274448269050e+03
1.911200042958085305e+03
1.331993749580313852e+04
2.940162094828977388e+03
9.690544242856349229e+02
1.196231367691202649e+03
1.792102591209844832e+03
5.943313602210634599e+03
2.444837356479625669e+03
1.381747581466009706e+03
1.922007276291365997e+03
1.768753185917784322e+03
4.497698023970997383e+03
2.459634791554304684e+03
1.796940804556320927e+03
6.332909330946465161e+03
6.922524946146833827e+03
4.738022514017072353e+03
6.968354812578620113e+03
8.220670057801291478e+03
5.798597171780767894e+03
4.566465010697489197e+04
8.416721369347716973e+03
5.967915535499571888e+03
6.575847795779875014e+03
1.051933201724318496e+04
6.363376826500591051e+03
5.754597726437963502e+03
7.811885397175670732e+03
9.732536745547795363e+03
9.131280869599240759e+03
1.842035926727468905e+04
5.063092219888894761e+02
3.521877047138379567e+03
7.130466902161054350e+03
2.581960493688648967e+03
5.356656033521152494e+03
1.036846174325847278e+04
7.333209427720013991e+03
5.110595363260103113e+03
8.743237238716415959e+03
7.045007740352459223e+03
7.235176884891521695e+03
6.983119147784595953e+03
9.250466808682635019e+03
8.849759321449982963e+03
6.275119047387383944e+03
4.022266483575762322e+03
1.649266727179195004e+04
7.415039444313985769e+03
6.209648748870460622e+03
8.710535581272244599e+03
6.446594132782675842e+03
9.733067733065472567e+03
1.042048633558807887e+04
5.764005081275430712e+03
3.713165422427152407e+03
6.175393889376131483e+03
1.300926636861400584e+04
1.051923957415222503e+04
6.134190399219092797e+03
7.179358865958798560e+03
7.794750867769079377e+03
1.230829109318877090e+04
5.764331902062312111e+03
8.114622000397472220e+03
3.190123963459623610e+03
1.222886870026326142e+04
6.241757040692325063e+03
6.647466035310844745e+03
6.726200631229646206e+03
1.373378266070365498e+04
6.273677311077946797e+03
3.961990337668401480e+03
5.383973629134165094e+03
3.990022138202472888e+03
8.303109946964656046e+03
1.026040785302539007e+04
5.971814567716396596e+03
5.558697650046797207e+03
6.645011726191475645e+03
3.205290574616753474e+03
4.895125867258117069e+03
7.134657159705260710e+03
1.380807791422443643e+03
3.108027037807986744e+03
1.584121710269404957e+03
4.707585743652556630e+03
4.037020682740042503e+03
3.901023298156425881e+04
2.970079049536245293e+03
3.652078648782096025e+03
5.039226003379892063e+03
8.036213896842542454e+03
3.469924079236370744e+03
3.210656497492846938e+03
4.286633708341798410e+03
6.743975717785080633e+03
5.312181970324849317e+03
1.573401515915609343e+04
6.331165399480432825e+03
1.558630480965968218e+03
1.358000705427326920e+03
3.210639992102363522e+03
1.741722831858010977e+03
6.124837118700991596e+03
3.474275937142253497e+03
1.834702656016140054e+03
1.175208716391478902e+03
8.566274778047702512e+02
6.577253573230643724e+02
6.247330668007382883e+03
7.137940663392419083e+03
3.866670004359486484e+03
5.303272940924745853e+03
3.071175489334700615e+02
7.172798692552196371e+03
2.198490576692785908e+03
1.782845297649104168e+03
5.947001331275916982e+02
4.971032194112164689e+03
7.998939281889030099e+03
4.181735020231486487e+03
5.472937631188584419e+03
3.366957551595211498e+03
3.868807867423681728e+02
1.033263964630394912e+04
7.809194751252041897e+03
1.560288141812886579e+03
7.750219086694683028e+02
4.210030303633385302e+03
1.901769009122304169e+03
5.126972775966367408e+03
4.986993993325647352e+03
1.285839618978467570e+03
9.619478235965880231e+03
4.175415390976161689e+03
4.994708129324204492e+03
4.703940156008363374e+03
6.301571784519708672e+03
5.395267187274004755e+03
3.774902804013293462e+03
4.241033145127035823e+03
3.457806013587379312e+03
1.217160342284475064e+03
7.942632933012046124e+03
3.557646773960183054e+03
4.008461675859022307e+03
3.849343999101426107e+03
1.024935819907072755e+03
3.761426750389581230e+03
4.620219949442494908e+03
2.382322700224900473e+03
2.017830688033178149e+03
5.516856576940897867e+03
3.206938817981339525e+03
4.074717497854441172e+04
1.459281544308795219e+03
3.046882949275875944e+03
4.391843698387738186e+03
6.994082194193365467e+03
2.795322612172921708e+03
2.826709909104926737e+03
3.522453965529256493e+03
5.585518195743421529e+03
4.598797943723317985e+03
1.480403178671788737e+04
6.856182026407888770e+03
1.515195849086710950e+03
1.889475093928124124e+03
2.511399800801059882e+03
2.274261186071443717e+03
5.597920972994432304e+03
2.675709279565805446e+03
1.814622260446733435e+03
2.152308550367377848e+03
1.644728003294277642e+03
1.583349632847623070e+03
5.467897564730515114e+03
5.633040235588820906e+03
3.138959449152804154e+03
4.812006835963861704e+03
1.202887197714823515e+03
7.760574577776512342e+03
2.804373675982085842e+03
1.774578350491356105e+03
1.734637060599593042e+03
4.161813613018992328e+03
8.237854025944070600e+03
3.025061633492530746e+03
4.817676974174730276e+03
2.722177847920012482e+03
1.331755047537900964e+03
9.842157742018187491e+03
6.881687962854024590e+03
2.085128848118729366e+03
1.788326694123750030e+03
3.354966595305397732e+03
2.282278493952561348e+03
4.442700779411101394e+03
4.481136940732359108e+03
1.458282373384075754e+03
9.106142526583353174e+03
3.483653658913148774e+03
4.037084521630831659e+03
3.996941366896230193e+03
7.063854354862098262e+03
4.149240095258378460e+03
3.101930534803238061e+03
3.832217858335346136e+03
2.773059506716045234e+03
2.832778997154013723e+03
7.467347555022937740e+03
2.926768688996339733e+03
3.234310289774761713e+03
3.114019456906101823e+03
1.554352756153190512e+03
3.040838695692059446e+03
3.728621666342844037e+03
2.847685405348182485e+03
6.193868539228515147e+03
8.732979076849603643e+02
3.197664727303243126e+04
4.762352858561997891e+03
7.752432591290473738e+02
1.116458043014462646e+03
4.152190408507436587e+03
1.023255100849242353e+03
1.887971287970060530e+03
1.025433219988562087e+03
3.317913953205405051e+03
1.521751960368065284e+03
1.013718638429834027e+04
4.433707621898077377e+03
2.143314764052956434e+03
3.479071387009254067e+03
5.514895875331212665e+02
2.903382922543347377e+03
2.657665142839985492e+03
6.239616429169511775e+02
2.362422894048750550e+03
3.975134987427747546e+03
2.802587981676030267e+03
3.395383079174836439e+03
2.854193478388248423e+03
5.563934711266399972e+03
7.438027185294079118e+02
1.740960913727553816e+03
2.577232505072197000e+03
1.230066294383888817e+04
4.558542097901036868e+03
2.230125977027160388e+03
4.069106929917414163e+03
1.575216404951183449e+03
5.233205193958640848e+03
1.069038369360467186e+03
2.396512983304482077e+03
6.939952527734640171e+02
3.177969847001549169e+03
5.751017212331702467e+03
4.489172379779840412e+03
3.173417293245361179e+03
4.204068067057810367e+03
1.685076644640952054e+03
5.169877149631497559e+03
2.679248228183896572e+03
1.565649177546593364e+03
1.960420806761656422e+03
4.901308097494254071e+03
1.413229656726690564e+03
1.847476403564477096e+03
1.469828217212737854e+03
1.085509070560111650e+04
2.130420637929142686e+03
1.076489366391039539e+03
1.008184897916683667e+03
6.295939514258402596e+02
5.010723358951010596e+03
4.439635675438049475e+03
9.436403102591700645e+02
1.171476751811608210e+03
1.470335367303795010e+03
3.086434836737992555e+03
8.314325382179879398e+02
1.321429258395148508e+03
4.727852846609326662e+03
3.635538468999126053e+03
3.534212458365630300e+04
4.703828376813094110e+03
3.691936907727297694e+03
4.823717166843988707e+03
7.333717093860223031e+03
3.102784659010235828e+03
3.053646201513981396e+03
4.018388181347635964e+03
6.308538705220013981e+03
4.940171381126410779e+03
1.547316796852190055e+04
6.842989846521097206e+03
7.264990094107042751e+02
1.908713577097310235e+03
3.018054809746467072e+03
4.253182319749780618e+02
6.170467365790500480e+03
3.386865914902195073e+03
4.516660561794201385e+02
2.402192838414016023e+03
1.227748310351183136e+03
2.407684841355113349e+03
6.281525842386065051e+03
3.648777628051042939e+03
3.725339057937377220e+03
5.239567247980031425e+03
1.378072016046137833e+03
7.590691097040198656e+03
1.144058882509404157e+03
2.976045511813383655e+02
1.672507811378729457e+03
4.711684553699107710e+03
8.621641584361304922e+03
3.885690539675739274e+03
5.454528879214625704e+03
3.543945924060099514e+03
1.660288739051053199e+03
1.159104016532145033e+04
7.366849892922420622e+03
7.290912315249584026e+02
1.603762474870777623e+03
3.472769517824163358e+03
2.237194846466752097e+03
4.894689014259574833e+03
4.920242516600190356e+03
3.809565669055641592e+02
1.022926687245994981e+04
4.019253190690276369e+03
4.809723554173207958e+03
4.695287942434997603e+03
7.412506879428086904e+03
5.202391256044575130e+03
3.602092014598375499e+03
4.020674511218344378e+03
3.230797906799362863e+03
2.946482063609937541e+03
8.219276938354836602e+03
3.335611367533264911e+03
3.731060971570575020e+03
3.493198899508151044e+03
1.276092708887126264e+03
3.514161426665145882e+03
4.683406366850316772e+03
8.188114078926138063e+03
3.813275189779250650e+04
6.260482168840992017e+03
7.063838562443425872e+03
8.402930390815974533e+03
1.311699406587432895e+04
7.829827945260053639e+03
7.641441280148849728e+03
8.872204916354017769e+03
1.076435321768212998e+04
9.838052272450397140e+03
2.096158428137764713e+04
8.565457230271807930e+03
4.123270591288697688e+03
5.523241367586977503e+03
5.859745264272745771e+03
4.011387831678809562e+03
1.060188082355678125e+04
7.787169524433134939e+03
5.196651036431778266e+03
7.161352797151639606e+03
6.065237114083378401e+03
5.824599788254310624e+03
9.503553716249789431e+03
6.464727110868082491e+03
8.748931778355703500e+03
8.286340480683289570e+03
4.129282380918888521e+03
5.688144078894608356e+03
4.706515927495601318e+03
4.522697514559384217e+03
6.290728480581348776e+03
8.225385165319505177e+03
1.127213010810318701e+04
9.423131481690139481e+03
8.197472386153458501e+03
5.820830006244559627e+03
5.082569127866929193e+03
1.285970585818221298e+04
1.289062547498008826e+04
2.783863282061498467e+03
4.958720495124313857e+03
9.254438592185686502e+03
1.068052452434612860e+04
8.539433273704969906e+03
9.360885933835983451e+03
3.700841167177893112e+03
1.286192577019255259e+04
8.067957819695961007e+03
8.404748615113852793e+03
8.454063796562844800e+03
5.022743322257924774e+03
8.777583657901477636e+03
6.677858349472537157e+03
7.884299971414808169e+03
6.596936262587492820e+03
6.200744380066071244e+03
1.172613412040143521e+04
7.793291655399654701e+03
7.747543373591165619e+03
8.998455131106284171e+03
4.459235068114528985e+03
7.000962544800595424e+03
7.730166688013414387e+03
3.462360032247636263e+04
5.972621868754808020e+03
9.802623021389099449e+02
1.811711099857403497e+03
3.985626326307443833e+03
3.369426172118833165e+02
2.099077157240141332e+03
1.978825216572409317e+03
3.120305754339438863e+03
8.454829262402417953e+02
9.140622225538609200e+03
4.598844102828115865e+03
2.993937752805427408e+03
4.297465519881103319e+03
3.228368715383567178e+02
3.772533580322123271e+03
2.510819033822617712e+03
7.415515197517236174e+02
2.976618197040319956e+03
4.154401880955077104e+03
3.691908403004397769e+03
4.402151773890039294e+03
2.429518655097685041e+03
5.474245849894779894e+03
1.004286257272456169e+03
1.317564590647268233e+03
3.384366234329671897e+03
1.259071085630297239e+04
4.988833375246713331e+03
3.055369421824845631e+03
4.638190221739010667e+03
8.117790960733404972e+02
4.676425277415105484e+03
9.064157666621790668e+02
2.151081497508316716e+03
8.599308805570917684e+02
4.127715114577919849e+03
6.362962056862172176e+03
3.715431941933652979e+03
4.134072389444651890e+03
4.761006366859968693e+03
1.014183447503788102e+03
5.504839599027508484e+03
2.015570520554177619e+03
1.127154315791245608e+03
2.898397409193816657e+03
4.392764684875535750e+03
9.000792458155435725e+02
1.302634941156959485e+03
8.100511177438174855e+02
1.221281269755736139e+04
1.772070690035829102e+03
5.126414946601444171e+02
1.023972883715247690e+03
9.349320582591133189e+02
5.538836917157952485e+03
3.350251408783816714e+03
6.682322553926323963e+02
6.898298485511024865e+02
6.183170872412856625e+02
3.608185452933599663e+03
1.304512144168330906e+03
1.036840493263269764e+03
4.565094128915246984e+04
3.625306781412992132e+04
2.741368668586415151e+04
4.101264914175776357e+04
3.541401295982360898e+04
2.985340550292214175e+04
2.525616560057656898e+04
3.187287629641583044e+04
3.783347476863707561e+04
2.739165355648892364e+04
4.199874643857326737e+04
3.774243616278617264e+04
3.994592510298559500e+04
3.429012635361609864e+04
3.490896516388990858e+04
3.162758078813414613e+04
3.611761283025112061e+04
3.640395893771882402e+04
4.117860614833291038e+04
3.786007902589411970e+04
4.094028275519634917e+04
3.190581076904573274e+04
3.269019084292371190e+04
3.716659272759375017e+04
3.357430612345474947e+04
3.810878734305002581e+04
4.349832874760399864e+04
3.638054972070167423e+04
3.606461217318120180e+04
3.937780369662235898e+04
3.630203381160576828e+04
4.121224037071233761e+04
3.767869941600396123e+04
3.709258534202959709e+04
3.577830150067433715e+04
3.956348117787436058e+04
3.457424480620063696e+04
3.423031165981058439e+04
3.610222934527801408e+04
3.978218988941884891e+04
3.661638065546606231e+04
4.619914398667975183e+04
3.559989297935641662e+04
3.512724753679235437e+04
3.553631746567210939e+04
3.105709981428466563e+04
3.739612808321910416e+04
3.462259091789583181e+04
3.591710177533980459e+04
4.518320027644441871e+04
3.573234363717733504e+04
3.390522655810561264e+04
2.979483108562232519e+04
3.008637862318525731e+04
4.047554157609560207e+04
3.517038243627114571e+04
3.422261806593045185e+04
3.702122745366297022e+04
3.829246502238864923e+04
3.826599366323203867e+04
3.276977149997180095e+04
3.411576090553415997e+04
5.725784370940013105e+03
6.612630413214128566e+03
9.828847325079015718e+03
5.186081193201820497e+03
5.213053405763064802e+03
6.604977888431281826e+03
8.930385444484127220e+03
7.059977568580954539e+03
1.826578671368550931e+04
8.183420343115612923e+03
3.364192607120878165e+03
3.874322086882452822e+03
4.813979171713265714e+03
4.088985087339826805e+03
8.391262794743295672e+03
5.896500627799796348e+03
4.608081652210446009e+03
3.949662564426621429e+03
3.918793643345149576e+03
2.817954424971109802e+03
8.115888145758807696e+03
8.890967315671219694e+03
6.504299780197803557e+03
6.384704725644136488e+03
2.568820386103239798e+03
6.746715625180706411e+03
4.179558655722902586e+03
4.369989040664780077e+03
3.376148836252601086e+03
6.051215973078205934e+03
9.292285234449820564e+03
6.559120206371168024e+03
6.993941440995429730e+03
5.295930222486098501e+03
2.789199814345214691e+03
1.196540108332126874e+04
1.091537253257746852e+04
3.773023867881846400e+03
3.153223496099995373e+03
5.695499332265506382e+03
5.497765626219429578e+03
6.793953190742875449e+03
6.662685256353635850e+03
3.605764271432768055e+03
1.087001956358202006e+04
6.482206982158060782e+03
6.205297451732683840e+03
6.798611924760896727e+03
5.256995343786329613e+03
6.855275473886392319e+03
5.028486068491044534e+03
5.951248798883711061e+03
4.983186948883691002e+03
3.086604124401622357e+03
8.919859695126335282e+03
5.407452430272816855e+03
5.998190565644694288e+03
5.833035236912744949e+03
2.713387701019784799e+03
5.525196316006117740e+03
5.765276224399781313e+03
1.570409347822842619e+03
3.487426023853139213e+03
1.016978631147227588e+03
2.462910765323784744e+03
2.242280081078414696e+03
3.173071699776051901e+03
7.403472596361068554e+02
8.927827096915307266e+03
5.183716546396071863e+03
2.752419730029921084e+03
4.183987984728104493e+03
5.614276270454690803e+02
3.555415723519890889e+03
2.805134939674030193e+03
2.996313367738355282e+02
3.140490701732567686e+03
5.146258952301470345e+03
3.384537523676066485e+03
4.080192259315332649e+03
2.679395657033152020e+03
6.326162101295398315e+03
4.021514178898148657e+02
1.414841884725446789e+03
3.196687578865758042e+03
1.290600405741217401e+04
5.244507565099926069e+03
2.992392392786699475e+03
4.793692127489389350e+03
1.315988117549517256e+03
3.925189650229967810e+03
6.039052709391221470e+02
1.745804710948319325e+03
2.491868131581229591e+02
3.830985663183949782e+03
5.788981340304893820e+03
4.069091144101168993e+03
4.010047755822030467e+03
4.803875343823609001e+03
1.875172483877187688e+03
6.581557257776236838e+03
1.886039181889743531e+03
1.267316568993978763e+03
2.483034937433964387e+03
4.565200128618382223e+03
5.097878660875426249e+02
1.700292540157887970e+03
7.461746384932841920e+02
1.157296667766657993e+04
1.689054612217943941e+03
1.120230721424886269e+03
1.495303541327157291e+03
9.584540436954634970e+02
5.902816988902482990e+03
3.940872534602056930e+03
9.743841082025485321e+02
5.494303805400704732e+02
1.199476350454173598e+03
3.795735007123527339e+03
1.098931182849602237e+03
7.763188301715431408e+02
3.874762899315313916e+03
2.036239440836513268e+03
3.180092809875447983e+03
1.536572209585409382e+03
3.569659963633553161e+03
2.115758601882625044e+03
7.908105139396810046e+03
5.305979312753888735e+03
3.964334628985947347e+03
5.331352407256734296e+03
1.298865627337797832e+03
4.596645401443856827e+03
2.639694722990792343e+03
1.958352060197823903e+03
4.284587626924027973e+03
6.036478465669999423e+03
4.771695709490910303e+03
5.467640435891820744e+03
2.601879628334403151e+03
6.908624912621789917e+03
2.198280561042935915e+03
1.607085014044947911e+03
4.241922667721471043e+03
1.383880478555834634e+04
6.057731189179576177e+03
4.292392613478990825e+03
5.810981989465464721e+03
2.091014345944737215e+03
6.401110122062249502e+03
2.030916262955730645e+03
3.059008529340244877e+03
1.673418328161929367e+03
5.243337840373033941e+03
5.366042242618288583e+03
4.254297783902016818e+03
5.003801988785709909e+03
5.965277980255068542e+03
2.724761236050241223e+03
7.576644981822120826e+03
3.535173252420115659e+03
1.452846690210357337e+03
3.658591338757166341e+03
3.764836197663221810e+03
2.012141018286098415e+03
2.055257359405538864e+03
1.963764622002359147e+03
1.267304813779725191e+04
2.534845739957870592e+03
1.613040534905004051e+03
1.218702761380817719e+03
8.731098722141789494e+02
6.662693275730409368e+03
3.878045010746367097e+03
1.595860255291833937e+03
1.503151269584906458e+03
2.501369480287256010e+03
4.432713086809654669e+03
8.972630672232630786e+02
1.628896076980904127e+03
3.862125448955067895e+03
6.655538060255998062e+03
7.038154960696389026e+03
7.622830857708548137e+03
4.148276342977072090e+03
1.074597048133412682e+04
8.236303201436972813e+03
6.631975489313114849e+03
8.667065036737581977e+03
3.751904985831388331e+03
7.286345404800234974e+03
7.108568203706306122e+03
4.333686105175279408e+03
6.464855019479882685e+03
8.314528453047892981e+03
7.941006303923614723e+03
7.846124247629212732e+03
5.938735299856673009e+03
9.703060754680369428e+03
4.982456001787340938e+03
3.847861727422920922e+03
6.910572537052113148e+03
1.784468137019319693e+04
8.816784435133631632e+03
6.747367135364822389e+03
8.455312719514000491e+03
3.665158342078383157e+03
8.222360400309875331e+03
4.666395658438607825e+03
5.036013434442001198e+03
4.066273030105361613e+03
7.918973623800948189e+03
1.148865001597986702e+04
7.675433648432699556e+03
7.745656034776689921e+03
8.924427130821150058e+03
3.787572841817397148e+03
1.100611846971778141e+04
4.426922362919538500e+03
3.305425047348926910e+03
6.176086133769249500e+03
8.404509454561470193e+03
3.662383114637003473e+03
3.749601122569368727e+03
3.673657865090521682e+03
1.712131037994334110e+04
4.018515906722126601e+03
3.673054160741034593e+03
4.327874184788623097e+03
2.966223344044824444e+03
9.329309836092135811e+03
6.678849848693376771e+03
3.875120172968863699e+03
2.879448482508359575e+03
4.201395161629499853e+03
6.941734816684703219e+03
2.966328594017155865e+03
4.046054448759242860e+03
1.830480490867979142e+03
2.140832649355701506e+03
3.427002483611287062e+03
9.987551198738478888e+02
9.936469517657824326e+03
5.013488404162080769e+03
2.413231406859660638e+03
3.798134223981131072e+03
5.754027174627708519e+02
3.126290526489161948e+03
2.715718361908113820e+03
7.762568546663333109e+02
2.584805395246650278e+03
3.733626551278202442e+03
3.083542199957118100e+03
3.815741587338256522e+03
2.924514073602628741e+03
4.942403829285808570e+03
1.065061805463801875e+03
1.221754287676818421e+03
2.975405907751927771e+03
1.132159959023285046e+04
3.880704502747761580e+03
2.587775569373339295e+03
3.891351064030997804e+03
7.985946227274284865e+02
4.763670988275864147e+03
8.566647111200777545e+02
2.560148195899505936e+03
9.131814977622905189e+02
3.618136823172007098e+03
7.190134904051211379e+03
4.155923576099514321e+03
3.686544970600575652e+03
3.998222552919891314e+03
6.846220136741876559e+02
4.753453739316464635e+03
2.182111240038343567e+03
1.089364545419568003e+03
2.472854913618959472e+03
4.804800372720503219e+03
1.232243429196444367e+03
1.096490655641916874e+03
9.537811246280889463e+02
1.145898720992519520e+04
2.133347213882390861e+03
5.162415375187088102e+02
1.194650694723466813e+03
9.045443603007945512e+02
4.670248174078576994e+03
3.168988126267279767e+03
6.485963095418205739e+02
9.589841231020816394e+02
6.299614847262332660e+02
2.930480250996536597e+03
1.464114892633332829e+03
1.007734037312201508e+03
1.884445972565649299e+03
4.926429780020679573e+03
3.450405747203960800e+03
1.197090140760555914e+04
5.290054466735410642e+03
2.228038447567031653e+03
3.823990759276228346e+03
1.814023970436144054e+03
2.981721272407972265e+03
4.306833239915959894e+03
1.963198607171133517e+03
2.340036281278140450e+03
3.701312352560933959e+03
2.885699055145370039e+03
3.442642568081772879e+03
4.716582965480510211e+03
5.090263021627704802e+03
2.327146016641881033e+03
3.404955117318840621e+03
2.631218515274249512e+03
1.184416641280254589e+04
4.180787240591323098e+03
2.594353166763019090e+03
3.766936815844138437e+03
3.040409738559844754e+03
7.343275206790661287e+03
2.401265721827141533e+03
4.494886666485223031e+03
2.183456929555231909e+03
3.474973137453534036e+03
9.394721764573230757e+03
5.745583830790450520e+03
3.495922548768896831e+03
3.913779979163686676e+03
2.551617184698185611e+03
4.604464108097685312e+03
3.980310920349660591e+03
3.154849529594670912e+03
2.162925188215705020e+03
7.519326039810724978e+03
2.805780653813657409e+03
2.993866230063290459e+03
2.917013587425015430e+03
1.118399818215683263e+04
4.076554884062445126e+03
1.951671064927869566e+03
2.498315546164436910e+03
1.974567870638596560e+03
4.628789741703281834e+03
5.597644000477891495e+03
1.935751753869032427e+03
2.665636159093291099e+03
2.240613004583969541e+03
2.985284159728159921e+03
2.505125864446618834e+03
3.182774954141413673e+03
3.469260970550867569e+03
3.284289974062940018e+03
1.046008566800545304e+04
7.089117882152031598e+03
3.251616590097660264e+03
4.675700988491326825e+03
1.576936286229416282e+03
4.095922902434036587e+03
2.683198383314045259e+03
1.848338283411255361e+03
3.461188571712631528e+03
5.307653469147935539e+03
3.694884472543244556e+03
4.613729250412370675e+03
3.548584915222902964e+03
6.128187279645595481e+03
2.247751103073329887e+03
3.069333724724407148e+03
3.779817120325169526e+03
1.363029066568577036e+04
5.398359060965010940e+03
3.473248344795247249e+03
5.020154518693169848e+03
3.149055999823985076e+03
8.690243991920480767e+03
2.417726992906681517e+03
4.349660072879345535e+03
1.973869790826954613e+03
4.354007682743728765e+03
6.819884036514706168e+03
4.406388926275347330e+03
4.684053585517958709e+03
5.053151060206597322e+03
3.353157135540049694e+03
6.536760318694434318e+03
4.785537148006967982e+03
2.774412497444578094e+03
2.996732878156396509e+03
5.371359351602091920e+03
2.857886391673734124e+03
3.013877453548543599e+03
2.760012351276556728e+03
1.340083778888547386e+04
3.699386885557183632e+03
2.047903341483048735e+03
1.699414627010159620e+03
1.429762932092907704e+03
6.215827865922312412e+03
5.137778622581951822e+03
1.878948722003353396e+03
2.607733502290262550e+03
2.804101789517890666e+03
4.089806842356463676e+03
2.144829141064150008e+03
2.456216009988965197e+03
3.568497893937989829e+03
6.775983151509029994e+03
9.052287631963619788e+03
5.447257137804777813e+03
7.178955452070564206e+03
2.647682775027075877e+03
6.436438158679926346e+03
7.617015020963606275e+02
3.421658303739323856e+03
5.680557815887520519e+03
8.442894197843115762e+03
6.729526116011604245e+03
6.843192266860785821e+03
7.117517199835517658e+02
8.434520683545299107e+03
4.328652559373085751e+03
3.295969321043639866e+03
5.866699273031870689e+03
1.538731059740208002e+04
7.512216296212325688e+03
5.725404558362593889e+03
7.955157320305142093e+03
3.950640306933182728e+03
4.365562959674160084e+03
4.608786380787881171e+03
1.848404039823441508e+03
2.874272864303003189e+03
6.715001137577061854e+03
1.346015154792228486e+03
6.801135594087101026e+02
6.947864946821160629e+03
7.457311428043002707e+03
4.580825064535771162e+03
1.153338496633796967e+04
4.072699053519010249e+03
3.873616667966907244e+03
5.140877652382212545e+03
1.735259246330313090e+03
3.127517833636014075e+03
4.149640887308068159e+03
2.412671145062806772e+03
1.510573619571854215e+04
2.357668308149460245e+03
3.543288192365179384e+03
2.847175348624464732e+03
3.329976862754745525e+03
8.676875777748689870e+03
2.554488786373861785e+03
3.153664462829739932e+03
3.411061535072745755e+03
4.597878651483109934e+03
6.312084750569379139e+03
4.318371869802091169e+03
2.908281592187857314e+03
9.541409046455179123e+03
7.588479402000997652e+03
3.952173851480101803e+03
5.421501012559003357e+03
7.402491009412451604e+02
4.703645016015916553e+03
2.725991116806710579e+03
1.147031280295785564e+03
4.410042020312808745e+03
5.743071273452680543e+03
4.935229792179698052e+03
5.307110876733282566e+03
2.786596684039002412e+03
7.392550457658298910e+03
1.396673148556145406e+03
8.044918840253694725e+02
4.603099942490822286e+03
1.449418807618313622e+04
6.229713531013273496e+03
4.180829697076334014e+03
6.014654535205048887e+03
7.588203483347615474e+02
3.705841884752807346e+03
1.211045884030698062e+03
1.631879317351511418e+03
9.697849359773217657e+02
5.623362520863522150e+03
6.229727043530269839e+03
4.282618742293803734e+03
5.275448491032471793e+03
5.993022738508025213e+03
1.487482981908327019e+03
7.359101840458444713e+03
1.940019764841366850e+03
1.007831263835090795e+03
3.991675316921997364e+03
4.368824939840460502e+03
6.537816908091310779e+02
1.442966122084877497e+03
6.970876171527270344e+02
1.379004856004954127e+04
1.411046539228910433e+03
1.044649744674944941e+03
1.345820241343878024e+03
1.509049373407540088e+03
6.715504792061729859e+03
3.074864777932618836e+03
8.659674119033311399e+02
6.820092881339735413e+02
1.340882903707358537e+03
4.878184325829941372e+03
1.687694555209199279e+03
7.557480144092869523e+02
1.573626366057199812e+04
1.460272376969912875e+04
1.596454419351455181e+04
8.857614561272121136e+03
1.580514960189595513e+04
7.293092546270643652e+03
1.036675285107893251e+04
1.443693199028394520e+04
1.587184162445848779e+04
1.526199561508677471e+04
1.635561930906619091e+04
5.446120993442868894e+03
1.738831912659517184e+04
1.074699396404447543e+04
7.879021942770448732e+03
1.504903750214826687e+04
2.637914133138122997e+04
1.735568714153434848e+04
1.487073526977123765e+04
1.616496456734519961e+04
9.192376866000455266e+03
1.121588579966532416e+04
1.051565505963139367e+04
7.207354325532371149e+03
9.041681917305570096e+03
1.573194386568744085e+04
6.895545077339553245e+03
6.428211718294189268e+03
1.605182373403252677e+04
1.684552825406767806e+04
1.045201738295689574e+04
2.032218489553207110e+04
1.033622071536239309e+04
8.751723641907779893e+03
1.458055582807012797e+04
5.940841943580066982e+03
8.294492332744965097e+03
9.118014953869937017e+03
7.446652592670620834e+03
2.542613564150394450e+04
6.978224979727956452e+03
9.312937451936344587e+03
8.344408409829780794e+03
8.514314258667152899e+03
1.762377787369857106e+04
7.424740241151368537e+03
9.270938706262186315e+03
8.358462306397419525e+03
1.045119205178117045e+04
1.543751832732388721e+04
8.940193388915635296e+03
8.310314981508698111e+03
3.833439565646328901e+03
6.902104727784942952e+03
2.153930474335331837e+03
5.482107101499037526e+03
9.156602010942177003e+03
6.407333730846724393e+03
5.076675234986856594e+03
8.213975449263925839e+03
6.662407346839084312e+03
7.081430639649141995e+03
6.270799743339819543e+03
8.542957266170320509e+03
7.736790664685953743e+03
4.707408305224562355e+03
4.246568209553826819e+03
1.558268904008050595e+04
6.953987748736570211e+03
6.108318855027800964e+03
8.280352086304796103e+03
4.971847546589663580e+03
9.044647067406449423e+03
8.941277711244796592e+03
5.546762185708766083e+03
3.246841188503532976e+03
6.254965881545430420e+03
1.211738670439770794e+04
9.873854984760819207e+03
6.353072837491061364e+03
6.938965801942193139e+03
6.343667598037207426e+03
1.150053592599117474e+04
5.340898167223162091e+03
6.161930394992199581e+03
3.653588099083033740e+03
9.933559367872114308e+03
5.533176855317415175e+03
4.956272814100699179e+03
5.315406044815133100e+03
1.342477754993080453e+04
5.516075878408277276e+03
2.894072431973792845e+03
4.265417236832292474e+03
3.121278156730432329e+03
7.728507489445899409e+03
8.108198694993090612e+03
4.980239206027290493e+03
4.699478057039821579e+03
5.484943786059508056e+03
3.364403279142942210e+03
4.269277083778755696e+03
5.559634194835375638e+03
1.613580488123951227e+03
2.065108197700167239e+03
6.739870610265120376e+02
5.235869262578687085e+03
2.607421068040679529e+03
4.398536443879081617e+02
2.312177266271677126e+03
1.264999818138029923e+03
1.858495173107011851e+03
4.999808433530126422e+03
3.712451748709201638e+03
2.887923037728895906e+03
4.229032618136741803e+03
1.178472714656345943e+03
7.981605156811488087e+03
1.312611512593887255e+03
3.937757096972561612e+02
1.914987179287063555e+03
3.833652101309150567e+03
6.421380202932376051e+03
2.871554721698134017e+03
4.089584478660146488e+03
2.557356835977121591e+03
1.704645764868911101e+03
9.330292565140458464e+03
6.357168301922054525e+03
1.338644061214796238e+03
1.620109646575873739e+03
2.967368632506481845e+03
2.033958812724501513e+03
4.007706084505146009e+03
4.018535910552994665e+03
4.034710195751483752e+02
8.677317805526747179e+03
3.118860106147047190e+03
3.923415920936478869e+03
3.843171205500671931e+03
6.993613496297030906e+03
4.362933052753784978e+03
2.706366996601806022e+03
3.071837057913516674e+03
2.369195081231553104e+03
2.944267330840626528e+03
6.737998828779725955e+03
2.428376615999838577e+03
2.893184407861109776e+03
2.411169544920969656e+03
9.484853313853557211e+02
2.715348341021945089e+03
3.654079250194876749e+03
3.546483901400307332e+03
1.929666206068231531e+03
6.600169078202892706e+03
3.863001022171004024e+03
2.012754620339333087e+03
2.441678560962485790e+03
1.200298450594649012e+03
1.938713403501448511e+03
6.715858646052226504e+03
5.740710055586491762e+03
3.991347630740414388e+03
5.481441121207861215e+03
1.397307065783759981e+03
8.490355522223664593e+03
2.566425701184998616e+03
1.872499774227698254e+03
1.553428841541508746e+03
5.159995285937341578e+03
9.006809353732409363e+03
4.079624048032085739e+03
5.869587341667165674e+03
3.773830819560292639e+03
1.625451426801717389e+03
1.039982951906884773e+04
8.331201418244245360e+03
2.270895989827570702e+03
1.385142174820088030e+03
4.131158939103477678e+03
1.841320365121579243e+03
5.691056288440593562e+03
5.729991878567843742e+03
1.578636100658135547e+03
9.844684074271322970e+03
4.897841174705685262e+03
4.973453070263207337e+03
5.185707304092111372e+03
7.968440549048106732e+03
5.234141394445316109e+03
4.018118209870958708e+03
4.544701771590172939e+03
3.867391491106368449e+03
2.854761322128772917e+03
8.245852610699006618e+03
4.060921261673266599e+03
4.455661330995115350e+03
4.084779833201872862e+03
1.375456805966307456e+03
3.963744615210384836e+03
4.620651691421726355e+03
2.807832904470518315e+03
2.174323008763479720e+03
5.604766353050697489e+02
2.404233821055061071e+03
3.893527087076075986e+03
3.005607910322400585e+03
3.604679125505474531e+03
1.931987927872698947e+03
5.147140501710300668e+03
8.044758432873770744e+02
1.149109554307549161e+03
2.477659610480731317e+03
1.196866021435442417e+04
4.292950185264173342e+03
2.435689505923586239e+03
4.048945655807512594e+03
8.692473036923424843e+02
3.542292293955920286e+03
6.884149888118290619e+02
1.494201921447845734e+03
3.675139552111354533e+02
3.323217673845288118e+03
5.112579416435459279e+03
3.337133175912401839e+03
3.265514735166712853e+03
4.084263190886468237e+03
1.292198440932003905e+03
5.056231177188109541e+03
1.528582880162292440e+03
1.198538147430434037e+03
1.917799220823039150e+03
4.023100232277894065e+03
5.479592456614318507e+02
1.411613952924343266e+03
7.641692972540665778e+02
1.077512738162344613e+04
1.461997598674957317e+03
5.506961773956127217e+02
8.729015454908460470e+02
7.622111043691470513e+02
4.940742967220978244e+03
3.305793018571442190e+03
4.939134504091809958e+02
4.574410327461816905e+02
6.749899261172590741e+02
2.650035342672025308e+03
8.738155473396848265e+02
7.843752418514488909e+02
6.086273504784127908e+03
3.431873432303859772e+03
8.111818174263478340e+02
2.708807950238744979e+03
1.248854229295492132e+03
2.447259450389835365e+03
6.034927746842266060e+03
3.516559772897116090e+03
3.701675652408546739e+03
4.733903395003691003e+03
1.367467250983665053e+03
6.962192684196982555e+03
9.113438490338621705e+02
5.770706890556041344e+02
1.749520152706083309e+03
4.313715118167451692e+03
7.020870193890621522e+03
3.829755283547189265e+03
4.981503829915942333e+03
3.354791503775560159e+03
2.014199641301835072e+03
1.029079949529879741e+04
7.979540169236463953e+03
9.971777810542960196e+02
1.634241901860352527e+03
3.437102020297650142e+03
2.738355017619617684e+03
4.725130429160667518e+03
4.594714780378789328e+03
3.706061242878070061e+02
9.236672135288685240e+03
4.068444463011370317e+03
4.395796396890454162e+03
4.589410054129937635e+03
6.376211117660192031e+03
5.235980654766413863e+03
3.274772431692002556e+03
3.827070638648719068e+03
3.064998917207057275e+03
2.754019989056166196e+03
7.368499493302582778e+03
3.294880662678100634e+03
3.796782643408081640e+03
3.607315446488083580e+03
1.180261602130812435e+03
3.503080904398569601e+03
4.264510294065185917e+03
3.054149280707964408e+03
5.629838578402444000e+03
7.412093128379246991e+03
6.067525759900168850e+03
6.642167159957820331e+03
1.007504914428602206e+03
8.408138323801631486e+03
3.503452577640789968e+03
2.289567589500160011e+03
5.791783120852437605e+03
1.520490025559550668e+04
7.118925795750964426e+03
5.549284291157349799e+03
7.025893845134160074e+03
3.020374109736223545e+03
5.084005332423197615e+03
3.428040651591634742e+03
2.341486599671064596e+03
2.429706064830526429e+03
6.511355096745939591e+03
2.250417553808184493e+03
1.479071339161398100e+03
6.766553006696552984e+03
6.973649839867217452e+03
3.816275897367911057e+03
9.721893666049953026e+03
4.146325360679339610e+03
2.928046347718101060e+03
5.241578425337564113e+03
1.684948448877803230e+03
2.856363913700862213e+03
3.140321980811785124e+03
1.955635437990365745e+03
1.484101918927784573e+04
2.352673045860638922e+03
2.674770435238568098e+03
1.965990949989130058e+03
2.670857176715232526e+03
7.883460554073371895e+03
1.874296390222289119e+03
2.359141160192809821e+03
2.939605451099745096e+03
3.641042092451888038e+03
6.050782417414919109e+03
3.544231783819975135e+03
2.183976309318686617e+03
2.806709051829369400e+03
4.706116060042909339e+03
2.993909281673831174e+03
3.866756204158466971e+03
3.337606696021854532e+03
5.819905261537989645e+03
2.032017758852073257e+02
2.110996290072770080e+03
3.188792589628975747e+03
1.351262711969340853e+04
5.042734419217989853e+03
2.689615324490342573e+03
4.558053438723141880e+03
1.410698395551401518e+03
5.099573760278619375e+03
5.351614697549762241e+02
2.573560173118632520e+03
2.884732115131732826e+02
3.711385081798716783e+03
7.026131336800688587e+03
4.491427525798360875e+03
3.946434746183946118e+03
4.598255550699369451e+03
1.690688898464830345e+03
6.181960919474302500e+03
2.380645170574681288e+03
1.619650212923129857e+03
2.330714610819640257e+03
5.497598104957474789e+03
8.704585762296537723e+02
1.770991232004398398e+03
8.782635095769833242e+02
1.301186349412975687e+04
2.240973413423364946e+03
1.130080012032512514e+03
1.753832674769587811e+03
1.020611814602772483e+03
5.848070363960183386e+03
4.522531387937494401e+03
1.071144257376691257e+03
9.196618255832750037e+02
1.110868507482531413e+03
3.732528943164865268e+03
1.385690802931177814e+03
1.095679268317770493e+03
2.100560001167077189e+03
1.526055406217317795e+03
2.279771783709913962e+03
5.494150426780444832e+03
3.355534629606481758e+03
3.171135235338647817e+03
4.717590800265150392e+03
1.366217376402784794e+03
8.659043343653529519e+03
1.612417666946272448e+03
3.296560241790214150e+02
1.992736416351513753e+03
4.046976458536836617e+03
8.244433200854055031e+03
3.260222189254958266e+03
4.778073722126510802e+03
2.966014644873534962e+03
1.859856243356169898e+03
1.102521496270799616e+04
6.196186114817055568e+03
1.135027453182468889e+03
2.047037955800045893e+03
2.880664779261231160e+03
2.018292256689267333e+03
4.174211154856813664e+03
4.208928891093372840e+03
4.845323912942080824e+02
9.670820159656144824e+03
3.328402457142769435e+03
4.018988944774765059e+03
3.951106401202954657e+03
8.270958398434644550e+03
4.349517010220954944e+03
2.957391448353184387e+03
3.295804613674627035e+03
2.529657068895017801e+03
3.182699318827714706e+03
7.415489762139845880e+03
2.661444934515870045e+03
2.988085114200369844e+03
2.629230805584140853e+03
1.335306638603894726e+03
2.807250890500353307e+03
4.258256818221819231e+03
2.266769962408481661e+03
1.388824354172268841e+03
7.704499747599045804e+03
7.308755946087695520e+03
5.074061798197897588e+03
5.907348981012442891e+03
8.535446828457641004e+02
9.398009805344940105e+03
2.986760235785719487e+03
2.370120853797734981e+03
1.298319361300646733e+03
4.993453608751501633e+03
1.082086765494271822e+04
4.806532771962041807e+03
6.808584850244318659e+03
4.804404389170398645e+03
1.297328297946832890e+03
1.396466122679928412e+04
8.537781122414104175e+03
2.077134813112448228e+03
1.940551303453886476e+03
3.937945113441850481e+03
1.621952593003813035e+03
6.028401927302114018e+03
5.241259532305243738e+03
2.355239991756734071e+03
1.142622041290207198e+04
5.110896677346978322e+03
5.110447516440607615e+03
5.573429540637462196e+03
9.076876867643906735e+03
6.233976601812195440e+03
3.909798468479275471e+03
4.621278879204504847e+03
3.995093263892784762e+03
1.584123931332431766e+03
8.330088382595695293e+03
3.894568118422181215e+03
4.571791783184127780e+03
3.885198136119232004e+03
1.554187725950613412e+03
4.347398455129665308e+03
5.811984880049829371e+03
1.396522269954831245e+03
6.852472790418734803e+03
5.659516724710869312e+03
3.208057149077242229e+03
4.979658763934707167e+03
9.887216424032392297e+02
8.223732268934491003e+03
1.635249089793690246e+03
1.250527109865307011e+03
1.079935666239474131e+03
4.685227793792539160e+03
8.894882307783238502e+03
3.569633487235942084e+03
5.751417018963263217e+03
3.178203258406359055e+03
1.099852201811097984e+03
1.079801056641490504e+04
7.202551895875340051e+03
1.576575245575515510e+03
8.664532446539706143e+02
3.785026859100386446e+03
2.008387866603969769e+03
5.314997833233259371e+03
4.744670820093358998e+03
9.819070034903538726e+02
9.762474271417404452e+03
4.188292978846857295e+03
4.564887741113173433e+03
4.482375169313778315e+03
7.835573151713859261e+03
5.348946998513805738e+03
3.521513261880700156e+03
3.838621314520354645e+03
3.207834278561785140e+03
1.989910388408512745e+03
8.093599851995692006e+03
3.334405398541117847e+03
3.995128786141007367e+03
3.390334549017227346e+03
1.059783984156821361e+03
3.730323954198513093e+03
4.281615657504295996e+03
6.932002164888026527e+03
7.645141901877624150e+03
4.297680690878569294e+03
5.636865634186320676e+03
5.118064875936499902e+02
8.517266604207630735e+03
2.978532888232460209e+03
2.289991758983401724e+03
1.149469108551860927e+03
5.454324528155455482e+03
8.755685372341589755e+03
4.588631018276170835e+03
5.795919160488389025e+03
4.044896482220625330e+03
6.506074150040815312e+02
1.197422669910073091e+04
8.089870381537441972e+03
2.099927067556720431e+03
1.536559303548879143e+03
4.506702783765212189e+03
2.120995496988412015e+03
5.439062134718055859e+03
5.468449821627689744e+03
1.830218214427767407e+03
1.056133836796982723e+04
4.590434156514202186e+03
5.574550927661146488e+03
5.129163360502103387e+03
7.577995946931057006e+03
5.658633421190667832e+03
4.265099882341906778e+03
4.470903371871699164e+03
3.920937396804880336e+03
1.419722077644801630e+03
8.388197585361405800e+03
3.821058020275091621e+03
4.437778763432522283e+03
4.170846647620450312e+03
1.423823133109391165e+03
4.256746713511600319e+03
5.077605038624724330e+03
8.273010301234107828e+03
4.026344413721931232e+03
2.467183959298950413e+03
5.307516434061461041e+03
1.529076322602923756e+04
7.465532005865213250e+03
5.636873481360858932e+03
7.743979192773958857e+03
2.776795918644955691e+03
3.634329093117322827e+03
3.999557822644114822e+03
1.265828172260368092e+03
2.346113179687962202e+03
6.368212842094178995e+03
1.780885440833984148e+03
6.143563588057229481e+02
6.296528002215763991e+03
7.240098626613963461e+03
3.709363778678604831e+03
1.059893669369751115e+04
2.838403250977788048e+03
2.960058208003985783e+03
4.798980374014908193e+03
1.490324686876945407e+03
2.292950869195676205e+03
3.065170353687187799e+03
1.931645791852341063e+03
1.395517546393633165e+04
1.623251717358605674e+03
2.569437791348678729e+03
2.280476254908993724e+03
2.414159387506034363e+03
8.387712643541583020e+03
2.090514314611976715e+03
2.537655363346065769e+03
2.249353195323267755e+03
3.631208411766921017e+03
5.709091860096195887e+03
2.767332251207013996e+03
2.382075575130515972e+03
6.638352708919603174e+03
7.285918314559308783e+03
5.791694647042494580e+03
1.051558721560170306e+04
4.364152039912443797e+03
3.363654530054316183e+03
6.874172084528468986e+03
6.248756191098545060e+03
1.137286496435683148e+04
6.301181909657763754e+03
8.299044914435005921e+03
6.041037354461766881e+03
7.090867028866332475e+03
1.373125484139840410e+04
9.707370655076454568e+03
3.876432417367484049e+03
6.151250550371292775e+03
5.157898619523743037e+03
7.624813948199133847e+03
7.518197897497806480e+03
6.663542818455433917e+03
3.591868564924678140e+03
1.143797544307899443e+04
6.670392210938951393e+03
5.879921344134465471e+03
6.609085335760892121e+03
1.183468535346545468e+04
7.173539292214889429e+03
5.075816553541451867e+03
6.056791459674468570e+03
5.076354919818019880e+03
8.133391483226275341e+03
9.370321257642264754e+03
5.530326220583384384e+03
6.015005932572668826e+03
5.561924348042826750e+03
4.956820203277543442e+03
5.970334772701602560e+03
6.514998240143511794e+03
2.181624334796404128e+03
3.738485134953161378e+03
1.510348500195561610e+04
5.518372177490475224e+03
2.992816093840276153e+03
4.783094889114025136e+03
1.563982879553693465e+03
5.993852169284719821e+03
5.811201879995860509e+02
2.997564713924598436e+03
3.798973959849708990e+02
4.061684912594831530e+03
8.014143499103220165e+03
5.113596656438118771e+03
4.503312536772084059e+03
4.981086756222195618e+03
1.986843674019056607e+03
6.263479569645904121e+03
2.801311630751128632e+03
1.927909689733830646e+03
2.758385252371969727e+03
6.315979643733302510e+03
1.265352955668352024e+03
1.781889373320932464e+03
1.115732514027641400e+03
1.414434405055349634e+04
2.518221539912628941e+03
1.259000262958556505e+03
1.879425958231110826e+03
1.322976069237013007e+03
6.155655251036425398e+03
5.028320805768877108e+03
1.390934688206371675e+03
1.228845083638690539e+03
1.283947265799420620e+03
4.155220411066695306e+03
1.518962756773566525e+03
1.194736326519353497e+03
4.506093691600906823e+03
1.337232699436583061e+04
5.779691637721321058e+03
4.602836360859098932e+03
5.888218555714721333e+03
9.588377806872722431e+02
3.737517426492544018e+03
1.723982909204318730e+03
1.769609138946864732e+03
1.538747441253922034e+03
5.724484325878460368e+03
5.387135381635023805e+03
3.861648163336571542e+03
5.220294001222347106e+03
5.908102652386773116e+03
1.511732812672430555e+03
7.190661399407983481e+03
2.109831764246051080e+03
7.898303374852084744e+02
4.105338725187883028e+03
3.334871651566130822e+03
1.430601350195447594e+03
1.180626441214335500e+03
1.232703010310224272e+03
1.259099571994349390e+04
1.394879904025477117e+03
1.077653459038720939e+03
9.312445846821892701e+02
1.296494383279750082e+03
6.225480808097920999e+03
2.097541471937346614e+03
8.515460768594398360e+02
1.197165535573411717e+03
1.802030302828451568e+03
4.323265474089341296e+03
1.562698894838008300e+03
7.767377107665743097e+02
6.966628973298222263e+03
1.957715006302876191e+03
1.433823486104816084e+03
6.898790640352240189e+02
4.250778719319884658e+03
6.956759614016795240e+03
3.827918691685877093e+03
4.382065265506340438e+03
2.862067003311198278e+03
4.481358776800350370e+02
9.785750429622929005e+03
6.982431105445260982e+03
1.236795710814926906e+03
9.501560250649204136e+02
3.686702249886728623e+03
1.581339786998411682e+03
4.139972841284034075e+03
4.460247555367652240e+03
9.007653010487825895e+02
8.932832151232174510e+03
3.501829733211203347e+03
4.377315397961135204e+03
4.062884020199052429e+03
6.057715752026012524e+03
4.443859569611422558e+03
3.085901498947981509e+03
3.420978667238305661e+03
2.800040121671939232e+03
1.212396075812603158e+03
7.236755539674368265e+03
2.831481091129488050e+03
3.329849240639333857e+03
3.298776740386610072e+03
8.865958281861896921e+02
3.071780777057000705e+03
4.059051537404694045e+03
4.852734234983181523e+03
7.894015963674463819e+03
7.687808289578912081e+03
1.303263671786229679e+04
1.731805039472807402e+04
1.539954310632027773e+04
1.499776396463982746e+04
1.268859476146854468e+04
7.561566880703594506e+03
1.977299153502310583e+04
1.866577065408127601e+04
6.063801755294014583e+03
6.317071805491646955e+03
1.228669062980524905e+04
1.300040013290480056e+04
1.483584949780265197e+04
1.319685881309791512e+04
7.545104823828536610e+03
1.716096726539072552e+04
1.379699907687665109e+04
1.253017841651534582e+04
1.336864019809435558e+04
1.163382518182159856e+03
1.456646949154296271e+04
1.152588287902305092e+04
1.275444324185677033e+04
1.215162804909268743e+04
6.344640997700413209e+03
1.451999115856876779e+04
1.210875607684314309e+04
1.328882128956370434e+04
1.335411338389658704e+04
6.445901546001212409e+03
1.329620582172802824e+04
1.222324422509269971e+04
1.209375360928130704e+03
2.025557758402883564e+03
5.468868781946895979e+03
9.041216884155259322e+03
5.335785785053827567e+03
6.919817546962202869e+03
4.999597119262394699e+03
2.545358817786011969e+03
1.214861126991824312e+04
9.232926139819854143e+03
1.594292740142664115e+03
1.540766651606818414e+03
4.237350724121427447e+03
3.175106816293376141e+03
6.554896611160236716e+03
5.551840889848475854e+03
1.336478360139937877e+03
1.025757182130546244e+04
5.828413398945374865e+03
5.299333210834117381e+03
5.912855850632421607e+03
5.249856665275571686e+03
6.782736878528190573e+03
4.303207197321845342e+03
4.824753411303140638e+03
4.353726380471754055e+03
2.423505430083698229e+03
7.750152430528542936e+03
4.391711374987471572e+03
5.452186386116616632e+03
4.684904136263659893e+03
1.187640382490945285e+03
5.306775088863496421e+03
5.234658318670508379e+03
2.098273722464086859e+03
4.069217761880818216e+03
7.809685289125167401e+03
3.159997139018359121e+03
4.716906403429587044e+03
2.866495331141245970e+03
1.920712087862574208e+03
1.043081352898309524e+04
6.993059011222716435e+03
9.515506146587026706e+02
1.839641300887950365e+03
3.100750550844794361e+03
2.375584043884306084e+03
4.456513038744682490e+03
4.289457602277269871e+03
3.294159875084424129e+02
9.210413041648764192e+03
3.416597000921768085e+03
4.139298416785039080e+03
4.065361553394994189e+03
7.564056495176761928e+03
4.622681058477830447e+03
3.028451077443418399e+03
3.445022758971522308e+03
2.718647205119126284e+03
3.232708169084217388e+03
7.347066650039370870e+03
2.753508816123116503e+03
3.189651330057846280e+03
2.962453145161430712e+03
1.388396822831361305e+03
2.962268952424978124e+03
4.015312228830530330e+03
5.225884377413387483e+03
9.910342718517236790e+03
4.882397487267036922e+03
6.768456959545153040e+03
4.603910208789159697e+03
6.577489280091913315e+02
1.277810744230145065e+04
8.228603512550569576e+03
1.656189964731285045e+03
1.005567009993287684e+03
3.972486340905558791e+03
1.291668016230330068e+03
5.930253000952336151e+03
5.483402812458099106e+03
1.622927216944089196e+03
1.124976102388468644e+04
5.211655655059510536e+03
5.264114004798040696e+03
5.611538889653338629e+03
7.488225165964617190e+03
6.129919784190477912e+03
4.181769035049244849e+03
4.790922111370401581e+03
4.078081143184872417e+03
1.053441388440589435e+03
8.816902521295593033e+03
4.186940204256145080e+03
4.768091278831809177e+03
4.204230069851912049e+03
8.838523811235322682e+02
4.390328264259999742e+03
5.467297802368331759e+03
3.930255730930938626e+03
1.294475437046413845e+03
2.270884655949718308e+03
1.195034478995743029e+03
5.290318733118979253e+03
6.168293736673678723e+03
4.544952645906906582e+03
4.819788856021573338e+03
5.678819856784892181e+03
8.904601714054524564e+02
6.332460566491296049e+03
1.957272799879945069e+03
1.043932478285949855e+03
3.727007413361516228e+03
4.249425900967910820e+03
1.201967626541231084e+03
7.026621029283933240e+02
1.029275507728743833e+03
1.238164330838073511e+04
1.744702127849370299e+03
5.358782657324786669e+02
1.429218567442124368e+03
1.227209294858405883e+03
5.947119704022747101e+03
2.900218666136652246e+03
9.315152963500809165e+02
9.271198404906667747e+02
1.106896959183849049e+03
4.080773198670722195e+03
1.413405068975833501e+03
1.055647722712966242e+03
6.276677315916437692e+03
1.954820271515780405e+03
3.713296687508678588e+03
8.693745989123124673e+03
6.333869479203689480e+03
5.243918958435295281e+03
7.712658135633578240e+03
8.698504027836957903e+03
5.689668010160394260e+03
1.386993224799766358e+04
2.169794004524525917e+03
4.838455102058414923e+03
6.268939290270284800e+03
5.712100573061403338e+03
3.448262143600909440e+03
5.061328559145882537e+03
3.338420469695387965e+03
1.557059531404218797e+04
3.492881747481177172e+03
4.296933179835063129e+03
4.912092301399145072e+03
5.132102873782751885e+03
9.906389137090927761e+03
4.262820242232375676e+03
4.539566251215219381e+03
3.990984737910947842e+03
5.342967366028444303e+03
7.148860736260676276e+03
5.673123438625473682e+03
3.959929680277729858e+03
3.072346943762388946e+03
4.620372525700818187e+02
4.473019397915181798e+03
8.216039168899391370e+03
5.157127893169050367e+03
4.665123545684276905e+03
4.903761106397749245e+03
1.633735942746454157e+03
5.768520445409351851e+03
2.669186949345054927e+03
1.523409823975029667e+03
2.881714813294086525e+03
6.153944161914945653e+03
1.060280293436796910e+03
1.364516950141810412e+03
1.190464191548811641e+03
1.500417659679849748e+04
2.226657176991824144e+03
1.034750174776648237e+03
1.637677419075313082e+03
1.282397134683045806e+03
6.332506002072790579e+03
4.691869324395019248e+03
9.603109742739577541e+02
8.937449276740421737e+02
1.056935284161454092e+03
4.008127666929846782e+03
1.286457266490981965e+03
8.641397146157030420e+02
1.675831774044061603e+03
5.500553865736752414e+03
3.864755052900680312e+03
1.947026403249692976e+03
5.231450394401805170e+03
6.468415914064295066e+03
3.092437608853028451e+03
9.042609019729745341e+03
1.284488932998084010e+03
2.651233118069014836e+03
3.822049408122904424e+03
3.501231754868325424e+03
1.215063459089205026e+03
3.068300654675882015e+03
1.535981844447453113e+03
1.309624040166785380e+04
8.124396088540165692e+02
2.410848027422987343e+03
2.081004564406925510e+03
2.484456987985798605e+03
7.561559899090393628e+03
2.982861553111872581e+03
2.033239606721203700e+03
1.495531864074031091e+03
2.818190431570122200e+03
4.932067625265270181e+03
2.459119614125863336e+03
1.919700421654578349e+03
3.609167216145912334e+03
5.112008106080245852e+03
3.761346905982142289e+03
3.796576338770938492e+03
4.644393039066411802e+03
1.854458879546853950e+03
6.146733236813858639e+03
1.859965172084412416e+03
1.556772015094388735e+03
2.221219786216703596e+03
4.337710102328588619e+03
6.319213359432583275e+02
1.502480588068784073e+03
6.983034207529251489e+02
1.116987919977464480e+04
1.525404549006286743e+03
9.352190859359088790e+02
1.389766668836344252e+03
1.052538329639666699e+03
5.613671723314264455e+03
3.787768967899671679e+03
9.263808753968176006e+02
7.149342149327737843e+02
1.126555208650541999e+03
3.353763221451142726e+03
1.099289155668860985e+03
7.407708582829232000e+02
1.097196280523766654e+04
7.360396852120020412e+03
1.606485317513410564e+03
1.029392322664021094e+03
4.165630299764309711e+03
1.728699632899190647e+03
5.195700759198423839e+03
5.589451917290630263e+03
1.418759516352114588e+03
1.024629368468735629e+04
4.313985556500492748e+03
5.431038732162029191e+03
5.023911272628426559e+03
6.661442103588080499e+03
5.225158850607913337e+03
4.079652737165213694e+03
4.340571694082085742e+03
3.550360527842113697e+03
1.320454726278863973e+03
8.596516628759138257e+03
3.869441003824573272e+03
4.083711368367151408e+03
3.929391469972023970e+03
1.164737891567929182e+03
3.806240355423246001e+03
4.977118782468876816e+03
2.024880670169231053e+03
1.063496359301887060e+04
1.114010632383473057e+04
8.660376959529799933e+03
1.744238588513889408e+04
6.664709373595003854e+03
6.697668572551763646e+03
9.208951150154021889e+03
1.291948291478588771e+03
6.036121235926122608e+03
6.236095767634966251e+03
4.686473207702026230e+03
1.805770728609429352e+04
4.234936674858498009e+03
5.907954682111410875e+03
5.206753672745322547e+03
5.765263133861089955e+03
1.323094797043303697e+04
3.785489269013402918e+03
6.240550648538221139e+03
6.098742590664269301e+03
8.651467275598712149e+03
1.041341097133710718e+04
6.432778726604170515e+03
4.680427535673585226e+03
8.473279648878085936e+03
8.816100551827394156e+03
4.975032399954334323e+03
1.116327078743381753e+04
4.659216696397438682e+03
4.416119925158371188e+03
6.206968667536666544e+03
2.092480733651190803e+03
3.404796284231976188e+03
4.783539137818801464e+03
2.899877744889814949e+03
1.778350140258234023e+04
2.356317951833177176e+03
4.207583882361377619e+03
3.180208412803134706e+03
3.811378017514830390e+03
1.024154140850263502e+04
2.615867140829297568e+03
3.688841132344975449e+03
3.556262109643630538e+03
4.509975247046439108e+03
7.368350789643224743e+03
4.750365830590551013e+03
3.868150634321312282e+03
1.789730787451927199e+03
3.997916215766345431e+03
2.725375930324998080e+03
4.787750725743664589e+03
5.180085099076177357e+03
8.933382467660557040e+02
9.837905847990634356e+03
4.348549482389202240e+03
5.093901015957013442e+03
5.144209160810216417e+03
5.444405116413869109e+03
5.195314403879741803e+03
3.804282869133901841e+03
4.270393899359132774e+03
3.489021649421036727e+03
2.431027769471209922e+03
8.208513342598238523e+03
3.743884627419668504e+03
4.062126549303875890e+03
4.199466062340153258e+03
1.424870676968439057e+03
3.689265632684247976e+03
4.880720305559509143e+03
4.433624978160440151e+03
1.883238694737724927e+03
6.354254558041565360e+03
5.954777257495716185e+03
1.519980199332670963e+03
9.985521101366333824e+03
5.488396300910930222e+03
5.690618190099423373e+03
5.731217957109544841e+03
6.008402338460977262e+03
6.442130114458017488e+03
4.469113471981920156e+03
4.972141820891425596e+03
4.275051779339790301e+03
1.803710036940657574e+03
8.129720517204947100e+03
4.416013637999758430e+03
5.039122916349339903e+03
4.350962503810282215e+03
8.202467855168501956e+02
5.008105984827012435e+03
5.101341433464451256e+03
4.342115589128695319e+03
2.330459780116868387e+03
1.400165135728709629e+03
3.003895658686556089e+03
5.889293344342868295e+03
1.927672518487248226e+03
1.002776887645858096e+03
1.589165586012338281e+03
1.263369840756789381e+04
2.312714259002553717e+03
9.176686289457129533e+02
1.725512488454723325e+03
1.245758636717690024e+03
5.038858273408741297e+03
3.635029999108949596e+03
1.246847484902411907e+03
1.260150193639726012e+03
1.080086194381457517e+03
3.085039982898259950e+03
1.675403361036317392e+03
1.684219599119372333e+03
7.518266644062680825e+03
6.882683865120055998e+03
2.332734029879496120e+03
1.506070749610666280e+04
6.680558625277551073e+03
6.267753051164265344e+03
7.421783487483950012e+03
1.326639812512752178e+04
7.836625520003997735e+03
5.089565601703357061e+03
6.216138336566522412e+03
5.226329862115157084e+03
2.789894066751788159e+03
1.134253889733452343e+04
4.934781399248247908e+03
5.685120487361335108e+03
4.803622505003152583e+03
1.256922507112414223e+03
5.298166851325010612e+03
7.387193428947076427e+03
2.615846344447694719e+03
3.557438737796413079e+03
5.630143947249667690e+03
1.354275874916702605e+03
2.698548318910100988e+03
1.856798257622842812e+03
1.308423283222441751e+04
1.405479936135814569e+03
2.160227129162943129e+03
2.612544627480069266e+03
2.524417211559687530e+03
6.993014435245228015e+03
4.275318650665783935e+03
1.998385270121990743e+03
1.405701833682211600e+03
2.284465097925277860e+03
4.531413420428969403e+03
2.391642769150111235e+03
2.372104969669972888e+03
3.949603753393350871e+03
3.985313363854775616e+03
1.389920214248723141e+03
1.087291876251470512e+03
1.278546488802062413e+03
1.301236837555105012e+04
2.088383392285974878e+03
1.057956150075532605e+03
1.288742202870247638e+03
1.003540904365611823e+03
6.062921429584485850e+03
2.692211865302891965e+03
1.006962249923407853e+03
1.069156013664545753e+03
1.470498196055047174e+03
4.433267522519375234e+03
1.449045973205614473e+03
1.154421796735954558e+03
8.685328805784862197e+03
2.867531324964266787e+03
3.825461335151663661e+03
3.516791107175090474e+03
6.641114924020754188e+03
3.930280328438647757e+03
2.743227461772894003e+03
3.022732805437774005e+03
2.245418959490450561e+03
2.784970727885384804e+03
6.987212489524767079e+03
2.435559248911168652e+03
2.713325130817497211e+03
2.722568423672431891e+03
9.947572348657668044e+02
2.490388855849914762e+03
3.539621390838417028e+03
4.742766013873015254e+03
4.093956834688623076e+03
3.364838073765562513e+03
1.678884035923322153e+04
3.564268511280050006e+03
4.084248483385002146e+03
3.700470676864305460e+03
3.988263656150770203e+03
1.107172200257987424e+04
1.836320984886026508e+03
4.546684382297946286e+03
4.542005992012420393e+03
6.137186850342273829e+03
9.021524286821451824e+03
4.980109493188465422e+03
3.397753017213603925e+03
2.067708966860526289e+03
8.846575819018489710e+02
1.241060140663420498e+04
1.294817603261128625e+03
1.218500392142512055e+03
1.541434495380677163e+03
1.414081081963635825e+03
6.356827247381241250e+03
3.813044426420878608e+03
7.337408629331362135e+02
2.753456372028858823e+02
1.132876647933198683e+03
4.222116665654033568e+03
1.255144004433213468e+03
1.195742240528755019e+03
1.233055394719570813e+03
1.241572901217956132e+04
1.990525450153559632e+03
8.400148191297007543e+02
1.657234806138912063e+03
1.250591437585168478e+03
5.903690542078892577e+03
2.700613008107581209e+03
1.400958875787969191e+03
1.461850008549504537e+03
1.740921634847583391e+03
3.973825531101631441e+03
1.569210108797057046e+03
1.122317985913793564e+03
1.286959910966406096e+04
1.027878405006633784e+03
1.201463802664723517e+03
1.488631380661384583e+03
1.351969015752271844e+03
6.572918347345304937e+03
2.609864552278402698e+03
1.158155450127150289e+03
8.660407327104121578e+02
1.421275722459913823e+03
4.381566718899479383e+03
1.741886515284144480e+03
7.773062403892367911e+02
1.313238473720870024e+04
1.093928151783362046e+04
1.187385238931035929e+04
1.114795297988658785e+04
5.891983921222305071e+03
1.488050482517606360e+04
1.146787265299197679e+04
1.194116522451951460e+04
1.261051191238494357e+04
5.838793043222726737e+03
1.162565635172237853e+04
1.177765550078140222e+04
2.055408937241435979e+03
1.863559298054204646e+03
1.874174547121572687e+03
7.408914856621502622e+03
3.062155567393199362e+03
1.500841941843083987e+03
1.228447169505840520e+03
2.427036911740215601e+03
4.749679479867949340e+03
1.880932913677805573e+03
1.346398606660608266e+03
9.796934078039034830e+02
8.111367028814329387e+02
4.757461674935319024e+03
2.754505959574235021e+03
6.053552476480972473e+02
9.113873253295064387e+02
7.648126239369826180e+02
2.989349093548936253e+03
1.046791262407294653e+03
9.626163161050239978e+02
9.181811552543711059e+02
5.344256425999569728e+03
2.719329519453631292e+03
7.649942667478803742e+02
1.336006359701892734e+03
1.497741256929734845e+03
3.504810024216552847e+03
1.438545573441662327e+03
1.079355732628512897e+03
4.975664653597350480e+03
3.323045510599922636e+03
9.950415604731840631e+02
9.195154595183905712e+02
1.204979194632219560e+03
2.807944220726456024e+03
6.407462253797600624e+02
1.244795318593034381e+03
8.514851901907475622e+03
4.956618154116274127e+03
5.957096674418674411e+03
5.420410705887915356e+03
1.466651348678829436e+03
5.633417665900769862e+03
6.162421416401076385e+03
3.297578318661931007e+03
3.622617952069988860e+03
4.124221241509562788e+03
6.847668001350483792e+03
4.476459509852005795e+03
2.588780220041769553e+03
7.090551904202843616e+02
8.841491612780355354e+02
3.132982043004864863e+03
1.120808209631673435e+03
1.012168828083624021e+03
8.752942578894878807e+02
3.747872901717307741e+03
6.894902984702755475e+02
1.034579134775521879e+03
3.287797811782532335e+03
1.453226084917631397e+03
1.685489936788281739e+03
3.424421836605657973e+03
3.978678503114081650e+03
1.594888294589650286e+03
