2.700000000000000000e+01 3.400000000000000000e+01 2.032017758852073257e+02 2.000000000000000000e+00
1.200000000000000000e+01 4.500000000000000000e+01 2.491868131581229591e+02 2.000000000000000000e+00
5.700000000000000000e+01 6.800000000000000000e+01 2.753456372028858823e+02 2.000000000000000000e+00
7.000000000000000000e+00 3.900000000000000000e+01 2.976045511813383655e+02 2.000000000000000000e+00
4.000000000000000000e+00 3.600000000000000000e+01 3.071175489334700615e+02 2.000000000000000000e+00
9.000000000000000000e+00 2.400000000000000000e+01 3.228368715383567178e+02 2.000000000000000000e+00
2.500000000000000000e+01 5.500000000000000000e+01 3.706061242878070061e+02 2.000000000000000000e+00
2.800000000000000000e+01 7.600000000000000000e+01 4.229980978209931095e+02 3.000000000000000000e+00
7.300000000000000000e+01 7.400000000000000000e+01 4.333927182993194833e+02 4.000000000000000000e+00
4.600000000000000000e+01 7.700000000000000000e+01 4.496976121669596296e+02 3.000000000000000000e+00
3.000000000000000000e+00 2.100000000000000000e+01 5.063092219888894761e+02 2.000000000000000000e+00
1.500000000000000000e+01 7.800000000000000000e+01 5.115380674950127400e+02 3.000000000000000000e+00
4.100000000000000000e+01 6.200000000000000000e+01 5.358782657324786669e+02 2.000000000000000000e+00
2.200000000000000000e+01 7.900000000000000000e+01 6.046337582307437515e+02 3.000000000000000000e+00
3.200000000000000000e+01 4.800000000000000000e+01 6.143563588057229481e+02 2.000000000000000000e+00
6.000000000000000000e+00 6.400000000000000000e+01 6.295939514258402596e+02 2.000000000000000000e+00
4.300000000000000000e+01 8.100000000000000000e+01 6.501296276025901761e+02 5.000000000000000000e+00
8.000000000000000000e+01 8.600000000000000000e+01 6.784855179634195110e+02 6.000000000000000000e+00
6.700000000000000000e+01 8.400000000000000000e+01 6.812542096504406572e+02 4.000000000000000000e+00
3.100000000000000000e+01 8.200000000000000000e+01 6.962628703446748659e+02 4.000000000000000000e+00
1.900000000000000000e+01 5.900000000000000000e+01 6.970876171527270344e+02 2.000000000000000000e+00
1.800000000000000000e+01 8.700000000000000000e+01 7.213081157584998664e+02 3.000000000000000000e+00
7.100000000000000000e+01 8.800000000000000000e+01 7.761621476255307925e+02 3.000000000000000000e+00
3.500000000000000000e+01 7.200000000000000000e+01 7.767377107665743097e+02 2.000000000000000000e+00
6.900000000000000000e+01 9.100000000000000000e+01 8.003743032400874426e+02 5.000000000000000000e+00
4.400000000000000000e+01 6.100000000000000000e+01 8.124396088540165692e+02 2.000000000000000000e+00
5.000000000000000000e+01 7.000000000000000000e+01 8.202467855168501956e+02 2.000000000000000000e+00
5.800000000000000000e+01 8.500000000000000000e+01 8.389581512832970702e+02 3.000000000000000000e+00
4.000000000000000000e+01 9.200000000000000000e+01 9.365572480552922343e+02 5.000000000000000000e+00
7.500000000000000000e+01 9.300000000000000000e+01 9.652632776486266266e+02 4.000000000000000000e+00
3.000000000000000000e+01 9.900000000000000000e+01 1.012416555794875080e+03 3.000000000000000000e+00
5.100000000000000000e+01 1.000000000000000000e+02 1.035637090916185343e+03 4.000000000000000000e+00
5.400000000000000000e+01 9.600000000000000000e+01 1.050352610992333439e+03 3.000000000000000000e+00
1.000000000000000000e+00 4.200000000000000000e+01 1.063825641863546480e+03 2.000000000000000000e+00
1.300000000000000000e+01 9.500000000000000000e+01 1.075749113648972752e+03 4.000000000000000000e+00
3.700000000000000000e+01 6.000000000000000000e+01 1.163382518182159856e+03 2.000000000000000000e+00
6.300000000000000000e+01 1.050000000000000000e+02 1.191595715866782484e+03 4.000000000000000000e+00
4.900000000000000000e+01 9.000000000000000000e+01 1.275517812953949260e+03 7.000000000000000000e+00
2.600000000000000000e+01 9.400000000000000000e+01 1.291132795356518727e+03 4.000000000000000000e+00
4.700000000000000000e+01 5.600000000000000000e+01 1.291948291478588771e+03 2.000000000000000000e+00
2.000000000000000000e+00 1.040000000000000000e+02 1.437192606147699962e+03 5.000000000000000000e+00
5.000000000000000000e+00 1.100000000000000000e+01 1.459281544308795219e+03 2.000000000000000000e+00
2.900000000000000000e+01 1.010000000000000000e+02 1.480759458143242910e+03 6.000000000000000000e+00
5.300000000000000000e+01 9.800000000000000000e+01 1.482173316644054694e+03 3.000000000000000000e+00
2.300000000000000000e+01 1.030000000000000000e+02 1.483630783625955246e+03 4.000000000000000000e+00
6.500000000000000000e+01 1.150000000000000000e+02 1.549582691313190480e+03 7.000000000000000000e+00
9.700000000000000000e+01 1.020000000000000000e+02 1.561249517455914201e+03 9.000000000000000000e+00
3.800000000000000000e+01 1.100000000000000000e+02 1.644987313825442925e+03 8.000000000000000000e+00
0.000000000000000000e+00 1.140000000000000000e+02 1.798220195266568908e+03 3.000000000000000000e+00
1.600000000000000000e+01 1.700000000000000000e+01 1.884445972565649299e+03 2.000000000000000000e+00
8.900000000000000000e+01 1.190000000000000000e+02 1.886688185648909894e+03 1.400000000000000000e+01
1.090000000000000000e+02 1.130000000000000000e+02 2.026993646781494363e+03 9.000000000000000000e+00
5.200000000000000000e+01 1.170000000000000000e+02 2.059227864333259276e+03 5.000000000000000000e+00
1.110000000000000000e+02 1.120000000000000000e+02 2.626439038011132197e+03 6.000000000000000000e+00
1.180000000000000000e+02 1.250000000000000000e+02 2.797275886438914313e+03 1.200000000000000000e+01
1.070000000000000000e+02 1.220000000000000000e+02 2.866516796900416921e+03 6.000000000000000000e+00
6.600000000000000000e+01 1.260000000000000000e+02 3.088568182510201495e+03 7.000000000000000000e+00
1.230000000000000000e+02 1.240000000000000000e+02 3.308169107536447882e+03 2.300000000000000000e+01
1.060000000000000000e+02 1.160000000000000000e+02 3.498055400642104360e+03 5.000000000000000000e+00
1.280000000000000000e+02 1.300000000000000000e+02 4.150188031998661245e+03 2.900000000000000000e+01
3.300000000000000000e+01 1.200000000000000000e+02 4.858625210333543691e+03 9.000000000000000000e+00
1.400000000000000000e+01 1.320000000000000000e+02 5.650809985811421939e+03 3.000000000000000000e+01
1.210000000000000000e+02 1.270000000000000000e+02 5.812660171715561773e+03 1.500000000000000000e+01
8.000000000000000000e+00 1.330000000000000000e+02 5.894239566646903768e+03 1.000000000000000000e+01
2.000000000000000000e+01 1.290000000000000000e+02 8.627261217526503970e+03 8.000000000000000000e+00
1.310000000000000000e+02 1.340000000000000000e+02 9.217611464442234137e+03 3.500000000000000000e+01
1.350000000000000000e+02 1.360000000000000000e+02 9.514439200211445495e+03 2.500000000000000000e+01
8.300000000000000000e+01 1.380000000000000000e+02 1.185511386426173885e+04 3.700000000000000000e+01
1.080000000000000000e+02 1.390000000000000000e+02 1.412759614085892463e+04 2.700000000000000000e+01
1.370000000000000000e+02 1.400000000000000000e+02 1.743796119359688237e+04 4.500000000000000000e+01
1.410000000000000000e+02 1.420000000000000000e+02 3.528141618219066004e+04 7.200000000000000000e+01
1.000000000000000000e+01 1.430000000000000000e+02 5.130767139152070740e+04 7.300000000000000000e+01
