6.074779647801221927e+02
2.775771247389976907e+03
3.522559711003550547e+03
5.550863662693104743e+02
2.203231086636976215e+03
1.535681140180615330e+03
7.530730415401858409e+02
2.102107714069287795e+03
1.547119625519096644e+03
7.246349199281039546e+02
2.060818311310449644e+02
4.795851572025808309e+02
3.152331075307847641e+02
1.366191868792727291e+03
3.162209219262454098e+02
6.080477887027850556e+02
2.897102604364975377e+03
1.453291086952105616e+03
1.695158010801148293e+03
1.411203576793907359e+03
3.716730379054320110e+02
8.493506019191443102e+02
1.955585170990081679e+03
6.235379217862246151e+02
3.599470134634116221e+02
7.807661388854533016e+02
1.488145788863632561e+03
9.097312349399596769e+02
1.350237720896424435e+03
2.733252761454100437e+02
4.107237171915457111e+03
2.044479969205490079e+03
1.342376592976112988e+03
8.810795912713638245e+02
6.097023751903170705e+02
1.237109983320492347e+03
1.306654043456484033e+03
6.340122878413139915e+02
3.732206269588297346e+03
1.022134697542189770e+03
2.866499964466265737e+03
3.238325109872198482e+02
3.068836180924025939e+03
4.407890752143497593e+03
7.594215495791333979e+02
3.254104412101992239e+02
6.464919692855514768e+02
7.438268896670415415e+02
2.254988335522891248e+03
2.342311998447884434e+03
6.879534094424823252e+02
7.049860014777382275e+02
3.494328616224647703e+02
2.356878456115269273e+03
2.026377280757400968e+03
2.006235690353904829e+03
1.279959726831859371e+03
7.987441385902623097e+02
4.296460642178785747e+02
9.237012533943311610e+02
3.305698821939699883e+03
1.220235557479084036e+03
1.587772728431924179e+03
3.412394116328468954e+02
1.555929179378838853e+03
3.965938200124719515e+02
2.145417815780128876e+03
1.684341677122469264e+03
3.850074118676056969e+02
3.913146019039377279e+02
4.963254100218450731e+02
3.259735043640513140e+03
3.896503736255484910e+03
9.555723595625540838e+02
2.564272460506888365e+03
1.795416365807097691e+03
1.291113629866842302e+03
2.524543094410533740e+03
1.415961896603060268e+03
5.872482482305426856e+02
5.810915752204007276e+02
6.666050618317331100e+02
3.513745377280429238e+02
1.721969435295561198e+03
5.565302076945008594e+02
8.063508361055673959e+02
3.123120061271977647e+03
1.651216102416421109e+03
2.159698432362562016e+03
1.717594987460360016e+03
5.314666905106701051e+02
8.493629442871383617e+02
2.322896815829355091e+03
5.703852519833289989e+02
6.188194762022444593e+02
5.241380564961311848e+02
1.840989130305527851e+03
5.530186505639151164e+02
2.183969751245156658e+03
5.172046140829741034e+02
4.889154919057797088e+03
2.730780387832459382e+03
1.427808334192405709e+03
6.198615498578406005e+02
1.182404210251248514e+03
9.478082625203087446e+02
1.575414879855456775e+03
7.925472512530218410e+02
4.683334770809262409e+03
1.045029609488372671e+03
2.840898692597194440e+03
6.353496937555846671e+02
2.698987963717154798e+03
5.270393496960317862e+03
7.009247605596347057e+02
3.123850072287405055e+02
7.449883406900548835e+02
9.453962147764332258e+02
3.258330320435220074e+03
2.809641586832543908e+03
8.068304856588399616e+02
8.623048268235743308e+02
5.308506078846403398e+02
3.060950418827627800e+03
2.376688796515546528e+03
2.637347165356969526e+03
1.523405320981759814e+03
8.592085036096643762e+02
7.391301670386851583e+02
9.431586477575515346e+02
3.934639635435952187e+03
9.702344910630631603e+02
2.177922399912482433e+03
4.288494040232885709e+02
1.774460140002561957e+03
4.005332532792469920e+02
2.361932092377324352e+03
1.868132282019887953e+03
4.684117742159223781e+02
6.771933374186626224e+02
6.285827544790643060e+02
3.126526502836716645e+03
3.676449920424929587e+03
4.244685927941583031e+03
1.960611993332913698e+03
3.240045340156569182e+03
2.504138081614183193e+03
4.158283295219071078e+03
3.625295796423505635e+03
3.195021690491622849e+03
3.205684861792114134e+03
2.978129140167785408e+03
1.727218955172475034e+03
3.090450315159554521e+03
3.259095173687195711e+03
2.664916888019168709e+03
4.227148326796249421e+03
2.386447475198689972e+03
1.320397662740696887e+03
2.991550471434627525e+03
3.460922541222797918e+03
3.522864561166004023e+03
3.388677946428925679e+03
2.958865214007536906e+03
2.805530466422210793e+03
1.760205781198047589e+03
3.139970978853050838e+03
2.690957756469488231e+03
3.005775403143719814e+03
3.303462461503756458e+03
2.781065079953154964e+03
4.127891628543201477e+03
3.672519024545670618e+03
3.409432007733048522e+03
3.820285847566641678e+03
2.271796457354640097e+03
3.034541483866658382e+03
6.854998605015511203e+03
2.289626570833162987e+03
5.168339059818266833e+03
3.221718349906709591e+03
2.114601370056453561e+03
4.728100722411914830e+03
2.994976555161411852e+03
3.093363525391744588e+03
2.866792180808350167e+03
3.325343162884538287e+03
2.739226320395592666e+03
1.578301714309318868e+03
3.295924482986980365e+03
2.997279404639139557e+03
3.015798910067278484e+03
5.352281672063744736e+03
1.745766759112550062e+03
2.249201965754315552e+03
3.974387668752409354e+03
3.040042891940790469e+03
3.391259103205937208e+03
2.930837015935295312e+03
5.740195344155549719e+03
3.911286962533627957e+03
1.688253569948837139e+03
3.075797775953577911e+03
1.324573749636888806e+03
2.899082551320092080e+03
5.318267353480259771e+03
2.442809313167796063e+03
3.273182815784739432e+03
3.444682155164442975e+03
3.211351441406147387e+03
3.849085929129510077e+03
2.832536132428765995e+03
1.898800501765640092e+03
4.019241269411253143e+03
2.504552762931653888e+03
3.596091172858492882e+03
3.981904335431127947e+03
3.837318992429928130e+03
4.067715199110222784e+03
3.936850101933567657e+03
1.864153068926484139e+03
3.716546116362590510e+03
3.783485114728424378e+03
2.129402585303058004e+03
4.192499940221673569e+03
3.727291508043351314e+03
1.919231764558140640e+03
3.932789742573589137e+03
5.027827338082506685e+03
5.021172491934159552e+03
3.663985405920006087e+03
3.880761217044580462e+03
4.422594766939994770e+03
4.221812788450426524e+03
4.162821192485986103e+03
4.439432421153296673e+03
3.682067397933682514e+03
6.239904128920927178e+03
1.881280458052819995e+03
4.186935667051556266e+03
3.689707552624365235e+03
3.751824147053816887e+03
4.255504788252427716e+03
1.428842965062078292e+03
3.638946507605361148e+03
3.228140466025354272e+03
3.296681697686435200e+03
3.715649913977150391e+03
3.314649451859409055e+03
2.538115913481224197e+03
1.650342860074031705e+03
4.607806619477483764e+03
3.809621273321288299e+03
3.390960390043164807e+03
3.797683050350105987e+03
1.858313430493274609e+03
2.608213815639856875e+03
4.413193715853326466e+03
3.861270981015076359e+03
3.829063966968129989e+03
2.864578351000193379e+03
2.271840919844259133e+03
2.090085663957745965e+03
6.369418030088734668e+03
4.448998250217621717e+03
3.818593534460123465e+03
3.792051044938365067e+03
3.917873280680661082e+03
4.252996251029324412e+03
4.013578952963166557e+03
3.516797475621320700e+03
2.540636572065221571e+03
4.198617854922938022e+03
4.425251536599111205e+03
3.311287010528973497e+03
3.720908149993823827e+03
3.306389683448348478e+03
3.974694604214854280e+03
2.333383914689858102e+03
1.528016805312649467e+03
1.122431554460709776e+03
2.558516762303397627e+03
1.781315922721890047e+03
4.743138626706490868e+02
5.621496682654742472e+02
1.054303644060618808e+03
5.992922151841494269e+02
1.510040326146937332e+03
4.616654347799271818e+02
3.103515281546629012e+02
3.727891688245962541e+03
2.077106460624911506e+03
2.226406265809321212e+03
1.807936498101533743e+03
5.440228772433711129e+02
1.055021499418485064e+03
1.795164276451636169e+03
5.063821441635850533e+02
5.861863826416602024e+02
1.171429456040746800e+03
2.230108003114898565e+03
1.025781760059600856e+03
1.712353632544371749e+03
4.669128784432273278e+02
5.120271791075235342e+03
2.771329517291238517e+03
2.482617561704483705e+03
5.711468098817149439e+02
4.295384652566235673e+02
1.043242985118521119e+03
1.669657755145371993e+03
1.381501044051549798e+03
3.679066239930896700e+03
1.396688248104608874e+03
2.803705657040401547e+03
5.503743930444402395e+02
2.870878816119557996e+03
5.468863487199347219e+03
1.036487207789494050e+03
5.068707938996808480e+02
9.714997389178870435e+02
1.213392981466455694e+03
2.962275088095376304e+03
2.695755157436771697e+03
1.024094978480187365e+03
1.312834199051232190e+03
4.713212188535635505e+02
2.826279713849500695e+03
2.232334666034720613e+03
2.951293555625466979e+03
1.809326727474538984e+03
1.090862173363465672e+03
5.102510346244462198e+02
1.328101780516876261e+03
3.598181147703539864e+03
1.277470074262650087e+03
2.352029716714406277e+03
5.643883950594549788e+02
2.009263606402766982e+03
9.142519148254004904e+02
2.390688001712690038e+03
2.123021830630154909e+03
4.642992462536944913e+02
5.348511505737019434e+02
6.224103054319057264e+02
2.212179881862955426e+03
2.289165613017237320e+03
2.881010773344386052e+03
2.804738898320650151e+03
2.398680011891278809e+03
2.436561842266708936e+03
2.691536243217293759e+03
2.579068738957058486e+03
2.284851695664580348e+03
2.345695369292808664e+03
2.029299768074206895e+03
2.933085964748734568e+03
3.145018581869279842e+03
2.462641050176297085e+03
2.411013072400734018e+03
2.607688777604486404e+03
3.729009481772867730e+03
3.710543011874272452e+03
1.861071824560960067e+03
2.875237803240997437e+03
3.166791472601338228e+03
3.856641134254190547e+03
2.650431757900686989e+03
2.479871159495472966e+03
2.442452565451564169e+03
5.298123755515719495e+03
2.712689691133781253e+03
2.851952519405087969e+03
1.995714280889457768e+03
2.402028621969979213e+03
2.622017555146444010e+03
2.178736969644628061e+03
2.251273396824803967e+03
3.671976597692767882e+03
2.712386388442105726e+03
3.074173602378243686e+03
2.369839287512174906e+03
2.976999505548703837e+03
3.875560299373342787e+03
2.908948823868600812e+03
2.296564623099347955e+03
2.476172958006807676e+03
2.244547032134013534e+03
2.580348802954350958e+03
2.997838024028142627e+03
3.151206514487539607e+03
2.887946089971239417e+03
2.606914974956154765e+03
1.857783146340119401e+03
2.678000026218623134e+03
3.143464703346403894e+03
4.320897927431165954e+03
3.046467988012715978e+03
2.746396796077343424e+03
2.255123007371782933e+03
4.263640529225913269e+03
3.075655251311135544e+03
4.018686233724114572e+03
2.086019930729531552e+03
2.634624158944454848e+03
2.872063754362724467e+03
4.123151815614729458e+03
2.652610363469962067e+03
2.102184550817004492e+03
1.870939733402251477e+03
2.741351640248769399e+03
1.800467425018503491e+03
1.340555201948355261e+03
2.658210948820820704e+03
1.667604967612814335e+03
1.551586834976478713e+03
1.960197968297000443e+03
1.566213468262104698e+03
4.742667720498575363e+02
1.525472927509815690e+03
1.310153252699084078e+03
1.508937947009183063e+03
2.655489679519826495e+03
1.662968217449466920e+03
4.145797905721419738e+02
1.532951528787404641e+03
2.096742753702181290e+03
3.080698611996223462e+03
1.366961108826471445e+03
1.577825113394230357e+03
2.040773703357605427e+03
1.929720399630793054e+03
1.806372796747854409e+03
2.158844756031334327e+03
1.466618725454352671e+03
4.698041110413479146e+03
1.409134779668510419e+03
3.041742101474260380e+03
1.569664413849480752e+03
1.574384408408876425e+03
2.071551119143119649e+03
6.358617629143645900e+02
1.781555500031683096e+03
4.759808831437347180e+03
1.171774909347143875e+03
3.319276034017981146e+03
1.499835534580827698e+03
1.082502103523976530e+03
3.620022691828218740e+03
1.833564033872101163e+03
1.452574108543774628e+03
1.707206735065069324e+03
1.918948073189388197e+03
1.763422622005193261e+03
9.777902497194540956e+02
2.010169647050714048e+03
1.856329281128241746e+03
1.497861748732573460e+03
3.148017609717922824e+03
8.300761851071674755e+02
1.375623244058447199e+03
3.215931498728977658e+03
1.933224159841610572e+03
1.546860979170853398e+03
1.609641311101328938e+03
4.350759466757685004e+03
1.962046484064947890e+03
1.940115203115622080e+03
1.408188093464969825e+03
8.150837099460763966e+02
1.874594385204625269e+03
3.311796891504146060e+03
1.389040245587726076e+03
1.484282565821785283e+03
1.556601612549277434e+03
1.680567219043486148e+03
2.702439646649485894e+03
2.190013709040080357e+03
1.271451073393745446e+03
6.802918639901131428e+02
9.962979913280778419e+02
9.335235482982270696e+02
1.636306259260334627e+03
9.339813161059146296e+02
9.652000215756165744e+02
3.294953386092671280e+03
2.489019974720302343e+03
2.387291377581146207e+03
1.693036830355868005e+03
1.021945986430169341e+03
1.443846814405398845e+03
2.410789916166112107e+03
9.026598426651776208e+02
8.978763207990618866e+02
1.536062112689750393e+03
2.058867898962193067e+03
1.317796878285371349e+03
2.137146490864735824e+03
8.316934028726850556e+02
4.911302706246868183e+03
2.729889611526673434e+03
2.156060545834998265e+03
1.301147851773400816e+03
7.925676469912832545e+02
1.563568483723019654e+03
1.929198123119436787e+03
1.224283209799961242e+03
4.013231479057329125e+03
1.743436774625247836e+03
3.156500292619852189e+03
8.281105713324245698e+02
3.187854614950777432e+03
4.906217258846457298e+03
1.641512044424995565e+03
9.788953910075651947e+02
1.369284104156896319e+03
1.665046664094391872e+03
3.050796046184704210e+03
2.792839511099239644e+03
1.215538268781034958e+03
1.200071725700102434e+03
8.775226930350618204e+02
3.070529845943574855e+03
2.412737206250753843e+03
2.719631614683104999e+03
2.169963896981927519e+03
1.850641610834902167e+03
1.085253463131149601e+03
1.082309895774440520e+03
3.605399384308323079e+03
1.541395172468819510e+03
2.342387073052027517e+03
7.905128288704549959e+02
2.112310858415004077e+03
1.104688842608956293e+03
2.674151816161623174e+03
2.374645668884488259e+03
8.087807197162837838e+02
1.050415649425489391e+03
9.271775569015799192e+02
3.857837330780468164e+03
2.763455912654328131e+03
2.722891329514977770e+03
2.497436448682180526e+03
2.536633245360807450e+03
1.401010401680847281e+03
2.324639201720942765e+03
2.644929505362454620e+03
2.613824462320859766e+03
2.789589083059271161e+03
1.924705611744789621e+03
1.186641883524152036e+03
2.685604950846144675e+03
3.348491585939424567e+03
3.872459250824215360e+03
2.495164281690870666e+03
2.631623840211861534e+03
2.818318217572855701e+03
2.688277421273619439e+03
3.277924329573126670e+03
2.600312188469377361e+03
2.251517683382849100e+03
4.393617347589341080e+03
2.466117460916753316e+03
3.718550057179813848e+03
2.535689806879125626e+03
2.483255658874246819e+03
3.664689418914517773e+03
1.143901966455915499e+03
2.205193893920608389e+03
5.925132446243978848e+03
1.335329998851635082e+03
5.440095652633696773e+03
2.462913226049938203e+03
2.330507560230532818e+03
4.394554478302167809e+03
2.835329949009271331e+03
2.270242297443517145e+03
2.459770255842906408e+03
2.538885175554540638e+03
2.456241339708560190e+03
1.533198135774127877e+03
2.755587373586961348e+03
2.788731399246796173e+03
2.695902668717349570e+03
4.119982323245768384e+03
1.791640561000663183e+03
1.837661231099025372e+03
3.791143617078831994e+03
3.020804182411462079e+03
2.845009349170291443e+03
2.547430247489100111e+03
5.569552328449024571e+03
3.684522113940010513e+03
2.270762095816934107e+03
2.405031534021885818e+03
1.272597224414323591e+03
2.287133680419593020e+03
4.221779042853254396e+03
1.864109196523183755e+03
2.177610938747846376e+03
2.333227833373650355e+03
2.627374040123399027e+03
1.275276759348479573e+03
1.519700603861110039e+03
2.010815900350401989e+03
1.089777045228956467e+03
2.322767443892203119e+03
1.392909474192834750e+03
1.542417229625889377e+03
3.129868045883568811e+03
1.854064161922342009e+03
3.384789365031851048e+03
2.653304945754993696e+03
1.269214560132285669e+03
1.956178508996311393e+03
1.794941877241519705e+03
1.767514855375405205e+03
1.563199278835066707e+03
1.348957354208480865e+03
2.738864479090456371e+03
1.296137965726273023e+03
2.680826677214110987e+03
1.403036640288849640e+03
6.029819818172029954e+03
2.414129292714977964e+03
1.993548294213516101e+03
1.641761744333925662e+03
1.929258694237068539e+03
1.417568836655767655e+03
2.379765363251407052e+03
2.202696316134113204e+03
2.244853023069794745e+03
2.138724954691108451e+03
9.995708519540262387e+02
1.062147613994338826e+03
3.082167205201081742e+03
3.230794980196749293e+03
1.602118208675912683e+03
1.448879937904092003e+03
9.592358415127966964e+02
1.104447865893219159e+03
2.598917769040817802e+03
3.519973864426443015e+03
1.355727781031284394e+03
2.156043557463653997e+03
1.162161409150711279e+03
1.455360961053372648e+03
2.717240375178014347e+03
3.649282139239177923e+03
2.084734845777973987e+03
1.557246833401364711e+03
1.317403353014622780e+03
1.908925562586860906e+03
2.553090887844390636e+03
2.224487695473869280e+03
2.873668057010342636e+03
1.379355377234613798e+03
2.605127909834120146e+03
1.823270513163819032e+03
3.036926513534120659e+03
2.426886707311892224e+03
1.298993402044122149e+03
1.097932371485142994e+03
1.418718128099259275e+03
6.313598765029637434e+02
1.207839988254693480e+03
4.335215894341145031e+02
1.505848106208184618e+03
4.859839967413408885e+02
4.864566281888319281e+02
3.097005607687436168e+03
1.974650130044560683e+03
2.453030054194498462e+03
1.784845508451248861e+03
5.161231530293407559e+02
1.043624127546986074e+03
1.802993378635119370e+03
5.939748188539242619e+02
6.843060329600077694e+02
8.868670776419596677e+02
2.238885518200298975e+03
8.227515611347973845e+02
2.134966231043982589e+03
5.528817379578604232e+02
5.427144051132417189e+03
2.621052550978889940e+03
2.071187785521647129e+03
6.268902855118826665e+02
9.409319839259655964e+02
5.769623534164652483e+02
1.754500337833419735e+03
1.545305256290101170e+03
3.834298071698963213e+03
1.352205607750009904e+03
2.448275780208283322e+03
6.342128644365584478e+02
2.622997397630992509e+03
5.263900293464779679e+03
9.467365849050602264e+02
5.405754827425125768e+02
8.161720009535233658e+02
1.127063121614596412e+03
3.096588476131726111e+03
2.855067653623480965e+03
7.100598094469428361e+02
1.400167994705039291e+03
4.511557531484363608e+02
2.848360375828670840e+03
2.061080750475583955e+03
3.111111508972854608e+03
1.892781337035266915e+03
9.677818889263023721e+02
7.282849713578630144e+02
1.158396773879995180e+03
3.671348935413127947e+03
1.308914677012614447e+03
2.397422573341849784e+03
6.366474148589281867e+02
1.969229644990265342e+03
8.146833483861189507e+02
2.147448746239397224e+03
2.101146992458676323e+03
4.492175011663885016e+02
5.824830433999463821e+02
5.988753066732997468e+02
6.257691931459312400e+02
2.101730701447063439e+02
1.356908185664700795e+03
3.506595460242469926e+02
4.438747253719748187e+02
3.255468277435150412e+03
1.670877659313913910e+03
2.006301063627072381e+03
1.630173615037223726e+03
2.749518047733745334e+02
7.124635077852387894e+02
1.785649608240611542e+03
5.860833434984865562e+02
2.977954814370968961e+02
7.042588423464649168e+02
1.682825584425179841e+03
6.836288288426653708e+02
1.717386501173444685e+03
2.394036503303391328e+02
4.843948805284676382e+03
2.321141521798003396e+03
1.506649413799443664e+03
8.843193326620107655e+02
6.244628792451958361e+02
9.949167507248462243e+02
1.580593008303287206e+03
9.142030962849280513e+02
3.822115034774793457e+03
1.249347232960180918e+03
2.741691694239385470e+03
3.509548586709533993e+02
2.960218957766004678e+03
5.049333027801150820e+03
6.986079316930374716e+02
2.784279556245114691e+02
7.887908315109336854e+02
8.497480171758772940e+02
2.649841100718663711e+03
2.551758441646206848e+03
6.498616410883689696e+02
7.684825159141887525e+02
2.162012959510216206e+02
2.741542252206169451e+03
2.131559758856438748e+03
2.387174218260866382e+03
1.399013391257805324e+03
7.617884156732468455e+02
3.217621973263876498e+02
9.450083038967513858e+02
3.239688397877243005e+03
1.008423694672446345e+03
1.887190688853220308e+03
2.819504717555541902e+02
1.797536657964591996e+03
5.540527298262995828e+02
2.098154950876047678e+03
1.905040712599886774e+03
4.396298105524811035e+02
4.777661928023571818e+02
3.819609129133873466e+02
6.233327712360598980e+02
1.793322423486906246e+03
7.651526109264750630e+02
8.567626856610718278e+02
3.242967336734444871e+03
1.740725813356749541e+03
2.096847648016759194e+03
1.771672798938445567e+03
8.075959257358722425e+02
9.126267661347574176e+02
2.501672587006780759e+03
7.177958257393320309e+02
6.939844121843345874e+02
9.514052558794078323e+02
1.745341227476107861e+03
1.098047238311692809e+03
2.157836406682711640e+03
6.356526758623617752e+02
4.506059257261093990e+03
2.699558996812829719e+03
1.086902387709903905e+03
1.126107226966634698e+03
8.456917745628097691e+02
1.599642502507641666e+03
1.565389189624627761e+03
4.255204477268744085e+02
4.206040944253197267e+03
1.293532992236602468e+03
3.600620366390462550e+03
6.269928719131421531e+02
3.374806852279060422e+03
4.798324763460281247e+03
9.858481957937469815e+02
5.294508944842655183e+02
1.107614885525729278e+03
1.298416562557740235e+03
2.874530348499672073e+03
2.745606946288474319e+03
9.804400229507834865e+02
3.151293732093431572e+02
8.004404438079116062e+02
3.126470386600923575e+03
2.676129920744711853e+03
2.133897396497125555e+03
1.461866243433875752e+03
1.250964431746389664e+03
8.885193461408980511e+02
1.106357641298653107e+03
3.754358580336520845e+03
9.205409756827502861e+02
2.202260277709837737e+03
5.957421900045569600e+02
1.963294908916162512e+03
5.312254168707377175e+02
2.606961660299350569e+03
2.120999397264387881e+03
5.426235551670488348e+02
1.000568125849057196e+03
7.360415736561335507e+02
1.398447526958176923e+03
2.991225940430349510e+02
4.189497807375714729e+02
2.906558398153300914e+03
1.493489023414929989e+03
2.049119604826860268e+03
1.569812284448041055e+03
1.612900630830667978e+02
5.997986980251455407e+02
1.707050338811298616e+03
5.724842960178466456e+02
2.970142077015016184e+02
3.448046785166050086e+02
1.492403873034826347e+03
5.011006819920721682e+02
1.654450397178243747e+03
2.212438510137326375e+02
4.835538996715154099e+03
2.328092793263965177e+03
1.355942213566427881e+03
7.537429248285557151e+02
7.734118507556086115e+02
8.356075125457387003e+02
1.650850683505821735e+03
8.348048889064857576e+02
4.169240333850079878e+03
9.730862183246840686e+02
2.442889054795172797e+03
3.816897873378679833e+02
2.728690703502742508e+03
4.835181475107333426e+03
3.880994687575528133e+02
2.075102376459740299e+02
5.454393917382926702e+02
6.841989975386627520e+02
2.817856535189371698e+03
2.398250538092546321e+03
4.773143535747242368e+02
7.936037659139924472e+02
1.318329448809079167e+02
2.629247661690957102e+03
2.105143048952106255e+03
2.496721267428667034e+03
9.590581856651069756e+02
4.841860660962122438e+02
3.616508620655151844e+02
8.775208388005630695e+02
3.338040938232561530e+03
1.029872022441626541e+03
1.763987203650186075e+03
3.225672749989453223e+02
1.667565285343397136e+03
4.529886548962233519e+02
2.117744391239469678e+03
1.717780431056748057e+03
3.297048556768309027e+02
5.174812087953025639e+02
2.771509342182112050e+02
1.284885825065710833e+03
1.350022999524688203e+03
1.394950453612816091e+03
2.429798982099221575e+03
1.585626351436361347e+03
4.190845360475409507e+02
1.543879880885387820e+03
2.131228353652739315e+03
2.839125538787470305e+03
1.340160216346009747e+03
1.361017872334373351e+03
1.832124600361983767e+03
1.615243712637956833e+03
1.652312584355561285e+03
1.980976099589076966e+03
1.367196909439941919e+03
4.497656300799868404e+03
1.363635824119115568e+03
2.622887105732389955e+03
1.655974917327302137e+03
1.553879011934906430e+03
1.695095405502890571e+03
7.006655814926007224e+02
1.731352727911396869e+03
4.758036930471583219e+03
1.227540655973681169e+03
3.030985251473568496e+03
1.431669272176962750e+03
9.705800419628194504e+02
3.502942106834848346e+03
1.821161067909902613e+03
1.574375847110865152e+03
1.431195761771694379e+03
1.848620817023454492e+03
1.752826173559162271e+03
9.226224662872382396e+02
1.706321223722359946e+03
1.657582651929059921e+03
1.348941875735667054e+03
3.335368184661867417e+03
6.495447516388499025e+02
1.093360030177902900e+03
2.977638676402641067e+03
1.967376284567382072e+03
1.507134041202883964e+03
1.549894395818942940e+03
4.257145022561048791e+03
2.133553760371803037e+03
1.565847938302842522e+03
1.337188493469007881e+03
7.177272785896129790e+02
1.634958400412798710e+03
3.299545286207399840e+03
1.436173112634431618e+03
1.236057826257333090e+03
1.459383475347035983e+03
1.399858820985823513e+03
5.184391810314600662e+02
3.290025990933662342e+03
1.779698906373690079e+03
2.014653213959139975e+03
1.634787884939612468e+03
4.569128908679067536e+02
8.367081412853697202e+02
1.841244866505405298e+03
5.802542351423858236e+02
2.799718329117322355e+02
6.858337290453735022e+02
1.670358214961767771e+03
9.091798346500622756e+02
1.363649600329914847e+03
3.811337748196367556e+02
4.825240090393973333e+03
2.312671193651953217e+03
1.666400336183672380e+03
6.601039846053731708e+02
7.126131400965241482e+02
1.048184174501898269e+03
1.585773183279311979e+03
1.000304943079255963e+03
4.171185437577282755e+03
1.115453168644623929e+03
2.789570337722936529e+03
4.957315923987607675e+02
2.896042767273959726e+03
5.144761099427009867e+03
6.182909267648058176e+02
3.812228924298981383e+02
6.152005015732752327e+02
6.697844501180873067e+02
2.601520179379660021e+03
2.195913620672471552e+03
5.727574004298257933e+02
8.315376974962337044e+02
2.753056524111584622e+02
2.731275809072039010e+03
2.150149218652021318e+03
2.546468249524133171e+03
1.374726670398396436e+03
6.758252258399102175e+02
4.291377298399247593e+02
9.501790240398700007e+02
3.660577964040855477e+03
1.380802087412667788e+03
1.855998591081239510e+03
3.935990620290299375e+02
1.550311769200475510e+03
3.811628029464222891e+02
2.357007802294527210e+03
1.801402620687201534e+03
3.839198615133427666e+02
5.541955879620154519e+02
2.542928286080737053e+02
3.218680984059707953e+03
1.933030694179019292e+03
2.265222052611029085e+03
1.465259815566628731e+03
3.956787912712079560e+02
1.021450585381082419e+03
1.757499140668974860e+03
4.417149374490577429e+02
4.946464529670274715e+02
8.825989176550083357e+02
1.856138350583330066e+03
6.737936336601719631e+02
1.825694679348928048e+03
4.022441044636429979e+02
5.325600452951483021e+03
2.579978790534370546e+03
1.902458661186703921e+03
6.658054472355265716e+02
4.520880805004535432e+02
9.114255125494473759e+02
1.693625475643528262e+03
1.221517559310697379e+03
3.489077023973539781e+03
1.430389478151706498e+03
2.469839058567331449e+03
4.453885502454168090e+02
2.385462339438688105e+03
4.996932221135727559e+03
7.775805834133461758e+02
3.529057049849197938e+02
8.397760323963389055e+02
1.189263564314698669e+03
2.978990105047129873e+03
2.364508744585568820e+03
8.096706949891647582e+02
9.269182773133547926e+02
3.562910854379156262e+02
2.819083896893690508e+03
2.099565909983092752e+03
2.811942909070152382e+03
1.825352311909395667e+03
8.545483438587662022e+02
4.777763422029534013e+02
1.184284471385744837e+03
3.208234261012135903e+03
8.072091317446870562e+02
2.271781101657573345e+03
3.928412551156002337e+02
1.947137384110746780e+03
9.961944155455973942e+02
2.120172709132407363e+03
2.101789205160565871e+03
4.419195361005895393e+02
6.977727913532089588e+02
5.052094526906685132e+02
3.782922626971224872e+03
2.575950449108592238e+03
1.339195812008652865e+03
2.953280435367351402e+03
3.501299122224867006e+03
4.950159492214305828e+03
2.955074984952951581e+03
3.272774258750400804e+03
3.244876488558739766e+03
2.980874050528264434e+03
3.340906238664548709e+03
3.305750723448441931e+03
2.914098249965992181e+03
4.490938909037920894e+03
1.693831324964862688e+03
4.076978177134867110e+03
3.279165456127236212e+03
3.387630512646082479e+03
3.136482204301262755e+03
1.734011177961468547e+03
2.797128542346157701e+03
4.797408307499770672e+03
2.073175476228636853e+03
3.494958813551867479e+03
2.769611270246382446e+03
1.981408354235297793e+03
1.767374166498309023e+03
3.529249421115819132e+03
3.248028587696982413e+03
2.826112242981959753e+03
3.275229138019157290e+03
1.997545380295898667e+03
1.768344511561324452e+03
3.223419151178172342e+03
3.535071266356368142e+03
3.142328394206556823e+03
2.706423370269600127e+03
9.670111812383947836e+02
1.510903500330883617e+03
4.971695777622772766e+03
3.645907064364345842e+03
3.314532927853149431e+03
2.716758928025399200e+03
4.311089190844165387e+03
3.812369032194985266e+03
2.894764458580806149e+03
3.039731077524224020e+03
1.830905820483786101e+03
3.410397069940906022e+03
4.811337772651162595e+03
2.106392132337743988e+03
2.814648536387109743e+03
2.804960893849860895e+03
3.331554312373464199e+03
2.750416504089584578e+03
2.718161300195298736e+03
1.889236286488930546e+03
2.772284188933617315e+03
3.225059144106038730e+03
2.048503670541296742e+03
1.884489686447795975e+03
2.150020495499072695e+03
3.085065762801813889e+03
1.972473594935637266e+03
2.120166741695209566e+03
1.782930099763255384e+03
5.467112990867173721e+03
2.947905741359587410e+03
2.548201376417880510e+03
1.813165177387153562e+03
2.288832185483386638e+03
2.557741655784643626e+03
2.092544807328725256e+03
1.493424208186557280e+03
3.525935421734986903e+03
2.029109991620471419e+03
3.002598021107347449e+03
1.504333845668378444e+03
3.918157900734493069e+03
3.563779597455588373e+03
2.292575119456460015e+03
1.510561308863230352e+03
1.686049003285225353e+03
1.781520707266544377e+03
3.064633243436840075e+03
3.644714659441159711e+03
2.407397052455953599e+03
1.949269723757154225e+03
1.750182978778651659e+03
1.901112815521358016e+03
3.172061706147643235e+03
3.064650606570845412e+03
2.045175645600439111e+03
2.378852413366909786e+03
1.823313130096160648e+03
3.062012209454273489e+03
3.662713119757881941e+03
2.290636770513659485e+03
2.927069675110261414e+03
1.396585943268130904e+03
2.707461850705705274e+03
1.816002693101039540e+03
2.964629743325342588e+03
2.119322539810752914e+03
1.589475580077660879e+03
1.377730936294799449e+03
2.070376640937765842e+03
1.452417710668371456e+03
2.173743681456401646e+03
2.340355312056060029e+03
3.088517994014811848e+03
1.879776379847320641e+03
2.195996323334169119e+03
2.283266809717501019e+03
2.612314349155330092e+03
2.299360111253057312e+03
1.904833043502346300e+03
2.032021572359309630e+03
3.643690307647169448e+03
2.438596433599949705e+03
2.885178887016557383e+03
2.181764618933048496e+03
2.221732341396341781e+03
2.939895231530482306e+03
1.761999434873876908e+03
1.755350365325705297e+03
6.042058936954715136e+03
1.083284819259524284e+03
4.682226105452184129e+03
2.157609172260205014e+03
2.338229554003249632e+03
5.212781546881950817e+03
1.918063744779776016e+03
2.005017759016334367e+03
1.973937365489644208e+03
1.798285077154281907e+03
2.034173244515870465e+03
1.699720612129558504e+03
2.582806282990365162e+03
2.455905682783156408e+03
2.146368132099563809e+03
4.123968363565636537e+03
2.090823647627295941e+03
2.179237560920395026e+03
3.316475148427350177e+03
2.092484183124732226e+03
2.306134858801231530e+03
1.977939010483528818e+03
5.178640366216753137e+03
3.217820793270084323e+03
2.257949683510154046e+03
1.958788329541115900e+03
1.227079202110077858e+03
2.128583774576414271e+03
4.248251876176776932e+03
5.544716101792905647e+02
1.976615317806369831e+03
1.978528734745788825e+03
2.336890350031460912e+03
1.524587189994093251e+03
2.068175763466511853e+03
3.091972697374896597e+03
1.469276595211042604e+03
1.660709290434992226e+03
1.826854407486722266e+03
1.503638757045086550e+03
1.696335581505334403e+03
2.005305184706633099e+03
1.450803309275046786e+03
4.010485686709783295e+03
1.573497767084858879e+03
3.079799416591872159e+03
1.699042978088471955e+03
1.610890331592474922e+03
2.034975951339584526e+03
6.198694900359305393e+02
1.672038099075401533e+03
5.058702862947505309e+03
8.926082180428720676e+02
3.537486270008820611e+03
1.442209597402872532e+03
8.366866359432378886e+02
3.395411386181429407e+03
1.855711904996095200e+03
1.471921972818002814e+03
1.597316200826617205e+03
2.005612900255068780e+03
1.660473528107536367e+03
8.815619809355644065e+02
1.739943064051779174e+03
1.770181298634083305e+03
1.598978757591515432e+03
3.521320825077576956e+03
5.874531208869238981e+02
1.109908068677352730e+03
2.965392806520003887e+03
1.979703677894965040e+03
1.825774715068975638e+03
1.581855332918391014e+03
4.156787622158184604e+03
2.101770770168722265e+03
1.493017090428958909e+03
1.496226951223605738e+03
4.966679011462315430e+02
1.623099942942966436e+03
3.407927112004671471e+03
1.194503368840969870e+03
1.423834025344091515e+03
1.621814042946283053e+03
1.717629999297346558e+03
6.463698592838279637e+02
1.772708386610755497e+03
6.937936050312046063e+02
3.224067811683271430e+02
4.796999749897793208e+02
1.669452800551856626e+03
5.732351933298914446e+02
1.805958658986737419e+03
1.675380002839792724e+02
5.075301986553076858e+03
2.623703327796913072e+03
1.881707333673256471e+03
8.392877542864321185e+02
7.098974829348494495e+02
9.631348648752402823e+02
1.675952667889678196e+03
9.798850733753120039e+02
3.767726648434586423e+03
1.083750153232345838e+03
2.603725000299297790e+03
4.777624623712290486e+02
2.781142135487798896e+03
4.875555088986900955e+03
5.054179602083374903e+02
2.265251564319298723e+02
7.388344907610940027e+02
8.032314181897552317e+02
2.755936076153953309e+03
2.469117464757644029e+03
6.666851251357102228e+02
9.562970072969717421e+02
2.429957220040696484e+02
2.612504381441521673e+03
2.024465342363994750e+03
2.690675100258884413e+03
1.108032769093568049e+03
4.375031577064119119e+02
3.854642183975449825e+02
1.157769672088541483e+03
3.169505293355810863e+03
1.056496802474833203e+03
1.874259105581069434e+03
4.863562030412981585e+02
1.883723337628114677e+03
5.970312515064167656e+02
2.135305514068918455e+03
1.850633694070880210e+03
5.217041464338403784e+02
5.370250180297653060e+02
5.452781567918684686e+02
1.996493427738237187e+03
9.905972255692818180e+02
5.656176772599615106e+02
7.905503303456378035e+02
1.977421602444333530e+03
8.966343548833035584e+02
2.388757220511213291e+03
7.030065188389846753e+02
5.299225637883409036e+03
3.028008201813080632e+03
2.012684757578106655e+03
1.192517823006824983e+03
1.078043093857383155e+03
1.490368411422071176e+03
2.303251117091808283e+03
1.215151060821800684e+03
4.567806099149522197e+03
1.417062743237042696e+03
3.548486285169735311e+03
8.022184930428627467e+02
3.225105305526777556e+03
5.941912769784550619e+03
7.493404144191051728e+02
7.780524479273558427e+02
8.676757907027802048e+02
1.241548689450697339e+03
3.199465841911681309e+03
2.795807642761348234e+03
8.873469480801043119e+02
1.151723692946320170e+03
6.957220889520970104e+02
4.021572494314139476e+03
2.684292941231335135e+03
2.910999795802493736e+03
1.888857164555601912e+03
7.060094294286955119e+02
7.045903433507533009e+02
1.097128116137495454e+03
3.712765910954399260e+03
1.483690035903037824e+03
2.336094487958183436e+03
8.395341295111952604e+02
1.982491027835040541e+03
8.097057444542767826e+02
2.597762216110126246e+03
2.141697253635981269e+03
8.413237674697743387e+02
1.087335444213600567e+03
8.824656068913548097e+02
2.136865671712186668e+03
1.682319972150552985e+03
2.040534336253154152e+03
1.970424994174393078e+03
1.287146720648347127e+03
2.638948953027640073e+03
1.772269274051600860e+03
2.371323340357478628e+03
3.883987343087954741e+03
3.144100440365095437e+03
2.001063834271655196e+03
2.089370073285229410e+03
2.076384348126959594e+03
3.410830860380744980e+03
2.611070782666301511e+03
4.118182122482112391e+03
2.770542557520761420e+03
2.707016854966209394e+03
2.092425844025500282e+03
3.419656915245131131e+03
5.846962726476041098e+03
1.778024167639170400e+03
1.833576007014767583e+03
2.069469505473502522e+03
1.835963107208140627e+03
3.859216783543415204e+03
3.515971705535815545e+03
2.061585263395187212e+03
2.615550133801410084e+03
1.482711548918655353e+03
3.316020383989076890e+03
3.449151119071088942e+03
4.568261473482434667e+03
2.313064499794769745e+03
1.825601280029823101e+03
1.805546315992302425e+03
2.625818836256375562e+03
4.359551615888050947e+03
2.952568638415100850e+03
1.974827820843555628e+03
1.941108721363661061e+03
3.052419243462486065e+03
2.212939654565473120e+03
4.009309543851919898e+03
2.953970074012682289e+03
2.085989543997471173e+03
1.956780310766137973e+03
1.883627507616131197e+03
7.395996551551870652e+02
1.081970323762375983e+03
2.040077954622945754e+03
7.403431931858835924e+02
2.100164032952292928e+03
6.100967959973322650e+02
4.756036927511170688e+03
2.636501665114012212e+03
1.909352340818431003e+03
3.154160429098178611e+02
6.908992242667586652e+02
8.407454859510453389e+02
1.389807977734648830e+03
8.395097015495807682e+02
3.860468018859357471e+03
1.199026650821281692e+03
2.601188370324799962e+03
5.823926716211822168e+02
2.360194829182159538e+03
4.926254542293348095e+03
1.046748748308329368e+03
4.908071772061734919e+02
8.914276270687460055e+02
1.398835647145972644e+03
2.807314808859086043e+03
2.685401674829319745e+03
1.065495717933700689e+03
8.363320467828266374e+02
6.560803124111780562e+02
2.844269507118496222e+03
2.154348432979497375e+03
2.410166095080026025e+03
2.038942179269560711e+03
1.273077912220672033e+03
7.885427668649722364e+02
7.376617255958581154e+02
3.461644968337233877e+03
9.072921200245973523e+02
2.330454377983649920e+03
4.066474255662069481e+02
1.748365142790513801e+03
7.126832701993248520e+02
2.425553559682507966e+03
1.829378659925718466e+03
2.575654714513589170e+02
5.867517769658952602e+02
6.911828635000865688e+02
4.954877050891473118e+02
1.527387224495036662e+03
7.808725142200898972e+02
1.564986675964516508e+03
3.293381370954436989e+02
4.989815749677803069e+03
2.509440322664308042e+03
1.862558298865387997e+03
8.737458414850557347e+02
5.843645361826825138e+02
1.085517686761677169e+03
1.740278474243270466e+03
1.140734520620532976e+03
4.038300473443100145e+03
1.194340354707122515e+03
2.942456281368902637e+03
4.537527470553823150e+02
2.847339301552631696e+03
5.153082524064693644e+03
6.107372447222578558e+02
3.775385294250020252e+02
5.310806302397977561e+02
8.182329680393584113e+02
2.715077613200774067e+03
2.243816803645127038e+03
6.359481772276355969e+02
7.224662607376408232e+02
2.708273006998283563e+02
3.037776549772964245e+03
2.155924383939721793e+03
2.599105266386494804e+03
1.315873541811665291e+03
5.937794311129355265e+02
2.538629761041452184e+02
8.991510040595899227e+02
3.607557490107722060e+03
1.227680074114201034e+03
1.830652205626545765e+03
3.620745743941783985e+02
1.619652182108141460e+03
4.434243918964671138e+02
2.330556159920542996e+03
2.016292533441877367e+03
5.249638563741368671e+02
7.268906761581572482e+02
3.789514916214789082e+02
1.297928822196995498e+03
5.638775909177511494e+02
2.025887257312025667e+03
6.373096924738092639e+02
5.037169573890850188e+03
2.646031141981301971e+03
1.531920895242388497e+03
1.074044172382763236e+03
1.285796210967076604e+03
1.078797938666064056e+03
2.106468151855694941e+03
1.251750900610693407e+03
4.644453551959784818e+03
1.143682814875479153e+03
3.079305993533948822e+03
8.735754985816176941e+02
2.641411752336782229e+03
5.526133162030891071e+03
5.171208613235139637e+02
5.242103462596373902e+02
5.221480060013700495e+02
9.469319915488077868e+02
3.227833948977893215e+03
2.474141265481788651e+03
7.090899907973980589e+02
1.036500092277839713e+03
5.382793467604637954e+02
3.404924151117974361e+03
2.324687754426767242e+03
3.072222688335144994e+03
1.224841058756743450e+03
4.774221076392041141e+02
6.929388277640184697e+02
1.330179962549707625e+03
3.395222985130232701e+03
1.498313353052654975e+03
1.704849097066108925e+03
7.210930766326525827e+02
1.636022497523716083e+03
5.821753703475681050e+02
2.273320226827121587e+03
1.940861307475259764e+03
8.028079983749373696e+02
1.107147567987374032e+03
7.241490365511290292e+02
1.579022968713934461e+03
2.139441916271374339e+03
1.717804027463389275e+03
3.189094879727740590e+03
2.182692979315453613e+03
2.460370452345069225e+03
2.243325980306242855e+03
2.069430223256502359e+03
2.359215439828396939e+03
2.093080387469296056e+03
2.074932410105427152e+03
5.432670634831723874e+03
2.188900676781411221e+03
3.836958282770212463e+03
1.820203284429870791e+03
2.363944442290707229e+03
5.120161087555349695e+03
1.527993569566730002e+03
1.644261256519577273e+03
1.333007576868550132e+03
1.981085396045591096e+03
2.623123793164852941e+03
1.829869693968590582e+03
1.907221600560968682e+03
1.568787155603724386e+03
1.580879547670395596e+03
4.512525302424694928e+03
1.930658518792075483e+03
2.326059442304585900e+03
2.088039193996889480e+03
1.526603415647487054e+03
1.797184706928690048e+03
2.014182458647847170e+03
4.555010994392258908e+03
2.391854282236633935e+03
4.075321848259191029e+02
1.615168958066101368e+03
1.382311412643429321e+03
1.612287944899985632e+03
4.022922414507883786e+03
2.332743628365323730e+03
1.928999697752928341e+03
2.216929718346222216e+03
1.692713176324158667e+03
1.900594751824690093e+03
7.055807815109287731e+02
5.221728495556718372e+03
2.647365084763450795e+03
1.888711846138522787e+03
7.615411175508161250e+02
1.160847231162319531e+03
7.834560924894808522e+02
1.927495035334692147e+03
1.392403528398059279e+03
4.403596879780881864e+03
1.514604818575400941e+03
2.216645572823867042e+03
7.887547685251174698e+02
2.111695522461312521e+03
5.361317258974241668e+03
6.210413478978566673e+02
5.075613045989243801e+02
6.730315423953961727e+02
1.155630882890383646e+03
3.045687148003578841e+03
2.596936612397806130e+03
9.999019294873194212e+02
1.069920166608233103e+03
5.316679564280723298e+02
3.308567363077084337e+03
2.092420074934907007e+03
3.196209941864336088e+03
1.538038175143426542e+03
7.445690065989069808e+02
7.984384188557405650e+02
1.257837395263626604e+03
3.584231887613002982e+03
8.538342187422999814e+02
1.965055908347714194e+03
5.619203340147391827e+02
1.670717610368538089e+03
8.675021022468388310e+02
2.517907829898380896e+03
2.043313609381992819e+03
7.767147928486542696e+02
1.041394007277964420e+03
8.421783582904872674e+02
1.719252631869606830e+03
4.939257621432067026e+03
2.423947642153953439e+03
3.358679347359458916e+03
2.033015017555787836e+03
1.888385360383328134e+03
2.542621567450270959e+03
2.503305764849777006e+03
2.047033611360546274e+03
5.671929436969776361e+03
2.024474044491744735e+03
3.838135825938318703e+03
1.980889788733787555e+03
3.180546070108001459e+03
5.945685142178013848e+03
1.711269982723003068e+03
1.759142049188554893e+03
1.498349528048941693e+03
1.467915429449288922e+03
2.400688046214282622e+03
1.853550700155040431e+03
2.438166294035294413e+03
2.154878921728136447e+03
1.453570769135912087e+03
3.586478049606041623e+03
2.377301332611668840e+03
3.220121114990744900e+03
2.000411654134089531e+03
1.906887609419476121e+03
1.802737245289858947e+03
2.678861817466872708e+03
4.741761869041316459e+03
2.883331169588885132e+03
1.941990868977001583e+03
1.630267620957020199e+03
1.693339720254215990e+03
1.707379084572465672e+03
3.716202663333101555e+03
1.901870018302576227e+03
1.907348601225487755e+03
1.774037389246315115e+03
1.721833136692206153e+03
4.752738007236343037e+03
2.489763168053596928e+03
1.738169957325498217e+03
7.911860847234311223e+02
4.739875416151644458e+02
1.011645861634367293e+03
1.461239811564975525e+03
8.597031934955909946e+02
3.650265224455381031e+03
9.880029568940703939e+02
2.735765184084311841e+03
3.544070993702298438e+02
2.810888785779599402e+03
4.687291695323468957e+03
5.600071948671611608e+02
2.268276836253212423e+02
7.259120055852235964e+02
7.613302862362872929e+02
2.727684327201773613e+03
2.282163568161101011e+03
5.690578224944492831e+02
9.179450536868757808e+02
2.049445717882792906e+02
2.520965554103894192e+03
1.951895907040660859e+03
2.547774273748028918e+03
1.177604220282021060e+03
6.034901006634497662e+02
3.272576144619463321e+02
1.023332803845636590e+03
2.924760265873266235e+03
1.089625484583475554e+03
1.988152654212313337e+03
3.517332833213135928e+02
1.736265049094753977e+03
5.793933322961606791e+02
1.862620689574992866e+03
1.832194300919185025e+03
3.632637494981759119e+02
4.477469167400231527e+02
4.263768809401758517e+02
4.857372090610681880e+03
5.769799115723252726e+03
5.101742199338061255e+03
5.005375917963559914e+03
5.512863721862131570e+03
4.347002549089176682e+03
4.201155905583697859e+03
8.457299199958613826e+03
3.760902098073518118e+03
7.169770563654003126e+03
4.696579492057858261e+03
5.340833712254571765e+03
7.033346148567967248e+03
5.303709683871078596e+03
4.772103063647905401e+03
4.800433025614981489e+03
5.394982165467718005e+03
5.224905415477325732e+03
4.844305429700721106e+03
5.403124086931125021e+03
4.867151620846903825e+03
4.986594669050187804e+03
6.788564750693408314e+03
4.601575196657231572e+03
4.278866468206277204e+03
5.407539948413137608e+03
5.452420740989375190e+03
5.135586288325595888e+03
4.615700324554877625e+03
7.760268240488649099e+03
5.605986140814371538e+03
3.080813668265573142e+03
4.849783810943484241e+03
4.206489573919071518e+03
4.465440838199127938e+03
7.107372036729046158e+03
3.778719232171989461e+03
4.699612121267688053e+03
4.727926596559401332e+03
4.981793595931178970e+03
2.612568203976152745e+03
2.607474723150504360e+03
2.786320352596968860e+03
2.882359905978878032e+03
1.454144471515268378e+03
2.524427889248184329e+03
3.304792385062617541e+03
2.243872102813798392e+03
2.578435720196000602e+03
2.188925639200054320e+03
2.279344094239908372e+03
2.243173975497350057e+03
2.666820376348261561e+03
2.593951788896883954e+03
1.883863914082002793e+03
1.917043845749481761e+03
7.675264535749092829e+02
1.674227124345302400e+03
2.785936852708524384e+03
2.724673246938556076e+03
2.285789501421892510e+03
2.030157326329958323e+03
1.474563125032088465e+03
1.706654622118898715e+03
3.716642497705198366e+03
2.523008373495867090e+03
2.404357321442424109e+03
2.553431849366491861e+03
3.173882645371593298e+03
3.408242625069561655e+03
2.172031122637838507e+03
2.145340554081079517e+03
1.411701515664741237e+03
2.734654802509538968e+03
2.685662182731934081e+03
1.916722151145738280e+03
2.532653238905821127e+03
2.132681132590863854e+03
2.608523082596129825e+03
2.090402299309524551e+03
2.140867377492284049e+03
2.482834480729095958e+03
2.313117882315153111e+03
1.369176766713856978e+03
3.668541477944031612e+03
2.491959589248106568e+03
3.281695580243419045e+03
1.486674608788686328e+03
4.159768106971832822e+03
4.372556643459683983e+03
1.434984768616366864e+03
1.577768018430214624e+03
1.497843174779524588e+03
1.064440831788518153e+03
2.773858865521659482e+03
3.340454659549980533e+03
1.681371570619530758e+03
1.220684151491854664e+03
1.724449855980406255e+03
2.160382288220833289e+03
3.634245478557413207e+03
2.932762091424649043e+03
2.806857383574761116e+03
1.441730288039343577e+03
1.754393445523449373e+03
1.976472519146808281e+03
2.943007328384619996e+03
2.193919311302121059e+03
2.839329929689683013e+03
1.349437866245580608e+03
2.765469265358849043e+03
1.782509914674761603e+03
2.543593545529864514e+03
2.762494665305369381e+03
1.566938071531452351e+03
1.677642628084304761e+03
1.847983168318573007e+03
9.152524438229929729e+02
1.049901312656973914e+03
1.582750423581337600e+03
1.131466716307087154e+03
3.709341465116375275e+03
1.311790559515982522e+03
2.402883006559907244e+03
7.408100316683116944e+02
2.503348363658783455e+03
4.922765887861245574e+03
1.145075242613668252e+03
6.124223189277181518e+02
7.580061761224774273e+02
1.284157867666588118e+03
2.812710521396852528e+03
2.929744429511576527e+03
1.112859164496643871e+03
1.294886650834146621e+03
8.104454687179845678e+02
2.393002390986617684e+03
2.280624016869619027e+03
2.900661645017670708e+03
1.773769238943933487e+03
1.291262326739611126e+03
8.480959457814897178e+02
1.098081506048051324e+03
3.659646585001217773e+03
1.396382551048881851e+03
2.408929602393346613e+03
4.741312103778268465e+02
1.789504600693970588e+03
8.716014718015226208e+02
2.468053246604516971e+03
1.909796039307851970e+03
4.579510964307910399e+02
5.752436690199924669e+02
1.083794200440905570e+03
1.408796283564625810e+03
1.738536101866894114e+03
1.129058257296664578e+03
3.457757591771382067e+03
1.560833742841580715e+03
2.936179792157978682e+03
4.684740039362504831e+02
2.954136814077046438e+03
4.825968702099756229e+03
1.219221366537500899e+03
6.587241163839125875e+02
9.755163145719334352e+02
1.374239105255463301e+03
2.909332762943320176e+03
2.573007836993441742e+03
1.078852292235193545e+03
1.094636373868241208e+03
5.474134661870198215e+02
2.572912389478859950e+03
2.287057947430594140e+03
2.657904175097343341e+03
2.040393310730636358e+03
1.282530317083827185e+03
4.571764683799483464e+02
1.255165064088090730e+03
3.316416818795803010e+03
1.404830858242816703e+03
2.424951618710551884e+03
4.924498783273611480e+02
2.082375554010830456e+03
1.040158928651747829e+03
2.403842675366146068e+03
2.235582439700325722e+03
6.319774385754872128e+02
7.535517477715097812e+02
7.794549772939840295e+02
2.068604005041089295e+03
2.078078606033255710e+03
4.027804760745011208e+03
1.708927683751284349e+03
1.935570103021166688e+03
1.042584651470643621e+03
2.380290470606619238e+03
5.669871792281537637e+03
1.515575886055472665e+03
1.098903761465185653e+03
1.023014106845220795e+03
1.776709947067932490e+03
3.552827013967414132e+03
3.423112213735798832e+03
1.239765014381651099e+03
1.687535145808072684e+03
8.890573074149156128e+02
3.309241004866069943e+03
2.098732106590355215e+03
3.289498558355223395e+03
2.430762945420660799e+03
1.754108995915250944e+03
1.116232439719846752e+03
1.391516751976375417e+03
3.795838907856344122e+03
1.437159400309174998e+03
2.665371101458611520e+03
1.024173268160592670e+03
2.209652427039527538e+03
1.080481030245784950e+03
2.571256811422800183e+03
2.550398219010382945e+03
7.804807115117487228e+02
1.055444156407503669e+03
9.541127928130299551e+02
1.502918324506862973e+03
3.743277189692695629e+03
1.052567735535506472e+03
3.210598607305193582e+03
1.391662252782806718e+03
1.422731483171378841e+03
2.524901337758376485e+03
2.195694168089684354e+03
1.444360897736830339e+03
1.656747864142562548e+03
1.951769339288393667e+03
1.450327879722017315e+03
1.694845323781337356e+03
2.073975057805820143e+03
1.587709930614365931e+03
1.690237348602515567e+03
2.499311791481773071e+03
1.037011772722663409e+03
8.998834412632913882e+02
2.983352594000748468e+03
2.229716083924809936e+03
1.657723179349833572e+03
1.746681728020455466e+03
3.784956022293861224e+03
2.016799861417743614e+03
1.902309786648479985e+03
1.358363095678427726e+03
9.270971570430542670e+02
1.554065428453073309e+03
3.146747724513434150e+03
1.481578676951246962e+03
1.237317850618755983e+03
1.403723804639982518e+03
1.805187471098859305e+03
4.660597750208071375e+03
1.203251238009798271e+03
3.764401619966597536e+03
9.977743858707458458e+02
3.071092522187487702e+03
4.286817161336848585e+03
1.197072353568432618e+03
7.759493352939523447e+02
1.286562263087650763e+03
1.319595752877469977e+03
2.574680095381448609e+03
2.488242813615216164e+03
1.399874191935173030e+03
8.286626117586688451e+02
1.120596245667806897e+03
2.760889991295006439e+03
2.353131867582172617e+03
1.595262641174092551e+03
1.474847205697358277e+03
1.464302121945604995e+03
1.293106162193451382e+03
1.166817444694846472e+03
3.774687519394218270e+03
1.550096501887548129e+03
2.423136906305739103e+03
7.890361246855641184e+02
1.764217489890840397e+03
8.102865727491598591e+02
2.832540498871636373e+03
1.816807975386591579e+03
7.980063930880328371e+02
9.225018232194834127e+02
1.219167599629179222e+03
5.036122769540251284e+03
2.443513474777689225e+03
2.910207505089825645e+03
6.473903947783521289e+03
3.386179749272139361e+03
5.067380626001844576e+03
3.765314666695869619e+03
4.088046075621813998e+03
3.861125977475597665e+03
3.527316647118365836e+03
6.722452492332115071e+03
4.340334274505508802e+03
4.353575292852434359e+03
3.773912342467048347e+03
2.059413671510154472e+03
5.134650844768766547e+03
5.331423989352086210e+03
5.764046876272998816e+03
5.004986458104956000e+03
3.524450019664709089e+03
4.613574632431308601e+03
1.569156774300569850e+03
4.257410827654112836e+03
5.753880581372479355e+03
3.749160836112367633e+03
5.743198283573953631e+03
4.478674164081146955e+03
2.216805605187659239e+03
5.238022968977424171e+03
3.931169306423733360e+03
2.940428883949893589e+03
3.987567970116820561e+03
3.804055778583375286e+03
1.215938663109450999e+03
1.830721172927766929e+03
4.448928813484655620e+03
1.267080950836412057e+03
9.609552086582768879e+02
1.177005090588950907e+03
1.423140551254110960e+03
2.363187769919324182e+03
1.832623460767579218e+03
1.468056054110246578e+03
1.711513668854281832e+03
1.136083384793600317e+03
3.403506540956186655e+03
1.514970356987625109e+03
1.852108523625476209e+03
1.948745088586307020e+03
1.400302064228687414e+03
1.330018737113699444e+03
1.324508506106590630e+03
4.316928477717895476e+03
2.119206493172998762e+03
1.992482671581321938e+03
1.115796041639363921e+03
1.069002726447539771e+03
9.722920677562938181e+02
3.074388981895064717e+03
5.844499501474310819e+02
1.004785091521708409e+03
1.246954815540116670e+03
1.360463316360259569e+03
1.914732772886102794e+03
3.622794022246947861e+03
3.697749234012453144e+03
3.341024452989654947e+03
2.847317039061777905e+03
1.870970309964397529e+03
2.450559049752072497e+03
2.879923208441165571e+03
4.667280756879727051e+03
2.723962589260484492e+03
3.472625404894810799e+03
2.335649501084460098e+03
1.982293488306235304e+03
3.323371274786872164e+03
4.569205286742879252e+03
4.209160187447310818e+03
3.337413732165136480e+03
2.404126550637437958e+03
2.817054704052745365e+03
3.521035158542184035e+03
3.086323810502934066e+03
4.014888869382039047e+03
2.347760849725395019e+03
3.659180860736330487e+03
3.570202274139246583e+03
4.096005959367002106e+03
3.762406218423470818e+03
2.471278666588990745e+03
1.976770897010548651e+03
2.703420105399725799e+03
2.858977492723263822e+03
3.380876327600613422e+03
1.001076112419609217e+03
4.214391251678034678e+02
5.841000680255574480e+02
1.035165750857982630e+03
2.428764214583453395e+03
2.661676569993102021e+03
5.643228531693330297e+02
8.738725178874356061e+02
3.659901332897752582e+02
1.622482756185871040e+03
2.132216996404472411e+03
2.272028600975898826e+03
1.639280050336770728e+03
1.065699134914813612e+03
3.137350896081202336e+02
9.645018311119338250e+02
2.881733961165436085e+03
1.025065240399007962e+03
2.076586533290930220e+03
2.575089524749328120e+02
1.788738258418605028e+03
6.411880572216264227e+02
2.241359441323360443e+03
1.972637593942145259e+03
2.929389813098864579e+02
4.241342489701150953e+02
5.347977317573254368e+02
4.838149724226008402e+03
2.751235934220337640e+03
2.749179159115049060e+03
2.372088093265663701e+03
3.175312890549203075e+03
2.700148701858262939e+03
1.499929245021606675e+03
3.194742961140925217e+03
3.058671719854954972e+03
2.608498827859801168e+03
4.766878257509252762e+03
1.041360416840517246e+03
2.282808747978783231e+03
4.462590950646219426e+03
3.003826497441128595e+03
2.940599560741751247e+03
2.520729008180407163e+03
5.213328663190539373e+03
2.977386059689156809e+03
2.417632311732017570e+03
2.594516624738055725e+03
1.056428589330166233e+03
2.898504858891792992e+03
4.398965040195543224e+03
1.900006599656789149e+03
2.542224765145933816e+03
2.851875940436907513e+03
2.957094404661071167e+03
6.477573788748608422e+03
4.937790506752885449e+03
4.195292038772543492e+03
4.012085416945765701e+03
1.682629486861193527e+03
4.833116561355893282e+03
5.049982294960491345e+03
4.873695611690554870e+03
5.048837845525193188e+03
2.711145562823060118e+03
3.462139362937578426e+03
2.318427064791931116e+03
7.024094330637372877e+03
5.930506914086304278e+03
4.708164245290345207e+03
4.745481758524980251e+03
3.418195646765711444e+03
5.438643318007450034e+03
4.910236998459035021e+03
4.607514158950179080e+03
4.277745001918100570e+03
5.656352282291642950e+03
5.091882262328987963e+03
4.048115321512781520e+03
4.697372521834814506e+03
3.465325500011217628e+03
5.293211279719087543e+03
4.813016605119512406e+02
8.029459024781338030e+02
5.728008948104572937e+02
2.922335392952074926e+03
2.035766281262305483e+03
7.514214955907232252e+02
1.079752804920574363e+03
4.956413244255659265e+02
3.641869456294097290e+03
2.499842037036810325e+03
3.377447808298140444e+03
1.202311993360324777e+03
1.681104024351016051e+02
8.021818520923318374e+02
1.366300103691686672e+03
3.955465730748613169e+03
1.463833849591738499e+03
1.954221300078864715e+03
7.315559302203978405e+02
1.683094680905035375e+03
8.790508764985709149e+02
2.830711905915067291e+03
1.702816019035528825e+03
9.121914066041304068e+02
1.109932492666877579e+03
7.411771451169859120e+02
7.024883249913254986e+02
8.137045934224236134e+02
2.888945667425628926e+03
2.488292535829770713e+03
6.744766689221323759e+02
6.664811363590933979e+02
2.572437229674585524e+02
2.660947713147784725e+03
2.247433417584185918e+03
2.711420244803512105e+03
1.110352898655121408e+03
5.483433925602769250e+02
4.390841341090838341e+02
9.637708402441185171e+02
3.200298719113284733e+03
7.584428624770607712e+02
1.902755415617306880e+03
2.334751618254622372e+02
1.678226514470786697e+03
4.286547830434833486e+02
1.965433795543797942e+03
1.728959605038341806e+03
3.998145592827668224e+02
5.914932670641949244e+02
4.446663922230331991e+02
7.794828410406335024e+02
2.296086943536581657e+03
2.261256557561428053e+03
7.283914443641442631e+02
1.184254318769042129e+03
5.446180088464195705e+02
2.099463299955859839e+03
2.037758023282982322e+03
2.468776449346673871e+03
1.583005773314085673e+03
8.189400456859157202e+02
5.996948592524486230e+02
9.334326985256725493e+02
3.533697156879570230e+03
1.739874319732951108e+03
1.629578250622374981e+03
4.809521351754415264e+02
1.218359660332766452e+03
6.787599510554473454e+02
2.524302134154171654e+03
1.740464371599710375e+03
6.413314172347754720e+02
7.341172859305133898e+02
8.354770920886160184e+02
1.954915517816774354e+03
2.160317528381210650e+03
9.638056081014442498e+02
1.412617643176913134e+03
7.423818821128977561e+02
1.498231067553125740e+03
2.489941950768986317e+03
3.063225497103372618e+03
1.522192428469983270e+03
5.687743853526887960e+02
9.103494740684332100e+02
1.432474982335767208e+03
3.323344088296466907e+03
2.206412894751047588e+03
2.156372448110146252e+03
8.512965779739031404e+02
1.715825439240072001e+03
1.046526596917321740e+03
2.516841102736026187e+03
1.738842952829558044e+03
1.059777924159771374e+03
7.739878095502965607e+02
1.018459897883284611e+03
1.982734492568002224e+03
3.162780577324014303e+03
2.938444052476215802e+03
2.725103497294180215e+03
1.731402326598517448e+03
1.836198799233181489e+03
1.730816178454841065e+03
4.058228705086876744e+03
2.778616842736588296e+03
2.700615393814490744e+03
2.715375860142544752e+03
3.624924098303798928e+03
3.720201491423814332e+03
2.319842604366534488e+03
2.584721702760268272e+03
1.528562617083571695e+03
2.920472114930406860e+03
4.252718785159391700e+03
1.882233032864154211e+03
2.722236013924065446e+03
2.242486338964691640e+03
3.119963419437148787e+03
2.643804866774764378e+03
2.543570463798344008e+03
2.330526064411296375e+03
4.520714871297144782e+03
1.205722883541917327e+03
1.884993374246893381e+03
3.750900090622882090e+03
2.219706914276455336e+03
2.498056054237077660e+03
2.516441401597716776e+03
5.528004020212759315e+03
3.418229418870978407e+03
1.892610087468291113e+03
2.474481016270422515e+03
9.419819031358815664e+02
2.579243224454277879e+03
4.676907953298006760e+03
1.768687131689444413e+03
2.612436318911788476e+03
2.692649650545620716e+03
2.482862351637762913e+03
1.213205116677417209e+03
5.980701398373212214e+02
3.076785523586785985e+03
2.346318277591852166e+03
2.916656559624108013e+03
1.870497256182172123e+03
8.056501145901036125e+02
7.467228852933012604e+02
1.190557906266187729e+03
3.932750930327715650e+03
1.587357285075787559e+03
2.113626841212374984e+03
7.684850713221637761e+02
1.852214843238539515e+03
6.846506666368663900e+02
2.481717802793360988e+03
2.246349405050189034e+03
5.548209366898440749e+02
8.724251244442625648e+02
6.454887685300557223e+02
9.264810470093434560e+02
3.564108512817615974e+03
2.558982813525152778e+03
2.045189913781244741e+03
1.906574400399803835e+03
1.203520408309543427e+03
9.940825946842546728e+02
1.226022636385970600e+03
3.894189869601234022e+03
8.861717449789475722e+02
1.982398063111384090e+03
6.641107885698702376e+02
1.879627738765927688e+03
7.287632020998821645e+02
2.573274741225286107e+03
2.438634884286124361e+03
8.300792954007392837e+02
1.343725872447286292e+03
8.648629209655664454e+02
2.614389274025488703e+03
1.976743852944286346e+03
2.727794197292866556e+03
1.111514204586949973e+03
5.611520195253021939e+02
2.257525501947293378e+02
9.495343486956553534e+02
3.250867300942294605e+03
1.089786346072676679e+03
1.862042133493978781e+03
2.849341810236855963e+02
1.620059881266007096e+03
6.047749671003371077e+02
2.089995591431664252e+03
1.829210058030551181e+03
4.440397696934205669e+02
5.558556044333972750e+02
2.737066721221417538e+02
3.537686371901148050e+03
3.644830411873856065e+03
3.755908716354828812e+03
3.215738193623830739e+03
2.417362798779940022e+03
2.832874533393399815e+03
2.596721549460444294e+03
3.938872408820064265e+03
4.511822310326170737e+03
2.225622158589124865e+03
4.040568552187734440e+03
3.655513928586786733e+03
3.038839857873838355e+03
3.069300765114673595e+03
2.710379450999746041e+03
1.317604900006126172e+03
3.063648477106381051e+03
1.450202441884912332e+03
3.659502126523984771e+03
2.492304334904543339e+03
2.190747845179341311e+03
2.121548162239684189e+03
4.602431835961327124e+03
2.739869327383035852e+03
1.781500583090017244e+03
2.175321529373622980e+03
1.019018652358678537e+03
2.326611528244249712e+03
3.842784275282782346e+03
1.713317917389881586e+03
1.904605520601210401e+03
1.987663611857070691e+03
2.216504266847408417e+03
4.185750872556626746e+03
3.339231071894768775e+03
2.683442332478202843e+03
2.351056247084045026e+03
4.451766647670907332e+03
3.218133138740836330e+03
2.172559236433226943e+03
2.328776907713641776e+03
1.425248738735997904e+03
2.396244891836727675e+03
4.197208208076593110e+03
2.154722735940360053e+03
2.171143709235578626e+03
2.322582167693547490e+03
2.848314177700804976e+03
1.504171122917200137e+03
1.525096272605990180e+03
3.120663210014350625e+03
4.620401471524918634e+03
2.439868483516029301e+03
2.089508368220372176e+03
1.355674964785880547e+03
2.663573315979425843e+03
1.311025644234782249e+03
3.606792711991445685e+03
2.660148025988711652e+03
1.475874566871360003e+03
1.557320637034146557e+03
1.475311768256229698e+03
7.345943637405785012e+02
1.492737539175876691e+03
3.983597361338337578e+03
1.712336086455078885e+03
1.808103915080732577e+03
8.632988374178003141e+02
1.803369242741315247e+03
9.735761029301352210e+02
2.629517567854813478e+03
1.911989554495439279e+03
1.118881371389614742e+03
1.120503995953633648e+03
9.585462604920714966e+02
1.247176397956122855e+03
3.304920661158936127e+03
1.219822781916200256e+03
2.095815570828425734e+03
2.991898238667131409e+02
1.869235667495144298e+03
7.540472937364152131e+02
2.329944853369772773e+03
2.079645806291902318e+03
5.961357690725544671e+02
5.557724089562029803e+02
5.429778324831881946e+02
3.833743999136641833e+03
1.725059369605521169e+03
2.272869429598657007e+03
7.482744314842643689e+02
1.649439688599224155e+03
9.280438752135705727e+02
2.843970530085662176e+03
1.947375442525108156e+03
8.092506318468654172e+02
1.164613007032169662e+03
9.351583665381122046e+02
3.618286542365899095e+03
5.117560300369205834e+03
3.248373397412717168e+03
4.903314482171718737e+03
3.949775017845183356e+03
1.496257756626003356e+03
4.523401226975783175e+03
3.459398949824560532e+03
3.097405633176215360e+03
3.359410726445972159e+03
3.024736908901796596e+03
8.672670341672519498e+02
2.638690989328196338e+03
1.295905857171109801e+03
2.571243330964663983e+03
3.016475531272890294e+03
1.056838560878723911e+03
1.625457061725031281e+03
1.095501525967386442e+03
1.940330596451256724e+03
1.346465130975676857e+03
1.766461771141231111e+03
4.010173847913506506e+03
1.908980916110590897e+03
2.171519066252762968e+03
2.184077652431741626e+03
2.057732429138744010e+03
1.525185492352423580e+03
5.429205617457087101e+02
2.090613055372547024e+03
1.792892417708269932e+03
3.811920822603365195e+02
5.138788560315097129e+02
4.910245684260194139e+02
1.414647894732675923e+03
3.751149174108866191e+03
1.107100101729369726e+03
1.613223785190967646e+03
1.806131622505718042e+03
1.809608803181459052e+03
2.521651834632026294e+03
1.905428338374050554e+03
4.587732754058488354e+02
8.275464460880705246e+02
4.779751447296430342e+02
3.557581974872960018e+03
2.249252074200258448e+03
2.276800882917953913e+03
2.248431169869069890e+03
1.797284599235928681e+03
1.793722753351262554e+03
2.177614068779610534e+03
3.880481338118638632e+02
4.230337535139392457e+02
8.749010161967885324e+02
