1.300000000000000000e+01 5.300000000000000000e+01 1.318329448809079167e+02 2.000000000000000000e+00
2.100000000000000000e+01 3.000000000000000000e+01 1.675380002839792724e+02 2.000000000000000000e+00
4.500000000000000000e+01 5.800000000000000000e+01 1.681104024351016051e+02 2.000000000000000000e+00
0.000000000000000000e+00 1.100000000000000000e+01 2.060818311310449644e+02 2.000000000000000000e+00
4.600000000000000000e+01 6.400000000000000000e+01 2.334751618254622372e+02 2.000000000000000000e+00
2.500000000000000000e+01 5.900000000000000000e+01 2.538629761041452184e+02 2.000000000000000000e+00
1.500000000000000000e+01 7.100000000000000000e+01 2.542928286080737053e+02 2.000000000000000000e+00
7.200000000000000000e+01 7.300000000000000000e+01 2.555030504547445673e+02 4.000000000000000000e+00
2.400000000000000000e+01 6.900000000000000000e+01 2.575654714513589170e+02 2.000000000000000000e+00
4.000000000000000000e+00 1.600000000000000000e+01 3.103515281546629012e+02 2.000000000000000000e+00
1.200000000000000000e+01 5.200000000000000000e+01 3.151293732093431572e+02 2.000000000000000000e+00
4.200000000000000000e+01 7.500000000000000000e+01 3.713057566982359958e+02 3.000000000000000000e+00
7.600000000000000000e+01 8.300000000000000000e+01 3.800908419100888409e+02 5.000000000000000000e+00
1.000000000000000000e+00 6.600000000000000000e+01 4.005332532792469920e+02 2.000000000000000000e+00
2.700000000000000000e+01 6.300000000000000000e+01 4.075321848259191029e+02 2.000000000000000000e+00
6.000000000000000000e+00 2.000000000000000000e+01 4.145797905721419738e+02 2.000000000000000000e+00
3.400000000000000000e+01 8.000000000000000000e+01 4.289805751663442948e+02 3.000000000000000000e+00
7.700000000000000000e+01 7.900000000000000000e+01 4.365725752381912343e+02 6.000000000000000000e+00
1.400000000000000000e+01 8.700000000000000000e+01 4.579829822525094301e+02 3.000000000000000000e+00
3.500000000000000000e+01 8.100000000000000000e+01 4.766045811443226512e+02 3.000000000000000000e+00
8.400000000000000000e+01 8.900000000000000000e+01 4.978853633077146696e+02 1.100000000000000000e+01
2.600000000000000000e+01 4.700000000000000000e+01 5.221480060013700495e+02 2.000000000000000000e+00
1.900000000000000000e+01 6.800000000000000000e+01 5.544716101792905647e+02 2.000000000000000000e+00
1.000000000000000000e+01 3.600000000000000000e+01 5.769623534164652483e+02 2.000000000000000000e+00
7.000000000000000000e+01 8.800000000000000000e+01 5.918539210388338461e+02 4.000000000000000000e+00
7.800000000000000000e+01 9.200000000000000000e+01 6.061889854766542385e+02 1.300000000000000000e+01
2.800000000000000000e+01 9.300000000000000000e+01 6.504409399336880142e+02 3.000000000000000000e+00
4.800000000000000000e+01 7.400000000000000000e+01 6.519072596750469302e+02 3.000000000000000000e+00
3.700000000000000000e+01 9.000000000000000000e+01 7.377934046569068869e+02 4.000000000000000000e+00
3.800000000000000000e+01 8.200000000000000000e+01 7.385102638107435951e+02 3.000000000000000000e+00
3.200000000000000000e+01 4.900000000000000000e+01 7.675264535749092829e+02 2.000000000000000000e+00
5.100000000000000000e+01 9.700000000000000000e+01 8.113074239703553303e+02 1.400000000000000000e+01
8.500000000000000000e+01 9.800000000000000000e+01 8.369967267117095844e+02 5.000000000000000000e+00
6.500000000000000000e+01 1.000000000000000000e+02 8.538618347034703220e+02 5.000000000000000000e+00
9.100000000000000000e+01 9.600000000000000000e+01 9.470557782849523392e+02 7.000000000000000000e+00
4.000000000000000000e+01 9.400000000000000000e+01 9.526693587382305850e+02 3.000000000000000000e+00
5.500000000000000000e+01 1.050000000000000000e+02 9.560868997416246202e+02 6.000000000000000000e+00
2.200000000000000000e+01 1.040000000000000000e+02 9.627173158405778395e+02 6.000000000000000000e+00
9.000000000000000000e+00 4.100000000000000000e+01 9.995708519540262387e+02 2.000000000000000000e+00
7.000000000000000000e+00 6.000000000000000000e+01 1.082309895774440520e+03 2.000000000000000000e+00
1.030000000000000000e+02 1.090000000000000000e+02 1.132710468480167947e+03 2.000000000000000000e+01
9.500000000000000000e+01 1.060000000000000000e+02 1.254655792162533771e+03 9.000000000000000000e+00
4.300000000000000000e+01 1.080000000000000000e+02 1.282179578062288329e+03 7.000000000000000000e+00
6.200000000000000000e+01 1.010000000000000000e+02 1.362560686514078043e+03 4.000000000000000000e+00
5.000000000000000000e+01 1.140000000000000000e+02 1.409013680774805152e+03 8.000000000000000000e+00
9.900000000000000000e+01 1.120000000000000000e+02 1.427927601277868689e+03 2.300000000000000000e+01
6.100000000000000000e+01 6.700000000000000000e+01 1.496257756626003356e+03 2.000000000000000000e+00
1.700000000000000000e+01 5.600000000000000000e+01 1.510903500330883617e+03 2.000000000000000000e+00
1.110000000000000000e+02 1.130000000000000000e+02 1.591342570591855747e+03 1.100000000000000000e+01
3.000000000000000000e+00 4.400000000000000000e+01 1.650342860074031705e+03 2.000000000000000000e+00
3.300000000000000000e+01 1.150000000000000000e+02 1.800968159974278251e+03 5.000000000000000000e+00
5.000000000000000000e+00 5.400000000000000000e+01 1.857783146340119401e+03 2.000000000000000000e+00
5.700000000000000000e+01 1.170000000000000000e+02 1.861428982849338126e+03 2.400000000000000000e+01
8.000000000000000000e+00 1.160000000000000000e+02 1.884955973652776947e+03 9.000000000000000000e+00
2.000000000000000000e+00 8.600000000000000000e+01 1.977453457989766548e+03 3.000000000000000000e+00
3.900000000000000000e+01 1.180000000000000000e+02 2.042398334702456623e+03 3.000000000000000000e+00
1.800000000000000000e+01 2.900000000000000000e+01 2.120166741695209566e+03 2.000000000000000000e+00
1.020000000000000000e+02 1.190000000000000000e+02 2.224378621359809586e+03 4.000000000000000000e+00
1.200000000000000000e+02 1.240000000000000000e+02 2.330703850093726032e+03 3.500000000000000000e+01
2.300000000000000000e+01 3.100000000000000000e+01 2.371323340357478628e+03 2.000000000000000000e+00
1.210000000000000000e+02 1.290000000000000000e+02 2.515955470415575746e+03 6.000000000000000000e+00
1.220000000000000000e+02 1.300000000000000000e+02 2.611638219023762304e+03 4.000000000000000000e+01
1.070000000000000000e+02 1.280000000000000000e+02 2.797135805520387294e+03 5.000000000000000000e+00
1.100000000000000000e+02 1.230000000000000000e+02 3.075237106236701948e+03 4.000000000000000000e+00
1.250000000000000000e+02 1.260000000000000000e+02 3.296625995122067707e+03 1.200000000000000000e+01
1.340000000000000000e+02 1.360000000000000000e+02 4.181867188927129064e+03 1.700000000000000000e+01
1.270000000000000000e+02 1.350000000000000000e+02 5.102538851785732732e+03 7.000000000000000000e+00
1.310000000000000000e+02 1.370000000000000000e+02 6.266040306197566679e+03 1.900000000000000000e+01
1.320000000000000000e+02 1.380000000000000000e+02 7.149030325427649586e+03 1.300000000000000000e+01
1.330000000000000000e+02 1.390000000000000000e+02 8.421467162876251678e+03 5.900000000000000000e+01
1.400000000000000000e+02 1.410000000000000000e+02 1.082739679284563499e+04 7.200000000000000000e+01
