1.280000000000000000e+02 1.520000000000000000e+02 1.089786552846001086e+02 2.000000000000000000e+00
8.900000000000000000e+01 1.930000000000000000e+02 1.967722057011521883e+02 2.000000000000000000e+00
4.000000000000000000e+00 1.500000000000000000e+01 2.116239296585267766e+02 2.000000000000000000e+00
1.350000000000000000e+02 1.800000000000000000e+02 3.032536888584156713e+02 2.000000000000000000e+00
1.270000000000000000e+02 2.090000000000000000e+02 6.478525498354483716e+02 3.000000000000000000e+00
1.800000000000000000e+01 9.700000000000000000e+01 7.005411965088803754e+02 2.000000000000000000e+00
4.800000000000000000e+01 1.440000000000000000e+02 8.715456226244882600e+02 2.000000000000000000e+00
5.800000000000000000e+01 2.060000000000000000e+02 8.850450692008810165e+02 2.000000000000000000e+00
5.100000000000000000e+01 2.140000000000000000e+02 9.706729247515183943e+02 3.000000000000000000e+00
1.710000000000000000e+02 2.130000000000000000e+02 1.160749392694362086e+03 4.000000000000000000e+00
1.390000000000000000e+02 1.560000000000000000e+02 1.313547118803919830e+03 2.000000000000000000e+00
3.900000000000000000e+01 1.140000000000000000e+02 1.324352551784027128e+03 2.000000000000000000e+00
8.700000000000000000e+01 1.950000000000000000e+02 1.366096650916767430e+03 2.000000000000000000e+00
1.760000000000000000e+02 2.110000000000000000e+02 1.399551708388273255e+03 3.000000000000000000e+00
1.070000000000000000e+02 1.240000000000000000e+02 1.532541328227480108e+03 2.000000000000000000e+00
2.120000000000000000e+02 2.160000000000000000e+02 1.633217085836711703e+03 4.000000000000000000e+00
1.010000000000000000e+02 2.040000000000000000e+02 1.636358490595460125e+03 2.000000000000000000e+00
4.400000000000000000e+01 2.220000000000000000e+02 1.683518734372589734e+03 4.000000000000000000e+00
6.400000000000000000e+01 1.690000000000000000e+02 1.830470826463963022e+03 2.000000000000000000e+00
4.200000000000000000e+01 1.030000000000000000e+02 1.860911176694130290e+03 2.000000000000000000e+00
1.220000000000000000e+02 1.860000000000000000e+02 1.890620887558879758e+03 2.000000000000000000e+00
2.050000000000000000e+02 2.280000000000000000e+02 1.975807939579443655e+03 3.000000000000000000e+00
2.150000000000000000e+02 2.180000000000000000e+02 2.026256181553493434e+03 6.000000000000000000e+00
1.160000000000000000e+02 1.550000000000000000e+02 2.026470262666482995e+03 2.000000000000000000e+00
9.900000000000000000e+01 1.420000000000000000e+02 2.050334116815919970e+03 2.000000000000000000e+00
2.200000000000000000e+01 9.300000000000000000e+01 2.288151128451309887e+03 2.000000000000000000e+00
8.400000000000000000e+01 1.260000000000000000e+02 2.289427278523782206e+03 2.000000000000000000e+00
1.310000000000000000e+02 2.290000000000000000e+02 2.328542379304688438e+03 3.000000000000000000e+00
1.700000000000000000e+01 2.240000000000000000e+02 2.536646433114616229e+03 5.000000000000000000e+00
1.200000000000000000e+02 2.210000000000000000e+02 2.578969479466630219e+03 3.000000000000000000e+00
2.900000000000000000e+01 1.570000000000000000e+02 2.691270182254626889e+03 2.000000000000000000e+00
1.490000000000000000e+02 2.200000000000000000e+02 2.749820862811842744e+03 3.000000000000000000e+00
1.640000000000000000e+02 2.350000000000000000e+02 2.794397428780329847e+03 3.000000000000000000e+00
8.000000000000000000e+00 2.190000000000000000e+02 3.115869360030807456e+03 3.000000000000000000e+00
1.090000000000000000e+02 2.170000000000000000e+02 3.203862170263064399e+03 4.000000000000000000e+00
9.000000000000000000e+01 2.230000000000000000e+02 3.227211728688891981e+03 3.000000000000000000e+00
1.890000000000000000e+02 2.270000000000000000e+02 3.332718685035257295e+03 3.000000000000000000e+00
3.200000000000000000e+01 2.400000000000000000e+02 3.361782353969416818e+03 4.000000000000000000e+00
2.250000000000000000e+02 2.340000000000000000e+02 3.471555454770301822e+03 4.000000000000000000e+00
2.330000000000000000e+02 2.370000000000000000e+02 3.590092806034521345e+03 7.000000000000000000e+00
1.630000000000000000e+02 2.310000000000000000e+02 3.633725578510282503e+03 7.000000000000000000e+00
4.900000000000000000e+01 1.330000000000000000e+02 3.791040516791480968e+03 2.000000000000000000e+00
2.260000000000000000e+02 2.380000000000000000e+02 3.986398624229550478e+03 7.000000000000000000e+00
9.000000000000000000e+00 1.040000000000000000e+02 4.028602345371078172e+03 2.000000000000000000e+00
7.300000000000000000e+01 1.500000000000000000e+02 4.121496294219634365e+03 2.000000000000000000e+00
1.150000000000000000e+02 2.300000000000000000e+02 4.303027096490970507e+03 4.000000000000000000e+00
1.230000000000000000e+02 2.390000000000000000e+02 4.327085592369520782e+03 3.000000000000000000e+00
6.900000000000000000e+01 1.740000000000000000e+02 4.340788301776713524e+03 2.000000000000000000e+00
2.600000000000000000e+01 2.420000000000000000e+02 4.396038797218582658e+03 4.000000000000000000e+00
7.200000000000000000e+01 2.360000000000000000e+02 4.808341674916970078e+03 4.000000000000000000e+00
1.000000000000000000e+00 4.100000000000000000e+01 4.910040671967864000e+03 2.000000000000000000e+00
1.430000000000000000e+02 2.480000000000000000e+02 4.987204083919523327e+03 8.000000000000000000e+00
7.800000000000000000e+01 2.410000000000000000e+02 5.004234715610064995e+03 4.000000000000000000e+00
8.200000000000000000e+01 2.560000000000000000e+02 5.104969142263214053e+03 3.000000000000000000e+00
1.380000000000000000e+02 1.600000000000000000e+02 5.116825731656344942e+03 2.000000000000000000e+00
1.060000000000000000e+02 1.720000000000000000e+02 5.231984058191936128e+03 2.000000000000000000e+00
4.000000000000000000e+01 2.020000000000000000e+02 5.344024845114769050e+03 2.000000000000000000e+00
2.460000000000000000e+02 2.520000000000000000e+02 5.439779188127083216e+03 6.000000000000000000e+00
1.110000000000000000e+02 1.960000000000000000e+02 5.697399983160103147e+03 2.000000000000000000e+00
0.000000000000000000e+00 1.660000000000000000e+02 5.816657959426837806e+03 2.000000000000000000e+00
7.100000000000000000e+01 1.770000000000000000e+02 5.843157906964435824e+03 2.000000000000000000e+00
9.200000000000000000e+01 2.100000000000000000e+02 5.980370781775252908e+03 3.000000000000000000e+00
2.510000000000000000e+02 2.630000000000000000e+02 6.137992978310406215e+03 9.000000000000000000e+00
2.500000000000000000e+01 4.700000000000000000e+01 6.404260621741827890e+03 2.000000000000000000e+00
1.480000000000000000e+02 2.430000000000000000e+02 6.434092903725229007e+03 5.000000000000000000e+00
5.300000000000000000e+01 2.550000000000000000e+02 6.570598303134837806e+03 4.000000000000000000e+00
1.200000000000000000e+01 7.400000000000000000e+01 6.587903450259534111e+03 2.000000000000000000e+00
1.170000000000000000e+02 2.440000000000000000e+02 6.713377079627785861e+03 4.000000000000000000e+00
1.600000000000000000e+01 1.700000000000000000e+02 6.985873042218418959e+03 2.000000000000000000e+00
1.820000000000000000e+02 2.710000000000000000e+02 6.992774846849996720e+03 1.000000000000000000e+01
2.100000000000000000e+01 1.850000000000000000e+02 7.035298590881635391e+03 2.000000000000000000e+00
2.490000000000000000e+02 2.600000000000000000e+02 7.132986311760078024e+03 1.500000000000000000e+01
1.120000000000000000e+02 2.530000000000000000e+02 7.172880864636798833e+03 3.000000000000000000e+00
2.450000000000000000e+02 2.570000000000000000e+02 7.334887382895549308e+03 7.000000000000000000e+00
1.620000000000000000e+02 2.660000000000000000e+02 7.654213280210186895e+03 7.000000000000000000e+00
2.070000000000000000e+02 2.470000000000000000e+02 7.678923877359849939e+03 5.000000000000000000e+00
2.580000000000000000e+02 2.640000000000000000e+02 7.810717106899967803e+03 6.000000000000000000e+00
2.320000000000000000e+02 2.800000000000000000e+02 8.013557171595812179e+03 1.700000000000000000e+01
2.300000000000000000e+01 2.610000000000000000e+02 8.237060328516243317e+03 5.000000000000000000e+00
2.540000000000000000e+02 2.700000000000000000e+02 8.840422349055368613e+03 7.000000000000000000e+00
8.600000000000000000e+01 1.980000000000000000e+02 8.906157290893250320e+03 2.000000000000000000e+00
2.670000000000000000e+02 2.850000000000000000e+02 8.912100662645292687e+03 8.000000000000000000e+00
1.540000000000000000e+02 2.620000000000000000e+02 9.064099609630909981e+03 4.000000000000000000e+00
2.680000000000000000e+02 2.790000000000000000e+02 9.483611427480389466e+03 4.000000000000000000e+00
2.730000000000000000e+02 2.910000000000000000e+02 1.061437792388479647e+04 9.000000000000000000e+00
1.000000000000000000e+01 2.810000000000000000e+02 1.062305842763346300e+04 4.000000000000000000e+00
6.000000000000000000e+01 8.100000000000000000e+01 1.074548081270115654e+04 2.000000000000000000e+00
1.450000000000000000e+02 1.900000000000000000e+02 1.083765384095977242e+04 2.000000000000000000e+00
1.610000000000000000e+02 2.870000000000000000e+02 1.096293815411363175e+04 6.000000000000000000e+00
7.000000000000000000e+00 2.740000000000000000e+02 1.144972364527114769e+04 5.000000000000000000e+00
1.790000000000000000e+02 2.720000000000000000e+02 1.169756399717166460e+04 3.000000000000000000e+00
3.400000000000000000e+01 2.920000000000000000e+02 1.182893537156302045e+04 5.000000000000000000e+00
2.000000000000000000e+01 2.950000000000000000e+02 1.238227354901581202e+04 3.000000000000000000e+00
7.500000000000000000e+01 2.690000000000000000e+02 1.298264227532371660e+04 3.000000000000000000e+00
1.020000000000000000e+02 1.910000000000000000e+02 1.305476482770445546e+04 2.000000000000000000e+00
3.000000000000000000e+00 2.940000000000000000e+02 1.315526252083905274e+04 5.000000000000000000e+00
2.650000000000000000e+02 2.780000000000000000e+02 1.328377570376360381e+04 1.200000000000000000e+01
2.830000000000000000e+02 3.000000000000000000e+02 1.414111631197716997e+04 1.200000000000000000e+01
1.300000000000000000e+01 2.840000000000000000e+02 1.439424085411747546e+04 6.000000000000000000e+00
2.000000000000000000e+00 9.100000000000000000e+01 1.456941498410810527e+04 2.000000000000000000e+00
1.210000000000000000e+02 3.030000000000000000e+02 1.468427096009366687e+04 3.000000000000000000e+00
2.400000000000000000e+01 1.510000000000000000e+02 1.567017520344119839e+04 2.000000000000000000e+00
1.990000000000000000e+02 3.060000000000000000e+02 1.601939840397222724e+04 1.300000000000000000e+01
1.180000000000000000e+02 1.400000000000000000e+02 1.604384558539186582e+04 2.000000000000000000e+00
2.820000000000000000e+02 2.860000000000000000e+02 1.609244019326893249e+04 2.400000000000000000e+01
2.590000000000000000e+02 2.890000000000000000e+02 1.623500399687685422e+04 4.000000000000000000e+00
3.100000000000000000e+01 5.000000000000000000e+01 1.630103097285571857e+04 2.000000000000000000e+00
5.400000000000000000e+01 1.290000000000000000e+02 1.674771995092664292e+04 2.000000000000000000e+00
1.870000000000000000e+02 2.980000000000000000e+02 1.697044616326627511e+04 6.000000000000000000e+00
2.900000000000000000e+02 2.930000000000000000e+02 1.742279122735163764e+04 1.700000000000000000e+01
2.700000000000000000e+01 1.730000000000000000e+02 1.821922657292680378e+04 2.000000000000000000e+00
2.960000000000000000e+02 3.160000000000000000e+02 1.823488851464491745e+04 4.000000000000000000e+00
9.600000000000000000e+01 2.010000000000000000e+02 1.827939187412071624e+04 2.000000000000000000e+00
3.700000000000000000e+01 3.020000000000000000e+02 1.877549638948184293e+04 4.000000000000000000e+00
1.410000000000000000e+02 3.070000000000000000e+02 1.894556057531390616e+04 7.000000000000000000e+00
4.300000000000000000e+01 2.750000000000000000e+02 1.935612347062699700e+04 3.000000000000000000e+00
3.500000000000000000e+01 7.700000000000000000e+01 1.954566967289203239e+04 2.000000000000000000e+00
6.600000000000000000e+01 3.010000000000000000e+02 1.979764938782487661e+04 4.000000000000000000e+00
5.900000000000000000e+01 7.000000000000000000e+01 2.066121635608586075e+04 2.000000000000000000e+00
3.040000000000000000e+02 3.110000000000000000e+02 2.075940848470062701e+04 1.800000000000000000e+01
1.580000000000000000e+02 3.140000000000000000e+02 2.117616003954010012e+04 5.000000000000000000e+00
2.970000000000000000e+02 3.050000000000000000e+02 2.144228728997538565e+04 1.800000000000000000e+01
5.700000000000000000e+01 2.990000000000000000e+02 2.148316220587083444e+04 4.000000000000000000e+00
5.000000000000000000e+00 2.000000000000000000e+02 2.168201618852200045e+04 2.000000000000000000e+00
8.000000000000000000e+01 3.260000000000000000e+02 2.197707052684421797e+04 5.000000000000000000e+00
1.830000000000000000e+02 3.220000000000000000e+02 2.228700654613352162e+04 5.000000000000000000e+00
1.080000000000000000e+02 3.120000000000000000e+02 2.243628713790806796e+04 3.000000000000000000e+00
3.300000000000000000e+01 3.180000000000000000e+02 2.287512204462248701e+04 1.800000000000000000e+01
2.800000000000000000e+01 4.600000000000000000e+01 2.348826603642744521e+04 2.000000000000000000e+00
2.500000000000000000e+02 2.760000000000000000e+02 2.394760845290452562e+04 6.000000000000000000e+00
3.210000000000000000e+02 3.250000000000000000e+02 2.413224019404693536e+04 4.000000000000000000e+00
1.320000000000000000e+02 1.970000000000000000e+02 2.437857298688996525e+04 2.000000000000000000e+00
2.080000000000000000e+02 3.170000000000000000e+02 2.465944078474787239e+04 7.000000000000000000e+00
1.190000000000000000e+02 1.370000000000000000e+02 2.578182466949950322e+04 2.000000000000000000e+00
5.200000000000000000e+01 1.940000000000000000e+02 2.610397051848000774e+04 2.000000000000000000e+00
1.360000000000000000e+02 3.340000000000000000e+02 2.618030751281786797e+04 6.000000000000000000e+00
2.770000000000000000e+02 3.200000000000000000e+02 2.648233256189866370e+04 6.000000000000000000e+00
6.500000000000000000e+01 3.100000000000000000e+02 2.648427945766793709e+04 3.000000000000000000e+00
6.300000000000000000e+01 3.410000000000000000e+02 2.655351250541651825e+04 8.000000000000000000e+00
6.800000000000000000e+01 7.900000000000000000e+01 2.700750271285733470e+04 2.000000000000000000e+00
1.920000000000000000e+02 3.080000000000000000e+02 2.748877670976152876e+04 3.000000000000000000e+00
3.130000000000000000e+02 3.230000000000000000e+02 2.829054336225694715e+04 3.100000000000000000e+01
6.000000000000000000e+00 3.320000000000000000e+02 2.852534182186109319e+04 3.000000000000000000e+00
3.800000000000000000e+01 3.360000000000000000e+02 2.895508701773712528e+04 1.900000000000000000e+01
7.600000000000000000e+01 1.840000000000000000e+02 3.001327706247260357e+04 2.000000000000000000e+00
3.090000000000000000e+02 3.470000000000000000e+02 3.005794814149461672e+04 1.100000000000000000e+01
9.500000000000000000e+01 1.100000000000000000e+02 3.007648798411832104e+04 2.000000000000000000e+00
3.190000000000000000e+02 3.510000000000000000e+02 3.264003305734182140e+04 5.000000000000000000e+00
3.240000000000000000e+02 3.430000000000000000e+02 3.272402618771191555e+04 5.000000000000000000e+00
3.300000000000000000e+02 3.400000000000000000e+02 3.279701266444449720e+04 2.000000000000000000e+01
3.280000000000000000e+02 3.290000000000000000e+02 3.349604553784228483e+04 2.300000000000000000e+01
3.150000000000000000e+02 3.440000000000000000e+02 3.391484109063047072e+04 8.000000000000000000e+00
6.100000000000000000e+01 3.370000000000000000e+02 3.393277383685985842e+04 3.000000000000000000e+00
1.000000000000000000e+02 3.380000000000000000e+02 3.405854838400264998e+04 7.000000000000000000e+00
1.050000000000000000e+02 1.810000000000000000e+02 3.508223189657006151e+04 2.000000000000000000e+00
1.130000000000000000e+02 1.590000000000000000e+02 3.761043484490942501e+04 2.000000000000000000e+00
5.600000000000000000e+01 3.550000000000000000e+02 3.838211614447806642e+04 3.000000000000000000e+00
3.000000000000000000e+01 8.500000000000000000e+01 3.947022979951359594e+04 2.000000000000000000e+00
2.880000000000000000e+02 3.500000000000000000e+02 3.977178831895262556e+04 3.800000000000000000e+01
3.560000000000000000e+02 3.610000000000000000e+02 4.032970697614017263e+04 8.000000000000000000e+00
8.300000000000000000e+01 3.390000000000000000e+02 4.089098511472780956e+04 5.000000000000000000e+00
1.530000000000000000e+02 3.630000000000000000e+02 4.103621353973224177e+04 3.000000000000000000e+00
1.250000000000000000e+02 3.530000000000000000e+02 4.170224886358959338e+04 3.000000000000000000e+00
1.680000000000000000e+02 3.310000000000000000e+02 4.286429758962996857e+04 5.000000000000000000e+00
3.520000000000000000e+02 3.580000000000000000e+02 4.421596524086294812e+04 3.900000000000000000e+01
3.460000000000000000e+02 3.480000000000000000e+02 4.422920856868538249e+04 5.000000000000000000e+00
3.270000000000000000e+02 3.600000000000000000e+02 4.550612354459600465e+04 1.000000000000000000e+01
1.300000000000000000e+02 3.690000000000000000e+02 4.578421275064859947e+04 6.000000000000000000e+00
3.450000000000000000e+02 3.590000000000000000e+02 4.649312307909197261e+04 2.900000000000000000e+01
1.900000000000000000e+01 9.800000000000000000e+01 4.665915680688960128e+04 2.000000000000000000e+00
9.400000000000000000e+01 3.720000000000000000e+02 4.909645756901756249e+04 6.000000000000000000e+00
1.880000000000000000e+02 3.420000000000000000e+02 4.996155283242474979e+04 3.000000000000000000e+00
3.760000000000000000e+02 3.780000000000000000e+02 5.460306076813477557e+04 8.000000000000000000e+00
3.650000000000000000e+02 3.750000000000000000e+02 5.575799902656278573e+04 1.300000000000000000e+01
8.800000000000000000e+01 3.730000000000000000e+02 5.735415456890309724e+04 4.000000000000000000e+01
1.340000000000000000e+02 3.680000000000000000e+02 6.098247916874442308e+04 9.000000000000000000e+00
3.490000000000000000e+02 3.540000000000000000e+02 6.249193337629897724e+04 1.400000000000000000e+01
3.620000000000000000e+02 3.830000000000000000e+02 6.321597569473893236e+04 4.700000000000000000e+01
3.330000000000000000e+02 3.660000000000000000e+02 6.325574288795325992e+04 7.000000000000000000e+00
3.350000000000000000e+02 3.670000000000000000e+02 6.350863926040005754e+04 4.100000000000000000e+01
6.200000000000000000e+01 3.800000000000000000e+02 6.393479729537732055e+04 4.000000000000000000e+00
5.500000000000000000e+01 1.460000000000000000e+02 6.469198847244787612e+04 2.000000000000000000e+00
1.100000000000000000e+01 3.740000000000000000e+02 6.548157909173743974e+04 6.000000000000000000e+00
1.650000000000000000e+02 3.700000000000000000e+02 6.700862678945685911e+04 4.000000000000000000e+00
1.400000000000000000e+01 1.670000000000000000e+02 6.738355730355369451e+04 2.000000000000000000e+00
3.600000000000000000e+01 3.870000000000000000e+02 6.881582155768125085e+04 8.000000000000000000e+00
3.790000000000000000e+02 3.900000000000000000e+02 7.032509516364915180e+04 8.000000000000000000e+00
1.750000000000000000e+02 2.030000000000000000e+02 7.304508411212736974e+04 2.000000000000000000e+00
3.820000000000000000e+02 3.940000000000000000e+02 7.805322869880800135e+04 2.100000000000000000e+01
3.710000000000000000e+02 3.910000000000000000e+02 7.905510426664484839e+04 9.000000000000000000e+00
3.570000000000000000e+02 3.850000000000000000e+02 8.291349363320379052e+04 1.900000000000000000e+01
3.770000000000000000e+02 3.920000000000000000e+02 8.545599881133197050e+04 3.300000000000000000e+01
3.930000000000000000e+02 3.980000000000000000e+02 8.674687050651358732e+04 1.100000000000000000e+01
4.500000000000000000e+01 3.640000000000000000e+02 9.267125360108619498e+04 3.000000000000000000e+00
3.880000000000000000e+02 3.990000000000000000e+02 9.544151964940456674e+04 6.000000000000000000e+01
3.810000000000000000e+02 3.890000000000000000e+02 9.952837328410167538e+04 1.200000000000000000e+01
3.840000000000000000e+02 4.010000000000000000e+02 1.010548958858631668e+05 2.000000000000000000e+01
3.860000000000000000e+02 4.000000000000000000e+02 1.164366687132475345e+05 8.000000000000000000e+01
4.020000000000000000e+02 4.050000000000000000e+02 1.177991600983450626e+05 2.300000000000000000e+01
1.780000000000000000e+02 4.030000000000000000e+02 1.244924524652527616e+05 6.100000000000000000e+01
3.970000000000000000e+02 4.040000000000000000e+02 1.278469290621085820e+05 3.300000000000000000e+01
3.950000000000000000e+02 4.070000000000000000e+02 1.560406718930143397e+05 3.100000000000000000e+01
3.960000000000000000e+02 4.080000000000000000e+02 1.681583465144297516e+05 6.300000000000000000e+01
4.060000000000000000e+02 4.110000000000000000e+02 1.955744235439465847e+05 1.430000000000000000e+02
4.090000000000000000e+02 4.100000000000000000e+02 2.601877111793680815e+05 6.400000000000000000e+01
4.120000000000000000e+02 4.130000000000000000e+02 4.186867828155549942e+05 2.070000000000000000e+02
6.700000000000000000e+01 4.140000000000000000e+02 5.149981964185867691e+05 2.080000000000000000e+02
1.470000000000000000e+02 4.150000000000000000e+02 5.322730127240491565e+05 2.090000000000000000e+02
