2.504794030847155591e+04
2.364837279834539368e+04
3.980653673071074445e+04
1.926118938028965204e+04
3.377937281747839734e+04
2.699497216864107759e+04
1.083162565717710277e+04
2.200512963233852497e+04
1.940936812983807249e+04
5.885942491917019652e+04
3.700213997800979996e+04
1.941903696964545088e+04
1.965595773677663237e+04
2.251250218906677765e+04
3.898525610285651783e+04
1.620079695217052904e+04
1.739420478458019352e+04
1.960287730058624948e+04
1.875222898187649480e+04
3.775301986000501347e+04
1.765963601556037611e+04
3.121817362567959935e+04
1.670941905764002513e+04
2.412278637856596833e+04
2.795159723145726821e+04
2.270959926032439762e+04
3.048466382097653332e+04
3.025703300716185186e+04
3.664500562181512942e+04
3.122148423239113617e+04
6.381447329585558327e+04
3.062416891733878219e+04
3.591058399561196711e+04
2.817825437691464322e+04
3.136822259908220440e+04
2.286317251646332443e+04
1.996194272650326457e+04
2.521661180442381374e+04
3.734991041025781306e+04
5.611618414389506506e+04
2.289490614174855000e+04
2.918115882181263441e+04
3.721481944790091802e+04
3.077460889114555175e+04
2.026285981728087791e+04
4.980443827374438115e+04
4.323582809522277239e+04
1.901236047954201786e+04
3.203919016652647042e+04
5.040027335591486190e+04
3.765246218779411720e+04
4.364380147643619421e+04
3.017839819493801770e+04
2.748052256457950716e+04
2.684979472052908386e+04
3.177078932500055816e+04
2.611363191243645269e+04
2.253744250977741831e+04
2.554226376786588662e+04
3.342320476403266366e+04
3.036371384873828356e+04
3.702242413201570162e+04
3.734187281805332168e+04
2.777222731266413393e+04
3.575881585534143233e+04
1.922629634038119548e+04
1.928020135939939792e+04
2.164343558720942383e+04
2.746387702745671413e+04
2.072256218054040073e+04
2.349884218378434889e+04
3.048416310479622916e+04
3.113564767513460902e+04
2.005867883135431475e+04
3.592051665764119389e+04
1.038139205216820483e+04
1.712996429856892792e+04
2.203980287448943272e+04
3.157277006503042503e+04
1.307862606949075780e+04
1.872480702256639779e+04
1.217724505597394455e+04
1.072159688533336157e+04
4.094973127955148811e+04
2.523039363118630718e+04
2.191383272297975782e+04
2.446609616618564814e+03
1.128452891158517741e+04
2.447890857029820836e+04
3.712925849263859163e+03
9.136803258410123817e+03
1.871966034226995544e+04
1.068949439023341620e+04
2.563469203255210596e+04
1.289411968108290603e+04
1.876552034209643534e+04
2.537795400518986207e+04
1.471951948800796526e+04
3.614002434335145517e+04
2.177498905641616147e+04
1.682739643325962970e+04
1.642749917912856836e+04
3.949649103445663059e+04
4.113119327383438940e+04
3.166796584935225474e+04
4.384439811488649138e+04
2.435494466542119699e+04
2.051395567225671402e+04
3.251435229162925680e+04
1.833007000596361831e+04
1.777406383256776462e+04
5.797359170252677359e+03
2.834249029469341986e+04
6.526347357044916134e+04
7.148660139709661962e+03
2.205176432040590589e+04
2.959564348838224760e+04
2.030160039780433362e+04
1.508076262374432736e+04
4.002982782248922740e+04
4.393532846807292663e+04
2.379678022237245023e+04
1.633257358810195183e+04
3.387864640977485396e+04
2.525269555437076997e+04
5.340914449151221925e+04
3.574376446459560248e+04
2.337580256199175710e+04
2.815276304856958814e+04
1.373839079992083862e+04
1.568792031525944185e+04
1.457638818568596798e+04
2.597344480351066522e+04
3.787521222528201179e+04
1.628195754225744167e+04
4.820276400039583677e+04
2.056528671137438869e+04
1.568483456322792154e+04
2.734958108736739450e+04
2.386331750692528658e+04
9.560068116583701340e+03
3.481982929735024663e+04
1.595846114296178712e+04
2.378188969054650806e+04
2.302400097668578383e+04
2.472237060130413374e+04
1.709850527507875449e+04
2.127225567098807005e+04
3.035377517028996590e+04
2.664594446174007317e+04
2.291004328169481596e+04
2.944947162191741154e+04
1.104044542815664317e+04
1.601559849807975479e+04
9.917966976858546332e+03
1.254277914643853546e+04
3.719325203651624179e+04
2.292780180807633224e+04
2.170664005499141058e+04
6.726030979966511950e+03
1.066511087905211389e+04
3.239777624848252162e+04
4.860461218363141597e+03
9.351747933342092438e+03
1.981893601234989183e+04
8.356969862652254960e+03
2.548695020958435271e+04
1.069365108313386008e+04
1.788573188879089867e+04
2.133456458650567583e+04
1.105411877414018818e+04
2.658482977293169824e+04
2.287007706041778147e+04
1.958455018433505393e+04
2.117503854098008742e+04
3.134976511187531287e+04
3.225741779770633366e+04
3.154467006399847014e+04
3.069322904636451131e+04
2.393186034275954444e+04
2.518360121043949766e+04
2.363595876467480775e+04
1.499268817460754508e+04
1.532140184165739629e+04
1.536673218485590769e+04
2.200178019169194158e+04
5.148682480986297014e+04
1.078264841083470856e+04
2.588595389577096648e+04
2.998166592848617074e+04
2.007051046052379024e+04
1.336615953655703925e+04
3.942976836388705124e+04
3.571135496231284196e+04
2.068831303285443937e+04
2.330561084089890210e+04
2.621620316581198858e+04
2.181626739901769179e+04
3.784116582397744787e+04
3.008462263365321269e+04
1.973283609867942141e+04
2.638341409007993934e+04
1.385461467708215787e+04
1.326821780201790898e+04
1.548661513220612505e+04
1.924991821011748107e+04
3.138532404977364422e+04
2.212259510590371428e+04
3.226540353017093003e+04
2.205381823631262523e+04
2.324971009114938715e+04
2.403754611576045500e+04
2.377745681330274238e+04
7.559443307645755340e+03
2.644895188112067626e+04
1.485271491822474127e+04
2.374372621813700971e+04
1.947143918966992351e+04
2.585831281121509164e+04
1.451964492318779230e+04
2.557924066037303419e+04
2.963675187630671280e+04
2.472174283220613506e+04
3.273357578841035502e+04
3.022884657831135701e+04
2.707854699472040375e+04
2.594290561420107770e+04
7.175493437792575605e+03
4.133561807641972700e+04
4.080517541349141538e+04
2.114427145837921489e+04
1.603887459821931952e+04
2.562016984168702766e+04
3.961794737411261394e+03
1.764588640858837607e+04
2.212623166613321155e+04
2.018824869765857875e+04
2.410553485315043145e+04
2.370730254877015614e+04
1.355909219127805773e+04
2.593942829973677726e+04
3.102184924324657914e+04
3.283725084160669940e+04
5.515764149574807379e+04
2.319595196956658765e+04
1.029781700736786479e+04
2.198203618071010715e+04
4.640556165318818239e+04
5.006681387326568802e+04
4.404878118274642475e+04
6.149169096383587748e+04
1.764852054519557714e+04
1.942599442283857934e+04
3.843005647420635796e+04
1.962367784475435110e+04
1.833802138277551785e+04
1.998374551728567531e+04
3.105440628270882371e+04
7.042716489071863180e+04
1.916196661477986345e+04
1.193633597208512037e+04
2.846856420429123682e+04
1.224378125919655577e+04
2.308294544372628297e+04
3.967419084413538076e+04
3.898333979970674409e+04
3.892695092020147422e+04
4.083405042701658203e+03
4.877807689181148453e+04
4.242559338347367157e+04
6.905574534190498525e+04
4.355868715052343759e+04
1.893387544571507169e+04
3.321400907482211915e+04
3.180868190749087080e+04
3.483707626486755908e+04
1.076294093446517581e+04
3.764294616665539070e+04
4.125082137307491939e+04
3.486402604701257587e+03
6.446208413271761674e+04
7.095412776581687467e+03
4.753584261451216662e+03
2.196267258980074985e+04
2.457758478819048469e+04
1.802761739409375878e+04
5.236258026038672688e+04
2.713691632511389616e+04
3.458188025561693939e+04
2.264189294022611648e+04
3.101279280804975497e+04
3.341865378244411113e+04
2.496479157076637057e+04
3.894774126962279843e+04
2.948506350491827106e+04
2.512586599527590442e+04
2.014859259330935311e+04
2.180834228467891080e+04
1.351071350736667591e+04
4.735659520520389924e+04
3.531248542349595664e+04
8.934077761566459230e+03
1.701787520280884564e+04
2.164406404136608035e+04
2.252585244356314433e+04
1.543618051210044359e+04
1.912455109794552845e+04
1.015779419656300888e+04
1.978672214600068764e+04
2.593685453479072385e+04
1.683875030552800308e+04
2.138196931783949549e+04
2.288643375568769989e+04
2.471844109066961028e+04
3.570867333285695349e+04
9.458350432687813736e+03
2.381005217030317726e+04
2.769075088217976736e+04
3.834531983213324565e+04
3.400986454179444991e+04
6.290221613891678135e+04
4.101148165263803094e+04
2.090016132871417358e+04
8.227887872737523139e+03
2.726455622478313308e+04
2.231474301720023504e+04
1.853070198092821011e+04
2.028852288385360589e+04
2.423095177685680756e+04
4.090639391349472862e+04
1.796352610420515703e+04
2.234866987010545563e+04
1.127795809592754085e+04
2.202009564752751248e+04
1.802649635317270440e+04
4.208652491350654600e+04
3.380787736454111291e+04
2.432602566576292884e+04
1.885339846337917334e+04
4.529979499992539786e+04
3.683675167073034390e+04
4.767647277503694204e+04
2.624772754968434674e+04
2.074955990783021116e+04
2.182009780038066674e+04
3.017527712391279783e+04
2.705226221112135681e+04
1.913269519748250241e+04
3.107358237891311728e+04
3.116245196805495652e+04
1.921287039552019996e+04
4.263581521319585590e+04
2.209523802927719953e+04
1.862125472852646271e+04
2.585328596336190094e+04
1.414060883526459656e+04
2.136936243397724320e+04
3.328990668181132060e+04
3.041718255973092164e+04
2.601098191026884160e+04
2.303044607820480815e+04
2.491327521399706893e+04
2.836107229315253790e+04
1.594486407421397598e+04
3.351897910664981464e+04
3.760588507100671995e+04
2.872541495008960555e+04
3.435923865516808291e+04
2.167147712999519717e+04
4.502996042344142916e+04
4.571834845139952085e+04
2.677182355217778604e+04
2.856325135097759630e+04
3.487819950377156783e+04
3.462850118770619883e+04
2.626491886798200721e+04
2.970578237439941222e+04
2.723129808003170911e+04
3.224359167244517448e+04
3.186262613145037903e+04
2.052529222581126305e+04
3.772602822619999642e+04
3.299272384492716810e+04
3.873117331796792860e+04
4.250464960301406973e+04
2.706791483125342711e+04
2.966514907674946880e+04
3.991339160565331258e+04
3.885888299134886620e+04
3.788988362256856635e+04
6.639936746681353543e+04
4.125399855629411468e+04
1.690007418677673923e+04
2.961207081646903680e+04
1.800773736561884652e+04
2.828303193317284968e+04
2.027781072533008410e+04
3.456725746115759830e+04
3.783591664433441474e+04
5.603894661929122958e+04
3.003149547987757251e+04
3.547939695759893220e+04
3.867419910719391191e+04
2.968546159273001831e+04
3.327583564926974941e+04
4.561107791272686882e+04
3.891702242013801879e+04
3.817958549209915509e+04
3.098735105844898499e+04
5.709566992084978119e+04
4.758237735524793243e+04
4.169693014256544120e+04
4.223092835651132918e+04
2.400292493347646086e+04
2.926083603082336776e+04
4.135467865248151065e+04
4.200031672261068161e+04
2.687899196935560030e+04
3.091929309832279978e+04
3.079369052710730102e+04
2.926566565331976744e+04
4.454581986583405524e+04
2.840765594428854820e+04
2.537888163790941326e+04
3.474477262679334672e+04
3.333112924670942448e+04
2.783274963933998879e+04
4.221136788699736644e+04
3.551776787568978762e+04
3.397286586355394684e+04
2.469008826563146067e+04
4.063702112617316743e+04
4.111934105810577603e+04
3.206851404156769422e+04
3.186885107921138842e+04
1.802737011159274698e+04
9.556507036498810521e+02
1.741167897452804755e+04
3.969399503378928057e+04
1.192328160470585499e+04
2.204620933206965492e+04
1.179823646288474083e+04
1.531195847359338131e+03
3.685817840233023162e+04
7.713759323794950433e+03
3.469303937840540129e+03
1.648246396356961486e+04
9.870162330592233957e+02
2.605627622824175342e+04
1.876987192812530702e+04
8.690626001969532808e+03
2.770943886086355997e+04
1.559023209020625472e+03
2.157178917200881551e+04
1.897283254639957886e+04
3.030805721078645729e+04
2.082857495057470442e+04
2.457287552616116227e+04
3.235735469049664971e+04
2.875534378968171950e+04
4.108405092724764836e+04
3.187656431332575448e+04
2.397231631371220283e+04
3.701660346936165297e+04
2.069237719608348561e+04
2.396544793889054199e+04
1.732353130667960068e+04
1.382599222542532880e+04
4.162026818977553194e+04
1.142082753008796317e+04
3.267790573323371427e+04
3.241858403884991640e+04
2.529343874770517141e+04
7.045589179443171815e+03
3.430574275970230519e+04
5.206156908309886057e+04
2.050111404716061224e+04
2.623895174524192407e+04
1.020972582905879608e+04
1.244328602904787476e+04
4.684462796331422578e+04
2.354522545450908729e+04
3.099723391079612338e+04
2.067627156741265935e+04
2.088136411235878313e+03
3.523829278493477432e+03
1.863118020896731468e+04
2.975404122814548464e+04
2.933730400204231773e+04
2.760192383142158360e+04
4.307936454761283676e+04
3.264565560695090608e+04
2.635074492969661515e+04
3.587290552636989742e+04
2.621440739990407747e+04
1.143761077068347549e+04
3.144379930801510272e+04
1.851563645521148283e+04
2.449614967977986817e+04
2.921818851668318530e+04
3.606793253996026760e+04
2.729514309303820482e+03
2.877412705338269734e+04
3.681496627006975177e+04
1.347501475621482496e+04
1.002381641555843089e+04
4.241973350022760860e+04
2.349492812393565691e+04
1.602546757117678317e+04
1.133463258273656174e+04
1.461951077896450261e+04
2.584598438841119059e+04
8.574619630805762426e+03
1.065905124798419274e+04
1.517365485691206050e+04
1.030334294469002634e+04
2.138618949894952675e+04
1.026487448628882339e+04
2.508219377306390015e+04
7.613979435837044548e+03
1.788083827862163162e+04
1.635156459320586146e+04
1.291292576351085881e+04
1.969132288709076965e+04
1.748480857090934296e+04
2.836553426126804698e+04
2.009767518637749890e+04
4.264940813129708113e+04
1.998851665349883478e+04
2.591541813678113976e+04
1.994496785769361668e+04
2.597865551127918297e+04
1.416898936598296496e+04
1.348685251589921791e+04
2.045097685719561923e+04
3.512073748560492822e+04
5.348628457957486535e+04
1.199052748866086404e+04
1.605080856633656003e+04
3.877420824336651276e+04
1.667904256059084582e+04
1.307649660057724032e+04
3.915434839830949932e+04
3.791451578482465993e+04
5.507878999383694463e+03
2.044856328046655108e+04
4.080108245985148096e+04
2.810018190940732893e+04
3.589030495432751195e+04
2.542971689751261147e+04
2.066437474685379857e+04
1.808286558022072859e+04
2.346795570553410653e+04
1.993568231106246094e+04
1.027844877223497497e+04
1.795593157516335486e+04
2.567489442627355311e+04
1.884760002218739828e+04
2.749091573494385375e+04
2.437413177169960181e+04
1.582150946840597317e+04
2.124952109486768677e+04
1.333381107784420601e+04
9.596996747239416436e+03
1.311903072429210624e+04
1.400669927970417484e+04
1.280811139243494108e+04
1.747435828311105433e+04
2.137176069256714254e+04
1.978314730442383734e+04
1.525009635225405509e+04
3.552378510986732726e+04
1.387201453116281482e+04
3.963961238479195890e+04
1.160007206063507510e+04
1.761965831710835846e+04
9.985378210095819668e+03
6.386358013090775785e+02
3.235930138393554080e+04
6.284375307912674543e+03
2.654195137674686066e+03
1.426688956856350705e+04
4.830830559865985379e+02
2.323792265532505553e+04
1.547334457748880595e+04
8.099347810401010065e+03
2.093313775611458914e+04
1.881491838760452538e+03
2.084552772105313488e+04
1.580491126991788769e+04
2.637039106834463018e+04
1.834717607230055000e+04
2.571870455879981091e+04
2.929283735200145748e+04
2.873395036893349607e+04
3.327163495376202627e+04
2.745516556506553752e+04
1.959821219450068020e+04
3.261455500349824797e+04
1.745742818422531855e+04
2.037093586906979181e+04
1.623923678266318893e+04
1.395337639833110552e+04
4.141064085754741973e+04
1.055840423764807565e+04
2.729826074592832447e+04
2.956564483037318860e+04
2.010400610649644659e+04
5.977144912762304557e+03
3.403038663769869891e+04
4.447568004892880708e+04
1.670009244657939416e+04
2.165591146639090221e+04
9.847282156383806068e+03
1.371582338925073236e+04
4.339524616967032489e+04
2.300504242527953465e+04
2.576365569670013065e+04
1.934183695019868173e+04
2.213934172070338263e+03
3.525870817691870798e+03
1.441614421412852425e+04
2.534781969456810839e+04
2.836082709753295421e+04
2.231049582639078290e+04
3.648008823365168064e+04
2.767925963174808567e+04
2.350090143488451213e+04
3.032243847683785134e+04
2.210746274700426511e+04
9.428838324232856394e+03
2.426236864262739255e+04
1.543916025343284855e+04
2.166262814391054053e+04
2.423663296170753165e+04
3.266258137097399594e+04
2.331197501948697209e+03
2.734563396135354560e+04
3.480334116696159617e+04
2.775581636036466080e+04
2.773017943104771985e+04
1.106863643712594057e+04
7.806911048079451575e+03
1.426531685372975335e+04
8.226982504659528786e+03
7.044660284816420244e+03
1.089216044014534600e+04
9.125572091498765076e+03
1.148738639043672629e+04
1.647945584606203920e+04
3.680133221998050885e+03
1.714730568328282243e+04
1.417556317798133387e+04
1.937494887781795114e+04
2.677672411808468314e+04
1.116276800048883524e+04
5.136561657268670388e+03
1.562601303442674907e+04
3.047421920030003821e+04
2.636456683821615661e+04
3.659504649420084024e+04
3.079982949621908483e+04
1.334036232843389553e+04
1.231708674783126116e+04
2.148192147355810448e+04
9.483132019818720437e+03
6.573452843658588790e+03
1.352616330443310653e+04
2.110541360639905542e+04
4.368261311556302098e+04
1.101502112796020629e+04
7.504781384829735543e+03
1.871115180262560898e+04
7.826254509315924224e+03
1.209025664339693503e+04
3.054283469648200844e+04
2.241980794825339035e+04
1.690296889349869525e+04
5.081350113126743963e+03
3.929337603764102096e+04
2.822674849521504802e+04
4.069073731254887389e+04
2.756099921059033659e+04
6.921782482980530403e+03
2.082464977131635533e+04
2.091752132410912236e+04
2.125373671101900982e+04
4.745781588848530191e+03
1.781684199948651440e+04
2.798249997120630360e+04
5.484137362350653348e+03
3.347274809507752070e+04
7.349079744624122213e+03
5.833883138376755596e+03
1.502628880397135617e+04
1.402590120261084303e+04
6.086798580316550215e+03
2.638275148751899178e+04
1.416207788588276344e+04
2.032725197383400882e+04
8.885286475241759035e+03
1.747293038138054544e+04
2.158072121846761365e+04
1.268657793769690397e+04
2.646262218571257472e+04
4.208081684932181088e+04
4.935349170001094899e+04
3.920690434957110847e+04
4.192888813203049358e+04
4.150043956788301148e+04
3.213971004183318655e+04
3.746915912955788372e+04
4.338282454947241786e+04
3.592092664020133088e+04
1.774180504498369919e+04
3.622852657118681964e+04
4.519919682069990813e+04
3.707087576640011685e+04
4.105573730755449651e+04
5.557421848402882461e+04
4.317878098508078983e+04
4.136704856773855136e+04
3.131498088879134593e+04
3.609566551563542453e+04
4.203839796594291693e+04
3.126625319416656566e+04
5.368290946778815123e+04
3.536244059691204166e+04
3.593890532849359442e+04
4.483815673529874766e+04
3.608894632075004483e+04
4.221953301506004209e+04
4.453815472014244006e+04
4.336959664489459101e+04
6.641090505081812444e+04
3.800177850775729166e+04
3.071767848281146144e+04
4.676215807816111192e+04
3.005989113562915009e+04
4.535600222699367441e+04
4.424656907870178111e+04
4.837104594631140935e+04
3.866515402770767832e+04
3.508344311553332227e+04
4.515512189179178677e+04
4.048517651387760270e+04
4.680553104462945339e+04
5.442453143547671789e+04
3.936266814272108604e+04
3.050119163098292483e+04
4.172818464446003782e+04
4.266492537183862441e+04
3.764297329450197867e+04
3.667282186910138262e+04
4.116849446815061674e+04
3.764027447910961200e+04
4.932963862870331650e+04
3.921407392857471132e+04
4.011858879386091576e+04
2.843087061263023861e+04
3.451468053255171253e+04
2.999489521025072463e+04
5.008083992264856352e+04
2.543883324151506531e+04
3.429766576711880771e+04
4.544370539042141900e+04
3.999924338294383779e+04
4.186212461280277057e+04
3.970986357954045525e+04
4.779857995675277925e+04
2.649453812395027489e+04
2.449317925017970265e+04
1.347164688461254627e+04
4.620641570121595578e+04
1.726322090925375960e+04
1.410108475807941613e+04
1.953785236014226030e+04
1.012998869177314009e+04
2.911784746094811999e+04
2.901738179557396143e+04
1.751992408362261995e+04
3.131568935842778592e+04
1.310029126540187281e+04
2.588019455972893047e+04
2.365798592192107753e+04
4.314940781100975437e+04
2.479300140156451016e+04
2.834089107172742661e+04
3.189089923163142521e+04
2.375472097784121434e+04
4.443633267486903787e+04
3.656028902669042873e+04
3.105469101744404543e+04
4.222200825053195149e+04
2.610515987344300811e+04
3.918798353071514430e+04
2.899776536231548380e+04
2.446169678769983148e+04
3.914767494877488207e+04
1.926428743519806812e+04
3.949356364655301149e+04
4.156625131910790515e+04
3.431358621657077310e+04
1.209496518274987102e+04
3.740816386627980683e+04
5.633780346123468189e+04
2.073333538942933228e+04
3.253174336827614752e+04
1.257857001839180339e+04
1.865553512413180943e+04
5.179980158308907266e+04
2.347664622025256540e+04
4.306276103966862138e+04
1.995916653615259929e+04
1.580415570155608293e+04
1.378141843171229993e+04
2.782349015220018191e+04
3.613502161247954791e+04
3.066766228163062624e+04
3.573701032716807094e+04
4.870522627904080582e+04
4.230225525636595557e+04
3.569604310533565149e+04
4.002283346593163151e+04
3.350882045664374164e+04
2.028914872103289235e+04
3.257115650543527954e+04
2.156561163017444778e+04
2.255429614492490509e+04
4.343328819213859970e+04
4.098793719938952563e+04
1.414715412739256135e+04
3.435381609526697139e+04
4.094307405772236962e+04
1.750579260305748903e+04
1.773231847633213329e+04
2.216276277898076296e+04
1.422370089457662834e+04
1.509947283577542112e+04
2.374660056935732882e+03
1.581472794612721373e+04
2.115647673408040646e+04
1.460228750521572510e+04
1.514340928120212266e+04
2.027065265254574479e+04
2.113975316555050813e+04
3.484821542290657817e+04
3.960417980858142982e+03
2.226767692782526865e+04
2.349445502272103477e+04
3.708410944355666288e+04
2.900707747109724369e+04
5.651532733652123716e+04
3.686687304388594930e+04
2.041331444439618645e+04
8.100365899158445245e+03
2.750220464221207658e+04
1.842357859567357082e+04
1.749047251713234073e+04
2.161727192053507679e+04
1.788508121970882348e+04
2.713516507627952888e+04
1.781301697157433955e+04
2.024900424690661748e+04
1.740739285890025349e+04
2.109942353460147569e+04
1.082004398319525353e+04
3.605043709276357549e+04
3.093515422179777306e+04
2.074715740123738578e+04
1.588787946071670922e+04
4.565152840413057856e+04
3.565498388877321122e+04
4.553979984879580297e+04
2.130577056167907722e+04
1.969803380478303734e+04
2.137001997060300346e+04
2.582700845769626903e+04
2.259161224546171070e+04
1.476888125276813662e+04
2.774730530268808434e+04
3.080702302575267822e+04
1.749543091748196821e+04
3.843157259788377269e+04
2.022309037684113719e+04
1.415713251472142292e+04
2.506249003325313242e+04
1.667027687365606835e+04
1.747926649964322860e+04
2.690698972018530549e+04
2.610055463578270792e+04
2.233012217719112232e+04
2.062116618640608795e+04
2.860082425558226169e+04
2.564670668939243478e+04
1.619407385499978227e+04
3.195141382532765783e+04
9.426077336095500868e+03
1.938184285447347793e+04
2.107271772169935502e+03
7.561067995204301042e+03
1.603798062829960872e+04
8.500829555629905371e+03
2.320554797851682088e+04
8.407909931222964588e+03
1.742315844568685861e+04
1.797643245259091782e+04
1.367644233664110834e+04
2.827540265242947862e+04
1.633158461992065713e+04
1.402793515023653163e+04
1.355685364772742287e+04
3.721656161189634440e+04
3.333252243597417691e+04
3.103352654696435638e+04
3.524897684838096757e+04
2.013047275858010835e+04
1.761701901324350911e+04
2.607219659638484154e+04
1.419672767552014375e+04
1.416438790298997628e+04
5.027840469734755061e+03
2.665422330517489172e+04
6.274927742747178127e+04
4.855796009794427846e+03
1.995038248661814578e+04
2.704265721849628972e+04
1.546535776998681285e+04
1.315492761612839968e+04
3.932896412885161408e+04
4.019075024331919121e+04
1.660523820742493990e+04
1.300706121924280524e+04
3.246928294121049112e+04
2.302710483418320655e+04
4.763804304062599840e+04
3.330827830097309197e+04
1.948623156940684567e+04
2.338612328096268902e+04
1.312210533298170049e+04
1.498207900180015895e+04
9.837442792222707794e+03
2.260359535494259035e+04
3.167124973706365199e+04
1.227205180586060305e+04
4.009622375747581827e+04
1.506101692658423053e+04
1.276617684786091195e+04
2.061763684198388000e+04
1.905174901532091462e+04
7.392170449511304469e+03
2.815143687772680278e+04
1.232818212096031857e+04
2.122822781164796834e+04
1.888729329466649142e+04
1.964837050767632900e+04
1.542854249105599411e+04
1.570405592852112386e+04
2.769200800471052935e+04
3.258343765418789189e+04
5.998161213387284988e+03
2.647725090523561448e+03
1.464457114826942416e+04
1.026054660676156800e+03
2.377189776323420301e+04
1.630502873699208794e+04
8.207075776935538670e+03
2.310215386534042045e+04
2.719429025333237860e+03
2.411094455761290737e+04
1.633089896937546291e+04
2.669604331733396612e+04
1.807885740286142027e+04
2.897740766392123260e+04
3.181488622985313850e+04
2.942776487690561407e+04
3.552040803501247137e+04
2.792854911372543575e+04
1.974873334943378723e+04
3.384576929174012912e+04
1.844559389910481332e+04
2.039674935336477938e+04
1.584667317629169338e+04
1.471752950985139978e+04
4.501555302709990065e+04
1.150628326137344629e+04
2.761335787118280859e+04
2.972875557710607609e+04
2.097299610569707875e+04
6.606286953298031221e+03
3.580777888436238572e+04
4.642012523854646861e+04
1.849309631282161718e+04
2.176158280546179958e+04
1.163541739628287542e+04
1.506279504871729114e+04
4.599604802795416617e+04
2.573676049214441082e+04
2.658307679935461420e+04
2.089362557352272779e+04
2.270691086731004816e+03
3.267444812202417324e+03
1.511040710002003834e+04
2.674253667003233204e+04
2.956557306866504223e+04
2.294212424752924926e+04
3.929841579184133298e+04
2.773170091548027267e+04
2.343655090589028623e+04
3.084578550157956488e+04
2.149834892047408721e+04
9.657338717460574117e+03
2.618893770007582134e+04
1.657378713585690275e+04
2.346782949048496812e+04
2.461977723377970688e+04
3.388846990462480608e+04
4.007414244458330813e+03
2.762260479184815631e+04
3.617923083966477134e+04
2.088174777473542053e+04
2.902198259902667996e+04
2.112549354561931978e+04
3.038134805382127888e+04
2.753882341246193391e+04
1.447342982050966748e+04
3.070762082584831660e+04
2.603341812033694441e+04
3.952738825208257185e+04
5.649268320852665784e+04
2.337703084858322109e+04
1.157681841553828235e+04
2.581228354664320796e+04
4.963356750928015390e+04
4.885715365079382900e+04
5.016151512010198348e+04
5.960986361232925265e+04
1.894048370442845044e+04
2.099200572115557225e+04
3.619788951484649442e+04
1.842797187634462171e+04
1.876940013201901456e+04
2.622011792894128666e+04
3.632905880769509531e+04
7.707731877613367396e+04
2.349323831825889647e+04
1.100177090915702865e+04
2.885523251082482602e+04
1.231937715190137351e+04
2.907674807815200984e+04
4.454705582935036364e+04
3.443325353590479062e+04
3.763124963507401117e+04
4.815990350479019071e+03
5.530115415713412949e+04
4.848189713986022252e+04
6.799281323221071216e+04
4.698578592949740414e+04
1.627258496536635721e+04
3.688848660096641834e+04
4.025230555965444364e+04
4.285923858630812174e+04
1.029222581468542558e+04
3.866266440676305501e+04
4.438310911494538595e+04
2.513641622070728317e+03
6.229541826502815820e+04
6.584370004921458531e+03
6.568659120826968319e+03
2.002565138421423399e+04
2.094723488132451894e+04
2.152830862510974112e+04
4.989422381971460709e+04
2.817007502693708375e+04
3.538225846956327587e+04
2.224422479322023719e+04
2.657196575255776042e+04
4.003410355099957815e+04
2.165397842319046686e+04
4.063611235609577125e+04
5.251552053891151445e+03
1.390341364279951449e+04
4.908140846421233618e+03
1.899255357231131347e+04
8.084878584832476918e+03
1.455022354730458574e+04
1.452024513386258695e+04
9.262387172222002846e+03
2.269704759466542237e+04
1.459376753236984405e+04
1.368202257422544244e+04
1.131251059688649548e+04
3.126866159055705793e+04
2.678078850421843526e+04
2.387167008078732761e+04
2.799206547207948825e+04
1.999084225682839678e+04
1.543715280973698646e+04
2.497701472104393179e+04
1.368193618719576261e+04
1.285951150459034397e+04
5.992192395417611806e+03
2.204256678440028190e+04
5.456709775321892084e+04
5.659186156039672824e+03
1.846995450050094951e+04
2.407362993877231565e+04
1.532669268875195849e+04
9.501250637246099359e+03
3.593024814377945586e+04
3.801188271949753835e+04
1.255260115507183764e+04
1.286851353015680797e+04
2.212974969755097845e+04
1.776553433153096921e+04
4.111379008424274798e+04
2.909076657782192706e+04
1.762288048811623958e+04
1.957663335752795683e+04
1.019869055811397448e+04
1.020093502747717139e+04
9.566339552578921939e+03
1.808115403853534008e+04
2.774925360494409688e+04
1.318715010349216391e+04
3.209145759770947188e+04
1.720767962353459734e+04
1.272205288421488513e+04
1.943291787000075419e+04
1.639614947772369487e+04
4.304349773919205290e+03
2.308622415451118286e+04
9.107928529132932454e+03
1.790904396633898796e+04
1.748539758946062648e+04
1.925349721686344128e+04
1.123001411659564110e+04
1.587670173591966341e+04
2.849836781145552959e+04
1.208052164424644798e+04
1.947684029766670164e+03
2.144822986830965601e+04
1.173158426596965546e+04
1.002396032738680879e+04
1.908959765471954597e+04
4.549336163406561354e+03
2.211042441595995479e+04
1.453892580120571256e+04
2.297153723391313542e+04
1.543234618039576890e+04
2.919843774951675368e+04
2.874049404179966587e+04
2.668773405808120151e+04
3.119040045015429860e+04
2.492198084853622277e+04
1.838431857447531365e+04
2.950268076782757998e+04
1.509069473215085054e+04
1.513893863105254059e+04
1.251887012737598343e+04
1.664567892404505983e+04
4.287368631746641768e+04
9.374095805012962956e+03
2.406224454095006877e+04
2.823913497874288441e+04
1.857969788036132013e+04
7.020250408529936976e+03
3.308250861454819096e+04
4.342087631177422008e+04
1.549898002111232927e+04
1.925505660372002239e+04
1.683594822599743566e+04
1.448888889140893662e+04
4.306776116418828315e+04
2.488527838244088343e+04
2.169230754529200931e+04
1.959912554033147535e+04
4.029855343353955504e+03
3.661906627773208129e+03
1.213985336625623677e+04
2.099227371872429285e+04
2.841382020378778543e+04
1.998681970044273476e+04
3.539610713910688355e+04
2.431219895561822705e+04
1.959472822595683101e+04
2.819766124902840966e+04
1.880160741533522378e+04
7.084414200843108119e+03
2.316869451815931825e+04
1.467594538967967128e+04
2.068120371687244551e+04
1.860516474774736344e+04
2.976877067012159023e+04
5.802069001922077405e+03
2.419696248298919090e+04
3.224842168954161752e+04
1.186161037145054615e+04
1.722105369066711137e+04
1.289903002303252288e+04
1.253593341560582121e+04
2.032093497800455953e+04
1.781048494534995552e+04
3.155864690591987892e+04
2.337625474740521895e+03
2.110821692561405507e+04
2.243552154727812012e+04
3.244062226540704432e+04
2.835376077978625835e+04
4.775060648465423583e+04
3.774116260436481389e+04
2.040936571410056058e+04
7.082671604458002548e+03
2.662778940396889084e+04
1.573374242432135361e+04
1.651482135130469760e+04
2.092220022510600757e+04
1.582528974828560240e+04
2.398044790095032658e+04
1.674810948454840764e+04
1.829138597448548535e+04
1.780565091226214281e+04
1.817895789786583191e+04
8.631599513955017756e+03
3.320979555582501052e+04
2.942435502729682412e+04
1.971889058363958975e+04
1.433706854627505163e+04
3.584436578437727439e+04
2.772608634601025551e+04
4.652993325125460979e+04
1.751958334209727400e+04
1.795746899215229860e+04
1.897444195577558639e+04
2.016570005018648226e+04
1.812888286005386908e+04
1.328445110038348867e+04
2.684582437806775852e+04
2.860024117949832726e+04
1.718593606239151268e+04
3.800230364040921268e+04
1.927651054833563830e+04
1.705985482510752263e+04
2.378194038382131112e+04
1.795271165872343772e+04
1.507620086195391013e+04
2.883278229794378785e+04
2.311877856728661573e+04
2.061415879213600056e+04
1.893454836993609206e+04
2.794042836045537842e+04
2.004188923769099711e+04
1.708480920588082517e+04
2.832959271674059710e+04
2.145151200988383061e+04
1.298820305630740586e+04
7.665492427080363086e+03
1.786842020608202438e+04
1.728662715107825079e+03
1.850950920771087840e+04
1.336076145715143139e+04
2.395751087442023709e+04
1.625736420505491333e+04
2.287068858918364276e+04
2.605373217826435575e+04
2.600366161147842649e+04
2.998400047956725393e+04
2.555472268301563963e+04
1.763382635329828554e+04
3.005785654161753337e+04
1.546173920906732383e+04
1.765021453926356116e+04
1.504046523744172737e+04
1.300083201987592656e+04
3.975702257973329688e+04
9.136904796972361510e+03
2.413737593142753394e+04
2.800742298392817611e+04
1.843824485366832960e+04
5.266741126784495464e+03
3.263234621469707781e+04
4.190612606483709533e+04
1.343270236726439907e+04
2.001707619015507589e+04
9.820084425282042503e+03
1.259571858403459919e+04
4.043770180855582294e+04
2.067189858958901095e+04
2.332981336376621766e+04
1.739570457538953633e+04
2.186888580231696778e+03
2.908759700998220069e+03
1.244233366705643130e+04
2.255482251170496602e+04
2.626202879738427873e+04
2.086905481489071462e+04
3.212996200040378608e+04
2.558518139997020626e+04
2.146043799933482660e+04
2.769406698880519980e+04
1.926913453679256418e+04
7.611298083460538692e+03
2.104773246429075516e+04
1.360434155643525810e+04
1.907149485469154752e+04
2.171221708351527559e+04
2.974337024141923030e+04
2.475533531063896589e+03
2.416482238752990088e+04
3.303912018442893168e+04
2.161548386017016310e+04
2.776650844397494802e+04
2.552949788493629967e+04
2.671808795504558293e+04
4.239048598551642499e+04
1.694731235572039441e+04
3.057866041478823172e+04
2.047337344233418116e+04
3.373319344330727472e+04
3.043548362351932155e+04
2.901972336426957190e+04
4.357108102150114428e+04
2.404671342435972110e+04
1.715721374511820613e+04
3.412770217653475265e+04
2.018828895187207672e+04
2.586831236361165429e+04
2.819019188804057194e+04
3.227741818253562087e+04
5.089511141165510344e+04
2.100474095780959397e+04
2.031870508064933529e+04
3.122949289978871820e+04
2.094892335843500769e+04
2.261343425511361784e+04
3.453084666578275210e+04
3.549509316428550665e+04
2.691537348460139037e+04
2.038951191295303215e+04
4.044379064495088096e+04
3.603208732041821349e+04
4.346274546171133261e+04
3.784543444894246932e+04
2.527844119625966414e+04
2.814915835369074193e+04
2.913204820105651379e+04
2.857183829117823188e+04
2.073499685017304000e+04
3.206396413301127177e+04
3.345005237399898760e+04
2.351136026871582726e+04
3.952077255930746469e+04
2.485722825642654061e+04
2.271705231447236656e+04
2.159205832373337034e+04
2.453683227842915949e+04
1.671218863465668983e+04
3.580829372832297668e+04
1.860290578905410803e+04
2.642439967706275638e+04
2.797855681188606104e+04
3.477600642463570694e+04
3.027060081232877565e+04
2.579654318453250744e+04
3.632284646637602418e+04
2.007094832838376169e+04
1.343502488838828322e+04
1.964422178251542937e+04
2.463766985160427430e+04
1.541836030175169071e+04
6.942996609054757755e+03
1.892815023143870712e+04
3.161603764766603854e+04
2.672507784950300265e+04
4.193802760753221810e+04
2.725631171124981847e+04
1.766701696594319947e+04
1.819366672776534688e+04
1.985612080798619718e+04
9.772298642853114870e+03
4.459409625912964657e+03
1.474685612867382952e+04
2.258961921919166707e+04
4.469415815119259059e+04
1.215972687062310797e+04
1.409776339055951212e+04
2.542272792570835009e+04
1.051438317620545604e+04
1.437301216058834689e+04
3.495689946317934664e+04
2.429092584447586705e+04
1.845225854694717782e+04
1.059205781116940852e+04
4.127084354410959349e+04
2.897652373118027754e+04
3.705658313320224261e+04
2.977947988543863903e+04
6.617706562082720666e+03
2.341042666833426483e+04
2.279577948514165837e+04
2.214652088295952126e+04
6.042043979961380501e+03
1.667271606026817608e+04
2.820951311928696668e+04
8.574982162619955488e+03
3.011621657482048249e+04
1.156961130194547331e+04
9.136580502389459070e+03
2.027367554071362974e+04
1.774510943836610386e+04
7.049534328053136051e+03
2.298490371055089781e+04
1.577564459789686407e+04
2.123620398574259525e+04
4.668286384350638400e+03
2.086802754311993340e+04
2.256395088491516071e+04
1.736190764565340942e+04
2.586194301849180920e+04
3.152890124361402559e+04
8.960136449364385044e+03
3.128580159851399731e+04
1.477863341273768310e+04
2.869927364790957654e+04
2.671559518842500984e+04
2.792460523447075684e+04
3.667725780426673009e+04
3.852377303338224738e+04
4.844133899590937654e+04
2.959337419390570722e+04
2.011355576899937296e+04
3.776138336238895135e+04
2.216329968234567059e+04
2.583781185273451774e+04
2.297113020363882970e+04
4.126413477352067275e+03
3.667034173044859199e+04
1.741033558451282443e+04
3.017747525502065400e+04
2.636095619767009339e+04
2.335025104451684456e+04
3.711757239533352276e+03
3.310044076151780610e+04
4.759591034920180391e+04
2.962892736695485291e+04
2.294313546201922873e+04
1.879818338314515131e+04
2.050272345065022455e+04
5.266855924670893000e+04
2.309660083106854290e+04
3.086680118955908620e+04
2.097428561408026508e+04
9.620112966814853280e+03
1.127067352241095978e+04
1.950583921487225598e+04
3.315982558730193705e+04
3.026109078501507611e+04
2.390825882457411717e+04
5.125834084045171039e+04
2.761666940043524664e+04
2.293075855024781777e+04
3.631598565701788175e+04
2.509035275942005683e+04
1.768597782002988970e+04
3.856763231295409787e+04
2.807982421610948950e+04
2.925347962229112090e+04
3.037062973017532931e+04
3.784044819986537914e+04
9.639552722373222423e+03
2.988002024774869642e+04
3.664674884746990574e+04
2.605816847218481416e+04
2.511532293835230303e+04
1.850059146748754574e+04
2.368934874693582242e+04
1.806726365001037630e+04
3.176005704568542205e+04
2.216992614923839210e+04
4.301800846275439108e+04
2.284108637003197509e+04
2.781257394708900028e+04
2.356214895436729057e+04
2.747228232070822196e+04
1.538990763033749499e+04
1.941636175049691155e+04
2.830160529000951283e+04
3.938968498965731123e+04
6.346409804428367352e+04
1.941468502610185533e+04
1.764165771620699888e+04
4.123120339379562211e+04
1.720516922661214994e+04
2.016484409669823799e+04
4.604057545883393323e+04
2.766736813985025583e+04
1.009220486243005507e+04
2.275706434752268979e+04
4.693264709345909796e+04
3.850823906409299525e+04
2.949277052203677886e+04
3.538756004508133628e+04
2.070893342916655820e+04
2.480190509550099523e+04
3.331432616635056911e+04
3.042047175274663459e+04
1.391798883757228396e+04
2.033508805778590613e+04
3.068068470959514161e+04
1.994532007553879521e+04
2.297754361190693453e+04
2.683634079557122095e+04
2.154099080052645877e+04
1.856503627450092608e+04
1.563681371283395129e+04
1.479616162459692896e+04
1.318154752461476164e+04
1.353083937595211864e+04
1.479886119418209637e+04
2.003578636918212578e+04
2.272890503959574562e+04
2.948559611584976665e+04
1.859326715109462384e+04
3.267140288545273506e+04
2.072057447611811949e+04
2.096029919929444804e+04
3.152885039566035994e+04
2.152082628390790342e+04
2.238591734155182712e+04
2.861479043196548082e+04
3.063878571027759244e+04
3.649648136127535690e+04
3.458979990156117128e+04
2.641171592814304313e+04
3.560922990403761651e+04
2.044781585019184422e+04
2.570320369452964223e+04
1.808889562723096606e+04
1.329246668279320875e+04
4.105862030086921004e+04
1.267318324910704541e+04
3.448806684865000716e+04
3.235231759121730283e+04
2.707745033003004573e+04
7.353007149859170568e+03
3.360357504917605547e+04
4.923184203944545152e+04
1.942712269279058819e+04
2.814414663352914431e+04
1.147443467430217606e+04
1.384715484531755465e+04
4.189821669952548837e+04
2.316666724339437496e+04
3.173035087987570660e+04
2.043808462043663167e+04
3.089566064362692032e+03
3.739027627375038719e+03
1.989862259467010517e+04
2.838781840901541727e+04
2.836075485981054226e+04
2.899431904077358195e+04
3.892561076921632048e+04
3.438265310014422721e+04
2.624585360664563268e+04
3.832369556565537641e+04
2.545131508846614088e+04
1.199227858665973326e+04
2.776254332188593253e+04
1.866114061441201920e+04
2.172837828554904263e+04
2.879436645113061968e+04
3.655028750312566990e+04
3.440912703348000377e+03
2.884737590490530783e+04
3.670082613627722458e+04
3.052738631978345074e+04
4.810068117965367856e+04
4.061088000712323992e+04
1.913390043096336012e+04
1.898697663113398448e+04
5.645754232768538350e+04
1.341240915485697769e+04
4.402663740319750650e+04
3.925823650793850538e+04
3.962538115019128600e+04
3.529613350238359999e+04
2.820474131581833353e+04
3.764836029536561546e+04
3.601372332501409983e+04
4.105571698376331187e+04
2.778472218443652309e+04
4.612979143491825380e+04
5.129525618542459415e+04
3.750116848870042304e+04
2.349965032020776562e+04
4.539489688332669175e+04
4.671648899691016413e+04
1.918515595354033576e+04
4.554226974431974668e+04
3.029705215808285357e+04
2.600062322140872493e+04
2.530925857999216169e+04
2.395342594811234449e+04
4.011985858968160028e+04
1.682611775782813129e+04
2.476690379099560232e+04
2.386830527294967396e+04
3.185676372189761605e+04
2.518549023514215878e+04
2.433803636394854766e+04
4.295940179587837338e+04
1.991652745684680485e+04
5.067204852294842567e+04
3.981502340028210892e+04
4.742839442679831700e+04
3.398889448441703280e+04
2.343034937546178116e+04
1.735405834271417916e+04
3.056295809921171531e+04
2.775630234910273066e+04
3.222347007878926888e+04
4.635959542859806243e+04
2.139369886861651321e+04
3.871021989412823314e+04
5.067694369706779980e+04
3.107580087668057968e+04
2.691924433200201020e+04
3.516949787424235546e+04
2.567323982595786583e+04
5.670875315093779500e+04
3.496486441315094271e+04
1.823367137845748221e+04
4.353464333758111934e+03
2.754552439901773323e+04
1.722443105912372994e+04
2.083634077979483482e+04
2.734995512144058011e+04
1.751052536920932835e+04
2.661560558023023623e+04
1.564583682213568682e+04
2.230041182085951732e+04
1.839779526920784338e+04
1.877296333666617647e+04
1.001112120078521184e+04
3.230009334706380105e+04
2.738140875091565977e+04
1.694753652651065568e+04
1.728488820417429815e+04
3.978696493913411541e+04
3.071069116425656466e+04
4.489901773294419399e+04
1.843198050979136315e+04
2.052074560831574490e+04
1.833214790804586664e+04
2.295534665404491898e+04
2.300275201820451184e+04
1.430930122944557661e+04
2.922477583038690500e+04
2.612269388277021790e+04
1.916092094149899640e+04
3.630028762106403155e+04
2.292329915168727894e+04
1.814490091411208414e+04
2.537392603181664163e+04
1.960882817336385051e+04
1.782421414698062290e+04
2.690030409257861174e+04
2.457338099059919477e+04
1.931074150670078234e+04
2.337022617123345117e+04
2.758499222768332766e+04
2.215740679129693308e+04
1.662957225134637702e+04
2.995259020060615876e+04
2.258512807775466717e+04
4.546969073512963951e+04
4.621937105111803976e+04
4.296704734340957657e+04
4.718283919467084343e+04
2.258072986200360538e+04
3.325866477230449527e+04
2.959279411881105625e+04
1.603457415039714033e+04
1.178426016648798941e+04
1.936918597109981783e+04
3.256335932481760028e+04
6.153285967045954749e+04
2.118592757054039612e+04
1.291867889459076105e+04
2.994215921099225670e+04
1.618305145720535438e+04
2.472804251688898148e+04
4.511909456405956007e+04
3.219954707049992430e+04
3.205984238739961438e+04
8.853451294919030261e+03
5.206355096562334074e+04
4.265411682203732926e+04
5.457751636754620267e+04
4.290410881332837744e+04
1.156131081940716467e+04
4.112048410246813000e+04
3.383497765545400034e+04
3.434525900090285722e+04
1.152475206968569364e+04
2.543657702575726216e+04
4.646307607012002700e+04
7.560538547768466742e+03
5.173469342595041962e+04
1.119684744207358563e+04
9.132357912696652420e+03
2.039705208941392630e+04
2.332439213108933473e+04
1.318600443448488659e+04
3.783598050574937224e+04
2.195587475694647947e+04
2.955078716877729312e+04
1.322715074523853946e+04
2.110404587476159577e+04
3.791348098279595433e+04
2.420476944492276380e+04
3.356262618965361617e+04
3.785384786122551304e+04
3.607358275235572364e+04
1.514926894794257896e+04
4.332972770949899132e+04
2.969093871765687072e+04
2.623176430810647435e+04
3.924475299639919831e+04
2.114540078840846400e+04
2.661177087947812470e+04
1.457739192777534117e+04
3.760787350602599327e+04
7.492693694950081408e+04
1.551262488863869294e+04
2.133991008373279692e+04
4.057481334678165877e+04
1.631701162571797249e+04
2.071661095523553377e+04
4.779264190714550205e+04
5.223993870473789866e+04
2.018701442366199626e+04
1.586854886668693689e+04
3.706292090159266809e+04
3.603424596980411297e+04
5.186335860236989538e+04
4.446118669334098377e+04
3.238402693119501055e+04
3.153686615212606557e+04
2.453216096651763655e+04
2.324311632893132628e+04
1.562642384870734168e+04
2.975631168260197592e+04
3.978552481046079629e+04
1.903212946946457305e+04
4.791289110702727339e+04
2.445185916355550944e+04
2.004355175410622905e+04
1.745904568101379846e+04
2.075340429148981639e+04
1.438150611270085392e+04
3.105441648412937502e+04
6.370246825176252969e+03
2.444055632760457229e+04
3.086279561973417003e+04
3.127519892319735300e+04
2.509467101094234749e+04
2.568281803550918994e+04
4.170546094846408960e+04
2.640192518469189963e+04
4.663985581986797479e+04
3.206696087232230275e+04
4.059339430829597404e+04
3.976160564491154219e+04
3.839699908087065705e+04
3.473627759646833874e+04
3.258324299030649490e+04
4.064887119103407167e+04
2.327853031471684153e+04
3.901847025890481746e+04
3.592349824896976497e+04
4.012328633307195560e+04
5.067081931908597471e+04
3.804168845954565040e+04
2.579732359419420391e+04
3.740753448018853669e+04
4.564227246340256534e+04
3.181998244296521807e+04
4.195876941237527353e+04
2.501170396779387738e+04
3.040819831584508938e+04
3.390670933260778111e+04
2.847030187374981688e+04
3.569074992667972401e+04
1.749244636673484638e+04
2.506300350871851697e+04
2.900261503379701753e+04
3.785443838426206639e+04
3.241369523944859247e+04
2.253743781194228359e+04
4.266615843848865916e+04
3.680763357414736674e+04
4.339993622403808695e+04
4.059638075437804218e+04
3.639409577514712873e+04
3.595882600172793173e+04
3.130736298739690392e+04
3.143953798994199678e+04
3.263200766821102297e+04
3.215699121496972293e+04
3.537412897375931061e+04
5.008981664763845038e+04
2.306422833530481876e+04
4.071681317485524050e+04
4.005593540168223262e+04
5.738052780102276301e+04
1.443464672676720511e+04
3.963911690510882909e+04
3.294658471027358610e+04
3.424025083018327132e+04
3.128011385034455088e+04
3.048519292567973389e+04
3.926575436061763321e+04
4.103102111422159214e+04
4.540476006333321129e+04
3.061213873784784664e+04
3.878542444282052747e+04
4.843152058028668398e+04
3.124334489327857591e+04
2.734804887287327438e+04
4.398264600964477722e+04
3.754084773591090925e+04
1.939775288905217894e+04
4.057256811249347084e+04
4.534510293301448837e+04
3.788557415135802148e+04
1.805729842244630709e+04
3.076696666503824963e+04
3.565524279822174867e+04
2.311831370899503236e+04
3.742150413203018252e+04
3.119166876302786113e+04
3.075307409960337100e+04
2.894692556676461390e+04
2.672531845936217724e+04
3.897154252141228062e+04
1.434033728521084231e+04
4.531536502531514998e+04
3.630221782506337331e+04
3.620684262608723657e+04
3.161472414359085087e+04
2.598510909262106725e+04
1.772383036386925232e+04
2.704047150082511507e+04
2.444205930788237310e+04
3.175648348655213340e+04
4.730837885103138979e+04
3.260614952866225940e+04
3.590534864302456845e+04
4.569521201447739440e+04
6.936977381384765613e+04
5.425986107504405663e+04
5.671660648171975481e+04
6.363226075259750360e+04
3.476948766984972463e+04
5.446370006702168030e+04
3.525447587098553777e+04
4.380364898384000844e+04
7.738448561668758339e+04
3.347782663973198214e+04
3.957153105716546997e+04
6.561727152022534574e+04
3.652935097176887939e+04
3.463431327710390178e+04
5.487570810240408173e+04
7.362803687763201015e+04
3.759831063886670745e+04
3.705046354306385183e+04
3.100124240325940627e+04
3.872646361278191762e+04
7.508456081555684796e+04
5.976174830792048306e+04
5.603746629004276474e+04
4.560253812464809744e+04
3.045817240779317217e+04
2.919644166129768564e+04
3.641624222940795153e+04
4.604029203110757226e+04
5.966289977028677822e+04
4.069689268231069582e+04
7.309222165532041981e+04
4.939878575623728102e+04
4.805702040456746181e+04
3.557687977114827663e+04
4.823774573233386764e+04
2.314312832952608005e+04
5.076584107462633983e+04
1.293526976257171191e+04
3.462527603038970847e+04
5.779745859010791173e+04
5.119840844181134162e+04
3.319473927295563044e+04
5.303422492009754933e+04
5.818687114805170131e+04
4.961173685781624226e+04
4.553573874859025818e+04
3.732374800394499471e+04
3.572064267109866341e+04
2.941694981632768031e+04
4.779526437667848222e+04
5.323027094079826202e+04
6.186848438322999573e+04
3.796722112238523550e+04
4.618474822032564407e+04
6.077858131441789737e+04
4.038967317302194715e+04
3.362742939505329559e+04
5.743429684942154563e+04
3.838806290453443944e+04
2.240986557951250870e+04
5.195151530760280730e+04
5.659165150078566512e+04
4.446439681562716578e+04
1.253650459856705857e+04
3.924997693754661304e+04
3.731452103075980267e+04
2.924613942301641509e+04
4.578568598600879341e+04
4.035727841800676833e+04
3.756004224443397106e+04
2.321367262331982056e+04
2.988610044581360125e+04
4.826247877845651237e+04
1.103572394675323449e+04
5.359590292721332662e+04
4.520161544020849396e+04
4.330952417935428093e+04
3.680315001628424216e+04
2.688113250101949234e+04
1.408331407476973254e+04
3.070703338968808021e+04
3.181956361158081563e+04
3.032673156085153096e+04
5.064733207577145367e+04
4.104100773210926855e+04
4.396585093336061254e+04
5.566154739691660507e+04
1.680678705719309073e+04
1.924564429721616034e+04
2.123776717026763799e+04
2.355602249861221935e+04
2.633220088574891633e+04
3.346147984760625695e+04
5.510727101814572961e+04
2.017982868888692610e+04
2.605389203414709846e+04
2.965438018441963141e+04
1.868308402110850147e+04
2.566718615813502038e+04
3.792137671086999762e+04
3.572671436933873338e+04
3.118864554514257907e+04
1.533727155443413722e+04
4.883501850164192729e+04
3.756299176065796200e+04
5.511894704407278914e+04
3.377798288138171483e+04
2.030106948605294019e+04
2.164401767519186251e+04
3.567371382889687084e+04
3.803810856657966360e+04
1.793945101777090167e+04
3.827063452261681959e+04
3.031963991723577055e+04
1.537670980364417119e+04
5.295115095738803939e+04
1.570116960521331566e+04
1.721345426091618720e+04
2.199427310166128154e+04
2.457820353753035306e+04
2.321416337779445530e+04
4.604537836453469936e+04
2.945117606174595858e+04
2.821921638782410810e+04
2.610432324872774916e+04
2.625018946045610937e+04
3.469220875820340007e+04
2.165537395461059350e+04
2.840365040928310918e+04
3.003176913279701694e+04
1.953730351169221831e+04
2.344589749231670794e+04
2.494176592905470534e+04
2.539463369105879974e+04
4.000011399896632793e+04
1.301263142736380905e+04
2.282566973196712570e+04
1.140531812802746936e+04
2.050199345884802460e+04
1.611131244992916618e+04
3.202239056858861295e+04
3.143779742995337801e+04
2.374414479858682535e+04
1.505844496353422437e+04
4.554399308947636746e+04
3.241488248537373147e+04
5.147118317749328708e+04
2.477989637636035332e+04
2.215791052476512414e+04
2.224407105369740748e+04
2.926552481639160760e+04
2.780342503984824725e+04
1.645700339342002189e+04
3.430232064441711555e+04
3.045292871949255641e+04
1.758582929979467008e+04
4.420338685198656458e+04
2.114922199773431930e+04
1.648526620494162489e+04
2.661273993759948280e+04
1.765536894289908741e+04
2.072786490308575230e+04
3.883410126414188562e+04
2.795628654206993087e+04
2.305179755919532181e+04
2.707457728184240113e+04
2.615997635227600404e+04
2.690401675258562318e+04
1.570277121214746512e+04
2.753314827508744202e+04
2.546482744912488124e+04
2.192795933654908004e+04
3.430475247740600753e+04
4.029453828259088914e+04
5.515340922464846517e+04
3.088456492336726660e+04
3.578159649108368467e+04
3.888392915969753813e+04
3.099150152969275223e+04
3.225358945148136991e+04
5.359886668116593501e+04
3.099634085832885830e+04
3.358690260430312628e+04
3.271782814313411654e+04
5.652152316255960613e+04
4.570125104620149068e+04
3.758345870117899176e+04
4.014757926696431241e+04
2.213030654241902812e+04
3.138285602402521181e+04
4.084594487880453380e+04
4.088530211423522996e+04
2.827261776380565061e+04
2.789543537766367444e+04
3.402301546691717522e+04
3.098464061462892278e+04
3.915548075374848850e+04
2.685722342480934094e+04
3.029932552941890026e+04
2.579368190517967741e+04
3.100833858028283066e+04
2.747689705413453339e+04
3.244609705336360639e+04
3.408275569002791599e+04
3.069677955895190098e+04
2.380012752808976802e+04
2.999629251718094019e+04
3.832559095449548477e+04
2.892142505728167453e+04
2.838799204044166981e+04
1.505746938360320928e+04
2.313188797394735957e+04
2.647688774083161479e+04
5.084670631382578722e+04
1.841031387211028050e+04
1.703257915596058592e+04
3.041137117877861601e+04
1.425831029621405833e+04
1.680707482774509117e+04
3.506045724329783843e+04
3.047200712114688213e+04
1.774363082013965322e+04
1.484539743842925054e+04
3.948075011178787827e+04
3.281365890403868980e+04
4.485527303040219704e+04
3.348564514565895661e+04
1.329288418088330400e+04
2.972105858143607475e+04
2.584236929804714237e+04
2.230075884714430867e+04
5.759692865388642531e+03
2.183275356631897012e+04
3.346704588822730875e+04
1.351872229584092565e+04
3.605833647282753373e+04
1.572186150489760257e+04
1.653660198957800458e+04
2.030087269905631547e+04
2.000478446464211811e+04
1.175527321219668374e+04
2.593499888884803659e+04
1.724805973536269448e+04
1.870191625665079118e+04
1.396624900100758168e+04
2.375025052951883845e+04
2.369318926694273250e+04
2.025217227174261643e+04
2.438659423454632270e+04
2.173073672628754866e+04
2.793441650652268072e+04
5.376250263502607413e+04
1.982092095892894577e+04
1.667247976689111965e+04
2.845732147964303294e+04
1.680068777649231924e+04
1.983160064538622828e+04
3.844427004676665092e+04
2.925987750435909766e+04
2.620532993246768456e+04
1.712086373287910101e+04
4.888412920177896012e+04
3.527423852836152219e+04
3.731879854090840672e+04
3.533289615605984000e+04
6.560131425583229429e+03
2.930965557045747119e+04
2.748959194403517904e+04
2.733551921821839278e+04
1.157980963401826011e+04
1.799335767402911006e+04
3.244391140049410387e+04
1.464288021626253976e+04
3.326373915137141739e+04
1.679206969616220886e+04
1.308020611972602273e+04
2.495230087153490967e+04
2.290513919590388468e+04
9.142299794438862591e+03
2.848407650999050020e+04
2.319145286885217138e+04
2.759539458913432463e+04
4.578795574752476568e+03
2.848361570068715446e+04
2.881033300261161639e+04
2.116954760412576434e+04
3.011793903060673256e+04
3.204151149853960305e+04
6.405831194246614177e+04
8.585206402963698565e+03
2.565576245471542643e+04
2.906084637531565750e+04
2.367147227727904465e+04
2.015513740020089608e+04
4.547294530121340358e+04
5.026239762569294544e+04
2.716615916142928472e+04
1.650269425545820195e+04
3.606753243445500266e+04
2.841813495006021913e+04
5.599884467600581411e+04
3.889395599187047628e+04
2.762616368352372592e+04
2.933040789066209254e+04
1.813211367335361865e+04
1.915975762892681814e+04
1.815524154015897511e+04
2.957195135593546365e+04
3.818493969110510079e+04
1.807753238769040399e+04
5.447218669827807753e+04
2.270777698368611163e+04
1.458157394149295942e+04
2.831877945847539740e+04
2.241320984540359132e+04
1.307306000394604416e+04
3.627742616293492756e+04
1.935060582548889943e+04
2.651019208172810977e+04
2.838108337825248964e+04
2.622003966534489155e+04
2.173269136098476156e+04
1.989126929389083307e+04
3.160224679108023338e+04
3.527103571099977125e+04
2.766013620481382532e+04
3.282097720605757058e+04
2.997998793731889600e+04
2.596392394339928433e+04
5.295968575005001185e+03
3.359141768011449312e+04
4.512717933595101931e+04
3.968750318492940278e+04
2.973818483938265126e+04
1.866121025866043055e+04
2.612416568113472022e+04
5.525558353322665789e+04
2.426276779457715020e+04
3.233389898110654030e+04
2.156728544789044099e+04
1.617736962584690809e+04
1.657757925459060061e+04
2.474356434906232607e+04
3.370556258348030678e+04
3.079490774763304944e+04
3.028801909547460673e+04
5.488923732337295223e+04
3.244295263641937345e+04
2.902014172941801735e+04
3.929417235008062562e+04
3.161201068350737478e+04
2.321292637322156224e+04
4.462202900053944177e+04
3.701242242812197219e+04
3.472626228924430325e+04
3.175847137637418200e+04
4.524157582864618598e+04
1.640614478019240050e+04
3.327378591079799662e+04
3.765352427606215497e+04
5.011776180609684525e+04
5.644592480679688015e+04
4.167255255392147228e+04
6.363089531472691306e+04
2.813955999280859396e+04
4.346925736103596137e+04
5.906260679362647352e+04
5.399659058711621037e+04
6.330518457301690069e+04
4.490853195434088411e+04
3.754719234361653071e+04
6.706942920429096557e+04
1.870374418112263083e+04
5.068499748727468250e+04
2.780462678202010284e+04
4.497840289724831382e+04
4.210450517788438447e+04
5.589933768785769644e+04
4.978213062858099875e+04
3.691037106386596861e+04
6.977850919237830385e+04
5.298632744033831113e+04
7.223848352219349181e+04
6.838404015763624921e+04
7.065570815123102511e+04
6.155063279965036782e+04
5.230396230112676858e+04
6.356298419684822147e+04
6.901831857095618034e+04
4.498709307532911043e+04
5.755248561950644944e+04
6.889378574856213527e+04
4.283904667638396495e+04
5.312691007590117806e+04
5.425213917898957880e+04
2.463045765148018836e+04
2.643396724979949067e+04
1.718914545063429614e+04
1.383673237840367074e+04
3.545738004808231199e+04
4.173779817095508042e+04
1.448359277393475713e+04
1.509123547542975575e+04
2.857125403537571401e+04
1.846954135226172366e+04
4.519917990837609250e+04
2.683245839965851701e+04
2.514434441261711618e+04
2.018688116559214177e+04
1.416487326141032099e+04
1.454017176919553276e+04
1.255730651891393063e+04
2.660926284196794950e+04
2.825041198769866241e+04
1.513738093651851159e+04
3.961457471048609295e+04
1.824054378137550884e+04
1.363467365228024391e+04
2.455215012824914811e+04
1.935082448510941322e+04
1.235090036536210027e+04
2.970368709745125307e+04
1.610004997784570878e+04
1.773241629374650802e+04
2.502900337600726925e+04
2.038248625289204574e+04
1.284387125844827824e+04
1.814219774272829818e+04
2.968007502497347741e+04
2.645087985501414369e+04
1.346952915881775334e+04
2.326521130297880882e+04
3.661659669919032604e+04
2.834088872461184656e+04
2.487464115091153508e+04
9.883242217093469662e+03
5.049286596838347032e+04
4.282155598595325864e+04
5.523004435804214154e+04
3.880147233698418131e+04
1.739461683493698365e+04
3.470897171425569832e+04
3.481760450330810272e+04
3.591857677832982154e+04
1.258947495037132467e+04
2.655563272863239399e+04
4.313918940987491078e+04
1.168489752265811694e+04
4.742591868133866228e+04
1.582844137273450542e+04
1.155092682085427077e+04
1.894825410681339781e+04
1.381517736418668937e+04
1.528525960819110696e+04
3.765408935960922827e+04
2.095248374588609295e+04
2.344122858953119430e+04
1.899453990941276425e+04
1.839967790236923247e+04
3.631808018851575616e+04
1.488083076102576524e+04
3.955656281741854036e+04
2.912146782395061746e+04
2.443919678992116678e+04
4.338273299469680933e+04
3.677161075882945443e+04
3.993642975438166468e+04
2.267431512624556490e+04
5.109679395747061790e+04
3.955614610645593348e+04
6.185733728504746250e+04
3.150018166732680038e+04
2.811789340556180832e+04
3.192258943962700141e+04
3.615933129658400139e+04
3.437311652639840759e+04
2.805410685890175228e+04
3.789839388805876661e+04
4.392311206172413949e+04
2.538202702297381620e+04
5.456014630619440868e+04
2.843380382011204347e+04
2.434004104333891883e+04
4.085606775526626734e+04
2.199711492202304362e+04
2.862326556785388675e+04
5.639597039682702598e+04
4.242969619605991466e+04
3.616677439893136034e+04
3.211151986710887650e+04
2.936851044422590348e+04
3.389409415436032577e+04
2.197915371345156746e+04
4.025302402288249868e+04
1.945753482474885095e+04
4.088615003009920474e+04
2.987996462036692901e+04
2.478435802332713865e+04
1.025148352919622448e+04
4.267390934383397689e+04
3.551553568485411233e+04
4.673526760908807773e+04
3.842342875561980327e+04
1.706753181237100944e+04
2.791077922918283366e+04
2.886262183816819379e+04
3.076673661411720241e+04
8.028877032457836322e+03
2.678583058448797965e+04
3.413738510948659678e+04
9.566604467232689785e+03
4.243440693177365756e+04
1.270343395718507963e+04
1.128246603538954878e+04
1.420994802320390954e+04
2.236723956554746837e+04
1.476768196123225789e+04
3.394386926089663029e+04
1.575442088136641178e+04
2.642988505415334294e+04
1.833159810683848264e+04
2.892554187030903267e+04
2.764013314969417843e+04
2.415646382234894554e+04
3.411705051082409045e+04
3.045437425611975050e+04
3.828059817777891294e+04
1.624244054011994012e+04
1.901730834458961181e+04
1.823738969399257257e+04
1.831511145496849349e+04
4.470793210341670783e+04
1.723520219633217494e+04
2.479304305979760829e+04
1.731571201743641359e+04
9.981580164217615675e+03
7.502246782160917064e+03
1.390005462507938500e+04
2.441801494630407979e+04
2.698346604597365513e+04
2.084272947626899622e+04
3.637151848371078813e+04
2.507731180148883504e+04
2.169491247193089657e+04
2.899552168830201481e+04
1.808003619508583870e+04
1.113710003242220046e+04
2.397128686776306131e+04
1.913647229518390668e+04
2.040743481166716083e+04
2.316301377045930349e+04
3.092117154304702854e+04
9.757939631943379936e+03
2.478564605621994633e+04
3.494150463945556839e+04
4.979138238731877937e+04
3.978609042322958703e+04
3.644516561374542653e+04
3.931728982867081504e+04
2.892294878119993155e+04
5.962769101151081850e+04
3.065918221292195813e+04
3.922858422282274842e+04
2.787382044505221711e+04
3.654018437678186456e+04
3.423376145296797768e+04
3.366969910781989165e+04
4.359791812204927555e+04
3.759205207301444898e+04
3.898871296412566153e+04
5.099635595595515770e+04
4.191134966467357299e+04
3.755089348222656554e+04
4.735105484045258345e+04
4.138548652630254219e+04
3.352878659444479854e+04
5.376789339423381170e+04
4.533414542515417997e+04
3.296324013968343934e+04
3.933491717087497091e+04
4.777370645092528139e+04
3.454186889212286769e+04
3.883845591342460830e+04
5.013609775557386456e+04
4.281619859582300705e+04
3.303648653256281250e+04
6.822897379034152254e+04
5.355877571126054681e+04
3.491200457169158472e+04
3.952913218062756641e+04
2.572092783542045800e+04
3.830224017366308544e+04
5.741877901405841112e+04
5.621436289873540954e+04
3.185780144488540100e+04
3.120002280815720951e+04
4.406875550173637021e+04
3.269833044077187515e+04
3.300166973728581797e+04
3.122943933032108907e+04
3.186557543594314484e+04
3.469017034359383979e+04
3.475698806825571955e+04
3.338732736954962456e+04
4.212885475236465572e+04
4.373985332068290882e+04
3.757632806961375900e+04
2.725908087201066155e+04
3.329310171153584815e+04
5.225286377750055544e+04
3.242241324431646353e+04
4.458094713204579602e+04
2.734282388163927681e+04
3.729856855727265065e+04
2.754881554673832943e+04
3.746629847018967121e+04
2.569413839980417833e+04
3.278648997803624661e+04
1.688120039904036821e+04
2.699737782624566171e+04
2.074367076652608375e+04
1.780035953971713752e+04
2.188551342437329731e+04
2.303498611814394098e+04
2.663398105260749071e+04
2.820950303725398408e+04
3.632068726098269690e+04
2.574102251919999981e+04
2.792347638858026767e+04
1.592795115864961372e+04
1.571610320043795582e+04
1.642852964455425899e+04
1.452133230755983277e+04
7.636362368798470015e+03
2.991208966761342890e+04
1.950406690041530965e+04
2.201807934506687525e+04
1.901279945763051364e+04
4.251463226633440354e+04
4.572433358313942153e+04
3.797762491496653820e+04
6.102334506496286485e+04
3.701181066236043262e+04
1.647798084605763142e+04
2.869686678687079257e+04
2.992650054380864822e+04
3.041321255249726164e+04
8.357796748571819990e+03
3.164207448008412757e+04
3.740422603027622972e+04
3.424168880685633667e+03
5.398306992557083140e+04
7.869026378716515865e+03
5.484314359897492068e+03
1.794452026519154970e+04
1.666189815356050531e+04
1.442793329019516568e+04
4.276204207217670046e+04
1.977102220805481193e+04
2.760165079426637021e+04
2.123162343589790180e+04
2.004289400897455926e+04
2.965700979445384655e+04
1.745870659231737227e+04
3.497449778186333424e+04
1.684263150403850159e+04
6.610144464781488932e+04
3.390823948320746422e+04
5.372956095609285694e+04
2.647062597469953107e+04
1.201431774564561056e+04
1.421110836871963329e+04
4.011991387925753952e+04
4.776613829247884860e+04
3.398003495726436813e+04
4.743780582327701995e+04
5.898634617481708119e+04
5.056430370133236283e+04
4.983784729480271199e+04
5.074505521977801254e+04
4.514591011893632822e+04
2.724343975170369595e+04
4.693996535788231995e+04
3.171187771939900995e+04
3.573731074255258136e+04
5.401210652347141877e+04
5.325134195334518154e+04
1.078718561994517768e+04
5.022818404464649211e+04
4.636163439557993115e+04
5.397408251826790365e+04
2.497399244308715060e+04
3.966106045530955453e+04
2.024756517788281053e+04
1.519073592445533359e+04
1.536601610244263065e+04
3.093119284378000157e+04
3.996486088681516412e+04
2.783019196579598429e+04
3.883390034251035104e+04
4.638534280637699703e+04
4.192849261861587001e+04
4.047893602112589724e+04
4.411914848719139263e+04
3.800996538637069170e+04
2.207498915948877766e+04
3.968018642545009061e+04
3.128971510471706279e+04
2.711686682762737473e+04
4.168937076119930134e+04
3.878337758106104593e+04
1.412969425507819687e+04
3.314579603534506168e+04
3.894258724267911748e+04
4.743673164580546290e+04
4.326779072376467229e+04
3.778279405465148739e+04
5.421630400544483564e+04
4.774263544047733012e+04
4.918290206649732136e+04
2.521947868196450872e+04
3.499344235165046848e+04
5.744692635027763026e+04
6.380895810385979530e+03
6.124687910285023099e+04
5.045994228519305761e+04
5.360767370363506052e+04
4.598320714320193656e+04
3.523930417978039623e+04
2.986036411849211436e+04
4.324312103040640795e+04
4.066134142650096328e+04
3.612619911326367583e+04
5.521031310614960967e+04
4.825549390845364542e+04
4.971482415186087019e+04
5.797232335720343690e+04
3.737767015582680324e+04
1.448929206020019774e+04
2.801149958836090082e+04
2.431635954368458624e+04
3.204152140634641910e+04
3.641525898406708438e+04
2.236148601492849411e+04
3.921074803591163800e+04
4.169251042822780437e+04
4.339751801049115602e+04
3.804013316774162377e+04
4.573758115202729823e+04
3.556985809539812180e+04
3.181038295930338063e+04
3.837339421481926547e+04
4.197084377200457675e+04
2.632134996881886764e+04
3.874165541395328182e+04
3.647643639344703115e+04
2.558426218761755445e+04
3.114376481903270906e+04
4.576852996917329438e+04
3.254313040387612273e+04
3.561481532027640787e+04
3.492315127012383891e+04
1.148899656420857900e+04
2.339461665573779464e+04
3.536526219735929772e+04
1.260485907080422112e+04
3.810897764586280391e+04
1.590652155600616970e+04
1.501768791241082727e+04
2.269815009055917471e+04
2.595819734087260804e+04
1.489299430063147884e+04
3.612376493104580004e+04
2.757003318041449529e+04
3.010064756714928808e+04
7.739778773226170415e+03
2.924198312079648167e+04
3.614926235833544342e+04
2.140504986471148368e+04
2.879812843156400413e+04
2.322578537718484586e+04
2.313723836863688848e+04
2.467543345710134236e+04
3.218936160679426393e+04
1.511026602095349153e+04
2.963548711134260520e+04
3.360119102256188489e+04
3.146304101540856573e+04
2.899589852578633872e+04
3.255382550861178606e+04
2.339630886680690674e+04
2.482999902989554539e+04
2.784164273672286799e+04
2.890586965095116466e+04
2.107932689543548622e+04
3.500921020528986264e+04
3.230148635835241294e+04
2.120503613497655897e+04
2.598322060217092076e+04
3.255936443523332491e+04
4.753568586106949624e+03
2.405410565665091053e+04
3.449173300948119140e+04
3.295286279545404250e+04
3.165045696625237542e+04
5.431320342798322235e+04
3.662140691602351581e+04
2.899758474013959130e+04
3.996411807351044263e+04
3.087946651318055956e+04
1.455315478030359009e+04
3.794451276168203913e+04
2.324379087971763875e+04
2.900167667122928469e+04
3.393267684031509270e+04
4.025985169717852841e+04
3.334391828432354032e+03
3.288325829541363782e+04
4.011219441026574350e+04
2.197510266668590702e+04
3.163982733122416539e+04
3.172722204623038851e+04
3.156801572521028356e+04
4.422723636161165632e+04
3.812140137190704991e+04
2.768411246438069429e+04
4.089790137313270679e+04
2.762469062615284201e+04
1.278729004264765535e+04
3.058157878497357160e+04
2.191306530332428520e+04
2.492755249397144871e+04
3.020566612029617681e+04
4.033486723278566205e+04
7.124403186366455884e+03
3.062050411917510064e+04
3.964832331773647456e+04
2.362329549714561290e+04
3.034614282261328481e+04
6.546680016441238877e+03
4.032954390052457893e+04
1.054644980853530797e+04
8.422340141956237858e+03
1.830361806151112978e+04
1.843231093736346520e+04
8.539761687248435919e+03
2.790826414945817305e+04
1.504590169950842755e+04
2.132780241111359646e+04
1.220677039400031026e+04
2.336023969672408930e+04
2.184151088047043595e+04
1.820038786894833902e+04
2.801174509451998165e+04
3.841972637686067901e+04
2.998533712521591224e+04
2.514520901697564113e+04
3.403967151276163349e+04
2.685899604801509122e+04
3.229110635952835946e+04
2.422572425759795442e+04
1.462329048653324026e+04
2.167476874935392698e+04
2.339343174195805113e+04
2.566348780421839911e+04
1.879977957634767154e+04
3.241009542879817309e+04
3.218587722752425907e+04
3.075585883036938321e+04
3.807410425574651163e+04
3.567052416737539170e+04
3.208342868635590276e+04
3.715430294596588647e+04
3.670703386914105067e+04
4.053753157602329156e+04
3.447288654472037160e+04
3.077472348508487630e+04
3.313766641732292192e+04
3.540910454995957843e+04
2.668391912159279309e+04
3.525921074108160974e+04
4.210994359952367813e+04
2.929309451478483243e+04
3.561835304049274419e+04
3.655042730699478852e+04
5.216971638927065214e+04
5.831606376819967409e+03
5.723800929703204929e+03
1.727524876153447622e+04
1.842903057209934195e+04
1.479813152795708447e+04
3.903904543977085268e+04
2.013030863405613491e+04
2.781147945979189535e+04
1.775167523514291679e+04
2.051176939608285466e+04
3.004102965886071615e+04
1.865058189268818387e+04
3.441693213240541809e+04
5.685544658239054843e+04
4.861469430263877439e+04
5.046059132064946607e+04
3.942156675910386548e+04
2.753504929504830943e+04
2.276906383570526668e+04
3.509723949749230087e+04
3.492163421172645758e+04
3.039189101603048039e+04
5.103451560200997483e+04
4.498152348309243825e+04
4.570639304308368446e+04
5.408629494307941059e+04
7.929042083539985470e+03
1.268738144193713742e+04
2.305451863556110766e+04
1.958812779973424040e+04
4.623035575110096397e+04
2.637317284809050761e+04
3.368782498530760495e+04
2.108670298823551639e+04
2.559607509643584126e+04
3.611179570342732768e+04
2.355672078036041057e+04
3.187983689459517700e+04
1.889847998239595472e+04
1.615845732912914173e+04
1.445510078029821125e+04
3.672069491234832822e+04
2.281121848086095997e+04
2.636411382648822109e+04
1.665253416291321264e+04
2.428734588169601557e+04
2.824188806095689870e+04
1.804240189272830321e+04
3.300493551478351583e+04
2.237690429419957218e+04
2.323781679205591354e+04
3.616251484173558856e+04
1.741339979676060102e+04
2.706455477791420708e+04
2.829399386526769376e+04
2.601017087557672494e+04
4.023770437517375831e+04
2.480895997496749624e+04
3.477353833729364123e+04
1.791270208461496804e+04
2.636073555443313671e+04
2.276973976399838284e+04
1.915640652737888013e+04
2.580695260539567971e+04
1.407143643560248165e+04
2.939972325967769575e+04
6.883256804575010392e+03
3.112687889278098737e+04
2.229044422116217902e+04
9.988346186047772790e+03
2.077327383198198004e+04
1.136188812822994259e+04
2.609790870416829057e+04
1.494310779660671687e+04
1.984856150720091682e+04
3.169763602748963240e+04
2.281604457197807642e+04
2.278486731136560047e+04
2.929037913058959020e+04
4.246363554466719506e+04
3.379506684188952204e+04
3.383948427886179707e+04
4.353656841512671963e+04
2.026743911522834242e+04
2.577526538682437240e+04
3.106930298438272439e+04
2.124521155728306621e+04
2.684873002172318957e+04
3.959898801269406249e+04
2.988501418617252057e+04
1.999976808825706394e+04
2.528329392917802033e+04
1.792250571369779209e+04
3.295142777591371123e+04
3.507001558986766759e+04
3.336802296405300149e+04
2.636399966038638377e+04
3.359736418120793678e+04
3.967510666425566887e+04
1.163519879562790447e+04
4.092924124856646085e+04
3.183597968795312408e+04
3.857893027854098909e+04
3.104030463928284371e+04
