8.000000000000000000e+00 1.900000000000000000e+01 4.830830559865985379e+02 2.000000000000000000e+00
1.400000000000000000e+01 7.600000000000000000e+01 9.465584095089870971e+02 3.000000000000000000e+00
6.000000000000000000e+00 7.700000000000000000e+01 1.354134225969243971e+03 4.000000000000000000e+00
1.300000000000000000e+01 1.600000000000000000e+01 2.107271772169935502e+03 2.000000000000000000e+00
1.800000000000000000e+01 2.600000000000000000e+01 2.337625474740521895e+03 2.000000000000000000e+00
2.400000000000000000e+01 7.800000000000000000e+01 2.439067291425028998e+03 5.000000000000000000e+00
1.500000000000000000e+01 6.100000000000000000e+01 2.513641622070728317e+03 2.000000000000000000e+00
5.600000000000000000e+01 8.100000000000000000e+01 2.845447880512643678e+03 6.000000000000000000e+00
1.000000000000000000e+00 7.900000000000000000e+01 3.420664634966922222e+03 3.000000000000000000e+00
1.200000000000000000e+01 8.000000000000000000e+01 3.520575193443308308e+03 3.000000000000000000e+00
1.700000000000000000e+01 5.700000000000000000e+01 3.661906627773208129e+03 2.000000000000000000e+00
9.000000000000000000e+00 2.100000000000000000e+01 3.680133221998050885e+03 2.000000000000000000e+00
2.200000000000000000e+01 4.500000000000000000e+01 3.711757239533352276e+03 2.000000000000000000e+00
7.300000000000000000e+01 8.300000000000000000e+01 3.761690053963183800e+03 7.000000000000000000e+00
3.000000000000000000e+00 8.200000000000000000e+01 4.057225945671425961e+03 3.000000000000000000e+00
4.900000000000000000e+01 9.000000000000000000e+01 4.483478227498510932e+03 4.000000000000000000e+00
3.700000000000000000e+01 7.100000000000000000e+01 4.578795574752476568e+03 2.000000000000000000e+00
3.900000000000000000e+01 8.800000000000000000e+01 5.045526099486497515e+03 3.000000000000000000e+00
7.000000000000000000e+00 4.800000000000000000e+01 5.507878999383694463e+03 2.000000000000000000e+00
3.600000000000000000e+01 5.800000000000000000e+01 5.759692865388642531e+03 2.000000000000000000e+00
8.600000000000000000e+01 8.900000000000000000e+01 5.844515058669160680e+03 9.000000000000000000e+00
2.800000000000000000e+01 6.900000000000000000e+01 6.370246825176252969e+03 2.000000000000000000e+00
5.200000000000000000e+01 6.200000000000000000e+01 6.380895810385979530e+03 2.000000000000000000e+00
6.400000000000000000e+01 9.100000000000000000e+01 6.546538635338361928e+03 5.000000000000000000e+00
3.800000000000000000e+01 8.400000000000000000e+01 6.584988701902505454e+03 4.000000000000000000e+00
2.700000000000000000e+01 8.700000000000000000e+01 6.723975872772579351e+03 3.000000000000000000e+00
6.600000000000000000e+01 7.400000000000000000e+01 6.883256804575010392e+03 2.000000000000000000e+00
2.000000000000000000e+00 6.700000000000000000e+01 7.559443307645755340e+03 2.000000000000000000e+00
4.100000000000000000e+01 1.000000000000000000e+02 7.763052107942303337e+03 5.000000000000000000e+00
5.400000000000000000e+01 9.200000000000000000e+01 7.850979358089478410e+03 3.000000000000000000e+00
3.400000000000000000e+01 8.500000000000000000e+01 7.931057470026507872e+03 4.000000000000000000e+00
6.300000000000000000e+01 9.900000000000000000e+01 8.359198873656223441e+03 6.000000000000000000e+00
2.300000000000000000e+01 9.400000000000000000e+01 9.820282287140231347e+03 3.000000000000000000e+00
4.000000000000000000e+00 1.060000000000000000e+02 1.095037446976967476e+04 5.000000000000000000e+00
1.100000000000000000e+01 5.000000000000000000e+01 1.257857001839180339e+04 2.000000000000000000e+00
1.010000000000000000e+02 1.050000000000000000e+02 1.279316794841975570e+04 6.000000000000000000e+00
4.400000000000000000e+01 9.500000000000000000e+01 1.294025367998758520e+04 3.000000000000000000e+00
3.200000000000000000e+01 9.800000000000000000e+01 1.312994630370678351e+04 3.000000000000000000e+00
7.000000000000000000e+01 1.080000000000000000e+02 1.374737616197734314e+04 4.000000000000000000e+00
7.200000000000000000e+01 1.020000000000000000e+02 1.436879865672186315e+04 3.000000000000000000e+00
5.300000000000000000e+01 5.500000000000000000e+01 1.448929206020019774e+04 2.000000000000000000e+00
1.030000000000000000e+02 1.040000000000000000e+02 1.468160598312871298e+04 7.000000000000000000e+00
4.200000000000000000e+01 1.070000000000000000e+02 1.515525971281022430e+04 7.000000000000000000e+00
3.100000000000000000e+01 9.700000000000000000e+01 1.584364291402633171e+04 3.000000000000000000e+00
5.000000000000000000e+00 3.300000000000000000e+01 1.690007418677673923e+04 2.000000000000000000e+00
2.500000000000000000e+01 6.800000000000000000e+01 1.735405834271417916e+04 2.000000000000000000e+00
1.000000000000000000e+01 2.000000000000000000e+01 1.774180504498369919e+04 2.000000000000000000e+00
3.000000000000000000e+01 1.130000000000000000e+02 1.779767773133406808e+04 4.000000000000000000e+00
5.100000000000000000e+01 9.600000000000000000e+01 1.874741811797311675e+04 1.000000000000000000e+01
3.500000000000000000e+01 1.200000000000000000e+02 1.918101797237389110e+04 3.000000000000000000e+00
4.300000000000000000e+01 1.090000000000000000e+02 1.928276746777792141e+04 6.000000000000000000e+00
1.100000000000000000e+02 1.240000000000000000e+02 1.954624815927362579e+04 1.200000000000000000e+01
0.000000000000000000e+00 1.140000000000000000e+02 2.029325721166040603e+04 5.000000000000000000e+00
6.000000000000000000e+01 1.160000000000000000e+02 2.038604757862484985e+04 3.000000000000000000e+00
6.500000000000000000e+01 1.120000000000000000e+02 2.060046571929992206e+04 4.000000000000000000e+00
1.180000000000000000e+02 1.300000000000000000e+02 2.337432759750606419e+04 1.100000000000000000e+01
5.900000000000000000e+01 1.210000000000000000e+02 2.521273287106135831e+04 3.000000000000000000e+00
2.900000000000000000e+01 1.290000000000000000e+02 2.560971116257302856e+04 4.000000000000000000e+00
9.300000000000000000e+01 1.270000000000000000e+02 2.616782072014222649e+04 1.500000000000000000e+01
1.280000000000000000e+02 1.320000000000000000e+02 2.963831310381841104e+04 8.000000000000000000e+00
1.110000000000000000e+02 1.310000000000000000e+02 3.128389937105420177e+04 1.700000000000000000e+01
7.500000000000000000e+01 1.250000000000000000e+02 3.392275887057506043e+04 4.000000000000000000e+00
4.000000000000000000e+01 1.330000000000000000e+02 3.669904585811759171e+04 5.000000000000000000e+00
1.190000000000000000e+02 1.220000000000000000e+02 3.714271819250164845e+04 5.000000000000000000e+00
1.150000000000000000e+02 1.260000000000000000e+02 3.859098473348761763e+04 9.000000000000000000e+00
4.700000000000000000e+01 1.360000000000000000e+02 4.037272314347364591e+04 1.800000000000000000e+01
4.600000000000000000e+01 1.380000000000000000e+02 4.125083342240768252e+04 6.000000000000000000e+00
1.170000000000000000e+02 1.340000000000000000e+02 4.571279163224656077e+04 2.200000000000000000e+01
1.230000000000000000e+02 1.350000000000000000e+02 5.314637067838043004e+04 1.200000000000000000e+01
1.370000000000000000e+02 1.400000000000000000e+02 5.393569416169865144e+04 1.300000000000000000e+01
1.410000000000000000e+02 1.450000000000000000e+02 5.615232050460011669e+04 3.100000000000000000e+01
1.390000000000000000e+02 1.430000000000000000e+02 6.786399083580909064e+04 2.700000000000000000e+01
1.420000000000000000e+02 1.440000000000000000e+02 8.499648865868488792e+04 1.800000000000000000e+01
1.470000000000000000e+02 1.480000000000000000e+02 1.065743096755182487e+05 4.500000000000000000e+01
1.460000000000000000e+02 1.490000000000000000e+02 1.262566441792746919e+05 7.600000000000000000e+01
