8.549042968750000000e+02
1.509074218750000000e+04
3.848350830078125000e+03
5.632739257812500000e+02
1.594710693359375000e+03
1.393882202148437500e+03
1.865179101562500000e+04
1.559475097656250000e+04
1.512373046875000000e+04
2.108170898437500000e+04
1.451886132812500000e+04
1.602394531250000000e+04
2.564327636718750000e+03
3.552075927734375000e+03
3.722929931640625000e+03
1.798270019531250000e+03
9.004624023437500000e+02
1.295183984375000000e+04
1.260586523437500000e+04
1.641382031250000000e+04
1.912364990234375000e+03
1.034723632812500000e+03
1.162444824218750000e+04
1.013703613281250000e+03
2.787054492187500000e+04
1.119580078125000000e+03
1.378519140625000000e+04
1.883086914062500000e+03
1.781237890625000000e+04
1.413985961914062500e+03
1.765014892578125000e+03
2.556272949218750000e+03
1.346822460937500000e+04
2.287295312500000000e+04
1.339850830078125000e+03
1.247143554687500000e+03
1.072708007812500000e+04
9.200889648437500000e+03
1.144523828125000000e+04
3.923269531250000000e+04
1.522072753906250000e+04
1.476537890625000000e+04
1.813801171875000000e+04
4.591883593750000000e+04
2.097181640625000000e+03
2.297871093750000000e+04
2.319952734375000000e+04
2.828040429687500000e+04
2.102714355468750000e+03
1.430836914062500000e+03
7.050817871093750000e+03
2.168281054687500000e+04
1.753071093750000000e+04
1.493965917968750000e+04
9.809888671875000000e+03
1.915724487304687500e+03
1.178935937500000000e+04
8.508135937500000000e+04
8.033200683593750000e+02
1.518120117187500000e+04
8.097961425781250000e+02
1.180541406250000000e+04
1.237701464843750000e+04
1.603811523437500000e+04
1.192943750000000000e+04
1.390776953125000000e+04
1.700737109375000000e+04
1.542275390625000000e+04
1.706550537109375000e+03
1.307410058593750000e+04
1.791411376953125000e+03
1.425293945312500000e+04
2.808846191406250000e+03
2.762241699218750000e+03
2.128005371093750000e+03
1.224948828125000000e+04
2.777060302734375000e+03
4.551972656250000000e+02
8.897624511718750000e+02
7.434322509765625000e+02
1.306220410156250000e+04
1.353684179687500000e+04
1.150717285156250000e+04
1.806063281250000000e+04
1.339045605468750000e+04
8.734780273437500000e+03
2.279444335937500000e+03
2.125360595703125000e+03
2.852992919921875000e+03
1.366372192382812500e+03
6.380633544921875000e+02
9.645658203125000000e+03
8.855406250000000000e+03
1.297892382812500000e+04
1.477215820312500000e+03
8.947298583984375000e+02
9.463233398437500000e+03
1.131176025390625000e+03
2.363501562500000000e+04
9.862971191406250000e+02
8.881660156250000000e+03
1.374802001953125000e+03
1.378478613281250000e+04
4.714836425781250000e+02
1.115429565429687500e+03
1.664383544921875000e+03
1.032680664062500000e+04
1.774771875000000000e+04
1.114771240234375000e+03
6.456103515625000000e+02
7.920675781250000000e+03
7.048675781250000000e+03
8.356574218750000000e+03
3.567307812500000000e+04
1.283683105468750000e+04
1.174547070312500000e+04
1.490520312500000000e+04
4.309440625000000000e+04
1.236433837890625000e+03
2.241991796875000000e+04
2.212810937500000000e+04
2.266429296875000000e+04
1.181097900390625000e+03
8.827554931640625000e+02
5.838399902343750000e+03
1.506991503906250000e+04
1.555473828125000000e+04
1.233398925781250000e+04
6.284627929687500000e+03
1.057536743164062500e+03
9.794504882812500000e+03
8.212753125000000000e+04
1.012172241210937500e+03
1.245765625000000000e+04
5.246392822265625000e+02
9.580644531250000000e+03
9.294701171875000000e+03
1.348968261718750000e+04
9.189455078125000000e+03
1.179810644531250000e+04
1.453222460937500000e+04
1.212925683593750000e+04
1.693312011718750000e+03
1.067081445312500000e+04
1.107739379882812500e+03
9.089540039062500000e+03
2.847803710937500000e+03
2.244542724609375000e+03
1.816932495117187500e+03
1.294314843750000000e+04
1.340645507812500000e+04
1.451292578125000000e+04
1.270214160156250000e+04
7.157227539062500000e+03
3.463796630859375000e+03
2.326346679687500000e+04
5.427297851562500000e+03
8.961546875000000000e+03
6.361702148437500000e+03
1.622975781250000000e+04
1.418544238281250000e+04
6.391337890625000000e+03
1.698742578125000000e+04
1.422823437500000000e+04
1.467440429687500000e+03
2.412071679687500000e+04
2.462585937500000000e+04
1.512928125000000000e+04
1.340326757812500000e+04
2.600648437500000000e+03
1.593503417968750000e+04
3.402296875000000000e+04
1.469966796875000000e+04
2.098376953125000000e+04
1.456660351562500000e+04
7.166204589843750000e+03
1.271177343750000000e+04
1.517036816406250000e+04
1.534167578125000000e+04
1.163368652343750000e+03
2.884069140625000000e+04
1.515574121093750000e+04
1.313237109375000000e+04
1.875698120117187500e+03
1.025662500000000000e+04
2.151568359375000000e+03
4.102806640625000000e+04
3.787585937500000000e+03
1.076625976562500000e+03
4.319343750000000000e+03
6.008168750000000000e+04
1.462210156250000000e+04
2.209628320312500000e+04
5.524438964843750000e+03
1.455353222656250000e+04
1.366905468750000000e+04
1.203094726562500000e+04
1.617659375000000000e+04
8.408888671875000000e+03
1.160953222656250000e+04
2.921525390625000000e+03
1.747394897460937500e+03
1.357571582031250000e+04
4.683453125000000000e+03
6.395725781250000000e+04
1.445302246093750000e+04
3.601507324218750000e+03
1.318719921875000000e+04
2.657219238281250000e+03
1.544301757812500000e+03
1.906799804687500000e+03
1.797757812500000000e+03
2.140849853515625000e+03
4.451492675781250000e+03
1.693276855468750000e+03
1.583135351562500000e+04
2.740874023437500000e+03
1.361394335937500000e+04
2.085262500000000000e+04
1.727149023437500000e+04
1.079969335937500000e+04
1.619710644531250000e+04
3.164881835937500000e+03
3.811772460937500000e+03
2.675062500000000000e+03
1.531510253906250000e+04
1.220360839843750000e+04
2.023566406250000000e+04
1.595055078125000000e+04
1.125994140625000000e+04
1.241018261718750000e+04
4.161990722656250000e+03
3.423387695312500000e+03
5.172117675781250000e+03
3.182029785156250000e+03
3.545470703125000000e+03
1.217379687500000000e+04
1.221399414062500000e+04
2.122662500000000000e+04
3.830409179687500000e+03
3.076250244140625000e+03
9.670023437500000000e+03
4.666937988281250000e+03
3.064621484375000000e+04
3.852461914062500000e+03
1.738384179687500000e+04
4.371898925781250000e+03
1.491552343750000000e+04
3.275818359375000000e+03
3.859295654296875000e+03
3.258714843750000000e+03
1.242137500000000000e+04
2.515776562500000000e+04
3.780069824218750000e+03
3.529064697265625000e+03
9.962842773437500000e+03
8.086883789062500000e+03
1.044028222656250000e+04
2.878780468750000000e+04
1.354400585937500000e+04
1.368524609375000000e+04
1.456305175781250000e+04
3.330746875000000000e+04
2.929996582031250000e+03
1.879121484375000000e+04
1.740443359375000000e+04
2.588381250000000000e+04
3.631923095703125000e+03
2.770154296875000000e+03
8.428441406250000000e+03
1.933933007812500000e+04
1.362977343750000000e+04
1.340422656250000000e+04
9.349005859375000000e+03
3.313517089843750000e+03
9.519863281250000000e+03
7.270700000000000000e+04
4.448030761718750000e+03
1.477648144531250000e+04
3.432135742187500000e+03
1.019672460937500000e+04
1.195430664062500000e+04
1.454821093750000000e+04
1.121654882812500000e+04
1.256305273437500000e+04
1.583389355468750000e+04
1.302661718750000000e+04
5.670996093750000000e+03
1.054084570312500000e+04
3.698804199218750000e+03
1.733477148437500000e+04
4.932316406250000000e+03
4.195285156250000000e+03
4.517766113281250000e+03
1.140517211914062500e+03
8.733140869140625000e+02
1.460612695312500000e+04
1.473687109375000000e+04
1.262061718750000000e+04
1.930682031250000000e+04
1.431591113281250000e+04
1.150796289062500000e+04
1.830621948242187500e+03
2.345672851562500000e+03
3.159502197265625000e+03
1.148131103515625000e+03
5.330546875000000000e+02
1.155073339843750000e+04
9.861368164062500000e+03
1.441529492187500000e+04
1.464484008789062500e+03
7.178947753906250000e+02
1.037212402343750000e+04
6.302275390625000000e+02
2.515952148437500000e+04
7.277514648437500000e+02
1.103912792968750000e+04
1.309587158203125000e+03
1.544956640625000000e+04
8.587016601562500000e+02
1.096483642578125000e+03
1.553713134765625000e+03
1.174550195312500000e+04
2.018539648437500000e+04
9.720734863281250000e+02
9.796169433593750000e+02
9.359525390625000000e+03
7.807249023437500000e+03
9.954121093750000000e+03
3.699368750000000000e+04
1.359498828125000000e+04
1.352572753906250000e+04
1.663988085937500000e+04
4.231021875000000000e+04
1.404470336914062500e+03
2.051909375000000000e+04
2.311991015625000000e+04
2.548339062500000000e+04
1.469700561523437500e+03
1.016974121093750000e+03
5.727250976562500000e+03
1.703529101562500000e+04
1.548051367187500000e+04
1.351744531250000000e+04
8.511421875000000000e+03
1.463799926757812500e+03
1.044265234375000000e+04
8.213807812500000000e+04
3.975471191406250000e+02
1.379185937500000000e+04
3.913920898437500000e+02
1.085038281250000000e+04
1.112884960937500000e+04
1.466573144531250000e+04
1.076729687500000000e+04
1.305761425781250000e+04
1.532709667968750000e+04
1.377484863281250000e+04
1.133278076171875000e+03
1.199253027343750000e+04
9.449443359375000000e+02
1.118932812500000000e+04
2.358321289062500000e+03
1.852433837890625000e+03
1.522681396484375000e+03
1.282644409179687500e+03
1.366150585937500000e+04
1.470110742187500000e+04
1.509688085937500000e+04
2.000141015625000000e+04
1.484562402343750000e+04
1.054829296875000000e+04
2.539137695312500000e+03
2.727715087890625000e+03
4.101520996093750000e+03
1.828194580078125000e+03
1.318449218750000000e+03
1.227199121093750000e+04
8.738932617187500000e+03
1.688989257812500000e+04
1.108321899414062500e+03
1.958127441406250000e+03
1.017795312500000000e+04
1.795871093750000000e+03
2.774329882812500000e+04
1.051114257812500000e+03
1.201780371093750000e+04
9.338690185546875000e+02
1.612867773437500000e+04
5.788557128906250000e+02
1.168231689453125000e+03
2.483684082031250000e+03
1.235126562500000000e+04
2.224640039062500000e+04
1.575189208984375000e+03
7.693459472656250000e+02
1.084543359375000000e+04
8.963220703125000000e+03
1.103871093750000000e+04
3.473496875000000000e+04
1.430803320312500000e+04
1.356647363281250000e+04
1.726691796875000000e+04
4.401451562500000000e+04
1.390144897460937500e+03
2.347781250000000000e+04
2.398068750000000000e+04
2.778759765625000000e+04
5.121889648437500000e+02
1.779579101562500000e+03
6.706480957031250000e+03
1.502679980468750000e+04
1.541296484375000000e+04
1.457322460937500000e+04
9.230943359375000000e+03
5.203364257812500000e+02
1.237731152343750000e+04
8.593412500000000000e+04
1.770256469726562500e+03
1.398448828125000000e+04
8.657641601562500000e+02
1.107187695312500000e+04
1.149954687500000000e+04
1.579128906250000000e+04
1.141334179687500000e+04
1.333254882812500000e+04
1.641674804687500000e+04
1.375818554687500000e+04
2.398224609375000000e+03
1.202285546875000000e+04
8.814489746093750000e+02
1.194391796875000000e+04
2.321452636718750000e+03
2.527594970703125000e+03
1.075213378906250000e+03
1.431388671875000000e+04
1.439133105468750000e+04
1.190425878906250000e+04
1.823881250000000000e+04
1.385068066406250000e+04
1.047155761718750000e+04
1.583168701171875000e+03
1.862342407226562500e+03
3.628735839843750000e+03
1.539868774414062500e+03
1.132585449218750000e+03
1.036830468750000000e+04
9.145125000000000000e+03
1.354870898437500000e+04
1.527767211914062500e+03
6.122031250000000000e+02
1.007385058593750000e+04
1.714672119140625000e+03
2.240023828125000000e+04
1.226967041015625000e+03
8.868793945312500000e+03
1.574746459960937500e+03
1.459394335937500000e+04
1.163268432617187500e+03
1.458327148437500000e+03
1.510506713867187500e+03
1.119596875000000000e+04
1.761616601562500000e+04
1.460033935546875000e+03
1.188606201171875000e+03
8.597055664062500000e+03
7.186884765625000000e+03
8.746919921875000000e+03
3.421039453125000000e+04
1.317079101562500000e+04
1.244997558593750000e+04
1.446439648437500000e+04
4.344980468750000000e+04
1.023488647460937500e+03
2.235278125000000000e+04
2.303632617187500000e+04
2.210233593750000000e+04
1.297016723632812500e+03
6.165751953125000000e+02
4.949430664062500000e+03
1.723065234375000000e+04
1.500243554687500000e+04
1.234586718750000000e+04
7.185934082031250000e+03
1.175340332031250000e+03
9.877566406250000000e+03
8.052167968750000000e+04
1.450489379882812500e+03
1.271626171875000000e+04
6.772536621093750000e+02
1.048062890625000000e+04
1.026793554687500000e+04
1.432624511718750000e+04
1.018519531250000000e+04
1.290240234375000000e+04
1.543299707031250000e+04
1.273767871093750000e+04
1.923019653320312500e+03
1.175080859375000000e+04
1.141795654296875000e+03
9.518934570312500000e+03
3.105014648437500000e+03
2.035102539062500000e+03
1.869572387695312500e+03
8.938252929687500000e+03
2.628170117187500000e+04
1.119665429687500000e+04
1.686589257812500000e+04
1.572771484375000000e+03
1.700817773437500000e+04
1.496073828125000000e+04
1.189418261718750000e+04
1.674621875000000000e+04
1.501650781250000000e+04
7.518567871093750000e+03
1.958008398437500000e+04
2.905931250000000000e+04
1.444297265625000000e+04
1.545947656250000000e+04
5.863193359375000000e+03
1.683826171875000000e+04
5.496421875000000000e+04
1.511526562500000000e+04
2.368638867187500000e+04
1.429508398437500000e+04
8.748579101562500000e+03
1.274738183593750000e+04
1.520897070312500000e+04
1.573973144531250000e+04
5.344274902343750000e+03
3.741132421875000000e+04
1.482582812500000000e+04
1.437665625000000000e+04
8.282943359375000000e+03
9.164474609375000000e+03
8.183178222656250000e+03
3.995110546875000000e+04
5.544625488281250000e+03
6.306517578125000000e+03
1.028833007812500000e+04
5.756589062500000000e+04
1.464079882812500000e+04
2.699418359375000000e+04
1.740843359375000000e+04
2.506572265625000000e+04
1.349628125000000000e+04
1.405531835937500000e+04
1.730605664062500000e+04
3.421270263671875000e+03
1.674662500000000000e+04
6.816220703125000000e+03
6.437712890625000000e+03
1.312137304687500000e+04
8.052178710937500000e+03
4.966288281250000000e+04
1.724431640625000000e+04
5.584637695312500000e+03
1.459486914062500000e+04
6.432801757812500000e+03
7.223250976562500000e+03
8.983371093750000000e+03
6.912527832031250000e+03
8.053279785156250000e+03
6.859355468750000000e+03
6.448785644531250000e+03
1.723700000000000000e+04
6.344984375000000000e+03
1.354245312500000000e+04
2.305093164062500000e+04
1.967640625000000000e+04
1.573397851562500000e+04
1.544104882812500000e+04
2.757181250000000000e+04
4.517461914062500000e+03
9.433687500000000000e+03
9.101269531250000000e+03
1.714472070312500000e+04
1.496493945312500000e+04
7.189381835937500000e+03
1.622983984375000000e+04
1.557852539062500000e+04
2.429312011718750000e+03
2.808882812500000000e+04
2.806973046875000000e+04
1.492787109375000000e+04
1.474706835937500000e+04
1.895804199218750000e+03
1.689781835937500000e+04
3.806795312500000000e+04
1.506896484375000000e+04
2.600657031250000000e+04
1.624263378906250000e+04
8.479066406250000000e+03
1.429285839843750000e+04
1.676716601562500000e+04
1.526315722656250000e+04
2.991215332031250000e+03
3.282691015625000000e+04
1.513892968750000000e+04
1.433452929687500000e+04
2.047611572265625000e+03
8.731172851562500000e+03
2.649432617187500000e+03
3.781569921875000000e+04
3.626909667968750000e+03
2.609395751953125000e+03
3.365250488281250000e+03
5.348066015625000000e+04
1.494682812500000000e+04
1.836679687500000000e+04
4.369155273437500000e+03
1.814808398437500000e+04
1.510446093750000000e+04
1.423657031250000000e+04
1.592974218750000000e+04
1.355115625000000000e+04
1.017096386718750000e+04
2.999806884765625000e+03
2.081616943359375000e+03
1.480898046875000000e+04
4.422241210937500000e+03
6.545574218750000000e+04
1.591884472656250000e+04
3.786885742187500000e+03
1.493522656250000000e+04
1.370896972656250000e+03
2.042578613281250000e+03
2.530243408203125000e+03
1.818124511718750000e+03
1.628423095703125000e+03
4.223577636718750000e+03
2.727070800781250000e+03
1.738944726562500000e+04
1.220928222656250000e+03
1.575583496093750000e+04
2.626214648437500000e+04
1.740186718750000000e+04
1.245600097656250000e+04
1.709247656250000000e+04
3.182498046875000000e+04
2.788935937500000000e+04
1.976454882812500000e+04
1.393048242187500000e+04
1.151837988281250000e+04
1.570829785156250000e+04
1.978161328125000000e+04
1.332216113281250000e+04
1.848943945312500000e+04
1.348407714843750000e+04
5.393041992187500000e+02
1.422766699218750000e+04
1.278247753906250000e+04
2.034556640625000000e+04
1.492903808593750000e+04
7.672737792968750000e+03
1.231334863281250000e+04
7.237092285156250000e+02
1.330883007812500000e+04
2.264268750000000000e+04
1.297185546875000000e+04
1.475149804687500000e+04
1.468946289062500000e+04
2.140303710937500000e+04
2.070572509765625000e+03
1.580023046875000000e+04
1.293499511718750000e+04
1.631231445312500000e+04
1.886529101562500000e+04
1.760491992187500000e+04
5.974889453125000000e+04
2.332539648437500000e+04
2.342103515625000000e+04
2.427385742187500000e+04
8.535454687500000000e+04
1.632048339843750000e+04
4.983482031250000000e+04
5.236162890625000000e+04
1.259399609375000000e+04
1.394351171875000000e+04
1.193291601562500000e+04
1.914234375000000000e+04
2.596237109375000000e+04
3.284308593750000000e+04
2.219791406250000000e+04
1.228727148437500000e+04
1.513191503906250000e+04
2.032749609375000000e+04
1.083565390625000000e+05
1.294008398437500000e+04
2.298534960937500000e+04
1.257114843750000000e+04
2.186638281250000000e+04
1.962525976562500000e+04
2.447837890625000000e+04
2.055013671875000000e+04
2.492946484375000000e+04
2.854437500000000000e+04
2.537883984375000000e+04
1.383835351562500000e+04
2.537304882812500000e+04
1.163386523437500000e+04
1.009102783203125000e+03
1.929191015625000000e+04
1.406579101562500000e+04
1.606818164062500000e+04
1.191889843750000000e+04
1.174511914062500000e+04
2.067352343750000000e+04
1.808390625000000000e+04
1.002715625000000000e+04
2.074366406250000000e+04
2.064132617187500000e+04
4.485977050781250000e+03
3.335849609375000000e+04
3.266922460937500000e+04
2.063837500000000000e+04
1.838403125000000000e+04
4.679202636718750000e+03
2.165982812500000000e+04
3.956958593750000000e+04
2.061810156250000000e+04
2.989463476562500000e+04
2.166677148437500000e+04
8.759316406250000000e+03
1.941080664062500000e+04
2.138397851562500000e+04
1.833856445312500000e+04
5.078706054687500000e+03
3.569287500000000000e+04
1.900690625000000000e+04
1.899493554687500000e+04
4.269058593750000000e+03
1.100854296875000000e+04
4.639424804687500000e+03
4.289973437500000000e+04
5.503223632812500000e+03
4.360358398437500000e+03
3.796476562500000000e+03
6.050385937500000000e+04
1.884346093750000000e+04
2.325139648437500000e+04
7.632067871093750000e+03
1.898222460937500000e+04
1.978952734375000000e+04
1.731812890625000000e+04
1.751619531250000000e+04
1.474623632812500000e+04
1.190180664062500000e+04
3.872293701171875000e+03
4.443817382812500000e+03
1.948529687500000000e+04
6.494577636718750000e+03
5.357425781250000000e+04
2.039816406250000000e+04
5.710029296875000000e+03
1.954107812500000000e+04
5.044540039062500000e+03
4.134479003906250000e+03
4.412925781250000000e+03
4.292935546875000000e+03
4.224140625000000000e+03
5.492068847656250000e+03
4.334345703125000000e+03
2.207592968750000000e+04
4.659470214843750000e+03
1.993783593750000000e+04
2.993022851562500000e+04
2.337110937500000000e+04
1.366659375000000000e+04
2.258059375000000000e+04
1.632521289062500000e+04
1.592313964843750000e+04
1.574612695312500000e+04
1.129518945312500000e+04
1.567725195312500000e+04
1.469594628906250000e+04
8.365892578125000000e+03
2.463289648437500000e+04
2.878829296875000000e+04
1.415344531250000000e+04
1.514529589843750000e+04
9.063397460937500000e+03
1.539173632812500000e+04
3.763619921875000000e+04
1.436110351562500000e+04
2.536301171875000000e+04
1.505308203125000000e+04
1.213166406250000000e+04
1.468096679687500000e+04
1.502848437500000000e+04
1.542026757812500000e+04
8.828322265625000000e+03
3.288802343750000000e+04
1.544149707031250000e+04
1.492822460937500000e+04
8.115523437500000000e+03
1.095758789062500000e+04
7.353656738281250000e+03
3.599428906250000000e+04
1.087399023437500000e+04
8.252500976562500000e+03
1.115787792968750000e+04
3.991160937500000000e+04
1.527668750000000000e+04
1.846645507812500000e+04
1.128607421875000000e+04
2.078266601562500000e+04
1.484550195312500000e+04
1.404372656250000000e+04
1.703131250000000000e+04
2.095585156250000000e+04
1.240065039062500000e+04
9.404189453125000000e+03
7.686737792968750000e+03
1.480562207031250000e+04
1.155522460937500000e+04
7.361254687500000000e+04
1.513674804687500000e+04
1.038184179687500000e+04
1.435975585937500000e+04
8.614787109375000000e+03
7.929742187500000000e+03
9.718162109375000000e+03
7.809599609375000000e+03
8.643113281250000000e+03
1.134541308593750000e+04
8.679621093750000000e+03
1.682151953125000000e+04
8.469208984375000000e+03
1.509215234375000000e+04
2.584392578125000000e+04
1.603068261718750000e+04
1.417057031250000000e+04
1.517907128906250000e+04
1.439174316406250000e+04
1.200677343750000000e+04
9.589395507812500000e+03
1.401384179687500000e+04
1.185286523437500000e+04
6.249511718750000000e+03
1.347861523437500000e+04
2.426318750000000000e+04
1.191267187500000000e+04
1.249554980468750000e+04
5.331368652343750000e+03
1.511190722656250000e+04
5.022662500000000000e+04
1.244119140625000000e+04
1.525625390625000000e+04
1.098142675781250000e+04
8.486806640625000000e+03
8.579046875000000000e+03
1.183389648437500000e+04
1.297927734375000000e+04
4.345741210937500000e+03
3.332150390625000000e+04
1.313275390625000000e+04
1.116120898437500000e+04
7.401339843750000000e+03
8.322019531250000000e+03
7.105480468750000000e+03
3.996657812500000000e+04
5.660696289062500000e+03
5.592814941406250000e+03
1.012767187500000000e+04
5.639142187500000000e+04
1.215131640625000000e+04
2.650678710937500000e+04
1.477849218750000000e+04
1.997939062500000000e+04
1.049058007812500000e+04
1.070918066406250000e+04
1.680560156250000000e+04
3.232322265625000000e+03
1.656305468750000000e+04
6.476501953125000000e+03
5.536801757812500000e+03
9.920693359375000000e+03
7.072795898437500000e+03
5.264354687500000000e+04
1.458923535156250000e+04
4.811532226562500000e+03
1.168300683593750000e+04
5.697544921875000000e+03
6.836313964843750000e+03
8.958119140625000000e+03
6.104611816406250000e+03
8.189160156250000000e+03
6.628579101562500000e+03
5.888355957031250000e+03
1.473524609375000000e+04
6.172700195312500000e+03
9.854634765625000000e+03
1.490638281250000000e+04
1.851494140625000000e+04
1.454826757812500000e+04
1.261332421875000000e+04
1.943373046875000000e+03
4.900761718750000000e+03
2.468550292968750000e+03
2.064856933593750000e+03
1.441490625000000000e+04
9.513133789062500000e+03
1.580554492187500000e+04
2.611664794921875000e+03
1.498171875000000000e+03
1.243959667968750000e+04
2.694843994140625000e+03
2.583466015625000000e+04
1.671775878906250000e+03
1.284285156250000000e+04
2.238421386718750000e+03
1.619426074218750000e+04
2.843359375000000000e+03
2.932014160156250000e+03
1.161542480468750000e+03
1.504048535156250000e+04
2.066549023437500000e+04
2.572499755859375000e+03
2.895597167968750000e+03
1.239753125000000000e+04
8.349168945312500000e+03
1.241666992187500000e+04
3.724818750000000000e+04
1.586554101562500000e+04
1.652150195312500000e+04
1.707693359375000000e+04
4.687662500000000000e+04
2.553835449218750000e+03
2.205926171875000000e+04
2.683093945312500000e+04
2.579570312500000000e+04
3.000944335937500000e+03
1.733037353515625000e+03
4.153599121093750000e+03
2.028050000000000000e+04
1.429700000000000000e+04
1.552666210937500000e+04
1.090093750000000000e+04
2.389222167968750000e+03
1.146602343750000000e+04
7.907628906250000000e+04
2.145030273437500000e+03
1.540151855468750000e+04
2.029047973632812500e+03
1.312766992187500000e+04
1.390095800781250000e+04
1.711873828125000000e+04
1.372849804687500000e+04
1.575443554687500000e+04
1.796235351562500000e+04
1.675812500000000000e+04
2.565854980468750000e+03
1.426294433593750000e+04
2.235113037109375000e+03
1.291207421875000000e+04
3.404778564453125000e+03
2.580492919921875000e+03
2.403289550781250000e+03
4.527110839843750000e+03
2.813718017578125000e+03
3.062074707031250000e+03
1.188321972656250000e+04
1.068407519531250000e+04
1.278648242187500000e+04
2.611476318359375000e+03
2.190298339843750000e+03
1.111705664062500000e+04
3.837943115234375000e+03
2.088308789062500000e+04
2.321237060546875000e+03
9.447071289062500000e+03
3.363455078125000000e+03
1.524126953125000000e+04
2.827223876953125000e+03
3.897358154296875000e+03
1.404327392578125000e+03
1.232366406250000000e+04
1.617546093750000000e+04
2.538548583984375000e+03
2.967722900390625000e+03
9.896059570312500000e+03
8.017399414062500000e+03
9.899064453125000000e+03
3.452810156250000000e+04
1.378073437500000000e+04
1.369986035156250000e+04
1.485713183593750000e+04
4.614255078125000000e+04
1.505107910156250000e+03
2.223554296875000000e+04
2.458519726562500000e+04
2.187998437500000000e+04
2.825270996093750000e+03
2.055535644531250000e+03
3.369284667968750000e+03
1.833539843750000000e+04
1.245011718750000000e+04
1.322224023437500000e+04
8.786097656250000000e+03
2.567152587890625000e+03
1.077341894531250000e+04
7.715501562500000000e+04
2.988385253906250000e+03
1.319805273437500000e+04
2.796841796875000000e+03
1.112589843750000000e+04
1.136499023437500000e+04
1.485449707031250000e+04
1.112496484375000000e+04
1.337225195312500000e+04
1.567081640625000000e+04
1.398748535156250000e+04
3.522607177734375000e+03
1.225666699218750000e+04
2.966303710937500000e+03
1.018708007812500000e+04
3.190326416015625000e+03
2.791190429687500000e+03
3.504421142578125000e+03
4.206633300781250000e+03
3.484126464843750000e+03
4.726345703125000000e+03
1.365138769531250000e+04
1.694264648437500000e+04
4.335795410156250000e+03
3.579171630859375000e+03
5.872184570312500000e+03
4.236593750000000000e+03
2.744255468750000000e+04
3.821339111328125000e+03
1.358842187500000000e+04
4.271672363281250000e+03
9.844681640625000000e+03
3.553891601562500000e+03
4.845841308593750000e+03
4.431093750000000000e+03
5.112079101562500000e+03
2.203796484375000000e+04
3.976907470703125000e+03
3.828185546875000000e+03
4.007484863281250000e+03
7.791238281250000000e+03
4.479579101562500000e+03
3.560870312500000000e+04
5.919380859375000000e+03
5.185711914062500000e+03
7.412716796875000000e+03
4.688160937500000000e+04
3.869224121093750000e+03
1.801424414062500000e+04
1.224097656250000000e+04
1.864078320312500000e+04
4.517948730468750000e+03
3.547831542968750000e+03
5.505581054687500000e+03
1.491269824218750000e+04
1.282551660156250000e+04
5.436103515625000000e+03
3.747413574218750000e+03
4.090870605468750000e+03
4.392534667968750000e+03
7.344199218750000000e+04
3.700060791015625000e+03
5.526503906250000000e+03
3.459351562500000000e+03
4.742686523437500000e+03
4.883457031250000000e+03
6.246996093750000000e+03
4.294217773437500000e+03
5.410275878906250000e+03
7.112615722656250000e+03
5.789125000000000000e+03
4.288197753906250000e+03
5.493802246093750000e+03
4.544820312500000000e+03
1.388958300781250000e+04
5.587007812500000000e+03
2.998256591796875000e+03
4.896272460937500000e+03
1.168630126953125000e+03
1.570017187500000000e+04
1.017184179687500000e+04
2.138008203125000000e+04
2.071487304687500000e+03
1.327038085937500000e+03
1.334619433593750000e+04
1.695393554687500000e+03
3.169099218750000000e+04
2.037334472656250000e+03
1.713270312500000000e+04
2.160709472656250000e+03
1.749072265625000000e+04
1.438004028320312500e+03
1.654482910156250000e+03
1.561008789062500000e+03
1.539996386718750000e+04
2.601678125000000000e+04
1.430995605468750000e+03
1.737649414062500000e+03
1.364534960937500000e+04
1.079238867187500000e+04
1.418301562500000000e+04
3.755904687500000000e+04
1.688423632812500000e+04
1.685089648437500000e+04
2.066659765625000000e+04
4.350063281250000000e+04
1.704574096679687500e+03
2.189340820312500000e+04
2.452879101562500000e+04
3.174139062500000000e+04
2.006104492187500000e+03
1.805585205078125000e+03
6.606456542968750000e+03
2.014450585937500000e+04
1.641324609375000000e+04
1.688410937500000000e+04
1.286358593750000000e+04
1.879496337890625000e+03
1.284200390625000000e+04
8.350276562500000000e+04
1.932528808593750000e+03
1.711340625000000000e+04
1.700601074218750000e+03
1.356726953125000000e+04
1.491477343750000000e+04
1.835494140625000000e+04
1.448728808593750000e+04
1.552703906250000000e+04
1.794715625000000000e+04
1.652689062500000000e+04
2.623685791015625000e+03
1.392550585937500000e+04
1.946191650390625000e+03
1.745821484375000000e+04
2.876877441406250000e+03
2.773942871093750000e+03
2.135491210937500000e+03
1.290768359375000000e+04
9.830687500000000000e+03
1.517695117187500000e+04
1.504966552734375000e+03
9.070937500000000000e+02
1.079144531250000000e+04
8.872927246093750000e+02
2.695542187500000000e+04
7.752033691406250000e+02
1.194400195312500000e+04
9.320085449218750000e+02
1.586516406250000000e+04
9.870003662109375000e+02
1.250689941406250000e+03
2.094589599609375000e+03
1.286997265625000000e+04
2.095364257812500000e+04
1.399462890625000000e+03
1.097704345703125000e+03
1.041227539062500000e+04
8.373447265625000000e+03
1.104851855468750000e+04
3.874211718750000000e+04
1.480481640625000000e+04
1.453797460937500000e+04
1.770346875000000000e+04
4.337865625000000000e+04
1.816657470703125000e+03
2.127198242187500000e+04
2.455450781250000000e+04
2.705212109375000000e+04
1.601101318359375000e+03
1.284044921875000000e+03
6.457195312500000000e+03
1.788024609375000000e+04
1.627085351562500000e+04
1.420237304687500000e+04
9.365844726562500000e+03
1.376816528320312500e+03
1.081064550781250000e+04
8.427908593750000000e+04
8.868291015625000000e+02
1.444918945312500000e+04
8.948730468750000000e+02
1.166547460937500000e+04
1.192207812500000000e+04
1.560172558593750000e+04
1.196549023437500000e+04
1.389939941406250000e+04
1.646839062500000000e+04
1.450976171875000000e+04
1.337553466796875000e+03
1.266898632812500000e+04
1.138335205078125000e+03
1.207591406250000000e+04
2.458371337890625000e+03
2.498287109375000000e+03
1.258345336914062500e+03
2.187838867187500000e+04
1.937853515625000000e+04
1.365381738281250000e+04
1.156776171875000000e+04
1.933706176757812500e+03
1.432008691406250000e+04
2.877614062500000000e+04
1.245229492187500000e+04
1.584569628906250000e+04
1.299936718750000000e+04
6.917814453125000000e+03
1.069080273437500000e+04
1.372845605468750000e+04
1.361095312500000000e+04
1.187452880859375000e+03
2.317568164062500000e+04
1.283864550781250000e+04
1.083249609375000000e+04
9.916157226562500000e+02
9.554382812500000000e+03
1.334116210937500000e+03
3.949023828125000000e+04
2.772123779296875000e+03
1.075028076171875000e+03
2.429143310546875000e+03
5.707202343750000000e+04
1.291244433593750000e+04
2.115470703125000000e+04
3.329216552734375000e+03
1.122205664062500000e+04
1.212203027343750000e+04
1.006297949218750000e+04
1.542909960937500000e+04
9.880515625000000000e+03
1.154909570312500000e+04
2.016875244140625000e+03
6.072690429687500000e+02
1.166883300781250000e+04
4.151436523437500000e+03
6.300920312500000000e+04
1.270307031250000000e+04
2.638690429687500000e+03
1.156261328125000000e+04
1.402171142578125000e+03
7.903308105468750000e+02
1.960583984375000000e+03
4.582285156250000000e+02
1.628072021484375000e+03
3.231015380859375000e+03
1.622219482421875000e+03
1.471037597656250000e+04
1.682682861328125000e+03
1.165954492187500000e+04
1.643767773437500000e+04
1.707612890625000000e+04
9.917205078125000000e+03
1.501096093750000000e+04
1.814375781250000000e+04
8.724331054687500000e+03
1.075433007812500000e+04
1.799109765625000000e+04
1.301532031250000000e+04
4.510366015625000000e+04
9.749846679687500000e+03
9.335083984375000000e+03
8.981869140625000000e+03
1.630940625000000000e+04
8.727648437500000000e+03
1.031961230468750000e+04
9.981649414062500000e+03
2.179560937500000000e+04
2.580413281250000000e+04
1.140860351562500000e+04
1.158175683593750000e+04
1.920154492187500000e+04
1.314856445312500000e+04
2.000681640625000000e+04
3.944065625000000000e+04
2.460591210937500000e+04
2.554027343750000000e+04
3.002434960937500000e+04
4.708741796875000000e+04
9.716341796875000000e+03
3.149690625000000000e+04
4.199252343750000000e+04
3.042389843750000000e+04
9.241737304687500000e+03
9.936952148437500000e+03
1.436461718750000000e+04
2.113183593750000000e+04
2.494158203125000000e+04
2.586123437500000000e+04
1.467491601562500000e+04
8.399423828125000000e+03
2.018422070312500000e+04
8.768562500000000000e+04
1.233208203125000000e+04
2.465088085937500000e+04
9.787713867187500000e+03
2.118931445312500000e+04
2.317644335937500000e+04
2.860822265625000000e+04
2.266429101562500000e+04
2.560760937500000000e+04
2.792635546875000000e+04
2.577375000000000000e+04
1.176654003906250000e+04
2.250478320312500000e+04
8.542371093750000000e+03
8.973863281250000000e+03
1.194416406250000000e+04
1.227496875000000000e+04
9.241689453125000000e+03
1.575166796875000000e+04
1.431431445312500000e+04
2.186097070312500000e+04
1.676369140625000000e+04
7.493165527343750000e+03
1.415818554687500000e+04
1.377712158203125000e+03
1.569476074218750000e+04
2.443702148437500000e+04
1.487685937500000000e+04
1.689087695312500000e+04
1.603055859375000000e+04
2.304963671875000000e+04
1.801064697265625000e+03
1.695034375000000000e+04
1.436882031250000000e+04
1.725603320312500000e+04
2.068755078125000000e+04
1.839827734375000000e+04
6.307345312500000000e+04
2.538050390625000000e+04
2.435085937500000000e+04
2.560035546875000000e+04
8.891706250000000000e+04
1.769166406250000000e+04
5.149306640625000000e+04
5.347594140625000000e+04
1.306692773437500000e+04
1.588290527343750000e+04
1.360616210937500000e+04
2.024771093750000000e+04
3.035329492187500000e+04
3.415755468750000000e+04
2.388098437500000000e+04
1.313470800781250000e+04
1.693529296875000000e+04
2.142880273437500000e+04
1.099915234375000000e+05
1.487138476562500000e+04
2.516648046875000000e+04
1.439709765625000000e+04
2.266746093750000000e+04
2.060532812500000000e+04
2.522725195312500000e+04
2.189174804687500000e+04
2.542543945312500000e+04
2.963777539062500000e+04
2.648383984375000000e+04
1.575299218750000000e+04
2.604558789062500000e+04
1.394424121093750000e+04
1.889213989257812500e+03
2.085736523437500000e+04
1.590339062500000000e+04
1.824025976562500000e+04
2.044651611328125000e+03
1.096755664062500000e+04
2.101936767578125000e+03
2.676467773437500000e+04
1.206635864257812500e+03
1.192898535156250000e+04
1.272986328125000000e+03
1.568458593750000000e+04
1.511193725585937500e+03
2.016983032226562500e+03
2.510920410156250000e+03
1.363280664062500000e+04
2.104664062500000000e+04
2.196924804687500000e+03
1.550044799804687500e+03
1.129215820312500000e+04
9.724478515625000000e+03
1.204516015625000000e+04
3.374395703125000000e+04
1.489543457031250000e+04
1.488579882812500000e+04
1.851906640625000000e+04
4.251394140625000000e+04
1.942381835937500000e+03
2.175128710937500000e+04
2.578973046875000000e+04
2.646198828125000000e+04
1.506971191406250000e+03
2.145938964843750000e+03
5.966979492187500000e+03
1.701736132812500000e+04
1.550907128906250000e+04
1.561906445312500000e+04
9.780765625000000000e+03
1.550099487304687500e+03
1.231175976562500000e+04
8.438517968750000000e+04
2.141584472656250000e+03
1.511086914062500000e+04
1.249890991210937500e+03
1.161952539062500000e+04
1.248451953125000000e+04
1.645709765625000000e+04
1.248889453125000000e+04
1.369594726562500000e+04
1.682157812500000000e+04
1.503144726562500000e+04
2.506555419921875000e+03
1.232194140625000000e+04
1.408841064453125000e+03
1.217389843750000000e+04
2.151033935546875000e+03
2.868023437500000000e+03
1.430151611328125000e+03
1.135117382812500000e+04
1.334825195312500000e+03
2.365417187500000000e+04
1.219127197265625000e+03
1.134539648437500000e+04
1.675062255859375000e+03
1.535442871093750000e+04
1.415687133789062500e+03
1.563937500000000000e+03
1.445816406250000000e+03
1.204302832031250000e+04
1.938837500000000000e+04
1.500614013671875000e+03
1.437925415039062500e+03
9.600002929687500000e+03
7.780722656250000000e+03
9.723605468750000000e+03
3.766265234375000000e+04
1.368618164062500000e+04
1.323329101562500000e+04
1.564877832031250000e+04
4.508631250000000000e+04
1.457004516601562500e+03
2.134535546875000000e+04
2.335640625000000000e+04
2.472532031250000000e+04
2.042518066406250000e+03
5.400148925781250000e+02
5.582852539062500000e+03
1.847210937500000000e+04
1.631522949218750000e+04
1.303833398437500000e+04
8.564917968750000000e+03
1.579644653320312500e+03
1.009710546875000000e+04
7.957904687500000000e+04
1.026581298828125000e+03
1.359416796875000000e+04
1.063816406250000000e+03
1.090792773437500000e+04
1.111734570312500000e+04
1.472159082031250000e+04
1.089772460937500000e+04
1.295309960937500000e+04
1.588197167968750000e+04
1.344118457031250000e+04
1.407168945312500000e+03
1.212042480468750000e+04
1.433899414062500000e+03
1.169829882812500000e+04
3.276755615234375000e+03
2.386621093750000000e+03
1.984263061523437500e+03
1.221567285156250000e+04
3.278360937500000000e+04
1.093726757812500000e+04
1.736739453125000000e+04
1.088279687500000000e+04
7.070284667968750000e+03
9.666425781250000000e+03
1.144705468750000000e+04
1.226740039062500000e+04
1.982938964843750000e+03
2.677372070312500000e+04
1.186255761718750000e+04
9.986922851562500000e+03
1.856264160156250000e+03
6.776896484375000000e+03
2.411297119140625000e+03
3.512409375000000000e+04
2.324496582031250000e+03
1.927149780273437500e+03
3.303540527343750000e+03
5.130162890625000000e+04
1.143633398437500000e+04
1.823792968750000000e+04
5.372744628906250000e+03
1.473178808593750000e+04
1.000373046875000000e+04
1.022829101562500000e+04
1.273017871093750000e+04
8.098114257812500000e+03
8.162937988281250000e+03
2.436544433593750000e+03
1.629744750976562500e+03
1.000218457031250000e+04
4.118179687500000000e+03
6.618037500000000000e+04
1.109934277343750000e+04
2.660035644531250000e+03
1.038201464843750000e+04
1.683837890625000000e+03
1.819557128906250000e+03
2.790842773437500000e+03
1.945136962890625000e+03
2.056643798828125000e+03
3.986268554687500000e+03
1.866630126953125000e+03
1.234967968750000000e+04
1.798369750976562500e+03
1.048050292968750000e+04
1.733891406250000000e+04
1.309203320312500000e+04
9.354687500000000000e+03
1.167078125000000000e+04
2.713745312500000000e+04
1.246302978515625000e+03
1.438672656250000000e+04
1.619872070312500000e+03
1.739573632812500000e+04
1.392216308593750000e+03
1.358007324218750000e+03
2.369348876953125000e+03
1.444298437500000000e+04
2.222545507812500000e+04
1.058097900390625000e+03
1.277724853515625000e+03
1.189501074218750000e+04
9.863515625000000000e+03
1.260528125000000000e+04
4.049627734375000000e+04
1.562455078125000000e+04
1.608479296875000000e+04
1.996684765625000000e+04
4.566882812500000000e+04
2.385047363281250000e+03
2.250370312500000000e+04
2.551756250000000000e+04
2.872913281250000000e+04
1.827522460937500000e+03
1.759805664062500000e+03
7.206691406250000000e+03
1.916322656250000000e+04
1.707358398437500000e+04
1.549520507812500000e+04
1.126665429687500000e+04
2.072604003906250000e+03
1.248135156250000000e+04
8.461887500000000000e+04
7.889609375000000000e+02
1.641720703125000000e+04
8.946467285156250000e+02
1.310520312500000000e+04
1.349046679687500000e+04
1.638736328125000000e+04
1.351256640625000000e+04
1.480000195312500000e+04
1.630133984375000000e+04
1.577084277343750000e+04
1.530546142578125000e+03
1.390135351562500000e+04
1.257384033203125000e+03
1.404255078125000000e+04
3.240898925781250000e+03
2.690780273437500000e+03
1.992082519531250000e+03
2.544501562500000000e+04
7.444698242187500000e+03
2.792630078125000000e+04
3.946861718750000000e+04
2.574682812500000000e+04
2.742594140625000000e+04
2.438337890625000000e+04
3.393472265625000000e+04
4.636313476562500000e+03
2.615079296875000000e+04
2.541722460937500000e+04
2.754615234375000000e+04
3.083325000000000000e+04
2.715683789062500000e+04
7.358443750000000000e+04
3.702067187500000000e+04
3.423753906250000000e+04
3.330325390625000000e+04
9.410203906250000000e+04
2.773679687500000000e+04
5.726246875000000000e+04
6.047608593750000000e+04
1.822393750000000000e+04
2.677982812500000000e+04
2.099241210937500000e+04
2.808883789062500000e+04
5.333344921875000000e+04
4.247027343750000000e+04
3.316210546875000000e+04
2.327563281250000000e+04
2.779046875000000000e+04
3.184341796875000000e+04
1.141779062500000000e+05
2.551535546875000000e+04
3.767342187500000000e+04
2.535390234375000000e+04
3.301719531250000000e+04
3.074820312500000000e+04
3.476094531250000000e+04
3.181383984375000000e+04
3.502308984375000000e+04
3.912812500000000000e+04
3.602116406250000000e+04
2.579047656250000000e+04
3.538193750000000000e+04
2.549899609375000000e+04
8.031020507812500000e+03
3.104015234375000000e+04
2.507322460937500000e+04
2.928187109375000000e+04
1.092107324218750000e+04
8.091630859375000000e+02
1.607611425781250000e+04
1.360624511718750000e+03
1.462093383789062500e+03
2.194532226562500000e+03
1.298989355468750000e+04
2.004542968750000000e+04
1.677099609375000000e+03
1.462711181640625000e+03
1.044364746093750000e+04
8.479025390625000000e+03
1.075048437500000000e+04
3.695598828125000000e+04
1.422004394531250000e+04
1.436058496093750000e+04
1.697908789062500000e+04
4.511464843750000000e+04
1.828746337890625000e+03
2.116089062500000000e+04
2.499219726562500000e+04
2.603084960937500000e+04
1.479296264648437500e+03
1.543749023437500000e+03
5.622274414062500000e+03
1.764859960937500000e+04
1.502672460937500000e+04
1.443498925781250000e+04
9.272634765625000000e+03
1.336729003906250000e+03
1.147155859375000000e+04
8.405433593750000000e+04
9.578852539062500000e+02
1.405902929687500000e+04
8.841572265625000000e+02
1.134376367187500000e+04
1.169345019531250000e+04
1.584600585937500000e+04
1.172630078125000000e+04
1.365070507812500000e+04
1.652600195312500000e+04
1.475914550781250000e+04
1.227522705078125000e+03
1.239342382812500000e+04
9.276452636718750000e+02
1.118272070312500000e+04
1.805626220703125000e+03
2.038526855468750000e+03
8.311516113281250000e+02
1.113221679687500000e+04
1.923212695312500000e+04
1.010070312500000000e+04
1.319484277343750000e+04
1.325989648437500000e+04
1.914210156250000000e+04
2.149774414062500000e+03
1.430693554687500000e+04
1.033671289062500000e+04
1.372822265625000000e+04
1.585688867187500000e+04
1.476593554687500000e+04
5.597873828125000000e+04
2.141197460937500000e+04
2.096770117187500000e+04
2.210278906250000000e+04
7.892877343750000000e+04
1.345369726562500000e+04
4.808389843750000000e+04
4.957289062500000000e+04
1.214880371093750000e+04
1.098638671875000000e+04
8.986337890625000000e+03
1.721106445312500000e+04
2.220764648437500000e+04
3.134858593750000000e+04
2.073694140625000000e+04
1.043468359375000000e+04
1.181142382812500000e+04
1.802257031250000000e+04
1.039130156250000000e+05
1.196081835937500000e+04
2.109755859375000000e+04
1.073841015625000000e+04
1.981683203125000000e+04
1.817890234375000000e+04
2.320278320312500000e+04
1.860794921875000000e+04
2.351862304687500000e+04
2.635746484375000000e+04
2.249110156250000000e+04
1.355919335937500000e+04
2.321585156250000000e+04
8.826986328125000000e+03
4.953543701171875000e+02
1.781636914062500000e+04
1.261259960937500000e+04
1.432411718750000000e+04
1.602246582031250000e+04
1.062793945312500000e+03
1.212822265625000000e+03
2.776250244140625000e+03
1.304333007812500000e+04
2.121378320312500000e+04
2.287043457031250000e+03
1.229688476562500000e+03
1.098275390625000000e+04
8.561347656250000000e+03
1.146159667968750000e+04
3.731547656250000000e+04
1.491319921875000000e+04
1.456151367187500000e+04
1.780120312500000000e+04
4.762152734375000000e+04
2.096826660156250000e+03
2.277499218750000000e+04
2.634599218750000000e+04
2.739727539062500000e+04
1.214915161132812500e+03
1.840793334960937500e+03
6.770012695312500000e+03
1.532700585937500000e+04
1.595580468750000000e+04
1.509477734375000000e+04
9.827177734375000000e+03
9.164509277343750000e+02
1.137458300781250000e+04
8.617655468750000000e+04
1.620509521484375000e+03
1.470861816406250000e+04
1.394101074218750000e+03
1.201838769531250000e+04
1.235149023437500000e+04
1.615720117187500000e+04
1.243042285156250000e+04
1.451689062500000000e+04
1.690609765625000000e+04
1.461053710937500000e+04
1.601273559570312500e+03
1.330452929687500000e+04
6.677016601562500000e+02
1.102956640625000000e+04
2.606800292968750000e+03
3.063433105468750000e+03
5.196203613281250000e+02
1.463891210937500000e+04
1.635828125000000000e+04
1.520454394531250000e+04
5.911205078125000000e+03
2.934059960937500000e+04
1.687092968750000000e+04
1.526784375000000000e+04
7.176189453125000000e+03
7.659707031250000000e+03
6.887642578125000000e+03
4.307187500000000000e+04
7.434316406250000000e+03
6.508086914062500000e+03
1.025577343750000000e+04
5.204425781250000000e+04
1.658144531250000000e+04
2.177424804687500000e+04
1.281972070312500000e+04
1.766611132812500000e+04
1.554558984375000000e+04
1.304619335937500000e+04
1.625059472656250000e+04
9.911968750000000000e+03
1.210547070312500000e+04
7.217395507812500000e+03
6.176354492187500000e+03
1.534296875000000000e+04
9.322771484375000000e+03
5.478612890625000000e+04
1.669538476562500000e+04
6.321135253906250000e+03
1.580270605468750000e+04
6.878274902343750000e+03
6.751683593750000000e+03
8.078745117187500000e+03
6.310190429687500000e+03
6.998922851562500000e+03
7.704913085937500000e+03
6.686825683593750000e+03
1.767151757812500000e+04
7.194649414062500000e+03
1.525968457031250000e+04
1.912446093750000000e+04
1.934287890625000000e+04
1.498721582031250000e+04
1.675926171875000000e+04
7.878928222656250000e+02
2.118938476562500000e+03
1.086165820312500000e+04
2.011195703125000000e+04
1.401572998046875000e+03
4.482253417968750000e+02
9.236035156250000000e+03
7.859715332031250000e+03
9.449056640625000000e+03
3.620920312500000000e+04
1.355692578125000000e+04
1.215433203125000000e+04
1.627765234375000000e+04
4.421721875000000000e+04
1.401530273437500000e+03
2.378189257812500000e+04
2.292019921875000000e+04
2.477355078125000000e+04
5.935349121093750000e+02
1.276130249023437500e+03
6.764413085937500000e+03
1.308505664062500000e+04
1.570602539062500000e+04
1.329725000000000000e+04
7.568005859375000000e+03
6.384588623046875000e+02
1.104279882812500000e+04
8.461885937500000000e+04
1.470913085937500000e+03
1.324636230468750000e+04
9.039282226562500000e+02
1.026134472656250000e+04
1.017544824218750000e+04
1.432867773437500000e+04
1.005990820312500000e+04
1.258126171875000000e+04
1.531909863281250000e+04
1.235191796875000000e+04
2.056064453125000000e+03
1.136036914062500000e+04
8.624062500000000000e+02
9.972984375000000000e+03
3.228484130859375000e+03
2.787259277343750000e+03
1.360526489257812500e+03
2.230570800781250000e+03
1.370619921875000000e+04
2.196273437500000000e+04
1.622949951171875000e+03
9.441716308593750000e+02
1.210005664062500000e+04
9.139911132812500000e+03
1.261702539062500000e+04
3.712053906250000000e+04
1.607407519531250000e+04
1.525974023437500000e+04
1.916707031250000000e+04
4.359612500000000000e+04
2.267704101562500000e+03
2.192253906250000000e+04
2.515874414062500000e+04
2.858496289062500000e+04
1.034333251953125000e+03
1.660920776367187500e+03
7.556590820312500000e+03
1.554054492187500000e+04
1.608101757812500000e+04
1.592074902343750000e+04
1.084985937500000000e+04
1.155279785156250000e+03
1.281556738281250000e+04
8.537457812500000000e+04
1.456318603515625000e+03
1.598074609375000000e+04
1.228007080078125000e+03
1.298124023437500000e+04
1.314835156250000000e+04
1.669932812500000000e+04
1.316296679687500000e+04
1.518121875000000000e+04
1.703474218750000000e+04
1.498186621093750000e+04
1.793972167968750000e+03
1.409368750000000000e+04
7.440292968750000000e+02
1.319465625000000000e+04
3.036338134765625000e+03
2.895801269531250000e+03
1.264261962890625000e+03
1.385767871093750000e+04
1.931856054687500000e+04
2.012357177734375000e+03
2.228874511718750000e+03
1.167999609375000000e+04
8.495925781250000000e+03
1.189803417968750000e+04
3.543476171875000000e+04
1.511604882812500000e+04
1.516697656250000000e+04
1.653014843750000000e+04
4.611388281250000000e+04
2.086438476562500000e+03
2.076974414062500000e+04
2.429487500000000000e+04
2.528485351562500000e+04
2.539134765625000000e+03
1.689990478515625000e+03
3.881109863281250000e+03
1.914536132812500000e+04
1.317606445312500000e+04
1.500858398437500000e+04
1.042005859375000000e+04
2.466942138671875000e+03
1.172470019531250000e+04
7.697022656250000000e+04
2.069889160156250000e+03
1.523336425781250000e+04
2.034349853515625000e+03
1.198848828125000000e+04
1.310712011718750000e+04
1.665115625000000000e+04
1.259764746093750000e+04
1.449983789062500000e+04
1.637950976562500000e+04
1.536422265625000000e+04
2.619928710937500000e+03
1.276014550781250000e+04
2.127526367187500000e+03
1.372546777343750000e+04
3.661779296875000000e+03
2.412887207031250000e+03
2.852297851562500000e+03
2.820107031250000000e+04
1.330033593750000000e+04
1.139505078125000000e+04
1.464417236328125000e+03
9.114201171875000000e+03
1.566899414062500000e+03
4.024346875000000000e+04
2.055273681640625000e+03
1.005150146484375000e+03
4.312427734375000000e+03
5.796407812500000000e+04
1.314674804687500000e+04
2.106869140625000000e+04
5.269537109375000000e+03
1.500934570312500000e+04
1.227339453125000000e+04
1.109244042968750000e+04
1.584551757812500000e+04
6.955324218750000000e+03
1.192856542968750000e+04
1.632365234375000000e+03
1.400544433593750000e+03
1.190223828125000000e+04
3.843197509765625000e+03
6.245704687500000000e+04
1.325629785156250000e+04
1.785711425781250000e+03
1.202796093750000000e+04
2.022671020507812500e+03
1.407887451171875000e+03
1.911428222656250000e+03
9.568591308593750000e+02
1.311760742187500000e+03
2.668450683593750000e+03
1.208911376953125000e+03
1.508979101562500000e+04
2.175938232421875000e+03
1.210269335937500000e+04
1.933241015625000000e+04
1.689822265625000000e+04
1.086091601562500000e+04
1.468981542968750000e+04
2.188273437500000000e+04
1.978420312500000000e+04
2.187106640625000000e+04
2.497679296875000000e+04
2.208469921875000000e+04
6.629725000000000000e+04
3.139498632812500000e+04
2.959914257812500000e+04
2.901432031250000000e+04
9.141148437500000000e+04
2.206416992187500000e+04
5.293266015625000000e+04
5.746978125000000000e+04
1.486833007812500000e+04
2.096365234375000000e+04
1.771769921875000000e+04
2.303118554687500000e+04
3.855367187500000000e+04
3.712803515625000000e+04
2.851683984375000000e+04
1.812978515625000000e+04
2.210668164062500000e+04
2.642174609375000000e+04
1.068753906250000000e+05
2.050479492187500000e+04
3.159746875000000000e+04
2.061123437500000000e+04
2.851780859375000000e+04
2.527989453125000000e+04
2.979016796875000000e+04
2.673651953125000000e+04
3.049575585937500000e+04
3.436631250000000000e+04
3.080932421875000000e+04
2.074532812500000000e+04
3.046072070312500000e+04
1.950060156250000000e+04
2.783011718750000000e+03
2.563658984375000000e+04
2.064144335937500000e+04
2.303346875000000000e+04
1.046116210937500000e+03
1.124350683593750000e+04
9.896443359375000000e+03
1.163592480468750000e+04
3.787624218750000000e+04
1.473397949218750000e+04
1.482512597656250000e+04
1.793072851562500000e+04
4.738778125000000000e+04
1.665865478515625000e+03
2.430954492187500000e+04
2.353502539062500000e+04
2.757336914062500000e+04
1.497152343750000000e+03
1.513364746093750000e+03
6.209654296875000000e+03
1.774641015625000000e+04
1.627189648437500000e+04
1.441122265625000000e+04
1.020207226562500000e+04
1.694116333007812500e+03
1.226683789062500000e+04
7.217878125000000000e+04
1.308879150390625000e+03
1.526665039062500000e+04
9.128776855468750000e+02
1.199791503906250000e+04
1.204127929687500000e+04
1.566448730468750000e+04
1.226965136718750000e+04
1.318032421875000000e+04
1.504498730468750000e+04
1.443753125000000000e+04
2.313095703125000000e+03
1.247724218750000000e+04
1.583640869140625000e+03
1.401546484375000000e+04
3.170355712890625000e+03
2.139780029296875000e+03
2.442425781250000000e+03
9.262777343750000000e+03
8.357521484375000000e+03
9.741838867187500000e+03
3.701685156250000000e+04
1.351994238281250000e+04
1.247310058593750000e+04
1.650690820312500000e+04
4.610948437500000000e+04
1.487951538085937500e+03
2.460546093750000000e+04
2.290477148437500000e+04
2.474918359375000000e+04
7.099182128906250000e+02
1.393982788085937500e+03
6.700681152343750000e+03
1.500429785156250000e+04
1.590145312500000000e+04
1.347195410156250000e+04
7.785664550781250000e+03
9.707177734375000000e+02
1.132653710937500000e+04
8.508256250000000000e+04
1.263720703125000000e+03
1.391942187500000000e+04
7.946474609375000000e+02
1.044994531250000000e+04
1.010093847656250000e+04
1.408767187500000000e+04
1.038417382812500000e+04
1.237591406250000000e+04
1.497027246093750000e+04
1.247186816406250000e+04
2.015815307617187500e+03
1.158103125000000000e+04
8.469104003906250000e+02
9.926437500000000000e+03
3.209946777343750000e+03
2.662334472656250000e+03
1.785882446289062500e+03
7.110834960937500000e+03
1.510996459960937500e+03
3.813866796875000000e+04
2.059305175781250000e+03
1.422758789062500000e+03
2.858380126953125000e+03
5.478414062500000000e+04
1.129513281250000000e+04
1.854900000000000000e+04
3.508394775390625000e+03
1.061036914062500000e+04
1.063106640625000000e+04
8.306964843750000000e+03
1.284122656250000000e+04
1.223269921875000000e+04
1.056112304687500000e+04
1.802013671875000000e+03
8.981090087890625000e+02
1.050729296875000000e+04
2.223017089843750000e+03
6.342371093750000000e+04
1.023583007812500000e+04
2.348108886718750000e+03
9.218654296875000000e+03
1.227700927734375000e+03
1.139768310546875000e+03
1.088275390625000000e+03
7.649948730468750000e+02
1.410588867187500000e+03
2.680595458984375000e+03
1.633671386718750000e+03
1.207063281250000000e+04
1.697824096679687500e+03
9.765189453125000000e+03
1.413128125000000000e+04
1.375066699218750000e+04
8.501662109375000000e+03
1.323852832031250000e+04
7.862838867187500000e+03
3.461803515625000000e+04
1.035423925781250000e+04
1.053358886718750000e+04
1.411601171875000000e+04
4.095690234375000000e+04
9.085675781250000000e+03
1.702954296875000000e+04
1.128374218750000000e+04
2.307274023437500000e+04
8.834831054687500000e+03
6.357207031250000000e+03
9.937620117187500000e+03
1.530409960937500000e+04
7.469584472656250000e+03
1.007198046875000000e+04
6.246918945312500000e+03
8.426511718750000000e+03
9.358383789062500000e+03
5.823793359375000000e+04
8.783562500000000000e+03
1.151516015625000000e+04
7.953945800781250000e+03
7.250565917968750000e+03
8.461804687500000000e+03
1.158614257812500000e+04
7.982022460937500000e+03
8.404105468750000000e+03
1.127584277343750000e+04
9.315619140625000000e+03
9.632103515625000000e+03
6.679438476562500000e+03
8.055370117187500000e+03
1.531729882812500000e+04
1.153379296875000000e+04
8.235713867187500000e+03
9.893127929687500000e+03
3.719090234375000000e+04
2.972972656250000000e+03
1.310189453125000000e+03
3.066943115234375000e+03
5.652044531250000000e+04
1.139518554687500000e+04
1.957024414062500000e+04
4.514548339843750000e+03
1.206370117187500000e+04
1.099624902343750000e+04
8.452250000000000000e+03
1.327912988281250000e+04
1.107047265625000000e+04
1.098877929687500000e+04
1.903006103515625000e+03
1.149287963867187500e+03
1.033287500000000000e+04
4.143485351562500000e+03
6.410861718750000000e+04
1.076903906250000000e+04
2.133011230468750000e+03
1.011904101562500000e+04
1.990119506835937500e+03
1.291594238281250000e+03
2.366632812500000000e+03
1.018536376953125000e+03
1.580879882812500000e+03
3.821909667968750000e+03
2.004835205078125000e+03
1.246217285156250000e+04
1.989239746093750000e+03
1.016748242187500000e+04
1.520981250000000000e+04
1.488463476562500000e+04
8.883616210937500000e+03
1.364045703125000000e+04
3.970389843750000000e+04
4.147303906250000000e+04
4.281841406250000000e+04
4.698125390625000000e+04
3.518633984375000000e+04
3.493858984375000000e+04
4.376450390625000000e+04
5.555419531250000000e+04
3.481021875000000000e+04
3.552805468750000000e+04
3.948206250000000000e+04
4.580364062500000000e+04
3.600066796875000000e+04
4.137543359375000000e+04
3.628126953125000000e+04
3.534201171875000000e+04
3.722543750000000000e+04
9.037748437500000000e+04
4.023591015625000000e+04
4.011355468750000000e+04
3.650279687500000000e+04
3.793551171875000000e+04
3.917124218750000000e+04
4.325550000000000000e+04
4.002150390625000000e+04
3.917865625000000000e+04
4.206112500000000000e+04
4.057421875000000000e+04
4.347503515625000000e+04
3.833446093750000000e+04
3.656957421875000000e+04
5.627064453125000000e+04
3.756272656250000000e+04
3.546857421875000000e+04
3.787730078125000000e+04
2.698614257812500000e+03
4.389045410156250000e+03
5.510610937500000000e+04
1.476941406250000000e+04
2.076096484375000000e+04
6.412212890625000000e+03
1.623516699218750000e+04
1.428050976562500000e+04
1.314118457031250000e+04
1.644158984375000000e+04
9.714562500000000000e+03
1.309837402343750000e+04
1.975761230468750000e+03
2.768672851562500000e+03
1.398395605468750000e+04
3.932796142578125000e+03
6.229853125000000000e+04
1.505216210937500000e+04
1.862877685546875000e+03
1.375890136718750000e+04
2.411751220703125000e+03
3.335777099609375000e+03
3.235908691406250000e+03
2.114142822265625000e+03
2.243407958984375000e+03
2.488907714843750000e+03
2.534120849609375000e+03
1.709394531250000000e+04
3.239566406250000000e+03
1.369294335937500000e+04
2.134431835937500000e+04
1.833014843750000000e+04
1.031363671875000000e+04
1.670219531250000000e+04
3.549063476562500000e+03
5.990617187500000000e+04
1.424754394531250000e+04
2.260492187500000000e+04
4.645229980468750000e+03
1.537753125000000000e+04
1.343768945312500000e+04
1.190442285156250000e+04
1.707406640625000000e+04
8.156839355468750000e+03
1.269589941406250000e+04
1.968337890625000000e+03
1.063145507812500000e+03
1.303132226562500000e+04
4.566946289062500000e+03
6.313360546875000000e+04
1.492914355468750000e+04
2.277607910156250000e+03
1.360691210937500000e+04
1.639014160156250000e+03
8.663388671875000000e+02
1.743833984375000000e+03
8.101735839843750000e+02
1.159943115234375000e+03
3.473829833984375000e+03
8.412578125000000000e+02
1.642567968750000000e+04
1.853088378906250000e+03
1.385458007812500000e+04
2.113360156250000000e+04
1.880023046875000000e+04
1.136301562500000000e+04
1.624189746093750000e+04
6.040297656250000000e+04
1.656546093750000000e+04
2.408183203125000000e+04
5.535564453125000000e+03
1.269298925781250000e+04
1.679714062500000000e+04
1.430644433593750000e+04
1.656774218750000000e+04
1.398759960937500000e+04
1.296059960937500000e+04
3.153109375000000000e+03
2.441115722656250000e+03
1.601435449218750000e+04
4.461544921875000000e+03
6.300048046875000000e+04
1.790726171875000000e+04
4.242583007812500000e+03
1.661092968750000000e+04
3.184142089843750000e+03
2.659447265625000000e+03
3.499000488281250000e+03
2.619127685546875000e+03
3.681356933593750000e+03
5.972553710937500000e+03
3.546848388671875000e+03
1.947887109375000000e+04
3.207429199218750000e+03
1.689226562500000000e+04
2.306034570312500000e+04
2.212697265625000000e+04
1.112274414062500000e+04
1.979105859375000000e+04
4.629429687500000000e+04
4.026872656250000000e+04
5.818778906250000000e+04
7.644210156250000000e+04
4.507329687500000000e+04
4.356788281250000000e+04
6.049990625000000000e+04
6.363108984375000000e+04
4.985853125000000000e+04
5.805932812500000000e+04
5.530501953125000000e+04
4.650357812500000000e+04
4.885085156250000000e+04
1.152887109375000000e+05
4.779445703125000000e+04
5.967010156250000000e+04
4.454964453125000000e+04
5.116170312500000000e+04
6.026591796875000000e+04
6.016932031250000000e+04
5.655478906250000000e+04
5.770955468750000000e+04
5.764559765625000000e+04
5.786332031250000000e+04
5.486758593750000000e+04
5.376267187500000000e+04
4.501839062500000000e+04
7.973360156250000000e+04
4.473105078125000000e+04
4.438682812500000000e+04
4.662200000000000000e+04
2.425547656250000000e+04
2.365876171875000000e+04
2.739112109375000000e+04
1.463591308593750000e+03
1.485753662109375000e+03
5.558721679687500000e+03
1.804007031250000000e+04
1.497226562500000000e+04
1.440874804687500000e+04
9.904642578125000000e+03
1.338254394531250000e+03
1.123487109375000000e+04
8.224169531250000000e+04
2.159361816406250000e+03
1.485360937500000000e+04
1.351311035156250000e+03
1.164468750000000000e+04
1.219976757812500000e+04
1.578295214843750000e+04
1.201198339843750000e+04
1.352971191406250000e+04
1.632482812500000000e+04
1.396532714843750000e+04
2.711222167968750000e+03
1.220821875000000000e+04
1.991772583007812500e+03
1.355000195312500000e+04
2.267374267578125000e+03
2.632263671875000000e+03
2.362739501953125000e+03
2.317796679687500000e+04
4.301444531250000000e+04
2.384793554687500000e+04
2.237141015625000000e+04
2.088213671875000000e+04
2.883063867187500000e+04
1.546258593750000000e+04
2.163648437500000000e+04
1.921275781250000000e+04
2.386473828125000000e+04
1.830159375000000000e+04
8.063251562500000000e+04
2.120502734375000000e+04
2.242331445312500000e+04
2.312895507812500000e+04
1.875166796875000000e+04
2.033669140625000000e+04
2.228724804687500000e+04
2.050404687500000000e+04
1.946434375000000000e+04
2.213240234375000000e+04
2.200892187500000000e+04
2.288237304687500000e+04
1.936686914062500000e+04
2.214848242187500000e+04
4.862585937500000000e+04
2.235132812500000000e+04
1.911968359375000000e+04
2.215990234375000000e+04
3.451399609375000000e+04
2.416741406250000000e+04
2.235595312500000000e+04
2.517115234375000000e+04
1.982307031250000000e+04
1.557890234375000000e+04
5.384155273437500000e+03
3.826572509765625000e+03
2.351139648437500000e+04
7.469591796875000000e+03
6.834685156250000000e+04
2.472592578125000000e+04
6.541893554687500000e+03
2.357392578125000000e+04
3.673670898437500000e+03
4.761540527343750000e+03
5.598822265625000000e+03
2.996868652343750000e+03
4.940081542968750000e+03
6.730635742187500000e+03
5.212043945312500000e+03
2.827307421875000000e+04
4.118196777343750000e+03
2.518070312500000000e+04
5.018700390625000000e+04
2.671837109375000000e+04
1.935972460937500000e+04
2.712769531250000000e+04
2.640035546875000000e+04
2.166747656250000000e+04
2.700308203125000000e+04
2.522446875000000000e+04
2.598713476562500000e+04
1.452835156250000000e+04
9.278105468750000000e+03
2.658762890625000000e+04
1.425391113281250000e+04
8.627326562500000000e+04
2.614775000000000000e+04
1.564608203125000000e+04
2.552461718750000000e+04
1.615013183593750000e+04
1.383028417968750000e+04
1.560011523437500000e+04
1.425278125000000000e+04
1.768879687500000000e+04
2.024857812500000000e+04
1.730620312500000000e+04
2.760907421875000000e+04
1.759278515625000000e+04
2.447325000000000000e+04
1.255263867187500000e+04
3.041369531250000000e+04
2.201935546875000000e+04
2.955797265625000000e+04
1.680302856445312500e+03
6.328389648437500000e+03
1.416567968750000000e+04
1.499755078125000000e+04
1.452117382812500000e+04
9.263618164062500000e+03
5.119504394531250000e+02
1.201708398437500000e+04
8.470954687500000000e+04
2.068054687500000000e+03
1.430834277343750000e+04
1.085632324218750000e+03
1.133444335937500000e+04
1.144363476562500000e+04
1.558716796875000000e+04
1.159809179687500000e+04
1.367576171875000000e+04
1.609083398437500000e+04
1.331904492187500000e+04
2.625068359375000000e+03
1.249276367187500000e+04
8.261406250000000000e+02
1.066425000000000000e+04
3.065153564453125000e+03
2.380265380859375000e+03
1.349048095703125000e+03
5.303602050781250000e+03
1.610890820312500000e+04
1.600230859375000000e+04
1.202848437500000000e+04
7.016789062500000000e+03
1.316260986328125000e+03
9.710773437500000000e+03
7.335089062500000000e+04
1.525650268554687500e+03
1.239992968750000000e+04
1.052873046875000000e+03
1.012274218750000000e+04
1.007170507812500000e+04
1.380462988281250000e+04
9.848785156250000000e+03
1.225405566406250000e+04
1.514495507812500000e+04
1.241535839843750000e+04
2.009793090820312500e+03
1.146769531250000000e+04
1.621730834960937500e+03
9.236199218750000000e+03
3.340248291015625000e+03
2.112654052734375000e+03
2.236000488281250000e+03
2.128896093750000000e+04
1.117987304687500000e+04
1.605390625000000000e+04
1.142263867187500000e+04
6.539501953125000000e+03
1.270668457031250000e+04
7.257703125000000000e+04
5.754020507812500000e+03
1.674314843750000000e+04
6.081048339843750000e+03
1.399161035156250000e+04
1.427882421875000000e+04
1.715810156250000000e+04
1.453189453125000000e+04
1.524036035156250000e+04
1.728638281250000000e+04
1.636340136718750000e+04
5.437862792968750000e+03
1.385893554687500000e+04
6.361891601562500000e+03
1.746214062500000000e+04
7.033127441406250000e+03
4.016604492187500000e+03
6.901024414062500000e+03
1.948467187500000000e+04
1.087826171875000000e+04
9.748027343750000000e+03
1.382258886718750000e+04
1.293470703125000000e+04
5.971931250000000000e+04
1.937562890625000000e+04
9.453530273437500000e+03
1.689218945312500000e+04
1.038804101562500000e+04
9.854945312500000000e+03
1.192727148437500000e+04
1.016477539062500000e+04
1.214546289062500000e+04
1.008271582031250000e+04
7.885762695312500000e+03
1.920753320312500000e+04
1.067989941406250000e+04
1.416340039062500000e+04
2.186205273437500000e+04
2.481500195312500000e+04
1.961654492187500000e+04
1.647769726562500000e+04
1.296130078125000000e+04
9.026992187500000000e+03
1.569812597656250000e+04
1.288930078125000000e+04
6.725287500000000000e+04
1.518934667968750000e+04
1.513256933593750000e+04
1.583392187500000000e+04
1.002153515625000000e+04
1.032039062500000000e+04
1.212435253906250000e+04
1.060340527343750000e+04
1.038592285156250000e+04
1.301644628906250000e+04
1.164220312500000000e+04
1.540611328125000000e+04
9.051945312500000000e+03
1.493855957031250000e+04
3.131148046875000000e+04
1.593792578125000000e+04
1.300430859375000000e+04
1.556937402343750000e+04
2.146364257812500000e+03
1.413259960937500000e+04
3.600844726562500000e+03
5.797983593750000000e+04
1.474352734375000000e+04
1.893500732421875000e+03
1.354017773437500000e+04
2.345992187500000000e+03
1.821761718750000000e+03
2.511943603515625000e+03
1.574340087890625000e+03
1.567578613281250000e+03
3.189301269531250000e+03
1.791209960937500000e+03
1.654724414062500000e+04
2.142297119140625000e+03
1.386563574218750000e+04
2.091327539062500000e+04
1.867101562500000000e+04
1.028569726562500000e+04
1.658745117187500000e+04
8.787622070312500000e+03
3.405414550781250000e+03
6.167764843750000000e+04
9.267294921875000000e+03
2.363301269531250000e+03
8.387123046875000000e+03
1.041552001953125000e+03
6.172639160156250000e+02
2.054420898437500000e+03
5.618537597656250000e+02
1.381739013671875000e+03
3.627041015625000000e+03
1.743612915039062500e+03
1.082661718750000000e+04
1.353965087890625000e+03
8.434583984375000000e+03
1.079114355468750000e+04
1.286045898437500000e+04
8.296459960937500000e+03
1.180327734375000000e+04
1.150982812500000000e+04
8.262370312500000000e+04
2.083595947265625000e+03
1.401329296875000000e+04
1.238901855468750000e+03
1.095205175781250000e+04
1.116040722656250000e+04
1.524165234375000000e+04
1.111012695312500000e+04
1.336257324218750000e+04
1.599533691406250000e+04
1.310124414062500000e+04
2.557769775390625000e+03
1.195250195312500000e+04
1.008152465820312500e+03
1.176585937500000000e+04
2.888343505859375000e+03
2.568979003906250000e+03
1.171574951171875000e+03
6.321142578125000000e+04
1.172557031250000000e+04
4.387763671875000000e+03
1.063932324218750000e+04
2.911482910156250000e+03
4.454536132812500000e+03
3.324359375000000000e+03
3.514962890625000000e+03
4.255231933593750000e+03
4.930181152343750000e+03
4.237865722656250000e+03
1.315330371093750000e+04
3.429310058593750000e+03
1.123124218750000000e+04
1.843093554687500000e+04
1.479135351562500000e+04
8.735328125000000000e+03
1.283880468750000000e+04
8.534546093750000000e+04
5.557729687500000000e+04
8.302218750000000000e+04
6.346714062500000000e+04
6.284625000000000000e+04
6.470155078125000000e+04
6.255646875000000000e+04
6.415766406250000000e+04
6.088193359375000000e+04
6.477820312500000000e+04
8.594240625000000000e+04
6.284861718750000000e+04
8.513760937500000000e+04
9.850119531250000000e+04
8.569788281250000000e+04
7.376135156250000000e+04
8.616599218750000000e+04
1.535863769531250000e+04
8.653654785156250000e+02
1.228374218750000000e+04
1.219297460937500000e+04
1.494137207031250000e+04
1.208218652343750000e+04
1.419198242187500000e+04
1.636737207031250000e+04
1.498036035156250000e+04
6.355065917968750000e+02
1.288254394531250000e+04
1.204639648437500000e+03
1.203546289062500000e+04
2.879260742187500000e+03
2.254418457031250000e+03
1.892720581054687500e+03
1.371089355468750000e+04
2.348994384765625000e+03
2.712188476562500000e+03
3.577234619140625000e+03
1.927074951171875000e+03
2.029543212890625000e+03
3.738969726562500000e+03
2.787792724609375000e+03
1.695481250000000000e+04
2.886335449218750000e+03
1.398843457031250000e+04
2.114633007812500000e+04
1.972484765625000000e+04
1.158576953125000000e+04
1.626099121093750000e+04
1.106217285156250000e+04
1.091669726562500000e+04
1.474255273437500000e+04
1.094785937500000000e+04
1.310515234375000000e+04
1.557906054687500000e+04
1.354796093750000000e+04
1.652417236328125000e+03
1.235516796875000000e+04
8.833679199218750000e+02
1.061734179687500000e+04
2.453940917968750000e+03
1.896828613281250000e+03
1.622603027343750000e+03
1.348149414062500000e+03
2.164997802734375000e+03
8.681135253906250000e+02
1.214661376953125000e+03
2.916845458984375000e+03
2.012876708984375000e+03
1.372675976562500000e+04
6.952534179687500000e+02
1.162377343750000000e+04
2.001472460937500000e+04
1.435625585937500000e+04
1.011040527343750000e+04
1.340377539062500000e+04
1.516386230468750000e+03
8.401494140625000000e+02
8.763027343750000000e+02
3.491095947265625000e+03
1.311588623046875000e+03
1.362157812500000000e+04
1.208793945312500000e+03
1.154421093750000000e+04
1.823915625000000000e+04
1.579946679687500000e+04
1.010622851562500000e+04
1.400543945312500000e+04
1.628538330078125000e+03
1.647521728515625000e+03
2.762490722656250000e+03
1.673629394531250000e+03
1.673803710937500000e+04
2.232540527343750000e+03
1.514326562500000000e+04
2.316375195312500000e+04
1.985046875000000000e+04
1.168524511718750000e+04
1.758278515625000000e+04
1.034370117187500000e+03
2.692498291015625000e+03
1.410830810546875000e+03
1.398554492187500000e+04
1.128302001953125000e+03
1.157518750000000000e+04
1.886577734375000000e+04
1.571012304687500000e+04
9.755524414062500000e+03
1.411575390625000000e+04
2.741752197265625000e+03
1.629252685546875000e+03
1.540516796875000000e+04
1.093179199218750000e+03
1.395457617187500000e+04
2.393466406250000000e+04
1.631941406250000000e+04
1.109625000000000000e+04
1.559522167968750000e+04
2.572497314453125000e+03
1.840975781250000000e+04
3.672116210937500000e+03
1.577684960937500000e+04
2.652705859375000000e+04
2.036755859375000000e+04
1.301733789062500000e+04
1.817748046875000000e+04
1.625548046875000000e+04
2.252910400390625000e+03
1.378371093750000000e+04
2.251659960937500000e+04
1.808916796875000000e+04
1.108528320312500000e+04
1.614426074218750000e+04
1.407798242187500000e+04
1.533672973632812500e+03
1.350147851562500000e+04
3.165527343750000000e+03
2.956875000000000000e+03
1.705338867187500000e+03
1.309203320312500000e+04
2.358373046875000000e+04
1.466939355468750000e+04
1.107561718750000000e+04
1.421607421875000000e+04
8.687945312500000000e+03
2.594434570312500000e+03
2.290416503906250000e+03
9.919521484375000000e+02
1.811131445312500000e+04
1.261808105468750000e+04
1.437560937500000000e+04
2.747856201171875000e+03
2.282313476562500000e+03
3.153161621093750000e+03
