4.600000000000000000e+01 8.100000000000000000e+01 1.400735120485778751e+01 2.000000000000000000e+00
1.000000000000000000e+00 4.900000000000000000e+01 1.403024926698357433e+01 2.000000000000000000e+00
7.200000000000000000e+01 1.170000000000000000e+02 1.799363012974194476e+01 2.000000000000000000e+00
9.200000000000000000e+01 1.140000000000000000e+02 1.950961320993983250e+01 2.000000000000000000e+00
7.100000000000000000e+01 8.400000000000000000e+01 2.221538062383498158e+01 2.000000000000000000e+00
5.900000000000000000e+01 1.080000000000000000e+02 2.400108609952905070e+01 2.000000000000000000e+00
2.100000000000000000e+01 3.100000000000000000e+01 2.561241688938019223e+01 2.000000000000000000e+00
5.100000000000000000e+01 5.600000000000000000e+01 2.631114629719468923e+01 2.000000000000000000e+00
9.800000000000000000e+01 1.560000000000000000e+02 2.806755229230828519e+01 3.000000000000000000e+00
9.900000000000000000e+01 1.460000000000000000e+02 2.893012599145334107e+01 2.000000000000000000e+00
3.000000000000000000e+00 1.550000000000000000e+02 2.955780144697756384e+01 3.000000000000000000e+00
8.000000000000000000e+00 9.000000000000000000e+00 3.049755885985337045e+01 2.000000000000000000e+00
6.800000000000000000e+01 9.300000000000000000e+01 3.089466544196688602e+01 2.000000000000000000e+00
6.400000000000000000e+01 1.540000000000000000e+02 3.104344376837653385e+01 3.000000000000000000e+00
8.700000000000000000e+01 1.480000000000000000e+02 3.164441037456203532e+01 2.000000000000000000e+00
4.000000000000000000e+00 7.700000000000000000e+01 3.173153953081456180e+01 2.000000000000000000e+00
1.390000000000000000e+02 1.430000000000000000e+02 3.204694285646907304e+01 2.000000000000000000e+00
2.300000000000000000e+01 1.570000000000000000e+02 3.291004981399620988e+01 3.000000000000000000e+00
1.020000000000000000e+02 1.640000000000000000e+02 3.335047540399281019e+01 3.000000000000000000e+00
6.000000000000000000e+00 1.420000000000000000e+02 3.354386813543165857e+01 2.000000000000000000e+00
5.500000000000000000e+01 1.310000000000000000e+02 3.408807823595064690e+01 2.000000000000000000e+00
3.600000000000000000e+01 1.650000000000000000e+02 3.482564007639594195e+01 3.000000000000000000e+00
1.520000000000000000e+02 1.620000000000000000e+02 3.525515695477226075e+01 3.000000000000000000e+00
1.200000000000000000e+01 1.070000000000000000e+02 3.588919073030820783e+01 2.000000000000000000e+00
5.300000000000000000e+01 1.150000000000000000e+02 3.616841624602050587e+01 2.000000000000000000e+00
6.600000000000000000e+01 1.630000000000000000e+02 3.707718690178560195e+01 4.000000000000000000e+00
1.900000000000000000e+01 4.700000000000000000e+01 3.780570217365318797e+01 2.000000000000000000e+00
3.000000000000000000e+01 6.300000000000000000e+01 3.804669151397150983e+01 2.000000000000000000e+00
2.600000000000000000e+01 1.130000000000000000e+02 3.828629112331064022e+01 2.000000000000000000e+00
1.500000000000000000e+01 1.500000000000000000e+02 3.957280468676837160e+01 2.000000000000000000e+00
5.000000000000000000e+01 1.690000000000000000e+02 4.002087162549869248e+01 3.000000000000000000e+00
1.600000000000000000e+01 4.500000000000000000e+01 4.024544524729540029e+01 2.000000000000000000e+00
2.900000000000000000e+01 4.400000000000000000e+01 4.041392774647879094e+01 2.000000000000000000e+00
5.000000000000000000e+00 9.100000000000000000e+01 4.078116339476363095e+01 2.000000000000000000e+00
1.100000000000000000e+01 1.580000000000000000e+02 4.110515809481952232e+01 3.000000000000000000e+00
1.180000000000000000e+02 1.730000000000000000e+02 4.206158480425222024e+01 3.000000000000000000e+00
8.900000000000000000e+01 1.810000000000000000e+02 4.217012619987420408e+01 3.000000000000000000e+00
1.700000000000000000e+02 1.740000000000000000e+02 4.319482861276156882e+01 6.000000000000000000e+00
1.260000000000000000e+02 1.600000000000000000e+02 4.332668803444416028e+01 3.000000000000000000e+00
7.800000000000000000e+01 1.450000000000000000e+02 4.348545216494947852e+01 2.000000000000000000e+00
8.000000000000000000e+01 1.030000000000000000e+02 4.495736605688357201e+01 2.000000000000000000e+00
7.000000000000000000e+01 1.870000000000000000e+02 4.502254506204454287e+01 4.000000000000000000e+00
3.400000000000000000e+01 1.760000000000000000e+02 4.528314387971864363e+01 3.000000000000000000e+00
1.040000000000000000e+02 1.660000000000000000e+02 4.601306263706611333e+01 4.000000000000000000e+00
1.120000000000000000e+02 1.860000000000000000e+02 4.619112416581404545e+01 3.000000000000000000e+00
1.210000000000000000e+02 1.610000000000000000e+02 4.699438439628246300e+01 4.000000000000000000e+00
6.000000000000000000e+01 1.380000000000000000e+02 4.748711614406526849e+01 2.000000000000000000e+00
3.500000000000000000e+01 1.790000000000000000e+02 4.820199801980039211e+01 3.000000000000000000e+00
1.300000000000000000e+01 1.340000000000000000e+02 4.931956536431325588e+01 2.000000000000000000e+00
3.900000000000000000e+01 9.600000000000000000e+01 5.008257473224550438e+01 2.000000000000000000e+00
6.500000000000000000e+01 1.850000000000000000e+02 5.023553496923218376e+01 3.000000000000000000e+00
2.000000000000000000e+00 7.600000000000000000e+01 5.036747363962044943e+01 2.000000000000000000e+00
9.400000000000000000e+01 1.980000000000000000e+02 5.048553104854592277e+01 5.000000000000000000e+00
2.000000000000000000e+01 4.200000000000000000e+01 5.131151600816413350e+01 2.000000000000000000e+00
3.200000000000000000e+01 1.670000000000000000e+02 5.171100482975977997e+01 3.000000000000000000e+00
8.800000000000000000e+01 9.700000000000000000e+01 5.187164693610829858e+01 2.000000000000000000e+00
4.300000000000000000e+01 2.030000000000000000e+02 5.266024207540287705e+01 4.000000000000000000e+00
8.600000000000000000e+01 1.890000000000000000e+02 5.274613823080748176e+01 4.000000000000000000e+00
1.320000000000000000e+02 1.840000000000000000e+02 5.327386411258773080e+01 3.000000000000000000e+00
1.590000000000000000e+02 1.710000000000000000e+02 5.364766890274255928e+01 5.000000000000000000e+00
1.270000000000000000e+02 1.970000000000000000e+02 5.407913443607719728e+01 4.000000000000000000e+00
3.300000000000000000e+01 1.330000000000000000e+02 5.454853668427792002e+01 2.000000000000000000e+00
1.750000000000000000e+02 1.880000000000000000e+02 5.495766392763197672e+01 6.000000000000000000e+00
1.770000000000000000e+02 2.130000000000000000e+02 5.556219225620978364e+01 6.000000000000000000e+00
1.090000000000000000e+02 1.250000000000000000e+02 5.575582745491040981e+01 2.000000000000000000e+00
5.800000000000000000e+01 8.500000000000000000e+01 5.636155485446924018e+01 2.000000000000000000e+00
4.000000000000000000e+01 1.680000000000000000e+02 5.863727522599826614e+01 3.000000000000000000e+00
2.400000000000000000e+01 1.370000000000000000e+02 5.899049416147951064e+01 2.000000000000000000e+00
7.400000000000000000e+01 1.950000000000000000e+02 5.905201682110885031e+01 4.000000000000000000e+00
1.190000000000000000e+02 2.100000000000000000e+02 5.926170842965740349e+01 5.000000000000000000e+00
1.830000000000000000e+02 2.060000000000000000e+02 5.936202079138983123e+01 5.000000000000000000e+00
5.400000000000000000e+01 2.180000000000000000e+02 6.053013598630356285e+01 3.000000000000000000e+00
5.200000000000000000e+01 2.080000000000000000e+02 6.095638465092899594e+01 3.000000000000000000e+00
6.100000000000000000e+01 1.410000000000000000e+02 6.167227465467169623e+01 2.000000000000000000e+00
3.800000000000000000e+01 1.910000000000000000e+02 6.216099470236368774e+01 4.000000000000000000e+00
7.500000000000000000e+01 1.930000000000000000e+02 6.216370927312926398e+01 3.000000000000000000e+00
7.000000000000000000e+00 1.300000000000000000e+02 6.239034721601289846e+01 2.000000000000000000e+00
1.360000000000000000e+02 2.040000000000000000e+02 6.253556356141871930e+01 3.000000000000000000e+00
9.000000000000000000e+01 1.400000000000000000e+02 6.334515502366800632e+01 2.000000000000000000e+00
6.700000000000000000e+01 1.960000000000000000e+02 6.370744850296433270e+01 5.000000000000000000e+00
6.200000000000000000e+01 1.230000000000000000e+02 6.399310878117054813e+01 2.000000000000000000e+00
2.500000000000000000e+01 1.100000000000000000e+02 6.436894429001424101e+01 2.000000000000000000e+00
1.920000000000000000e+02 2.010000000000000000e+02 6.495193155592500034e+01 4.000000000000000000e+00
1.820000000000000000e+02 2.120000000000000000e+02 6.638860721146473054e+01 7.000000000000000000e+00
0.000000000000000000e+00 3.700000000000000000e+01 6.705322611030291569e+01 2.000000000000000000e+00
7.300000000000000000e+01 1.010000000000000000e+02 6.720943873451146544e+01 2.000000000000000000e+00
1.530000000000000000e+02 1.780000000000000000e+02 6.834748655772327197e+01 6.000000000000000000e+00
2.280000000000000000e+02 2.330000000000000000e+02 6.857732207834988003e+01 5.000000000000000000e+00
1.110000000000000000e+02 2.000000000000000000e+02 6.873857118575206471e+01 4.000000000000000000e+00
1.160000000000000000e+02 1.900000000000000000e+02 6.916605293353207173e+01 7.000000000000000000e+00
2.150000000000000000e+02 2.350000000000000000e+02 6.982424723949230838e+01 1.000000000000000000e+01
2.070000000000000000e+02 2.220000000000000000e+02 7.042293741853276856e+01 8.000000000000000000e+00
1.000000000000000000e+01 1.940000000000000000e+02 7.096033796322824116e+01 5.000000000000000000e+00
2.700000000000000000e+01 1.350000000000000000e+02 7.232962576778865582e+01 2.000000000000000000e+00
2.050000000000000000e+02 2.420000000000000000e+02 7.373116043483604187e+01 1.200000000000000000e+01
1.800000000000000000e+01 2.110000000000000000e+02 7.441214169715897242e+01 4.000000000000000000e+00
2.020000000000000000e+02 2.310000000000000000e+02 7.490805174597417704e+01 4.000000000000000000e+00
1.990000000000000000e+02 2.250000000000000000e+02 7.507385826952230445e+01 5.000000000000000000e+00
1.720000000000000000e+02 2.360000000000000000e+02 7.548080267020534961e+01 9.000000000000000000e+00
4.100000000000000000e+01 4.800000000000000000e+01 7.749732024595235202e+01 2.000000000000000000e+00
1.000000000000000000e+02 1.510000000000000000e+02 7.958241482416785573e+01 2.000000000000000000e+00
2.090000000000000000e+02 2.230000000000000000e+02 7.977242862393187295e+01 9.000000000000000000e+00
2.300000000000000000e+02 2.400000000000000000e+02 8.318511106956214007e+01 8.000000000000000000e+00
1.400000000000000000e+01 2.240000000000000000e+02 8.323316161691597870e+01 4.000000000000000000e+00
2.190000000000000000e+02 2.260000000000000000e+02 8.417471714599426491e+01 5.000000000000000000e+00
5.700000000000000000e+01 2.210000000000000000e+02 8.432340916960997390e+01 5.000000000000000000e+00
1.050000000000000000e+02 2.200000000000000000e+02 8.770438790569389198e+01 3.000000000000000000e+00
1.800000000000000000e+02 2.510000000000000000e+02 8.883383271030649553e+01 1.100000000000000000e+01
1.280000000000000000e+02 2.160000000000000000e+02 8.888718922644846998e+01 7.000000000000000000e+00
1.440000000000000000e+02 2.380000000000000000e+02 8.899223656268897287e+01 3.000000000000000000e+00
1.060000000000000000e+02 1.220000000000000000e+02 9.093155034984971508e+01 2.000000000000000000e+00
1.490000000000000000e+02 2.560000000000000000e+02 9.288422201153504432e+01 5.000000000000000000e+00
2.460000000000000000e+02 2.550000000000000000e+02 9.333068508867361857e+01 1.000000000000000000e+01
2.450000000000000000e+02 2.570000000000000000e+02 9.396856213728544560e+01 1.000000000000000000e+01
7.900000000000000000e+01 2.270000000000000000e+02 9.440985392226430406e+01 5.000000000000000000e+00
8.200000000000000000e+01 2.290000000000000000e+02 9.450000100295150673e+01 3.000000000000000000e+00
2.170000000000000000e+02 2.660000000000000000e+02 9.616695412164754941e+01 1.200000000000000000e+01
2.610000000000000000e+02 2.620000000000000000e+02 9.904351204904158124e+01 1.000000000000000000e+01
1.470000000000000000e+02 2.340000000000000000e+02 9.910456964729328888e+01 3.000000000000000000e+00
2.800000000000000000e+01 2.530000000000000000e+02 1.003192016075880844e+02 3.000000000000000000e+00
2.500000000000000000e+02 2.540000000000000000e+02 1.004916326930080004e+02 1.400000000000000000e+01
9.500000000000000000e+01 2.470000000000000000e+02 1.049167959430618140e+02 1.300000000000000000e+01
2.580000000000000000e+02 2.630000000000000000e+02 1.073667985073994657e+02 7.000000000000000000e+00
2.430000000000000000e+02 2.590000000000000000e+02 1.075023172026457132e+02 1.300000000000000000e+01
2.140000000000000000e+02 2.490000000000000000e+02 1.096685740701013003e+02 6.000000000000000000e+00
2.410000000000000000e+02 2.730000000000000000e+02 1.121631343211765568e+02 1.800000000000000000e+01
2.320000000000000000e+02 2.390000000000000000e+02 1.215369641156876810e+02 1.100000000000000000e+01
2.650000000000000000e+02 2.720000000000000000e+02 1.222968994209186917e+02 1.300000000000000000e+01
2.440000000000000000e+02 2.760000000000000000e+02 1.260497634855768752e+02 2.100000000000000000e+01
2.370000000000000000e+02 2.700000000000000000e+02 1.281198359337819284e+02 1.200000000000000000e+01
1.700000000000000000e+01 2.690000000000000000e+02 1.293448194822780977e+02 1.300000000000000000e+01
2.670000000000000000e+02 2.740000000000000000e+02 1.321587529470904485e+02 1.800000000000000000e+01
2.480000000000000000e+02 2.810000000000000000e+02 1.327027534850842017e+02 2.500000000000000000e+01
1.200000000000000000e+02 2.750000000000000000e+02 1.357660602889176857e+02 8.000000000000000000e+00
2.600000000000000000e+02 2.680000000000000000e+02 1.364385079820089857e+02 1.400000000000000000e+01
2.200000000000000000e+01 6.900000000000000000e+01 1.375158216278805696e+02 2.000000000000000000e+00
2.710000000000000000e+02 2.770000000000000000e+02 1.470373408309008028e+02 9.000000000000000000e+00
8.300000000000000000e+01 2.830000000000000000e+02 1.571215999815353257e+02 1.400000000000000000e+01
2.640000000000000000e+02 2.860000000000000000e+02 1.626574128651315903e+02 1.300000000000000000e+01
2.780000000000000000e+02 2.800000000000000000e+02 1.761551406099340227e+02 3.100000000000000000e+01
2.520000000000000000e+02 2.850000000000000000e+02 1.840754819018629576e+02 2.700000000000000000e+01
2.820000000000000000e+02 2.920000000000000000e+02 1.842192271668436376e+02 4.300000000000000000e+01
2.870000000000000000e+02 2.910000000000000000e+02 2.072609933523097823e+02 2.700000000000000000e+01
2.790000000000000000e+02 2.840000000000000000e+02 2.103633156746093960e+02 2.900000000000000000e+01
1.290000000000000000e+02 2.880000000000000000e+02 2.371036258982445304e+02 3.000000000000000000e+00
2.890000000000000000e+02 2.930000000000000000e+02 2.560010098916291099e+02 3.600000000000000000e+01
2.940000000000000000e+02 2.980000000000000000e+02 3.145502579699920034e+02 7.900000000000000000e+01
2.900000000000000000e+02 2.960000000000000000e+02 3.324964498274771358e+02 4.300000000000000000e+01
2.970000000000000000e+02 2.990000000000000000e+02 3.530410458958634763e+02 8.200000000000000000e+01
2.950000000000000000e+02 3.010000000000000000e+02 4.304575780560405178e+02 1.090000000000000000e+02
1.240000000000000000e+02 3.000000000000000000e+02 5.362947568701114278e+02 4.400000000000000000e+01
3.020000000000000000e+02 3.030000000000000000e+02 6.646945729758457446e+02 1.530000000000000000e+02
