0.000000000000000000e+00 1.400000000000000000e+01 2.032017822265625000e+02 2.000000000000000000e+00
2.600000000000000000e+01 3.700000000000000000e+01 2.491867675781250000e+02 2.000000000000000000e+00
3.600000000000000000e+01 5.400000000000000000e+01 2.753455810546875000e+02 2.000000000000000000e+00
3.200000000000000000e+01 5.100000000000000000e+01 2.976044921875000000e+02 2.000000000000000000e+00
2.700000000000000000e+01 5.200000000000000000e+01 3.071175537109375000e+02 2.000000000000000000e+00
1.000000000000000000e+00 2.900000000000000000e+01 3.228369140625000000e+02 2.000000000000000000e+00
7.000000000000000000e+00 4.000000000000000000e+01 3.706060791015625000e+02 2.000000000000000000e+00
1.900000000000000000e+01 7.800000000000000000e+01 4.229980732695513552e+02 3.000000000000000000e+00
7.500000000000000000e+01 7.600000000000000000e+01 4.333927034544634580e+02 4.000000000000000000e+00
7.300000000000000000e+01 7.900000000000000000e+01 4.496975738077164237e+02 3.000000000000000000e+00
1.500000000000000000e+01 3.400000000000000000e+01 5.063091430664062500e+02 2.000000000000000000e+00
9.000000000000000000e+00 8.000000000000000000e+01 5.115380572011982281e+02 3.000000000000000000e+00
5.800000000000000000e+01 6.800000000000000000e+01 5.358784179687500000e+02 2.000000000000000000e+00
2.000000000000000000e+01 8.100000000000000000e+01 6.046336985286092158e+02 3.000000000000000000e+00
1.100000000000000000e+01 4.800000000000000000e+01 6.143564453125000000e+02 2.000000000000000000e+00
1.300000000000000000e+01 7.000000000000000000e+01 6.295941162109375000e+02 2.000000000000000000e+00
6.300000000000000000e+01 8.300000000000000000e+01 6.501296153730779679e+02 5.000000000000000000e+00
8.200000000000000000e+01 8.800000000000000000e+01 6.784857171297969671e+02 6.000000000000000000e+00
4.700000000000000000e+01 8.600000000000000000e+01 6.812543930586036822e+02 4.000000000000000000e+00
3.000000000000000000e+00 8.400000000000000000e+01 6.962629851662541114e+02 4.000000000000000000e+00
4.000000000000000000e+00 5.600000000000000000e+01 6.970876464843750000e+02 2.000000000000000000e+00
2.100000000000000000e+01 8.900000000000000000e+01 7.213081009455952426e+02 3.000000000000000000e+00
4.500000000000000000e+01 9.000000000000000000e+01 7.761619998466643437e+02 3.000000000000000000e+00
6.700000000000000000e+01 7.200000000000000000e+01 7.767377929687500000e+02 2.000000000000000000e+00
4.300000000000000000e+01 9.300000000000000000e+01 8.003742871925027202e+02 5.000000000000000000e+00
3.500000000000000000e+01 6.900000000000000000e+01 8.124396362304687500e+02 2.000000000000000000e+00
4.600000000000000000e+01 7.400000000000000000e+01 8.202465820312500000e+02 2.000000000000000000e+00
5.000000000000000000e+01 8.700000000000000000e+01 8.389578722128552499e+02 3.000000000000000000e+00
5.700000000000000000e+01 9.400000000000000000e+01 9.365572081824938095e+02 5.000000000000000000e+00
7.700000000000000000e+01 9.500000000000000000e+01 9.652631576671832363e+02 4.000000000000000000e+00
3.000000000000000000e+01 1.010000000000000000e+02 1.012416647851857761e+03 3.000000000000000000e+00
6.000000000000000000e+01 1.020000000000000000e+02 1.035636945514792160e+03 4.000000000000000000e+00
5.900000000000000000e+01 9.800000000000000000e+01 1.050352885226251601e+03 3.000000000000000000e+00
2.000000000000000000e+00 3.800000000000000000e+01 1.063825561523437500e+03 2.000000000000000000e+00
3.100000000000000000e+01 9.700000000000000000e+01 1.075749141463048318e+03 4.000000000000000000e+00
6.200000000000000000e+01 6.600000000000000000e+01 1.163382324218750000e+03 2.000000000000000000e+00
6.100000000000000000e+01 1.070000000000000000e+02 1.191595682181859729e+03 4.000000000000000000e+00
7.100000000000000000e+01 9.200000000000000000e+01 1.275517908333383730e+03 7.000000000000000000e+00
2.500000000000000000e+01 9.600000000000000000e+01 1.291132826639177665e+03 4.000000000000000000e+00
4.400000000000000000e+01 6.500000000000000000e+01 1.291948120117187500e+03 2.000000000000000000e+00
1.800000000000000000e+01 1.060000000000000000e+02 1.437192406558015819e+03 5.000000000000000000e+00
1.200000000000000000e+01 3.300000000000000000e+01 1.459281616210937500e+03 2.000000000000000000e+00
2.800000000000000000e+01 1.030000000000000000e+02 1.480759360164367308e+03 6.000000000000000000e+00
5.300000000000000000e+01 1.000000000000000000e+02 1.482173315751141672e+03 3.000000000000000000e+00
6.000000000000000000e+00 1.050000000000000000e+02 1.483630801993994282e+03 4.000000000000000000e+00
4.100000000000000000e+01 1.170000000000000000e+02 1.549582451181635179e+03 7.000000000000000000e+00
9.900000000000000000e+01 1.040000000000000000e+02 1.561249332192712927e+03 9.000000000000000000e+00
3.900000000000000000e+01 1.120000000000000000e+02 1.644987201948175880e+03 8.000000000000000000e+00
1.700000000000000000e+01 1.160000000000000000e+02 1.798220181596550447e+03 3.000000000000000000e+00
5.000000000000000000e+00 1.000000000000000000e+01 1.884445922851562500e+03 2.000000000000000000e+00
9.100000000000000000e+01 1.210000000000000000e+02 1.886688205634186261e+03 1.400000000000000000e+01
1.110000000000000000e+02 1.150000000000000000e+02 2.026993597830271710e+03 9.000000000000000000e+00
5.500000000000000000e+01 1.190000000000000000e+02 2.059227686132477174e+03 5.000000000000000000e+00
1.130000000000000000e+02 1.140000000000000000e+02 2.626438881503603625e+03 6.000000000000000000e+00
4.900000000000000000e+01 6.400000000000000000e+01 2.693909667968750000e+03 2.000000000000000000e+00
1.200000000000000000e+02 1.270000000000000000e+02 2.797275828105109213e+03 1.200000000000000000e+01
1.090000000000000000e+02 1.240000000000000000e+02 2.866516890848908133e+03 6.000000000000000000e+00
4.200000000000000000e+01 1.280000000000000000e+02 3.088568238257090343e+03 7.000000000000000000e+00
1.250000000000000000e+02 1.260000000000000000e+02 3.308169081728017318e+03 2.300000000000000000e+01
1.080000000000000000e+02 1.180000000000000000e+02 3.498055382486083545e+03 5.000000000000000000e+00
1.310000000000000000e+02 1.330000000000000000e+02 4.150188194961615409e+03 2.900000000000000000e+01
2.200000000000000000e+01 1.220000000000000000e+02 4.858625230920622016e+03 9.000000000000000000e+00
1.600000000000000000e+01 1.350000000000000000e+02 5.650809962177208035e+03 3.000000000000000000e+01
1.230000000000000000e+02 1.300000000000000000e+02 5.812660197824344323e+03 1.500000000000000000e+01
2.400000000000000000e+01 1.360000000000000000e+02 5.894239614732066002e+03 1.000000000000000000e+01
1.290000000000000000e+02 1.370000000000000000e+02 8.243842571855633651e+03 3.200000000000000000e+01
8.000000000000000000e+00 1.320000000000000000e+02 8.627261114939570689e+03 8.000000000000000000e+00
1.340000000000000000e+02 1.400000000000000000e+02 9.190663260990888375e+03 3.700000000000000000e+01
1.380000000000000000e+02 1.390000000000000000e+02 9.514439242152697261e+03 2.500000000000000000e+01
8.500000000000000000e+01 1.430000000000000000e+02 1.271245466072390991e+04 2.700000000000000000e+01
1.100000000000000000e+02 1.440000000000000000e+02 1.534635657904050640e+04 2.900000000000000000e+01
1.410000000000000000e+02 1.420000000000000000e+02 1.653010716223441705e+04 4.500000000000000000e+01
1.450000000000000000e+02 1.460000000000000000e+02 3.681360146864864510e+04 7.400000000000000000e+01
2.300000000000000000e+01 1.470000000000000000e+02 5.159344047944308113e+04 7.500000000000000000e+01
