6.900000000000000000e+01 7.000000000000000000e+01 1.011714596996818294e+01 2.000000000000000000e+00
1.200000000000000000e+01 2.100000000000000000e+01 1.092814391788107642e+01 2.000000000000000000e+00
1.500000000000000000e+01 5.900000000000000000e+01 1.168529193088340357e+01 2.000000000000000000e+00
6.000000000000000000e+00 5.100000000000000000e+01 1.582052612168654093e+01 2.000000000000000000e+00
1.700000000000000000e+01 3.100000000000000000e+01 1.698099320149812641e+01 2.000000000000000000e+00
1.600000000000000000e+01 7.400000000000000000e+01 1.766196556690281128e+01 3.000000000000000000e+00
3.500000000000000000e+01 7.500000000000000000e+01 1.889159765480307840e+01 3.000000000000000000e+00
3.800000000000000000e+01 4.100000000000000000e+01 1.894187775161874754e+01 2.000000000000000000e+00
2.300000000000000000e+01 7.700000000000000000e+01 2.068105220994261373e+01 3.000000000000000000e+00
1.000000000000000000e+00 7.900000000000000000e+01 2.085059810959873161e+01 4.000000000000000000e+00
8.000000000000000000e+00 4.900000000000000000e+01 2.277673388233840512e+01 2.000000000000000000e+00
9.000000000000000000e+00 7.600000000000000000e+01 2.318583127568529889e+01 3.000000000000000000e+00
4.500000000000000000e+01 8.200000000000000000e+01 2.329698174532883925e+01 4.000000000000000000e+00
0.000000000000000000e+00 8.000000000000000000e+01 2.394706010524981110e+01 4.000000000000000000e+00
2.800000000000000000e+01 8.600000000000000000e+01 2.643272427782151013e+01 5.000000000000000000e+00
1.800000000000000000e+01 3.300000000000000000e+01 2.658609075957591372e+01 2.000000000000000000e+00
5.200000000000000000e+01 5.300000000000000000e+01 2.771316036918943482e+01 2.000000000000000000e+00
1.100000000000000000e+01 2.000000000000000000e+01 2.771906799263318888e+01 2.000000000000000000e+00
5.700000000000000000e+01 8.800000000000000000e+01 3.085085081836221121e+01 6.000000000000000000e+00
1.000000000000000000e+01 3.600000000000000000e+01 3.302479423518266799e+01 2.000000000000000000e+00
5.000000000000000000e+01 6.200000000000000000e+01 3.386072571628876204e+01 2.000000000000000000e+00
3.000000000000000000e+00 5.000000000000000000e+00 3.401252111558287083e+01 2.000000000000000000e+00
3.900000000000000000e+01 9.100000000000000000e+01 3.422957997985026424e+01 3.000000000000000000e+00
5.400000000000000000e+01 5.600000000000000000e+01 3.430809748806130699e+01 2.000000000000000000e+00
4.600000000000000000e+01 8.400000000000000000e+01 3.505212307181535181e+01 3.000000000000000000e+00
5.500000000000000000e+01 9.200000000000000000e+01 3.587716283808069306e+01 7.000000000000000000e+00
1.400000000000000000e+01 7.800000000000000000e+01 3.809236347711587456e+01 3.000000000000000000e+00
4.700000000000000000e+01 5.800000000000000000e+01 3.832201833853030593e+01 2.000000000000000000e+00
6.100000000000000000e+01 7.100000000000000000e+01 3.834908967079181252e+01 2.000000000000000000e+00
8.500000000000000000e+01 9.900000000000000000e+01 3.865219527596273252e+01 1.000000000000000000e+01
1.300000000000000000e+01 7.300000000000000000e+01 3.884449255879961527e+01 2.000000000000000000e+00
4.800000000000000000e+01 8.300000000000000000e+01 3.975872978417920223e+01 5.000000000000000000e+00
7.000000000000000000e+00 2.500000000000000000e+01 3.979340423618149458e+01 2.000000000000000000e+00
6.700000000000000000e+01 9.000000000000000000e+01 4.039090590869996333e+01 3.000000000000000000e+00
3.400000000000000000e+01 1.000000000000000000e+02 4.187086611525181468e+01 4.000000000000000000e+00
4.000000000000000000e+00 6.000000000000000000e+01 4.389696563053995959e+01 2.000000000000000000e+00
8.900000000000000000e+01 9.800000000000000000e+01 4.425596784232957503e+01 5.000000000000000000e+00
9.400000000000000000e+01 1.010000000000000000e+02 4.539289066186533717e+01 4.000000000000000000e+00
8.700000000000000000e+01 1.050000000000000000e+02 4.541354493369403400e+01 9.000000000000000000e+00
1.900000000000000000e+01 6.500000000000000000e+01 4.554334414392149455e+01 2.000000000000000000e+00
2.000000000000000000e+00 8.100000000000000000e+01 4.565305163958572621e+01 3.000000000000000000e+00
2.900000000000000000e+01 1.090000000000000000e+02 4.625560362287479421e+01 3.000000000000000000e+00
3.700000000000000000e+01 1.030000000000000000e+02 5.499531243525631652e+01 1.100000000000000000e+01
9.300000000000000000e+01 9.600000000000000000e+01 5.605940086089263730e+01 5.000000000000000000e+00
2.200000000000000000e+01 4.300000000000000000e+01 5.705144656915690859e+01 2.000000000000000000e+00
4.000000000000000000e+01 1.120000000000000000e+02 5.977856779900620410e+01 1.000000000000000000e+01
9.700000000000000000e+01 1.150000000000000000e+02 6.415626604307495029e+01 5.000000000000000000e+00
4.400000000000000000e+01 1.100000000000000000e+02 6.910043335992497759e+01 6.000000000000000000e+00
1.130000000000000000e+02 1.180000000000000000e+02 6.968579577930212565e+01 4.000000000000000000e+00
1.060000000000000000e+02 1.140000000000000000e+02 6.981503775171648840e+01 5.000000000000000000e+00
4.200000000000000000e+01 7.200000000000000000e+01 7.176558050633536823e+01 2.000000000000000000e+00
1.110000000000000000e+02 1.160000000000000000e+02 7.262052619229079653e+01 1.500000000000000000e+01
6.300000000000000000e+01 1.020000000000000000e+02 7.568603824639477295e+01 3.000000000000000000e+00
2.600000000000000000e+01 1.080000000000000000e+02 7.837494418242390282e+01 5.000000000000000000e+00
1.070000000000000000e+02 1.250000000000000000e+02 7.989601545497821178e+01 1.800000000000000000e+01
2.700000000000000000e+01 6.400000000000000000e+01 8.100158627405986067e+01 2.000000000000000000e+00
9.500000000000000000e+01 1.240000000000000000e+02 9.334902677829263951e+01 4.000000000000000000e+00
3.200000000000000000e+01 6.800000000000000000e+01 9.604241199117601013e+01 2.000000000000000000e+00
1.170000000000000000e+02 1.210000000000000000e+02 9.676379282567167195e+01 1.100000000000000000e+01
1.040000000000000000e+02 1.200000000000000000e+02 1.009881383788902554e+02 7.000000000000000000e+00
3.000000000000000000e+01 1.220000000000000000e+02 1.055351588288962432e+02 5.000000000000000000e+00
1.260000000000000000e+02 1.320000000000000000e+02 1.182770381908318029e+02 1.400000000000000000e+01
1.280000000000000000e+02 1.310000000000000000e+02 1.482878169798360659e+02 2.000000000000000000e+01
1.190000000000000000e+02 1.330000000000000000e+02 1.546215786027940453e+02 1.700000000000000000e+01
1.340000000000000000e+02 1.360000000000000000e+02 1.563983518042259391e+02 2.500000000000000000e+01
1.270000000000000000e+02 1.350000000000000000e+02 1.578975178381599278e+02 1.900000000000000000e+01
1.290000000000000000e+02 1.380000000000000000e+02 1.690755417771412112e+02 2.700000000000000000e+01
1.370000000000000000e+02 1.390000000000000000e+02 2.276524478283341466e+02 3.600000000000000000e+01
1.230000000000000000e+02 1.300000000000000000e+02 2.304044672752680185e+02 9.000000000000000000e+00
6.600000000000000000e+01 1.400000000000000000e+02 2.379068461699350507e+02 2.800000000000000000e+01
2.400000000000000000e+01 1.430000000000000000e+02 2.833223072801136482e+02 2.900000000000000000e+01
1.410000000000000000e+02 1.420000000000000000e+02 4.222342081354991024e+02 4.500000000000000000e+01
1.440000000000000000e+02 1.450000000000000000e+02 7.144079409195775270e+02 7.400000000000000000e+01
