1.702902202064134940e+02
1.631985247837318411e+02
2.634389096914231345e+02
1.591100498692029248e+02
2.823751881052634189e+02
1.998246263185264127e+02
1.840228787364527818e+02
2.635512255769928061e+02
1.525079178876974026e+02
1.699021665999640334e+02
1.081163279066061023e+02
2.094911572056900013e+02
1.558649843598658151e+02
1.742524864371273736e+02
1.823770430256329860e+02
1.060909293386559682e+02
1.512331634891355634e+02
1.461787667655352152e+02
1.920373246919895394e+02
1.090364677881691762e+02
1.085607248579538435e+02
1.594434910362127198e+02
1.587238726043559893e+02
1.518401659436037221e+02
2.282082937554737612e+02
1.081495508783388289e+02
1.819712017154565729e+02
2.314623733355836066e+02
1.808363174926494139e+02
1.158932525841043883e+02
1.697886131226695738e+02
1.030105812564957972e+02
1.707685578307593914e+02
1.920215297164272101e+02
1.643126702101502872e+02
2.489941040994234811e+02
1.516201992544930874e+02
1.132216449138577303e+02
1.555146115507290574e+02
1.082577148069695880e+02
8.509409241858175221e+01
1.133287549930202687e+02
1.112931948756031204e+02
1.220870375017969991e+02
1.381189404013958608e+02
2.901346725658689820e+02
2.868003215699922634e+02
1.904947260161742406e+02
1.196208387494814929e+02
1.261725713358355563e+02
2.041839760498060343e+02
1.827051582512255550e+02
8.209802145751751823e+01
1.431687556732149460e+02
1.177544978745194157e+02
1.395694848278532163e+02
1.892984528723134474e+02
1.144844680533792030e+02
1.677507269862916530e+02
1.097166436207929507e+02
1.754562244921195600e+02
1.086908298808497193e+02
1.658988159291127999e+02
1.474545529111304063e+02
1.230800290351532027e+02
1.121764989864908557e+02
2.238084636501945681e+02
1.746866943891332369e+02
1.665966076136168681e+02
1.753572402778672199e+02
1.575094265245018903e+02
1.541387495575037008e+02
1.066324332345989632e+02
7.860003704562225835e+01
1.224216945301128305e+02
7.608121542241033808e+01
1.185586458340782627e+02
1.076003403545177264e+02
5.332164149382946050e+01
1.087382281345412594e+02
7.411946623233845344e+01
1.038251707477142531e+02
8.657512590274011188e+01
8.934898753561147089e+01
1.175666693830346219e+02
1.490129638808597967e+01
5.348635051465739565e+01
9.454564118727502375e+01
7.303047655487620204e+01
1.645008087142077500e+02
8.752736561824424655e+01
9.773424808617191673e+01
9.113073490812008970e+01
8.325978874669758056e+01
4.846462710558332532e+01
5.513928938586312967e+01
1.086688415135569414e+02
1.213199023513641777e+02
3.186942336345696347e+01
6.216696724100889782e+01
2.880410876937649505e+02
9.603651606098415527e+01
4.895604338865220484e+01
1.347317126618354735e+02
8.274310340730379210e+01
9.257776716154292274e+01
8.157692249228097126e+01
9.847948699918218551e+01
7.187815918253878067e+01
1.221111182091260474e+02
7.643741274288559850e+01
9.251358331720771844e+01
1.474657868851284661e+02
1.003393681074316959e+02
8.974692686622751125e+01
1.055862857539511594e+02
1.587246843452743121e+02
1.909512440434106679e+02
1.278809967416961513e+02
9.506201440603783226e+01
1.350686656715226945e+02
1.732048007248536408e+02
1.290460830366983203e+02
3.038430159038641776e+01
1.210004260116823502e+02
1.051916336797065696e+02
1.030437631435273289e+02
7.829223408099187509e+01
6.246442953117854557e+01
1.262406339351618243e+02
9.262105472333709599e+01
1.157330514388537921e+02
5.227821508613672563e+01
1.037490181539028384e+02
3.772124482199532025e+01
7.376241010486370442e+01
1.132089019270147645e+02
9.524464009955548249e+01
1.648877194819089027e+02
5.596114733337152813e+01
1.079561477149508448e+02
7.842041719163709956e+01
7.262810634341838067e+01
5.632068306719547479e+01
1.147965454103755292e+02
1.544074975445545022e+02
1.489899032313098459e+01
1.483074920935126499e+02
6.213491467247976630e+01
5.760160567207200444e+01
1.311117302942140554e+02
2.461528569297572133e+01
6.540911207134418248e+01
7.325182876436362278e+01
8.227951271903454256e+01
8.973217987267264562e+01
7.208906670146727436e+01
5.892819055644724102e+01
7.626156134104604689e+01
2.308953776594193741e+01
1.477888445751395068e+02
8.015044284398578611e+01
9.931175786398115690e+01
7.911200437307222444e+01
2.086493593130364488e+01
5.146233568601420671e+01
4.201939674404651726e+01
9.395730271519236965e+01
1.083290708667632316e+02
8.584587558590565948e+01
1.221426316036022257e+02
2.787885610937726710e+02
7.225980037886344576e+01
6.161438572543976022e+01
1.178559782613839246e+02
5.517416950983442803e+01
6.512497628994019294e+01
6.703768813457367060e+01
1.220626608271827962e+02
2.609485741391792857e+01
9.631295418301152722e+01
1.424190796100426049e+01
7.428786699442834163e+01
1.302382499929067308e+02
7.352982968800959895e+01
6.819225930156891025e+01
9.449186170802489926e+01
1.470681048922545244e+02
2.022118611917471185e+02
1.576705825527106697e+02
9.481360125418723328e+01
1.104239488977173664e+02
1.596965242435495895e+02
1.340600955739664641e+02
7.222848936677866050e+01
1.063770675422151868e+02
5.162853464070609988e+01
7.931352819316492742e+01
6.610849013283291242e+01
7.040353853728210254e+01
9.860397870476673177e+01
5.735874949950307666e+01
9.911336881861353731e+01
6.087372150861715170e+01
8.410440024790210600e+01
5.525357544633950369e+01
3.931005688393279485e+01
9.063547245103620753e+01
7.258390000022376398e+01
1.672658730707992731e+02
5.717943318497752614e+01
1.011831728356806934e+02
3.293826279609783825e+01
1.159055409812900095e+01
4.051023541881534840e+01
9.541825281102040890e+01
1.605829608426344919e+02
4.348238011272112402e+01
1.312387732090404313e+02
1.439998536550097583e+02
5.421731893688264137e+01
1.633706668964751998e+02
1.588449547837462887e+02
1.854182862501017155e+02
9.826944683203063846e+01
2.117624797446900402e+02
1.185819132368796858e+02
1.534632255024600909e+02
1.899118775196545812e+02
1.626769184089381781e+02
2.628160259312097082e+02
1.049021254695789906e+02
1.992786115894168688e+02
1.911680747640732250e+02
1.666492311493693421e+02
1.466408630905542338e+02
1.512399600734215142e+02
1.004056087248470277e+02
2.181300308190659791e+02
1.273843910690846570e+02
1.433689081874923374e+02
3.742012331283999060e+02
1.936273419672360774e+02
1.426181806357465121e+02
2.210142271197440493e+02
1.408828378328491908e+02
1.068264415063884059e+02
1.605030518093947478e+02
4.057984586141549954e+01
1.594476624299636853e+02
2.132390176809691411e+02
1.578220849830267412e+02
1.879011079557432708e+02
2.270490739509522484e+02
1.999892704161647714e+02
1.845614105312737365e+02
1.971609335565848937e+02
2.515266768500615058e+02
1.234618414744735446e+02
4.455360977581399595e+01
1.832551993919776123e+02
2.276623685260803143e+02
2.656196798540563009e+02
1.092700781471181557e+02
1.186052200728704520e+02
2.085276658792988371e+02
1.808289364500790271e+02
1.996299060073442320e+02
1.719235692122678927e+02
1.661418146556696627e+02
2.212016940887471321e+02
1.424914097185324238e+02
2.068021252880971019e+02
1.471133135005906070e+02
2.015898188882533759e+02
1.346025004583505336e+02
1.551803241687570960e+02
2.057038753781126275e+02
1.929013315114401337e+02
2.958561819779092730e+02
1.354006162156935034e+02
2.003942509604753468e+02
1.354705970968542772e+02
1.506638705635188558e+02
1.479995838526835144e+02
2.140564203271126757e+02
1.560621702765440091e+02
6.330393677644592287e+01
5.425886220024092665e+01
1.362651553239221585e+02
1.423606267892063215e+01
6.794347385261598049e+01
7.235833851959911556e+01
8.265077423153432790e+01
8.789370133085681402e+01
7.093983767016929676e+01
5.250251128187172611e+01
7.529346915913785665e+01
1.575986519140271724e+01
1.408364818730039190e+02
8.348511468903441823e+01
9.339546791363066802e+01
7.669160974852034940e+01
1.384065573189039355e+01
4.209133208448547947e+01
3.205445765285333692e+01
1.009152606128990328e+02
1.051701794826476544e+02
8.217066125002068588e+01
1.191571141599000612e+02
2.767620838894970348e+02
7.068130336219360288e+01
5.468755866427713386e+01
1.158449048476740870e+02
5.964777372052927262e+01
6.900874545235026858e+01
6.278917170444142926e+01
1.261127717011672900e+02
1.946578343824057100e+01
8.873375267420888690e+01
7.755122631620275264e+00
7.331389840167086902e+01
1.301678704436796465e+02
7.109038921506321174e+01
6.842164010279653041e+01
9.291003224401683269e+01
1.450783068206235384e+02
2.127723961827892936e+02
1.620366283900874294e+02
8.905353378431986755e+01
1.095903755327459663e+02
1.528921978717017396e+02
1.403154586969493778e+02
7.155270217953363954e+01
1.030013764097383557e+02
5.042193153896011637e+01
7.647445006881083884e+01
5.908698556537976998e+01
5.818532903665237654e+01
9.430278139887410305e+01
5.979536867571150083e+01
1.001357233773434530e+02
5.619192837697374188e+01
7.917051897721222531e+01
5.153227231180992618e+01
3.708788938305938387e+01
8.871626666245582271e+01
6.787100862402873247e+01
1.398383191580299183e+02
5.754740987998061996e+01
9.224671012775721124e+01
3.441184172554928722e+01
1.278544339538446906e+01
3.241091740376482022e+01
8.814085439923033505e+01
1.253693831208135094e+02
1.407865740403314305e+02
2.575861617146579619e+01
1.615701679128053172e+02
1.677350661909080145e+02
1.989497490762097982e+02
1.089260136253850249e+02
2.177665414078273614e+02
1.136900505100772989e+02
1.481672602287903260e+02
2.008612360875193872e+02
1.593329689690377506e+02
2.734723341526967033e+02
1.106321266595264063e+02
2.170136453564198291e+02
2.042366224943242230e+02
1.632754394081053704e+02
1.433000618457299424e+02
1.494760593470009837e+02
1.115219968647576394e+02
2.298983656882562627e+02
1.256192213101573003e+02
1.399458220280686760e+02
3.965554836914798216e+02
2.006845032265662780e+02
1.437731645307050030e+02
2.355715746904046455e+02
1.395961638907826909e+02
1.074255461504874916e+02
1.578635859672935169e+02
4.304698417803617616e+01
1.580131819891075793e+02
2.210882533621753225e+02
1.534095847880067254e+02
2.009520699102365882e+02
2.434656850736604667e+02
2.071908816663589334e+02
1.997557911213442026e+02
2.132153717871337051e+02
2.688820074299810017e+02
1.427634122336423275e+02
4.940984167329668963e+01
1.860337583335971487e+02
2.355713702482704264e+02
2.850027482675325814e+02
1.463523221655556483e+02
1.118277796319907935e+02
2.231503213606770828e+02
1.910822886035753925e+02
2.071222713666745676e+02
1.710922871827898462e+02
1.603069419198573371e+02
2.311831293567656758e+02
1.433207402458652098e+02
2.223034959981232532e+02
1.442785791025428352e+02
2.105799810600584010e+02
1.361743134390807484e+02
1.639967889848940956e+02
2.172777075033687595e+02
2.019438015493981027e+02
3.151048998037771867e+02
1.336208191593827905e+02
2.107611665508305805e+02
1.275972482915741182e+02
1.450104350502513171e+02
1.511234279509554312e+02
2.217772736272887641e+02
9.071883050328274578e+01
1.127862386126289209e+02
6.694536994542221464e+01
7.452672068941546968e+01
1.186041057273749288e+02
6.144275889802599977e+01
1.450785967434192116e+02
1.083242756730302148e+02
1.055103565587006642e+02
1.202824580552413494e+02
6.622090689974399425e+01
1.888811497508381478e+02
4.548465676819952819e+01
1.293275178699354626e+02
1.182028364307768129e+02
6.863797220335186466e+01
7.966186052098943549e+01
7.171095257157401193e+01
7.506371120808944397e+01
1.474961827439010165e+02
1.150868453896185457e+02
1.402333775094244572e+02
3.117292178798340956e+02
1.209055448457676221e+02
8.349593962962075011e+01
1.544541483631833216e+02
3.732111765546376603e+01
3.464283041873028424e+01
1.087678075549345067e+02
1.085655122821012668e+02
6.217477667725493973e+01
1.426452583020830787e+02
5.971753424190647053e+01
1.184736600547588665e+02
1.720070720006395959e+02
1.291911423387143714e+02
1.225959563233233354e+02
1.339324425029745100e+02
1.870681396607192823e+02
1.221184309561535031e+02
1.395456917804327475e+02
1.359587845317442714e+02
1.555694953692745059e+02
1.925968357350682822e+02
1.093388483235838748e+02
1.021861620598937606e+02
1.440419644682508817e+02
1.047337908376268274e+02
1.285093849310894711e+02
1.065569920485083060e+02
1.048366767749337498e+02
1.539961450104630956e+02
4.041223525954890761e+01
1.465713663996021126e+02
9.211497414074645462e+01
1.198255997222148750e+02
8.329293154259745791e+01
7.210883633030938711e+01
1.389193613230665676e+02
1.211297942930192164e+02
2.534497850646380925e+02
6.890727650990488939e+01
1.284783931823160401e+02
4.222310614924792560e+01
5.446868551485009391e+01
6.286288671038035147e+01
1.356965147978334016e+02
1.118899723743114549e+02
5.539322221755499953e+01
9.971839055872180779e+01
9.229571474189700098e+01
6.666929808742877128e+01
1.201220100825667885e+02
4.832923463696040045e+01
3.318363997166315471e+01
9.515553471741105795e+01
5.317371734540362382e+01
1.689948773089508336e+02
8.054853612221522496e+01
1.098938115420260004e+02
9.726192929988472713e+01
5.952252761249962276e+01
3.655387656435672028e+01
4.122084304492391027e+01
7.836168966277770664e+01
1.313028747736134392e+02
5.254228050664065108e+01
6.864181022882863203e+01
3.022351151086880918e+02
9.311444750134926096e+01
3.369070018491227358e+01
1.404107897040120747e+02
7.323911306898600060e+01
8.133253152855738222e+01
6.283968791584265290e+01
9.769431492016843777e+01
4.929804386411635875e+01
1.214766638495984523e+02
5.404331579611353931e+01
9.284587081231744321e+01
1.614411525427272238e+02
1.018835010738981737e+02
9.049351806751440108e+01
1.038567371532182051e+02
1.705710067262627945e+02
1.787455085306828551e+02
1.306287643851423468e+02
5.581422727232315140e+01
1.360649837025363240e+02
1.817585847876716230e+02
1.064213203780747818e+02
5.519510892558419357e+01
1.265043270506063351e+02
8.815649345477739018e+01
9.996690868681756115e+01
6.292113380997402317e+01
2.533302062865561766e+01
1.271298500723461160e+02
8.676549528213229223e+01
1.184317239576920713e+02
1.312747491566522307e+01
1.065048774690057627e+02
2.099714410247771212e+01
6.861819002792782385e+01
1.141353130428875744e+02
9.664258562032725308e+01
1.937905018114109623e+02
4.110248145114464080e+01
1.019492363568075461e+02
5.846249097674254358e+01
4.822927781063364705e+01
4.597930163978306695e+01
1.175714170108064422e+02
1.408350847189958017e+02
1.527157890750991669e+02
1.809300083824825833e+02
9.502268973039025468e+01
1.995929657789878320e+02
1.058484617538596098e+02
1.197480767634767744e+02
1.807607862573499915e+02
1.391530740848528751e+02
2.524247169293431057e+02
1.063896263154132953e+02
1.996250989600280263e+02
1.853014530568955820e+02
1.400804078417996550e+02
1.288090604561001840e+02
1.319370719165085575e+02
9.556922713534052605e+01
2.124428174124089992e+02
9.149935424533784101e+01
1.057696930631881287e+02
3.778052168700319271e+02
1.818094850107488583e+02
1.292913543669134242e+02
2.157207267810693736e+02
1.301246588955985146e+02
1.043327348558863008e+02
1.445104992744901438e+02
2.718388649207530250e+01
1.370188667336541073e+02
1.981530991437122964e+02
1.340385469297824841e+02
1.807298969862492299e+02
2.249910171653053226e+02
1.872564999081310191e+02
1.784124035739688736e+02
1.938095586268273109e+02
2.444467812974415608e+02
1.400165518194191634e+02
3.323716957923613080e+01
1.570779398953230839e+02
2.155688611395455325e+02
2.641936867236832995e+02
1.275188398575593567e+02
1.049991610674699558e+02
2.061953606054475188e+02
1.703087818450078146e+02
1.850790512681459745e+02
1.552608944746508826e+02
1.313638840097521268e+02
2.101985887748506059e+02
1.315483396019430984e+02
2.008519230089350742e+02
1.168366072301002987e+02
1.896190263918620929e+02
1.189052975460578097e+02
1.441888495899646045e+02
1.971887630108319343e+02
1.798153330891140911e+02
2.734713595090460672e+02
1.237744259557174757e+02
1.911543847855958802e+02
1.133213238070247968e+02
1.271515510494296421e+02
1.349058618849799132e+02
2.001180300311109193e+02
7.171437082826828657e+01
6.560433379822242728e+01
8.306759188513498771e+01
8.482849389170749532e+01
6.982277479973345180e+01
5.934518640171886972e+01
7.171543812743642832e+01
1.116940718053758097e+01
1.333047782935165912e+02
8.615306488725184408e+01
8.657050677823646367e+01
7.166971318353961351e+01
1.465464667519875874e+01
4.117421640794420767e+01
3.059358595748241072e+01
1.061139840678296338e+02
9.878239155602736332e+01
8.077505184126391669e+01
1.201334127511071301e+02
2.703725994185970762e+02
6.905040319842383667e+01
5.124788253999943066e+01
1.118972895051900309e+02
6.001490759410268083e+01
7.574068612554262359e+01
6.348407101645995709e+01
1.279945602299773384e+02
1.495366696586593136e+01
8.548637109747569696e+01
1.279090595437185129e+01
6.834044010093778354e+01
1.260373466163280511e+02
7.005002139990398291e+01
6.327279565436310804e+01
8.643983403586268821e+01
1.414434309093984723e+02
2.251100865738532661e+02
1.650312321459716429e+02
9.407897143420318287e+01
1.092859571779796966e+02
1.478172002479459195e+02
1.432879132745424045e+02
7.535195595622353437e+01
9.919532026522294643e+01
4.977267967014612537e+01
7.084513057371854927e+01
5.944701229779384732e+01
5.603062459435771103e+01
9.297006018946578365e+01
6.275721917071643219e+01
9.541631673084346232e+01
5.535939089147755254e+01
7.586336867878341650e+01
4.983232586085782856e+01
3.339051989946421628e+01
8.439143954941242498e+01
6.379495741832365496e+01
1.281418907007592054e+02
6.224421740402092951e+01
8.971289672324772368e+01
3.982083715206415775e+01
1.875901419478142529e+01
3.231084183654731135e+01
8.078444434301231070e+01
9.837632184021916260e+01
1.056329972983332510e+02
1.078136375129734859e+02
1.024903104357454708e+02
1.069862460744627413e+02
1.062057992400613244e+02
7.110113198302359194e+01
1.748439641005412284e+02
8.529656093511395909e+01
1.188914481256858551e+02
1.044358916231809076e+02
7.251999008467170427e+01
8.416913352923991454e+01
7.874287425058523127e+01
1.111460500904293269e+02
1.232813343062910860e+02
1.078774233543590952e+02
1.418244353539578242e+02
2.818463963325022519e+02
1.096821882191560888e+02
9.007646464909974782e+01
1.364019605896634744e+02
6.822104829576208829e+01
8.257860628530974623e+01
8.845602981982844426e+01
1.436227587327625201e+02
6.931717950018429519e+01
1.275134585871090565e+02
6.724206264610241135e+01
1.045647897066976952e+02
1.284599907802167422e+02
1.104642755990276726e+02
9.864274429507804598e+01
1.172316226494451428e+02
1.471291723159124274e+02
1.568603576330097269e+02
1.763612060645741906e+02
1.072425098382967406e+02
1.376333293841810246e+02
1.779814986771344252e+02
1.143247168209201874e+02
1.019802744190296551e+02
1.264316218372081693e+02
7.724141983153077717e+01
1.106026856011127109e+02
9.314315014836668638e+01
1.160439977087728352e+02
1.376653124137874329e+02
4.105924311664676907e+01
1.051002366162052652e+02
9.717290077495560752e+01
1.025129413955493476e+02
8.879645556450752508e+01
4.901722253336592416e+01
1.244442150985909734e+02
1.028813899249543340e+02
1.777424043172410677e+02
8.152131471062683943e+01
8.242695598128976542e+01
6.281368668034012614e+01
6.386760805429802446e+01
6.741403598978352818e+01
1.241763357085130650e+02
1.212432531707435146e+02
5.740724557188943322e+01
8.590416955415754785e+01
9.243318909581438447e+01
1.503489391854080637e+01
6.498877667683747461e+01
8.845786323346307256e+01
1.150808059249417994e+02
1.901750774917744735e+01
1.602147098486398136e+01
7.279091676464278748e+01
7.446525349717467179e+01
6.672930400542658447e+01
1.403474810336431915e+02
5.567449741414545628e+01
1.011127879335095088e+02
1.463437702148306130e+02
2.093849818689665199e+02
2.018787264560147321e+01
8.172991672142255482e+01
6.016328348371703783e+01
9.516154618680459976e+01
1.063377386277851571e+02
1.091234165586243563e+02
1.620661296146786299e+02
6.502923136537405924e+01
3.568302160155415237e+01
7.039334140107071391e+01
1.455672884509613318e+01
6.341045279448288596e+01
2.100847404375407379e+01
1.314916182239997511e+01
1.908600807938578114e+01
9.454942946067035336e+01
2.296533616908608053e+02
2.022411964690924719e+02
1.222156156603208075e+02
6.084901884206554712e+01
9.899677429261336670e+01
1.469788710695057432e+02
1.007249805994951544e+02
4.174498909669995328e+01
8.226176267176786894e+01
1.946634433588147672e+01
9.767917266024369383e+01
1.022484704980086008e+02
4.217301676896966001e+01
9.310678303982257376e+01
3.123457029594170820e+01
8.607774742090927589e+01
4.064124075063683961e+01
7.713400823395299710e+01
7.214348807565045263e+01
3.972858752024833251e+01
2.471208496794395160e+01
1.260078849937283252e+02
9.132431485108534730e+01
1.160613248918834586e+02
8.734617779474034194e+01
6.660772866593636365e+01
7.027213730675113368e+01
3.557632106271886840e+01
1.510000683236018233e+02
9.095650226670097993e+01
7.277791388604852330e+01
1.286538986664212416e+02
8.496849132509969138e+01
1.960614501579053126e+02
5.042859880145760343e+01
1.359310648516801336e+02
1.269178530237383313e+02
8.966854038403781146e+01
7.293394935602836426e+01
7.899276929221909427e+01
2.325804927133045297e+01
1.560620616894682655e+02
9.171635462906969849e+01
1.215938731626157931e+02
3.241699251440226703e+02
1.282871212681016573e+02
7.653972835363421723e+01
1.674785668943401049e+02
7.620622587697108941e+01
4.616032056115301430e+01
8.953725379587287136e+01
7.942919410674410585e+01
8.619208218847289515e+01
1.528371705772611335e+02
8.198354939207195002e+01
1.246792111653305000e+02
1.785948463096341925e+02
1.323242346836449599e+02
1.244788704021728165e+02
1.371122885064248464e+02
1.972995067699078504e+02
7.773725285554785103e+01
9.962037652276094946e+01
1.121987459087493590e+02
1.697568357162046766e+02
2.065190284145116379e+02
7.450955074409121437e+01
9.542448145721577646e+01
1.532617417298288842e+02
1.187710899699869458e+02
1.341470057433917020e+02
1.016346727650844883e+02
7.611414846922622246e+01
1.579166080874416593e+02
8.147092444098697683e+01
1.503193849072289368e+02
7.110833385741740642e+01
1.388494376575897888e+02
6.002354753855940572e+01
9.681698396191700340e+01
1.443281447114646880e+02
1.284458838277967345e+02
2.149151580909793040e+02
7.265549751595222006e+01
1.303440610534948405e+02
6.462073077665918674e+01
7.788510904193333317e+01
7.903447099943227272e+01
1.466318375368765601e+02
1.102019590825012187e+02
1.114736384000976841e+02
6.544760094504498227e+01
8.191914954692431650e+01
1.348517615185349428e+02
1.465087394518305359e+02
8.098935804620079182e+01
6.981423099405921562e+01
9.050452102463496828e+01
9.797868703298985338e+01
8.728476656263119082e+01
1.577890016806293829e+02
9.354832585787437438e+01
1.252598460566146485e+02
1.748311118694530535e+02
2.653364194973545409e+02
5.932166942561521950e+01
1.064086150448885633e+02
1.074300987149135267e+02
1.257628081203366861e+02
1.381545333180143871e+02
1.263445770076316421e+02
1.810063165271501759e+02
7.935212500961169724e+01
8.032018955840383967e+01
8.452617885469780390e+01
6.029514368732125007e+01
1.079070002861339503e+02
6.273029301832818305e+01
5.562823876837771309e+01
6.821608190679683048e+01
8.944622855120925919e+01
2.780551724568842928e+02
2.249125910122178595e+02
1.318443928546778920e+02
1.043150781130607214e+02
1.517130699243699041e+02
1.895562651888758410e+02
1.241111709508509477e+02
8.761998333907213521e+01
1.004478182157777724e+02
5.766283528327191021e+01
1.159883181121526263e+02
1.285152053962766558e+02
8.538892525961834679e+01
1.160793988651512336e+02
7.931458314324849823e+01
1.129046405009791556e+02
6.482735118254407780e+01
1.133742307304816990e+02
8.669527993659208676e+01
8.295310735639864674e+01
5.573968927724231293e+01
1.603070310030431074e+02
1.233089603644490921e+02
1.378481988461155368e+02
1.060510494538878277e+02
8.555340254445297887e+01
1.005688809787295952e+02
8.153797936859893980e+01
5.078176516585136824e+01
8.979979261232352883e+01
6.844609598070069012e+01
1.650736108333766765e+02
8.819887065973345841e+01
1.016202305312007610e+02
8.982028875117370603e+01
7.800469624570689575e+01
4.101731167254261834e+01
4.628429807298542187e+01
1.060056435831245381e+02
1.214291081211972028e+02
3.626510567569152954e+01
7.064832240656178897e+01
2.894421081703115988e+02
9.132663672111773678e+01
4.017045560995661901e+01
1.313182479270543297e+02
8.047710621433772360e+01
9.324645294135234508e+01
7.884182586897503597e+01
9.875461659125390668e+01
6.465940546504866404e+01
1.182544423603875146e+02
7.116596736900721965e+01
8.814677479369809987e+01
1.489741770863425643e+02
9.758842426528084957e+01
8.587665491725250888e+01
1.002756054599146154e+02
1.575399216208095652e+02
1.915003230254331754e+02
1.264175373678874621e+02
9.112160124143876772e+01
1.319695782440638538e+02
1.734743855964336205e+02
1.334830001157403387e+02
2.063432721562341143e+01
1.200741092034442090e+02
1.013448392502268689e+02
9.686036904365403188e+01
7.002652297250465097e+01
6.029847259758559375e+01
1.224093154627107083e+02
9.320285155415476197e+01
1.135013804492321867e+02
4.893677956663852058e+01
1.017858733691725917e+02
3.667144171227255356e+01
7.269573425809579703e+01
1.108780533621241204e+02
9.304574605499736606e+01
1.641581962334941807e+02
5.011760002567082495e+01
1.041101423757829849e+02
7.240241392722685987e+01
6.497130765537905006e+01
5.559704593805987116e+01
1.138974969994420690e+02
9.667832532864048289e+01
5.508980312143135194e+01
1.683518931042164866e+02
8.930910596316201122e+01
1.177489683961509002e+02
1.003830702062141569e+02
5.748219315698207055e+01
3.248016711092409992e+01
3.730954353171940596e+01
8.725911049355720195e+01
1.303770102771786696e+02
5.490445352898586862e+01
9.565411811271269471e+01
3.019483416561845956e+02
9.363440767326315495e+01
3.774031365025970786e+01
1.424877245040438254e+02
8.508571885504977672e+01
9.483296422610091270e+01
5.909727102717344138e+01
1.147035715381622367e+02
5.606441336045444501e+01
1.167660717995267987e+02
5.430077520128516255e+01
9.259818299599064062e+01
1.567229689584759740e+02
9.545355026107677077e+01
8.948747275774802290e+01
1.123034935660961651e+02
1.693077918975330363e+02
2.082357146340139593e+02
1.491401993374633435e+02
6.007959142857879442e+01
1.370629316612530317e+02
1.814277542561909513e+02
1.254352890134473313e+02
5.619501491239886803e+01
1.264503639053220496e+02
8.601987204570373535e+01
9.640678524490519408e+01
5.267469490771668461e+01
3.452246457948520231e+01
1.180760811171654723e+02
9.535384787844783716e+01
1.189833608212888976e+02
3.065029773345575848e+01
1.086585154134019149e+02
2.527408535212509122e+01
7.704857728305159981e+01
1.137026223891379999e+02
9.216094452171319062e+01
2.224852313537713542e+02
5.391466448527449984e+01
1.042008663043649221e+02
6.169619969657098579e+01
5.723117014750879150e+01
5.840188287080093943e+01
1.166219535971463728e+02
6.662036250294197259e+01
9.437672321155490351e+01
1.249339387513534945e+02
2.200532785728352181e+01
1.413034836862502353e+01
7.308397977365329723e+01
7.795562313508158070e+01
6.992925746724141334e+01
1.456423454819421295e+02
5.983401213926617856e+01
1.053680422726985029e+02
1.514207649260969788e+02
2.055792745215169930e+02
2.146325120861760993e+01
8.735122229018766404e+01
5.822672111648194715e+01
1.006382417451930991e+02
1.128047453167547900e+02
1.180089129182693739e+02
1.658584592348335605e+02
6.410904981938884362e+01
2.703497061990373140e+01
7.266628755522954464e+01
1.469621801285609486e+01
6.125105389818325818e+01
1.630048396670321154e+01
1.812791309265361051e+01
2.508535450588325233e+01
8.853041749685800710e+01
2.403337326697601668e+02
2.030505417999567328e+02
1.258948581378968896e+02
5.254206930215400462e+01
9.460467333070806717e+01
1.555944286712835378e+02
1.031041952810340092e+02
3.679256426280483794e+01
8.790818496168459717e+01
2.591010456219093072e+01
1.013656249636149767e+02
1.095040022500345174e+02
3.538749470883841752e+01
1.021115488414648667e+02
3.208007454447088946e+01
8.877555811127086827e+01
4.176475890672232083e+01
8.452299577428347277e+01
7.609250065216534153e+01
3.869521266585148567e+01
2.092209795239168457e+01
1.495472696411965501e+02
9.524155086471482434e+01
1.257580572454257037e+02
9.110241001962947394e+01
6.975849593962723816e+01
7.811639076159751482e+01
3.841948085601090668e+01
1.353340087794441615e+02
8.867208018063622887e+01
8.490024580035623103e+01
6.847710060089433171e+01
1.146016840831425121e+01
4.019296320014082369e+01
3.113159509559330829e+01
1.032096212752495035e+02
9.718071904659858262e+01
7.932410748559776437e+01
1.155540592681141874e+02
2.686269475872634303e+02
6.440195315130426934e+01
5.026473503745962290e+01
1.084625595209054012e+02
6.204749542341236435e+01
7.419961023629797126e+01
6.823165332081076428e+01
1.283262848620105956e+02
9.614756358881969334e+00
8.063946657930006268e+01
1.382745671524836872e+01
6.565772334268362442e+01
1.218238997514165334e+02
6.589950510644355575e+01
6.211971899349044435e+01
8.360214256568265512e+01
1.357582446830257368e+02
2.155774110606584770e+02
1.649268195162733548e+02
8.979676091894677370e+01
1.043261367608138670e+02
1.462084147733986583e+02
1.424994797746761606e+02
7.404843869741378626e+01
9.434092713286780452e+01
5.045686164038781385e+01
6.764064791021267808e+01
6.100174878414260604e+01
6.124111417108635180e+01
8.959117546990793812e+01
5.968499397505203774e+01
9.304907816535543930e+01
5.283116572608027184e+01
7.252308922047856754e+01
4.797004264360461434e+01
3.222597547707519539e+01
8.110959779286854143e+01
5.928739226516383809e+01
1.572117657627844949e+02
5.965357036503012722e+01
9.249967664237907172e+01
3.926251635720385735e+01
1.709626280327999837e+01
3.145440915349618294e+01
7.864599424773761882e+01
1.910673601439240770e+02
9.140055200807536551e+01
8.953781315514288508e+01
1.438332731098620059e+02
1.469668189285321773e+02
1.393844578781719008e+02
2.204967820020534646e+02
1.090542841246721366e+02
1.732203577037897730e+02
2.256147886793161774e+02
1.829408119043057468e+02
8.722220567797062074e+01
1.582495888697973214e+02
5.605052197401640512e+01
1.748693621684739981e+02
1.882659597299801533e+02
1.715033228354684525e+02
2.355920831911881521e+02
1.369545681245813569e+02
8.712573124049139039e+01
1.377878440213556530e+02
9.418137481865225880e+01
1.141005230140106050e+02
8.927539968747500154e+01
8.667215520398369222e+01
9.128399546840412881e+01
1.732693979094676138e+02
3.331661320554672443e+02
2.754093891343856626e+02
1.908204553575621674e+02
7.533171618659334001e+01
8.170460487223290613e+01
2.169953834845774168e+02
1.752308451583116948e+02
9.856877789532740053e+01
1.474117162814955009e+02
8.606978949862615025e+01
1.591308865605110441e+02
1.664178103562742876e+02
9.682971773800957749e+01
1.640988235908411355e+02
1.031356391695984485e+02
1.611003995999198253e+02
7.500068333606479598e+01
1.582618758720065273e+02
1.450287335164605054e+02
7.336440530281275585e+01
1.028183017493734610e+02
2.479833102209090612e+02
1.761744805500180746e+02
1.820296501292775702e+02
1.632003939075129608e+02
1.393757580390929718e+02
1.507078970688839377e+02
7.013380798666162264e+01
1.260976140471284737e+02
1.215153969006185406e+02
9.156384818990940744e+01
6.417525070196091974e+01
7.265983751288406722e+01
6.064261011352255082e+01
1.474314691220947111e+02
1.029710940087948643e+02
1.298439886784634609e+02
3.112318069888757464e+02
1.286665068014340250e+02
6.628674362207141257e+01
1.554025864104186212e+02
5.543494115463911243e+01
3.980742166412867533e+01
8.252788840573852269e+01
1.013382894395896301e+02
8.855565004338569679e+01
1.510602034314541697e+02
8.183935327426689810e+01
1.227694446929454273e+02
1.670567882211998096e+02
1.317856722809779058e+02
1.179682104639703510e+02
1.352601038266419664e+02
1.907506463680587387e+02
7.857427278972700435e+01
1.278544450598351290e+02
1.173530897583153489e+02
1.634529893430822938e+02
1.946155208666016279e+02
7.465066881154645273e+01
8.656155625680867161e+01
1.420214774180600728e+02
1.111803144640490899e+02
1.331340031635880052e+02
9.117199927783926228e+01
9.161563279684311567e+01
1.583233129462054194e+02
6.137509447368591964e+01
1.428078450385687006e+02
8.048755988125708427e+01
1.348226272163066710e+02
6.822330359246976172e+01
8.365981588947613545e+01
1.416638657734710023e+02
1.273358768581900193e+02
2.345296892468523993e+02
5.842178650081795865e+01
1.153363477052027122e+02
5.417354977584860620e+01
7.769286023429921784e+01
6.510171448220492607e+01
1.425590982277679188e+02
1.493566309550881321e+01
9.452013660079400381e+01
9.367239095846532848e+01
8.802426681240004314e+01
1.638164069052633636e+02
6.388175461299267255e+01
1.159327583910478126e+02
1.602739942110808329e+02
2.029459202912643434e+02
3.511021427728267952e+01
9.998286923530592674e+01
6.731020314164662466e+01
1.078644080242465719e+02
1.178225524394011643e+02
1.319876940040135764e+02
1.767741315916372571e+02
8.389223008455236652e+01
3.849234793557561574e+01
9.135510754526805499e+01
2.037357935909670204e+01
6.863275018891404500e+01
2.435045246969141886e+01
2.795213501707775094e+01
2.745309086034634660e+01
1.017849200036689012e+02
2.596115893204233771e+02
2.194147953342810524e+02
1.440516742876766614e+02
6.225643130473302733e+01
9.245632887688373103e+01
1.553714803257443577e+02
1.185390331901743650e+02
4.881580912901695513e+01
1.049281929129175523e+02
3.746868899875850900e+01
1.194467376557575591e+02
1.196032141957537078e+02
4.376756341840677322e+01
1.071925112584834778e+02
4.042540261420634806e+01
1.028288953198743911e+02
4.395477564156333017e+01
9.456673245048342835e+01
8.549322467650340229e+01
4.341594184887952679e+01
3.225859799146247298e+01
1.652836630831424714e+02
1.072514055112067268e+02
1.327682466885785573e+02
1.113593498434317581e+02
8.915358346517729160e+01
8.586989552455649743e+01
4.148972635370044060e+01
7.685357996283255488e+01
7.800041789199521247e+01
7.309668518695609407e+01
1.494191179509775793e+02
6.332724285431196876e+01
1.063453680632147211e+02
1.509681080423553681e+02
2.003307095075115285e+02
2.853048263769539972e+01
8.683856666755845310e+01
6.468352607899642237e+01
1.002802091842753924e+02
1.111621130234293844e+02
1.181020770739608849e+02
1.673491165733334753e+02
6.818309417777807369e+01
2.901875224567674394e+01
7.607347073553140149e+01
1.908515901339653453e+01
6.841672167810781957e+01
1.230980015623418922e+01
2.315500609466862869e+01
2.281619030144630855e+01
9.120511749342384178e+01
2.390407992126357897e+02
2.056564533229826282e+02
1.309690733194813390e+02
5.159556344169384801e+01
8.781442624701624311e+01
1.588553272056803394e+02
1.044344270319560906e+02
4.423224400470009243e+01
9.153622817942608947e+01
2.911149635975180416e+01
1.035782966771454880e+02
1.084631242608124069e+02
3.226394793378048576e+01
1.000930063699632910e+02
3.841709267361372326e+01
9.036293322648845106e+01
3.922830984998675063e+01
8.215536380361648128e+01
7.607694226414245975e+01
3.556210934523683420e+01
2.742556661300305620e+01
1.471959422161547764e+02
9.520819319438233208e+01
1.255052110122912694e+02
9.490601662336094080e+01
7.300807201686689041e+01
7.574990201923149868e+01
3.519022583867881337e+01
4.757231832438453978e+01
3.531131259081109164e+01
1.075694879760283840e+02
1.089689544130326624e+02
8.412087856950627440e+01
1.172491572937896365e+02
2.759914701524146494e+02
7.066319781479265316e+01
6.068779346006352426e+01
1.158387558000877817e+02
6.299496192341475620e+01
7.550323038721207070e+01
7.079863866764976876e+01
1.318363750891787163e+02
1.557392659224866804e+01
8.608577600046923806e+01
1.232315456956001221e+01
7.146323525958571565e+01
1.276239643750722479e+02
7.248577751147473691e+01
7.023164930993064559e+01
9.157537406245785405e+01
1.441390437150737966e+02
2.196444388558857099e+02
1.689674792126507157e+02
9.161652889902028107e+01
1.118618402344805531e+02
1.536505316218557198e+02
1.441478283406778758e+02
7.612704047771448757e+01
1.001141258637435101e+02
4.826171226689017146e+01
7.378609522551894884e+01
6.348412466998149029e+01
6.785134354939842183e+01
9.512937104159315993e+01
6.399598748209271548e+01
9.945254114438721160e+01
5.824688757293354513e+01
8.033018469438727038e+01
5.672471382887763980e+01
3.357582532060774838e+01
8.877554917086814612e+01
6.634808784974204343e+01
2.017379601413830983e+02
6.192134375796341317e+01
1.013687443102811159e+02
3.845806046446422499e+01
1.861080627018138500e+01
3.490052216880558689e+01
8.700085749666968127e+01
1.265610181404768753e+01
9.311611604873725412e+01
1.061478354717602457e+02
5.784749705430728994e+01
1.002673281693479197e+02
2.777134565516641374e+02
7.967479805160942874e+01
1.620976445513382203e+01
1.155068034138939339e+02
5.827948372097130658e+01
7.400214398573989172e+01
5.749530004958162976e+01
1.193236745282403888e+02
3.782026702784035876e+01
9.768488074396162801e+01
4.271797016873033215e+01
7.559134729408356179e+01
1.335032377779950821e+02
8.228536434193567572e+01
7.478162484721762837e+01
9.006272764720991120e+01
1.478088935662945289e+02
1.738076845656050580e+02
1.502406990929844426e+02
7.228480662583886840e+01
1.206411447698770729e+02
1.558758916032623176e+02
1.291019008877782710e+02
4.260306899849877027e+01
1.058323990093865490e+02
7.922625216125435088e+01
7.961987159418086435e+01
3.683770614810201494e+01
3.701032067121777658e+01
1.081215894249374401e+02
7.512501896397409951e+01
1.038709449879872295e+02
3.078776016227034518e+01
8.880330688386108307e+01
2.502392192114855973e+01
5.820616847738278921e+01
9.688311714497960736e+01
7.731592701737028506e+01
1.755598830797696337e+02
3.834058760477277872e+01
7.876642424369325113e+01
4.059787335980252720e+01
4.187959290997564210e+01
3.130250123822408170e+01
9.466731436472603889e+01
9.814981595356067601e+01
9.946690232611898352e+01
6.153202066090210565e+01
1.027313664250344658e+02
2.690284571635505131e+02
7.071992068844798496e+01
2.349176927949962135e+01
1.077217366659847499e+02
5.252297693308392468e+01
7.073271209956466521e+01
6.323484168897731195e+01
1.228872585163827864e+02
2.739011695362668064e+01
8.797494711024646108e+01
2.999808065721126837e+01
6.701757037599136879e+01
1.251025904671977003e+02
7.466687160946207769e+01
6.472117819515928261e+01
8.147634975453013340e+01
1.407146629137779428e+02
1.934333526987248320e+02
1.566319422932713223e+02
7.418728740650040265e+01
1.085233184407077260e+02
1.469759913532560063e+02
1.325717333603515442e+02
4.681778774364877194e+01
9.643147162279544204e+01
6.700271910166445366e+01
6.858808695738126460e+01
3.458105387633196415e+01
4.347305223531274976e+01
9.779027873277388494e+01
6.878063105351698425e+01
9.309523455898700206e+01
3.463465802201217514e+01
7.876948340165233731e+01
3.273791764576478158e+01
4.930249546672264671e+01
8.777074184098236742e+01
6.737870309816136682e+01
1.575919567251818307e+02
4.497263448990356949e+01
7.392321498205056685e+01
3.122759755725975594e+01
3.145891082838518926e+01
2.424918066842375808e+01
8.464261926402818403e+01
1.763990528871057393e+02
1.090685377347611222e+02
1.361578714867290216e+02
3.389317118197960781e+02
1.457017258828095692e+02
9.242568137064549205e+01
1.840871346077370845e+02
9.296029184852716298e+01
5.374642043749866360e+01
1.024135137909769782e+02
8.338665674491207369e+01
1.006313823503124354e+02
1.672164439612780598e+02
9.846717465160909910e+01
1.458342982774116763e+02
1.908280749040897604e+02
1.499588043532653217e+02
1.382681372869760139e+02
1.573474042541286053e+02
2.075830522076414866e+02
7.827258282048411786e+01
1.039610692922837956e+02
1.181504462909609572e+02
1.818395384081954660e+02
2.253535531536811618e+02
6.284700581216790738e+01
1.102620809186301045e+02
1.672276781078079750e+02
1.294204636358784910e+02
1.517276994358168736e+02
1.152796023876133518e+02
9.908657397550524593e+01
1.759704402150239559e+02
8.719117197811803521e+01
1.650343579363778019e+02
8.376157884279461996e+01
1.534688512569310888e+02
8.176701451887605288e+01
1.077120231187615786e+02
1.607245285941936288e+02
1.453343634790188617e+02
2.615029622326325125e+02
8.731185820662753372e+01
1.457845820154054195e+02
7.627284703924658515e+01
9.096534163223748237e+01
9.888501212897982384e+01
1.688528726218183351e+02
1.319570060970476106e+02
1.795156417482761810e+02
2.077870290639737050e+02
5.584913736717459898e+01
1.157728797435434984e+02
6.274991521197215150e+01
1.223224630735118126e+02
1.346654931340753762e+02
1.451137317693448097e+02
1.958620147367092272e+02
9.558440435573912453e+01
6.911088647405723862e+01
1.044285226481927253e+02
5.486816528575023000e+01
6.048285301478276210e+01
7.083947771406130300e+01
5.622093698719467625e+01
6.284225742348162669e+01
1.159589370082007349e+02
2.641630156566003507e+02
2.330869694726080752e+02
1.512504626551900344e+02
8.238041748899766503e+01
1.131938725002721924e+02
1.802064328319509343e+02
1.329128037120063368e+02
5.715842352181811492e+01
1.159803974984667718e+02
6.830201953836554196e+01
1.295179959058427812e+02
1.428924283208403949e+02
9.346017536543571680e+01
1.165062278651785022e+02
6.371731867945936756e+01
1.206956126165539445e+02
6.019278630514575923e+01
1.151424128546598382e+02
9.919657659384689907e+01
6.818774719954811303e+01
6.606948758929743803e+01
1.706131872876807165e+02
1.204401062993816964e+02
1.462145837722256658e+02
1.225617803966553225e+02
1.006389105083947300e+02
1.006747377527511844e+02
5.976669337482660893e+01
4.376857396017682333e+01
2.946480032793209602e+02
1.043396385949144189e+02
6.006254089711443100e+01
1.396937097045170049e+02
9.281858283568880097e+01
1.057047244333157607e+02
9.085400515810367494e+01
8.387041175309629182e+01
7.647733173591464606e+01
1.221263219108788860e+02
8.074578595940909054e+01
1.032112153365453793e+02
1.483175791040789875e+02
1.118571916190216342e+02
1.018237300129667204e+02
1.115466222581681990e+02
1.628050806468883707e+02
2.046074443369671769e+02
1.078783655052635027e+02
8.480864184434260267e+01
1.414492009517801137e+02
1.866773775239107351e+02
1.253424719799409530e+02
3.569538976381890194e+01
1.291316167462529449e+02
1.092532744556944806e+02
1.102553315983177242e+02
8.549521197307463183e+01
6.044147669283382385e+01
1.316375064845971679e+02
1.007700602857624403e+02
1.241827845067492149e+02
5.278724881842447303e+01
1.136933735289739218e+02
4.930330282670699660e+01
8.396646245611773907e+01
1.202938808003790001e+02
1.030724037564066151e+02
1.593728111321861149e+02
6.899612630900983845e+01
1.152496237188702537e+02
8.127482273230431531e+01
8.082077693065360791e+01
7.342841185482831179e+01
1.233143492596643682e+02
3.404673377028544792e+02
1.506661983259152748e+02
9.455754409173719921e+01
1.862331372121402637e+02
1.201140900388691932e+02
1.321300758368260233e+02
1.238035994910204352e+02
7.791617050953270507e+01
1.102097755773682906e+02
1.710061142762783106e+02
1.158317074412789225e+02
1.451076886321268944e+02
1.970074486973358603e+02
1.616759775530791785e+02
1.468646840865515344e+02
1.571709340080375341e+02
2.174344548563242370e+02
2.231487609752906849e+02
1.161924389243105082e+02
1.054448658746235026e+02
1.859047151182329856e+02
2.324532448175447428e+02
1.374126552233300913e+02
6.958339163398832738e+01
1.719796939531231317e+02
1.424298587511911762e+02
1.597562302973975648e+02
1.281724832264340534e+02
9.209967060183258525e+01
1.847824273232234304e+02
1.354978745203489723e+02
1.688459205861173018e+02
6.975158923541391687e+01
1.571329571005582011e+02
8.304849741691398890e+01
1.137393770926863681e+02
1.677528352894984209e+02
1.510486840063194904e+02
2.603786954816260959e+02
9.341981722460820947e+01
1.594728283303716978e+02
1.128313601320315485e+02
1.121357820875788320e+02
9.971179983663438406e+01
1.713952044417484615e+02
2.112458108407492432e+02
2.866711599188312221e+02
2.045663913990831020e+02
2.897450975755805871e+02
3.055836019338255483e+02
3.119941850495681592e+02
3.571283960162866720e+02
2.652876818360497850e+02
2.007383182776136437e+02
2.717286632600898884e+02
2.124425415550890364e+02
1.966947979722924060e+02
2.069928897483930541e+02
2.099194042016214894e+02
2.119684786435931585e+02
2.441316838895124306e+02
4.361753745733694814e+02
3.975991564796925672e+02
3.104498098273044775e+02
1.676119204094989357e+02
1.315992409426112317e+02
3.255135336527731056e+02
2.980293024493497569e+02
1.835818498534044068e+02
2.793743015279530368e+02
2.211051450229426507e+02
2.954753229724487937e+02
3.121381910688968446e+02
1.940549512351467456e+02
2.813351483179072261e+02
2.088702308835736687e+02
2.923271054999322018e+02
1.847624087051768527e+02
2.865689774428283840e+02
2.595902407731427388e+02
1.962821730370156388e+02
2.157636419126210683e+02
3.754606224273986754e+02
2.899869768939590813e+02
2.956704126100456165e+02
2.895854248486015763e+02
2.737387955144394596e+02
2.703077325386045118e+02
1.910907423496346098e+02
8.805603724333434457e+01
6.228261640845916247e+01
1.030564478654505933e+02
1.153998196342614193e+02
1.147947341094006077e+02
1.667639656716863215e+02
6.437139821565283171e+01
2.788274116773143163e+01
6.861892813432791627e+01
2.236586298984259003e+01
6.895930288339756942e+01
2.595265313315672984e+01
1.965756959682180849e+01
2.902538550298765330e+01
1.044601406893174271e+02
2.543555553235423758e+02
2.052645936922641852e+02
1.213912227129526968e+02
5.642332437694970082e+01
1.019307499386161169e+02
1.610177480312167688e+02
1.045032686015879904e+02
4.369937215044229362e+01
8.554707026470312314e+01
2.986161530845208034e+01
9.841174235321864217e+01
1.045099075709294283e+02
4.787020016551860380e+01
1.049721312382654332e+02
3.776991651523793792e+01
8.890628822583177282e+01
3.513249035416122723e+01
8.513083730860756759e+01
7.906648036646038236e+01
3.126837440076478813e+01
3.075720324479901535e+01
1.554607505416882418e+02
9.898959860213295769e+01
1.295837445968836334e+02
9.099919944201984379e+01
6.616714217292653188e+01
8.126446019433379320e+01
3.587536219772621848e+01
1.273336812807561671e+02
5.658805193191395233e+01
7.307423272588093255e+01
5.859398092040470374e+01
1.175179058618362689e+02
4.271495740995893442e+01
1.124600478282128080e+02
5.340399423249569111e+01
7.992513669861750714e+01
1.494807550378949088e+02
9.443233574085064674e+01
8.120948958790559402e+01
9.182028893482886645e+01
1.555238036838206881e+02
1.767381731365310031e+02
1.509978249480132888e+02
7.472143597503010426e+01
1.318326162802364934e+02
1.650440444768312034e+02
1.258575846023754821e+02
4.206970525889853008e+01
1.178227711603205279e+02
8.525903547770029434e+01
8.956245462569222582e+01
4.723655023194798730e+01
4.165461910375687182e+01
1.186681879401479023e+02
7.735777761964986610e+01
1.109546135428483637e+02
2.971403728704914116e+01
9.599205972249272634e+01
2.266531297113063559e+01
6.270778834631914833e+01
1.073711338022887531e+02
8.830079234622942863e+01
2.103690224225520069e+02
3.202409004944375681e+01
8.275292557836242224e+01
5.131088063834140200e+01
5.081600974539277615e+01
3.432929840422841039e+01
1.077080534110335606e+02
1.341242928972210962e+02
1.472867526022806430e+02
1.587097957503032433e+02
2.026819369074648023e+02
1.041263650188413976e+02
6.157126796510898004e+01
1.116232377134935376e+02
5.745717434720650374e+01
5.739396476802664182e+01
7.124043301280789819e+01
5.949757319193847138e+01
6.667263903161351379e+01
1.219458201173676883e+02
2.733525935162246583e+02
2.411709655681274285e+02
1.652265392532538613e+02
6.949986992371700012e+01
9.396589796793335836e+01
1.769956562725190565e+02
1.395525336556243303e+02
4.207985088821322250e+01
1.223587511453102081e+02
6.908972792276205155e+01
1.363083630184399624e+02
1.557693898789158311e+02
8.559716684613987070e+01
1.329715299072847472e+02
6.554056378427135598e+01
1.289580055529206106e+02
5.423819650682737858e+01
1.270454666564611017e+02
1.088951171345724447e+02
6.785221752035910470e+01
6.979802525620026188e+01
2.130443703465463443e+02
1.320948280785605959e+02
1.600291160442964724e+02
1.303073401888642309e+02
1.092851281810441009e+02
1.132016313514661903e+02
5.985683554173618859e+01
4.431678128133145123e+01
8.706884458570313257e+01
1.195718882108694316e+02
5.804432387731212373e+01
1.265764476629695707e+02
5.422468377925248006e+01
9.608522979266754760e+01
1.509199167036875906e+02
1.139414811853505540e+02
9.651962291379219039e+01
1.085065506487152049e+02
1.638868010090977805e+02
1.190783869597216835e+02
1.517425877263052314e+02
1.159745249701257706e+02
1.420290850789273520e+02
1.732249464724266659e+02
1.135634709184507614e+02
7.683255449298010831e+01
1.228629326150316103e+02
9.248291251746742603e+01
1.068650749129321582e+02
8.441723622744601130e+01
9.368552671048136915e+01
1.379595699843252419e+02
4.894480424211535308e+01
1.219630816516224598e+02
6.975427496137864125e+01
1.088060382398074495e+02
6.582407922556190272e+01
6.003532682008896870e+01
1.193840009805943225e+02
1.025081273628920115e+02
2.381755650120735766e+02
4.170530472963233848e+01
1.098040919043625792e+02
3.275084225017388206e+01
4.941172678224920389e+01
3.796937243309022136e+01
1.223295583146685033e+02
1.022635589539929413e+02
9.611116251663560206e+01
7.210756394995992480e+01
1.404343835190994128e+02
6.816509852950092352e+01
1.080010501510688954e+02
1.618623123947391207e+02
1.225315128564690923e+02
1.085247589350212110e+02
1.183393595673269374e+02
1.801187282602042501e+02
6.815350964089756758e+01
1.216843553948993701e+02
1.315262212978080925e+02
1.528967444682746759e+02
1.874335999141553941e+02
8.498083141129717433e+01
9.448000964200858220e+01
1.366705646442167108e+02
1.054362191536833393e+02
1.216549125901954937e+02
9.959993632220214010e+01
1.054687109031841885e+02
1.495986527072886361e+02
5.495215016714180933e+01
1.345238198837264463e+02
8.476515965561128496e+01
1.190320307924331615e+02
7.135657462812990559e+01
7.356394231849827747e+01
1.302062150052115612e+02
1.168124275105802923e+02
2.132046776466855533e+02
6.314209737208830830e+01
1.228709641823366780e+02
4.889542796896076027e+01
6.133560253490034597e+01
5.476252888364224702e+01
1.370385435433882435e+02
1.339803782913148780e+02
7.251083791116245436e+01
1.370439331409115766e+02
6.122978760626768491e+01
1.145417137375822421e+02
1.578394705759405383e+02
1.139635969657486356e+02
1.082096279369811498e+02
1.329644889986181795e+02
1.859611431856397701e+02
1.579690816652274350e+02
1.673568228388708121e+02
6.985496251945110657e+01
1.583099565629832455e+02
1.983563468590871253e+02
1.106256232155159864e+02
7.799965914211738038e+01
1.409856412275408957e+02
6.351839388113175033e+01
1.132675022177959789e+02
4.361354869910407217e+01
6.594282801627535662e+01
1.373713534749974201e+02
8.546948535171974015e+01
1.306774797806090760e+02
6.667395029402051421e+01
1.280567116972875965e+02
5.836163631112756889e+01
7.829848102256146092e+01
1.299592054654389983e+02
1.109989423393680852e+02
2.030224646095824141e+02
6.313059486825928701e+01
7.536104609643206231e+01
6.578211810912372925e+01
6.371427511048973003e+01
6.786664570227067372e+01
1.310938317256952530e+02
1.278110668732232114e+02
1.865021566999311347e+02
1.247110347477046446e+02
1.656615558027961299e+02
2.111043138152463428e+02
1.720029930109324425e+02
1.637503321535341456e+02
1.765136027493999507e+02
2.273087036683151609e+02
1.226902131137671574e+02
1.410484431534232641e+01
1.410138942495530330e+02
2.024366556349233406e+02
2.466954794124392834e+02
1.064538677173377152e+02
9.937375521455139449e+01
1.904096785094563700e+02
1.590720504496878505e+02
1.717359169395004699e+02
1.467190841454079475e+02
1.095757677123805109e+02
1.909019594275801808e+02
1.226372072351407212e+02
1.868440316552107845e+02
1.015222777608870786e+02
1.767242642014567195e+02
1.076566141679338244e+02
1.326817629335278070e+02
1.823070811686421280e+02
1.648521178324526204e+02
2.297016847132324813e+02
1.140656545632765813e+02
1.775834325689458240e+02
1.081913488372260161e+02
1.197645144569896303e+02
1.233649706531224410e+02
1.856926891399407680e+02
7.873739815795993024e+01
1.670989810854803181e+01
6.326526451206105861e+01
1.204958241242050292e+02
6.870672597940605897e+01
6.008794378107404555e+01
7.785311708091967375e+01
1.311934973530480022e+02
2.081176247169644853e+02
1.640920784555339083e+02
8.929314696177493715e+01
1.030765886951586623e+02
1.453216716634476313e+02
1.417375250478759199e+02
6.967562939008416834e+01
9.220914595454792106e+01
5.160018452138168499e+01
6.522903646566904001e+01
6.106143920698194449e+01
6.160475937749985320e+01
9.090884805121585543e+01
5.957477835600234783e+01
9.033106605664274014e+01
4.920645514353290650e+01
6.939586632113035591e+01
4.560566453278104859e+01
3.195254227868114327e+01
8.133235900311423450e+01
5.943159919339271369e+01
1.534929034437128337e+02
5.392507466940859473e+01
8.976923503675047300e+01
3.904706229418427910e+01
1.744180135273371945e+01
2.998047526832156962e+01
7.913251303015648830e+01
8.587763140405557749e+01
3.027134223718524808e+01
7.056424236243522330e+01
2.483824291013780439e+01
3.389885339464315450e+01
3.582480424485826376e+01
1.093194165658531176e+02
2.750705475455034730e+02
2.245463934516083384e+02
1.394889771962753571e+02
4.545681895225517621e+01
8.842999562818798154e+01
1.773928855731797398e+02
1.266219911291988751e+02
4.845573028863059051e+01
1.010961949016125772e+02
3.598870912940732580e+01
1.174447167685384557e+02
1.321901625374789830e+02
3.717028723448225236e+01
1.210862896434623224e+02
4.420659794687656330e+01
1.129077463895488904e+02
3.735795714936161716e+01
1.149073854978047677e+02
9.509671538695575066e+01
2.916850927153853945e+01
3.875252752202866446e+01
1.773377020669971387e+02
1.227100333118352609e+02
1.472325963614062800e+02
1.089614297946519201e+02
8.794512855797319162e+01
1.032198167388786203e+02
2.925623915895429761e+01
7.132604152355700933e+01
1.271699251558776069e+02
7.096669171153335753e+01
6.696513059844824056e+01
8.960646362986324220e+01
1.431822559525144243e+02
2.097828445807620596e+02
1.607445520889386046e+02
8.728493265847076543e+01
1.052591948741697792e+02
1.506482044849413455e+02
1.370269935937602952e+02
6.948296095719238963e+01
9.927188431130721824e+01
4.837908597844072034e+01
7.392725464526789381e+01
5.802741047707780098e+01
5.988339434991366517e+01
9.126347467120970691e+01
5.665732996451414749e+01
9.700402294136686976e+01
5.488377502317931800e+01
7.785091633987441639e+01
5.173484977286437925e+01
3.548129372377579926e+01
8.496733861757194006e+01
6.587800215822404937e+01
1.338720660853221034e+02
5.400214196743137762e+01
9.103833456234129073e+01
3.003553104204769753e+01
9.483634140236762988e+00
3.094159621791315473e+01
8.544975639853379334e+01
6.517578030393738686e+01
2.304599917149636212e+01
2.035881206015009681e+01
1.841195131930313167e+01
9.123122300869292189e+01
2.401612420334261913e+02
2.033144681130430627e+02
1.207750692934054086e+02
6.293870064863658342e+01
1.023175498070819458e+02
1.572718324213580274e+02
1.020862754952955669e+02
3.870258430361769797e+01
8.474579730102129815e+01
2.528380360701306984e+01
9.829124979508982562e+01
1.026258696510711275e+02
4.196793400046753675e+01
1.002389622183426496e+02
3.614906564164233771e+01
8.567632259719562171e+01
4.331476013735149166e+01
8.079388966181102205e+01
7.787762088003086092e+01
4.221271861370421874e+01
2.263844795730181048e+01
1.193144355683422333e+02
9.306728887541071060e+01
1.221136969075836305e+02
8.985743612079531317e+01
6.751432330569737417e+01
7.581367846544327449e+01
4.061335535154952225e+01
6.914543277643748809e+01
6.400867949699863857e+01
7.681122870493126698e+01
1.020481059894884197e+02
2.825103839798404124e+02
2.477008173693405695e+02
1.582154990449294303e+02
7.456825750852920009e+01
9.796609159601217698e+01
1.742493066055883162e+02
1.532832895724772015e+02
3.680953211155393490e+01
1.250792491455877382e+02
7.828922804531151769e+01
1.430994332718854878e+02
1.716889785059833287e+02
7.363903442986824643e+01
1.247905813635249217e+02
5.612891139584424138e+01
1.504529477491806233e+02
6.713599117395378357e+01
1.480220923780997850e+02
1.151301380272465309e+02
8.088349607387834794e+01
6.141672177778370667e+01
1.563606849718761680e+02
1.515464253299045367e+02
1.498639606175937615e+02
1.425309891648429073e+02
1.280267393161764460e+02
1.296153995241311634e+02
6.826757449383912046e+01
2.523548504007784388e+01
2.986521249658332167e+01
9.469651943477948919e+01
2.582271473770526882e+02
2.105774345145605935e+02
1.257041010199062470e+02
5.041697570257575478e+01
9.334134930578228762e+01
1.618277708673616644e+02
1.105530719453841755e+02
4.692510861614803730e+01
8.511499318263189195e+01
2.693116792337895404e+01
1.009082771240317555e+02
1.066508976027968600e+02
2.464666059730038583e+01
1.072505312426511637e+02
4.035176853433182487e+01
9.619583404896025058e+01
4.327118960185126184e+01
9.221938874241108408e+01
8.175447501227259295e+01
3.667213852546387187e+01
2.330228678109270390e+01
1.359716659469592344e+02
1.095353881194865409e+02
1.274514712412400712e+02
9.394704691092185556e+01
7.057442832147211220e+01
8.563661637546431393e+01
3.555302119066403321e+01
1.823183835808338671e+01
9.537541138732800050e+01
2.316678123878975271e+02
2.016894597521235255e+02
1.184536880355972386e+02
5.957995542787503496e+01
1.011013952909662521e+02
1.451139193277228117e+02
9.925283353078945936e+01
4.132863838400382406e+01
7.469570023006771464e+01
1.873965907107096029e+01
9.439890769903510659e+01
1.023260818597177888e+02
4.402023090077342005e+01
9.583785808907025228e+01
3.066517416000548479e+01
8.639486967574920584e+01
4.285028317781853247e+01
7.888458023715321588e+01
6.934318772984848067e+01
3.354134353258855583e+01
2.985648777893128170e+01
1.233319783357136004e+02
9.265953205793147163e+01
1.180929919244573654e+02
8.501176379008377637e+01
6.234050726787141627e+01
7.377655949924900369e+01
3.700043056295125155e+01
1.026243251857143548e+02
2.534767245650985785e+02
2.150669328474357940e+02
1.356265229938646826e+02
6.735098337618146047e+01
1.035102494284032133e+02
1.662253640588895678e+02
1.162585268345396230e+02
5.382826783730840248e+01
1.019716595943664004e+02
2.463431484171200125e+01
1.144703616040362704e+02
1.236743874138127524e+02
5.089257163112263527e+01
1.110734522473060792e+02
3.979186771678153178e+01
9.782671569524603683e+01
4.320644437661247395e+01
9.238261059224447536e+01
9.062767895742665303e+01
3.958223999925215253e+01
3.868534743858494096e+01
1.825771924704991989e+02
1.054500058728949909e+02
1.367870879852638382e+02
1.056306006008600065e+02
8.385825932460440413e+01
9.017830836057571275e+01
4.152515482343358855e+01
2.957272065293968240e+02
2.687286458004536485e+02
1.885548990949392874e+02
1.273535476974338962e+02
1.580390801555942630e+02
2.086252445108519566e+02
1.704055064666872852e+02
9.369222465437327685e+01
1.496747864114121569e+02
1.049946678111441543e+02
1.708677868665093058e+02
1.829957105930159003e+02
1.031779590490988454e+02
1.517704200989973060e+02
1.009678975698628705e+02
1.603289613602358372e+02
1.087311076177304159e+02
1.591677866679143847e+02
1.297958582334709661e+02
1.234452344438286815e+02
8.946276399069176932e+01
2.170725521885287606e+02
1.649422363685289668e+02
1.745543355185509711e+02
1.623778481035000141e+02
1.412516083058141021e+02
1.457668130984374386e+02
1.196699842947904955e+02
1.463303165281730003e+02
1.989255261697512935e+02
2.907901038626469585e+02
3.209499552605894905e+02
6.979373801195090721e+01
1.873383367547477576e+02
2.565458827722271167e+02
2.104515384105097553e+02
2.502907290496955568e+02
1.742055150991273251e+02
2.217576522089277660e+02
3.046171133409568483e+02
1.248906620442025712e+02
2.443322361549051607e+02
1.743757740983299414e+02
2.545379349558689341e+02
1.660480119250842677e+02
1.943143707802558993e+02
2.693517820560344944e+02
2.479720307934205152e+02
5.630746729696180637e+02
1.513398647615087498e+02
2.190914133996801354e+02
1.467174595941751534e+02
1.929433729893843292e+02
1.784044137715399927e+02
2.717862356609561516e+02
1.777958279648302664e+02
2.428042855352729248e+02
2.847253326352337126e+02
1.333018559968153056e+02
1.261201046594602531e+02
2.309424954841214799e+02
1.992425198935137018e+02
2.091585615576412636e+02
1.790526453839225383e+02
1.474184387772388334e+02
2.341872188886718220e+02
1.542064747621003562e+02
2.247628345645035495e+02
1.352458953049546437e+02
2.154370672781495557e+02
1.393499032987223814e+02
1.699138586071700843e+02
2.208577508174597313e+02
2.033588681489859482e+02
3.025506170568255584e+02
1.453083462384849440e+02
2.141480948811507972e+02
1.390920459665741760e+02
1.547850528338817071e+02
1.579479241016331628e+02
2.242045273526003939e+02
1.621803560678311840e+02
2.045830440697104109e+02
1.113336742697831454e+02
9.028238853887143023e+01
1.457274942514341660e+02
9.274508720878709767e+01
1.217262818830063509e+02
6.816220936927423679e+01
5.767303019581841284e+01
1.476972943176382387e+02
1.110578273206920130e+02
1.185328772289349075e+02
5.089079406321575050e+01
1.359926848549044962e+02
6.967474469223049027e+01
1.001815664231031775e+02
1.415174896722223252e+02
1.191958352610813989e+02
2.037493861141169305e+02
9.005607498415648138e+01
8.204850161887472382e+01
9.456261473765528081e+01
8.964091530748173398e+01
8.915610625416321966e+01
1.429673272922519516e+02
5.702140985956424402e+01
1.869967910845252561e+02
1.405077867790267874e+02
5.982422646335363936e+01
1.197811925911605186e+02
7.043288479851567274e+01
1.393725525860433834e+02
1.476069388854252225e+02
5.340155884649121987e+01
1.336854151922394749e+02
6.846285203855246948e+01
1.299855142381729536e+02
3.930188161203260222e+01
1.285169104052078808e+02
1.048368934379060988e+02
4.048095384091119797e+01
6.095995296041672873e+01
1.906882181167090664e+02
1.395447135568608985e+02
1.613076180044806733e+02
1.260477961549071466e+02
1.030774267559889950e+02
1.152349645394174615e+02
3.934095366651597203e+01
2.189204029052116027e+02
1.825305177497961608e+02
7.563689509513764619e+01
1.609271276930936097e+02
1.092578434187374938e+02
1.763848428056849684e+02
1.865556029455495946e+02
8.136683840300351278e+01
1.709231690578457119e+02
1.069876680752326905e+02
1.725040892220729916e+02
7.149777888111066204e+01
1.669266747756716711e+02
1.479689007313494642e+02
8.327227396863379738e+01
1.064271724707252815e+02
2.570628184932375007e+02
1.762201023404434181e+02
1.895836406458647048e+02
1.713687089907611494e+02
1.526857811483563125e+02
1.488821961323842800e+02
7.537037473838610424e+01
1.377161880500646021e+02
1.695116236377639325e+02
1.279988816586371314e+02
1.642733461797538723e+02
1.291125471884597857e+02
1.221917003123818262e+02
1.797012683411155081e+02
9.925323111019484656e+01
1.575820986787730646e+02
1.061162035286793355e+02
1.678806543676551541e+02
1.154224926126149313e+02
1.220615165657925871e+02
1.683920579607956540e+02
1.532841679052330619e+02
2.439597504119793712e+02
1.158139406482186757e+02
1.455228043490736809e+02
1.154425094065893092e+02
1.328006022200083862e+02
1.234055035701006346e+02
1.759472369215985168e+02
1.295108435651838761e+02
1.042495517427596923e+02
1.080707027057154050e+02
7.023387777099402740e+01
6.798077585476735862e+01
1.352926047561183509e+02
9.476860940930575339e+01
1.242031516980347163e+02
5.227909101967505023e+01
1.137415734521178194e+02
4.445237729404936999e+01
7.746718824829865468e+01
1.231363009087264686e+02
1.024949810344290597e+02
1.984134130747545726e+02
4.846000986098719210e+01
1.041840386611164035e+02
6.409478029515122444e+01
6.687224577521973856e+01
5.499353379210356252e+01
1.250476875643796006e+02
1.056186513760307406e+02
5.485180292396115931e+01
1.263742119651950162e+02
1.403720069086011790e+02
5.730610332357461800e+01
1.233736812118376633e+02
5.345166188126578533e+01
1.195335079271386576e+02
4.319277037128382801e+01
1.141714046943168910e+02
9.632132470259394097e+01
6.042909887178466022e+01
4.508417044906455118e+01
1.706098564479500510e+02
1.204153437442044066e+02
1.462610233181517003e+02
1.163046196966558909e+02
9.951922505863650770e+01
1.031074938088231079e+02
4.529192931123818511e+01
8.654127397360940677e+01
6.123365312180345654e+01
9.430856045433917245e+01
1.012873385434684934e+02
8.331559044130092673e+01
9.572574022700746355e+01
8.853375246383947683e+01
9.505931976804654937e+01
8.458785340894255000e+01
5.424358382917435506e+01
9.947266784754458513e+01
8.022737842874434477e+01
1.420836300245190387e+02
9.212313649522025116e+01
9.097239681348190743e+01
7.542623146713987126e+01
5.189708470753916458e+01
6.649194696319074183e+01
1.003196292317543623e+02
9.574595685013989055e+01
1.103392632123466512e+02
4.549276747721107483e+01
1.051537216465644775e+02
4.009884278943896163e+01
9.359484964843871069e+01
4.915008851963323622e+01
9.103299459597174348e+01
8.605372293010151452e+01
4.367072509848074446e+01
3.268300398243522409e+01
1.467078089196632220e+02
1.054702593189595774e+02
1.252752844645757619e+02
9.058198409885332580e+01
7.204074818641343825e+01
8.503176678248171072e+01
4.035661372219414034e+01
5.920322179771077487e+01
1.256142049084968448e+02
8.829949876237908768e+01
1.157020334744656935e+02
5.843240699789137693e+01
1.126350483602566186e+02
5.543525301939281746e+01
7.388200229443778255e+01
1.167996725043335431e+02
9.935515887256644874e+01
1.548731749307457335e+02
6.979928591534468296e+01
5.517883552520265056e+01
5.876853107182675018e+01
5.953525928720813454e+01
5.758047961430123962e+01
1.184022297239215646e+02
1.311271403774212558e+02
1.013037781826614321e+02
1.337398324601568333e+02
2.233519748688382833e+01
1.142513299335882664e+02
3.746298049630033233e+01
8.223351240910258753e+01
1.232935036431247227e+02
1.022198731506697982e+02
1.907756321921507947e+02
7.034515144996063896e+01
9.723820396637680119e+01
7.421544736970267309e+01
6.345418633738056258e+01
6.164356877265682044e+01
1.223394029247491090e+02
1.296158901423371219e+02
5.695682734992712426e+01
1.209723058449161357e+02
5.237986506990043267e+01
1.200203657828639336e+02
1.035388074148411590e+02
4.268049373785290612e+01
3.979799710872661933e+01
1.896999956181533094e+02
1.367432630267943807e+02
1.525920046708767472e+02
1.175719835389442807e+02
9.509075646955399463e+01
1.109418118359800474e+02
4.084727886537691433e+01
1.053227606446689322e+02
8.556641197135481036e+01
9.956274038925523939e+01
7.632149331389396707e+01
5.139652348109480329e+01
1.151180602868537477e+02
9.566530597029397143e+01
1.758646238378489102e+02
7.007033514259261153e+01
8.287380665555825487e+01
4.658907503449862730e+01
5.320142015809379643e+01
5.270930249842914606e+01
1.153520093312478281e+02
1.127839975910171120e+02
5.871415258746655041e+01
1.076498854624997250e+02
9.337370504190351994e+01
5.523857864214635072e+01
4.269921707167960534e+01
1.530248666233141535e+02
1.198919898533369519e+02
1.105087796055934035e+02
1.135030544439193960e+02
9.272166072331157238e+01
1.010076897161314946e+02
5.370367424177855042e+01
9.941222786351352170e+01
2.200824835045598959e+01
6.789814537817400719e+01
1.086053450781717231e+02
8.922712457939901753e+01
1.823682998226118741e+02
4.290773595266360019e+01
9.551496021646954659e+01
5.778819027714177992e+01
5.074989055808737248e+01
4.595378900699088831e+01
1.085682689832578660e+02
9.492310353788404598e+01
7.510804637567198938e+01
3.250398735940721906e+01
4.768045107914760194e+01
1.402502290690298139e+02
1.054122392775272488e+02
1.233500208558680526e+02
1.004193298584407188e+02
7.667132517217615373e+01
8.145196049497211277e+01
2.430853474871236486e+01
5.898455338010383286e+01
1.054375279355932662e+02
8.762068602717387478e+01
1.875773655981411139e+02
3.478788965821107126e+01
8.736790286128454852e+01
5.568260106484726890e+01
4.667211630008731760e+01
3.829397967496388588e+01
1.055005698549512090e+02
8.946901233477511539e+01
6.983169368040739755e+01
1.476470400299481582e+02
6.010523273842949266e+01
8.768435633010983565e+01
5.670399150347493133e+01
3.558654824146194784e+01
3.635906551120851304e+01
9.049198593512177524e+01
5.116852016258242486e+01
1.680718777017424657e+02
1.154242333315029327e+02
1.417415051128648713e+02
1.078374539733136146e+02
8.326904673512302679e+01
9.519003043700307387e+01
2.628876306350697689e+01
1.216097190011510776e+02
1.016754403685683883e+02
1.156970490927921418e+02
8.894924141166508491e+01
6.652344177468012276e+01
7.603886294304199112e+01
4.412838302949550950e+01
2.467848055059274088e+02
1.648762532085210353e+02
2.087316790393015822e+02
1.517780146158310117e+02
1.826106655204262665e+02
1.736672947415307249e+02
1.057520922740721403e+02
4.675147687850367362e+01
4.781476673810539779e+01
3.389772625391049132e+01
1.225535480965606325e+02
9.879994157748809869e+01
9.478640495144853162e+01
7.890720440916953748e+01
1.358992978575060135e+02
3.043063463879673947e+01
3.323499895692806660e+01
1.083958606668089715e+02
3.093527722172201422e+01
8.705959500559383457e+01
9.371735301719425593e+01
