1.000000000000000000e+00 4.900000000000000000e+01 2.635274954852075098e+02 2.000000000000000000e+00
5.900000000000000000e+01 1.080000000000000000e+02 2.943263536376907723e+02 2.000000000000000000e+00
4.600000000000000000e+01 8.100000000000000000e+01 3.840812392725517839e+02 2.000000000000000000e+00
7.200000000000000000e+01 1.170000000000000000e+02 3.901634768756623544e+02 2.000000000000000000e+00
3.000000000000000000e+00 1.140000000000000000e+02 4.147591038995767576e+02 2.000000000000000000e+00
2.300000000000000000e+01 7.100000000000000000e+01 4.251603466729408751e+02 2.000000000000000000e+00
9.800000000000000000e+01 1.560000000000000000e+02 4.629869038605371543e+02 3.000000000000000000e+00
2.100000000000000000e+01 3.100000000000000000e+01 6.073100479512177117e+02 2.000000000000000000e+00
4.000000000000000000e+00 7.700000000000000000e+01 6.079280123029615197e+02 2.000000000000000000e+00
3.600000000000000000e+01 1.210000000000000000e+02 6.117329935980690152e+02 2.000000000000000000e+00
1.570000000000000000e+02 1.590000000000000000e+02 6.658784336330171527e+02 5.000000000000000000e+00
9.000000000000000000e+00 1.020000000000000000e+02 7.254514752534557829e+02 2.000000000000000000e+00
6.800000000000000000e+01 1.620000000000000000e+02 7.415061426937410261e+02 3.000000000000000000e+00
6.000000000000000000e+00 1.420000000000000000e+02 7.630096688230391919e+02 2.000000000000000000e+00
9.300000000000000000e+01 1.580000000000000000e+02 8.704238386226951434e+02 3.000000000000000000e+00
8.000000000000000000e+00 1.640000000000000000e+02 9.467545744849202265e+02 3.000000000000000000e+00
9.900000000000000000e+01 1.520000000000000000e+02 9.770953574923914857e+02 2.000000000000000000e+00
6.600000000000000000e+01 1.630000000000000000e+02 9.869243146242345119e+02 6.000000000000000000e+00
1.040000000000000000e+02 1.530000000000000000e+02 1.009729287736302126e+03 3.000000000000000000e+00
1.500000000000000000e+01 1.500000000000000000e+02 1.079609427601439620e+03 2.000000000000000000e+00
8.900000000000000000e+01 1.480000000000000000e+02 1.086492099380099489e+03 2.000000000000000000e+00
1.430000000000000000e+02 1.680000000000000000e+02 1.090283693825528189e+03 4.000000000000000000e+00
1.650000000000000000e+02 1.670000000000000000e+02 1.091869924418517257e+03 6.000000000000000000e+00
9.200000000000000000e+01 9.400000000000000000e+01 1.140955776940815667e+03 2.000000000000000000e+00
1.300000000000000000e+01 7.800000000000000000e+01 1.148655992465982308e+03 2.000000000000000000e+00
3.000000000000000000e+01 6.300000000000000000e+01 1.166443566394156733e+03 2.000000000000000000e+00
6.500000000000000000e+01 1.450000000000000000e+02 1.208282750749680645e+03 2.000000000000000000e+00
5.600000000000000000e+01 1.260000000000000000e+02 1.355535771019483036e+03 2.000000000000000000e+00
4.000000000000000000e+01 1.610000000000000000e+02 1.370241178809542134e+03 3.000000000000000000e+00
8.700000000000000000e+01 1.540000000000000000e+02 1.399738679180255303e+03 3.000000000000000000e+00
1.900000000000000000e+01 4.700000000000000000e+01 1.450196110805678018e+03 2.000000000000000000e+00
1.600000000000000000e+01 8.400000000000000000e+01 1.477101066496162730e+03 2.000000000000000000e+00
2.600000000000000000e+01 1.190000000000000000e+02 1.486540682395500426e+03 2.000000000000000000e+00
1.460000000000000000e+02 1.690000000000000000e+02 1.542502886862971991e+03 3.000000000000000000e+00
1.160000000000000000e+02 1.760000000000000000e+02 1.555177158368006303e+03 3.000000000000000000e+00
5.100000000000000000e+01 1.800000000000000000e+02 1.616725872034936401e+03 3.000000000000000000e+00
7.000000000000000000e+01 1.250000000000000000e+02 1.626745980298138420e+03 2.000000000000000000e+00
6.400000000000000000e+01 1.710000000000000000e+02 1.690015535432361276e+03 4.000000000000000000e+00
1.660000000000000000e+02 1.740000000000000000e+02 1.755168171851264105e+03 6.000000000000000000e+00
1.550000000000000000e+02 1.700000000000000000e+02 1.783217847887683774e+03 8.000000000000000000e+00
1.340000000000000000e+02 1.770000000000000000e+02 1.886084404913945946e+03 3.000000000000000000e+00
4.500000000000000000e+01 1.840000000000000000e+02 1.999745372831708210e+03 3.000000000000000000e+00
1.750000000000000000e+02 1.870000000000000000e+02 2.023241262767820444e+03 9.000000000000000000e+00
5.500000000000000000e+01 1.310000000000000000e+02 2.034354544676865771e+03 2.000000000000000000e+00
1.070000000000000000e+02 1.910000000000000000e+02 2.049193722107181657e+03 7.000000000000000000e+00
1.730000000000000000e+02 1.790000000000000000e+02 2.057960644711274199e+03 4.000000000000000000e+00
5.000000000000000000e+01 1.880000000000000000e+02 2.092225848413396307e+03 4.000000000000000000e+00
1.130000000000000000e+02 1.850000000000000000e+02 2.134107998699680593e+03 3.000000000000000000e+00
2.900000000000000000e+01 9.700000000000000000e+01 2.216435288311511613e+03 2.000000000000000000e+00
1.180000000000000000e+02 1.860000000000000000e+02 2.277692808937349582e+03 4.000000000000000000e+00
6.700000000000000000e+01 1.920000000000000000e+02 2.280895515861093827e+03 9.000000000000000000e+00
3.200000000000000000e+01 8.600000000000000000e+01 2.300055837264084403e+03 2.000000000000000000e+00
1.600000000000000000e+02 1.930000000000000000e+02 2.361296181796859400e+03 5.000000000000000000e+00
1.090000000000000000e+02 1.890000000000000000e+02 2.395963484642304593e+03 3.000000000000000000e+00
1.100000000000000000e+01 1.820000000000000000e+02 2.421171176513717910e+03 4.000000000000000000e+00
1.330000000000000000e+02 1.980000000000000000e+02 2.425364677775379278e+03 5.000000000000000000e+00
6.100000000000000000e+01 1.410000000000000000e+02 2.432407080047054478e+03 2.000000000000000000e+00
3.300000000000000000e+01 4.300000000000000000e+01 2.483563016383594913e+03 2.000000000000000000e+00
4.400000000000000000e+01 9.100000000000000000e+01 2.520230160425051508e+03 2.000000000000000000e+00
1.200000000000000000e+01 3.400000000000000000e+01 2.570988459661806246e+03 2.000000000000000000e+00
5.300000000000000000e+01 1.960000000000000000e+02 2.580721673472917701e+03 3.000000000000000000e+00
3.500000000000000000e+01 1.830000000000000000e+02 2.661097302027631031e+03 3.000000000000000000e+00
1.720000000000000000e+02 1.970000000000000000e+02 2.755083807518524281e+03 9.000000000000000000e+00
2.050000000000000000e+02 2.110000000000000000e+02 2.812710233100425739e+03 7.000000000000000000e+00
3.700000000000000000e+01 4.200000000000000000e+01 2.859446366701489751e+03 2.000000000000000000e+00
5.200000000000000000e+01 2.020000000000000000e+02 2.922870531758490870e+03 5.000000000000000000e+00
1.000000000000000000e+01 2.070000000000000000e+02 2.974974266190931758e+03 5.000000000000000000e+00
1.390000000000000000e+02 1.990000000000000000e+02 3.092311449070179606e+03 5.000000000000000000e+00
8.000000000000000000e+01 1.010000000000000000e+02 3.190054251009585187e+03 2.000000000000000000e+00
2.000000000000000000e+02 2.040000000000000000e+02 3.194168825293941154e+03 5.000000000000000000e+00
7.600000000000000000e+01 2.010000000000000000e+02 3.217289092066363537e+03 3.000000000000000000e+00
1.940000000000000000e+02 2.090000000000000000e+02 3.296649601838014405e+03 5.000000000000000000e+00
2.000000000000000000e+01 1.120000000000000000e+02 3.353330614761529432e+03 2.000000000000000000e+00
1.300000000000000000e+02 1.380000000000000000e+02 3.397962601064337832e+03 2.000000000000000000e+00
1.810000000000000000e+02 2.060000000000000000e+02 3.419698955766805284e+03 6.000000000000000000e+00
2.000000000000000000e+00 2.160000000000000000e+02 3.471639162331960506e+03 8.000000000000000000e+00
5.000000000000000000e+00 5.400000000000000000e+01 3.491578732691425557e+03 2.000000000000000000e+00
7.400000000000000000e+01 2.120000000000000000e+02 3.569106794432189417e+03 3.000000000000000000e+00
2.140000000000000000e+02 2.230000000000000000e+02 3.582423593686035019e+03 6.000000000000000000e+00
0.000000000000000000e+00 9.500000000000000000e+01 3.624759110191273976e+03 2.000000000000000000e+00
1.780000000000000000e+02 2.150000000000000000e+02 3.649462748080256006e+03 1.100000000000000000e+01
1.030000000000000000e+02 1.320000000000000000e+02 3.666631568696347131e+03 2.000000000000000000e+00
8.800000000000000000e+01 2.200000000000000000e+02 3.770454231395149691e+03 6.000000000000000000e+00
6.000000000000000000e+01 2.260000000000000000e+02 3.857424468033001631e+03 3.000000000000000000e+00
1.900000000000000000e+02 2.030000000000000000e+02 3.885524127624080847e+03 1.300000000000000000e+01
3.800000000000000000e+01 2.130000000000000000e+02 4.011897760303809264e+03 4.000000000000000000e+00
1.110000000000000000e+02 1.150000000000000000e+02 4.013560905034959433e+03 2.000000000000000000e+00
7.300000000000000000e+01 1.270000000000000000e+02 4.090619267703630612e+03 2.000000000000000000e+00
1.360000000000000000e+02 2.170000000000000000e+02 4.116482006195697977e+03 3.000000000000000000e+00
9.000000000000000000e+01 2.100000000000000000e+02 4.428416472502477518e+03 3.000000000000000000e+00
2.400000000000000000e+01 2.220000000000000000e+02 4.522368379537491819e+03 6.000000000000000000e+00
1.950000000000000000e+02 2.240000000000000000e+02 4.598369018771972151e+03 1.400000000000000000e+01
5.700000000000000000e+01 2.300000000000000000e+02 4.603161539051051477e+03 4.000000000000000000e+00
2.080000000000000000e+02 2.360000000000000000e+02 4.637012409068523993e+03 8.000000000000000000e+00
5.800000000000000000e+01 2.290000000000000000e+02 4.737452539315434478e+03 3.000000000000000000e+00
1.060000000000000000e+02 2.330000000000000000e+02 4.770372280859230159e+03 1.200000000000000000e+01
2.180000000000000000e+02 2.280000000000000000e+02 4.804380319485417203e+03 1.300000000000000000e+01
2.250000000000000000e+02 2.410000000000000000e+02 4.937002758177931355e+03 5.000000000000000000e+00
1.490000000000000000e+02 2.340000000000000000e+02 5.344923813686789799e+03 3.000000000000000000e+00
3.900000000000000000e+01 9.600000000000000000e+01 5.382387150755581388e+03 2.000000000000000000e+00
7.900000000000000000e+01 2.370000000000000000e+02 5.385155685468364936e+03 1.400000000000000000e+01
1.800000000000000000e+01 1.050000000000000000e+02 5.386071452551215771e+03 2.000000000000000000e+00
2.310000000000000000e+02 2.390000000000000000e+02 5.464929448216939818e+03 8.000000000000000000e+00
2.350000000000000000e+02 2.380000000000000000e+02 5.568781362156766590e+03 1.000000000000000000e+01
7.000000000000000000e+00 2.460000000000000000e+02 5.594624441697410475e+03 9.000000000000000000e+00
6.200000000000000000e+01 8.500000000000000000e+01 5.650809154158965612e+03 2.000000000000000000e+00
1.100000000000000000e+02 1.370000000000000000e+02 5.729334173178904166e+03 2.000000000000000000e+00
2.430000000000000000e+02 2.590000000000000000e+02 5.811477906035572232e+03 8.000000000000000000e+00
1.350000000000000000e+02 2.470000000000000000e+02 5.970309419410955343e+03 4.000000000000000000e+00
2.270000000000000000e+02 2.440000000000000000e+02 5.988420632358745934e+03 2.000000000000000000e+01
4.100000000000000000e+01 4.800000000000000000e+01 6.018434945745972982e+03 2.000000000000000000e+00
2.210000000000000000e+02 2.400000000000000000e+02 6.394532272442997055e+03 4.000000000000000000e+00
2.550000000000000000e+02 2.610000000000000000e+02 6.634067140656100491e+03 1.200000000000000000e+01
1.220000000000000000e+02 2.450000000000000000e+02 6.800240295843231252e+03 5.000000000000000000e+00
2.800000000000000000e+01 2.490000000000000000e+02 6.949795970065452821e+03 1.400000000000000000e+01
2.510000000000000000e+02 2.670000000000000000e+02 7.010680942959411368e+03 1.700000000000000000e+01
2.200000000000000000e+01 2.500000000000000000e+01 7.068114625620184597e+03 2.000000000000000000e+00
2.420000000000000000e+02 2.570000000000000000e+02 7.144361201036183957e+03 1.200000000000000000e+01
2.320000000000000000e+02 2.480000000000000000e+02 7.161070976435266857e+03 1.400000000000000000e+01
7.500000000000000000e+01 1.510000000000000000e+02 7.517499449176351845e+03 2.000000000000000000e+00
2.190000000000000000e+02 2.620000000000000000e+02 7.569773703528871010e+03 2.500000000000000000e+01
1.000000000000000000e+02 2.520000000000000000e+02 7.921852690961940425e+03 3.000000000000000000e+00
2.560000000000000000e+02 2.680000000000000000e+02 8.483479677914712738e+03 2.700000000000000000e+01
8.200000000000000000e+01 2.700000000000000000e+02 8.736826784212862549e+03 1.300000000000000000e+01
2.600000000000000000e+02 2.690000000000000000e+02 9.316324374788651767e+03 1.000000000000000000e+01
2.540000000000000000e+02 2.580000000000000000e+02 9.334131460613511081e+03 4.000000000000000000e+00
2.650000000000000000e+02 2.750000000000000000e+02 9.428190087567580122e+03 3.900000000000000000e+01
1.230000000000000000e+02 2.720000000000000000e+02 9.663915215704375441e+03 3.000000000000000000e+00
1.470000000000000000e+02 2.740000000000000000e+02 9.851746033926523523e+03 4.000000000000000000e+00
2.500000000000000000e+02 2.640000000000000000e+02 9.859639689489540615e+03 9.000000000000000000e+00
2.530000000000000000e+02 2.710000000000000000e+02 9.966152008844303055e+03 2.800000000000000000e+01
8.300000000000000000e+01 2.730000000000000000e+02 1.024089358292066572e+04 2.600000000000000000e+01
1.400000000000000000e+02 2.800000000000000000e+02 1.053312282419250550e+04 4.000000000000000000e+00
1.280000000000000000e+02 1.440000000000000000e+02 1.111842511850409210e+04 2.000000000000000000e+00
2.780000000000000000e+02 2.810000000000000000e+02 1.119111575487176742e+04 8.000000000000000000e+00
2.630000000000000000e+02 2.760000000000000000e+02 1.133862918072182401e+04 1.500000000000000000e+01
1.200000000000000000e+02 2.660000000000000000e+02 1.159174098812966804e+04 6.000000000000000000e+00
1.400000000000000000e+01 2.700000000000000000e+01 1.167824269184338482e+04 2.000000000000000000e+00
2.790000000000000000e+02 2.820000000000000000e+02 1.332480396293110061e+04 4.800000000000000000e+01
2.850000000000000000e+02 2.900000000000000000e+02 1.335408274527761205e+04 6.000000000000000000e+00
2.830000000000000000e+02 2.840000000000000000e+02 1.465408072974326751e+04 5.400000000000000000e+01
2.880000000000000000e+02 2.890000000000000000e+02 1.474516896244840427e+04 2.100000000000000000e+01
2.910000000000000000e+02 2.940000000000000000e+02 1.679709416189853800e+04 6.900000000000000000e+01
2.870000000000000000e+02 2.920000000000000000e+02 1.692388603443871762e+04 1.400000000000000000e+01
6.900000000000000000e+01 2.860000000000000000e+02 1.887015552016445508e+04 3.000000000000000000e+00
2.770000000000000000e+02 2.950000000000000000e+02 2.154914560891041037e+04 7.900000000000000000e+01
1.700000000000000000e+01 2.930000000000000000e+02 2.252331367516110549e+04 5.500000000000000000e+01
2.960000000000000000e+02 2.980000000000000000e+02 2.510237631600847089e+04 9.300000000000000000e+01
2.970000000000000000e+02 2.990000000000000000e+02 2.560725650170333756e+04 5.800000000000000000e+01
1.290000000000000000e+02 3.010000000000000000e+02 4.561140287052153872e+04 5.900000000000000000e+01
3.000000000000000000e+02 3.020000000000000000e+02 4.867990783496324002e+04 1.520000000000000000e+02
1.240000000000000000e+02 3.030000000000000000e+02 8.580965547924730345e+04 1.530000000000000000e+02
