5.631454101562500000e+03
6.564219970703125000e+02
2.866748046875000000e+03
1.300012817382812500e+03
3.808104003906250000e+03
3.247305908203125000e+03
4.449531250000000000e+03
4.771905517578125000e+02
8.303657836914062500e+02
9.859281005859375000e+02
2.987396240234375000e+03
5.375849609375000000e+03
7.531248779296875000e+02
9.400133056640625000e+02
1.124501220703125000e+03
6.336525390625000000e+03
4.628252929687500000e+03
2.692220947265625000e+03
4.751259765625000000e+03
8.116844726562500000e+03
2.027645263671875000e+03
2.924708007812500000e+03
3.908511962890625000e+03
7.595302734375000000e+03
1.372046020507812500e+03
1.035474365234375000e+03
8.655991210937500000e+03
1.049048461914062500e+03
4.635684082031250000e+03
4.309628417968750000e+03
9.864090576171875000e+02
1.292952636718750000e+03
6.842473632812500000e+03
5.461559570312500000e+03
4.154853515625000000e+02
1.010133789062500000e+03
5.832522460937500000e+03
5.993153320312500000e+03
3.742666259765625000e+03
6.284946289062500000e+03
5.053912597656250000e+03
7.562595214843750000e+03
1.041724121093750000e+03
4.837486328125000000e+03
3.686718261718750000e+03
3.125737792968750000e+03
5.175697265625000000e+03
6.173921386718750000e+03
6.314812500000000000e+03
7.424101562500000000e+03
6.768518066406250000e+02
2.749219238281250000e+03
1.074087280273437500e+03
4.940670898437500000e+03
7.289741210937500000e+03
3.192616210937500000e+03
1.080525634765625000e+03
5.400893554687500000e+03
5.513246582031250000e+03
3.908741210937500000e+03
4.263305175781250000e+03
6.610185058593750000e+03
8.878533203125000000e+03
1.335736328125000000e+03
5.493273437500000000e+03
4.390715820312500000e+03
6.495206054687500000e+03
6.752442626953125000e+02
1.278680175781250000e+03
5.901490234375000000e+03
5.348033203125000000e+03
4.811530761718750000e+03
1.153960156250000000e+04
3.069082275390625000e+03
4.092107421875000000e+03
5.169877929687500000e+03
5.987311035156250000e+03
7.053506835937500000e+03
1.020676269531250000e+03
8.799496459960937500e+02
3.838107421875000000e+03
4.566353515625000000e+03
4.607715820312500000e+03
8.891291015625000000e+03
4.844506835937500000e+03
4.509837890625000000e+03
5.819958984375000000e+03
5.279224609375000000e+03
8.678165039062500000e+03
1.236717163085937500e+03
3.961365722656250000e+03
5.893164062500000000e+03
8.926707031250000000e+03
4.447541503906250000e+03
4.599332031250000000e+03
3.679818847656250000e+03
2.572405761718750000e+03
4.396891601562500000e+03
4.675769531250000000e+03
1.060124804687500000e+04
4.304587890625000000e+03
5.581847656250000000e+03
9.036146240234375000e+02
5.294643066406250000e+03
4.371064941406250000e+03
5.389141601562500000e+03
7.013598144531250000e+03
4.479636718750000000e+03
5.839051269531250000e+03
4.792644042968750000e+03
7.494891113281250000e+03
9.366892700195312500e+02
4.512938476562500000e+03
1.111954345703125000e+03
1.880646240234375000e+03
6.493686523437500000e+03
2.684302734375000000e+03
4.248012695312500000e+03
2.567805664062500000e+03
6.440258300781250000e+03
6.621821289062500000e+03
4.846602539062500000e+03
9.436362304687500000e+03
5.177530761718750000e+03
6.358177734375000000e+03
5.594062011718750000e+03
5.148657226562500000e+03
8.319697265625000000e+03
4.863639160156250000e+03
5.013517578125000000e+03
4.251270507812500000e+03
1.111515136718750000e+04
5.188580566406250000e+03
6.299492675781250000e+03
4.956437500000000000e+03
1.076673535156250000e+04
6.456675781250000000e+03
4.701089355468750000e+03
4.659761718750000000e+03
6.237388671875000000e+03
4.806169921875000000e+03
6.534266113281250000e+03
7.002844238281250000e+03
3.993684082031250000e+03
9.172514648437500000e+02
1.771361328125000000e+04
1.574447265625000000e+03
1.952403442382812500e+03
7.716948852539062500e+02
2.691866699218750000e+03
2.198039550781250000e+03
2.441362792968750000e+03
2.205362548828125000e+02
4.528583374023437500e+02
3.319400634765625000e+02
2.256614257812500000e+03
3.326575683593750000e+03
4.307034912109375000e+02
5.808390502929687500e+02
6.601177368164062500e+02
5.169293945312500000e+03
3.178401367187500000e+03
1.252039306640625000e+03
4.111588867187500000e+03
4.254213867187500000e+03
1.822474121093750000e+03
1.704043334960937500e+03
2.972438232421875000e+03
5.016431640625000000e+03
6.346582641601562500e+02
5.223199462890625000e+02
7.219297363281250000e+03
8.272023925781250000e+02
3.370296386718750000e+03
2.523161621093750000e+03
5.252009277343750000e+02
6.052343750000000000e+02
4.933229492187500000e+03
4.517644531250000000e+03
4.204454345703125000e+02
8.463010864257812500e+02
3.104502441406250000e+03
6.270478515625000000e+03
2.199183349609375000e+03
3.059814453125000000e+03
3.078794433593750000e+03
6.009801757812500000e+03
6.510214843750000000e+02
2.497144287109375000e+03
2.559108886718750000e+03
1.668770751953125000e+03
3.971369873046875000e+03
4.589235351562500000e+03
4.940133300781250000e+03
6.843158203125000000e+03
4.221776123046875000e+02
1.795374145507812500e+03
6.644544677734375000e+02
2.914477050781250000e+03
3.827398437500000000e+03
1.887387329101562500e+03
6.602338867187500000e+02
3.405043945312500000e+03
4.463751953125000000e+03
2.425521240234375000e+03
3.093856689453125000e+03
3.299773925781250000e+03
6.424450195312500000e+03
7.918019409179687500e+02
3.975008789062500000e+03
3.369536621093750000e+03
4.390242675781250000e+03
4.135079345703125000e+02
6.442456054687500000e+02
2.919691406250000000e+03
3.556522949218750000e+03
3.165887207031250000e+03
9.523179687500000000e+03
2.294742187500000000e+03
5.139297851562500000e+03
1.334826538085937500e+03
3.475317382812500000e+03
4.412408691406250000e+03
1.899346557617187500e+03
2.477010498046875000e+03
2.084746093750000000e+03
6.445369140625000000e+03
6.182515136718750000e+03
2.796519287109375000e+03
3.292306640625000000e+03
3.294122070312500000e+03
3.010587402343750000e+03
3.147552001953125000e+03
3.271779296875000000e+03
5.625025390625000000e+03
7.622410644531250000e+03
4.981928222656250000e+03
4.701997070312500000e+02
2.060102294921875000e+03
8.568686523437500000e+03
1.631306640625000000e+03
1.364470336914062500e+03
5.270483398437500000e+03
1.920347900390625000e+03
3.352428222656250000e+03
4.463609863281250000e+03
3.969548339843750000e+03
2.099153808593750000e+03
3.445939941406250000e+03
5.366984375000000000e+03
2.738672607421875000e+03
4.852494140625000000e+03
6.508260253906250000e+03
4.995337890625000000e+03
3.617231933593750000e+03
6.118609375000000000e+03
4.989098632812500000e+03
6.353514648437500000e+03
4.459772949218750000e+03
5.040256347656250000e+03
1.984739746093750000e+03
2.954817871093750000e+03
1.491817749023437500e+03
5.604416992187500000e+03
3.445617675781250000e+03
3.450003173828125000e+03
2.868054443359375000e+03
3.984306640625000000e+03
4.798465820312500000e+03
4.729092773437500000e+03
7.110314941406250000e+03
5.507653808593750000e+02
3.000899414062500000e+03
2.298424316406250000e+03
5.880940429687500000e+03
5.469377441406250000e+03
4.443726562500000000e+03
7.134255859375000000e+03
4.163448242187500000e+03
4.834933593750000000e+03
5.670009765625000000e+03
3.658571044921875000e+03
7.363030273437500000e+03
1.868063232421875000e+03
4.241719726562500000e+03
7.455419433593750000e+03
5.782296875000000000e+03
4.903449707031250000e+03
6.273492675781250000e+03
2.497908447265625000e+03
5.969984375000000000e+03
3.190403076171875000e+03
3.261035156250000000e+03
1.002978576660156250e+03
8.556162109375000000e+02
1.139511840820312500e+03
1.612254028320312500e+03
4.138154296875000000e+03
6.481964721679687500e+02
5.701674804687500000e+02
8.394536132812500000e+02
9.939811523437500000e+03
5.618812500000000000e+03
2.330765380859375000e+03
5.872687500000000000e+03
4.326887207031250000e+03
2.426888671875000000e+03
4.453213867187500000e+03
5.812538085937500000e+03
6.436877441406250000e+03
1.800830322265625000e+03
1.861952758789062500e+03
1.103492871093750000e+04
2.293604492187500000e+03
6.369733398437500000e+03
3.251141601562500000e+03
2.462478027343750000e+02
1.369264282226562500e+03
1.012793847656250000e+04
7.385317382812500000e+03
1.226580810546875000e+03
5.940339965820312500e+02
3.836267089843750000e+03
1.019834179687500000e+04
3.066830566406250000e+03
3.844914550781250000e+03
4.354006835937500000e+03
9.771481445312500000e+03
4.542540283203125000e+02
3.461064697265625000e+03
4.574941894531250000e+03
2.643745117187500000e+03
8.805741210937500000e+03
8.179302734375000000e+03
8.062482421875000000e+03
1.294863867187500000e+04
1.131243408203125000e+03
3.377732421875000000e+03
1.378334960937500000e+02
5.074513671875000000e+03
3.878181152343750000e+03
4.578406738281250000e+03
1.326899169921875000e+03
6.886813476562500000e+03
8.278565429687500000e+03
3.902899414062500000e+03
6.411903320312500000e+03
3.898677246093750000e+03
1.360475000000000000e+04
6.930880737304687500e+02
6.197553710937500000e+03
5.111056640625000000e+03
5.349426757812500000e+03
1.512005615234375000e+03
7.878688354492187500e+02
3.886303222656250000e+03
5.008129882812500000e+03
4.938179687500000000e+03
1.873051562500000000e+04
4.226459960937500000e+03
5.104798828125000000e+03
6.573510742187500000e+03
2.585882812500000000e+03
2.902627929687500000e+03
2.955300781250000000e+03
5.983858886718750000e+03
8.220792968750000000e+03
3.816245117187500000e+03
4.102123046875000000e+03
3.972856445312500000e+03
4.398125000000000000e+03
4.873848632812500000e+03
4.595374023437500000e+03
7.540518554687500000e+03
1.299443457031250000e+04
6.011074218750000000e+03
1.386707519531250000e+03
3.604225830078125000e+03
1.189282324218750000e+04
2.439797363281250000e+03
2.151177001953125000e+03
7.538461425781250000e+03
2.755623535156250000e+03
4.445094726562500000e+03
6.478601562500000000e+03
4.412580566406250000e+03
2.933796386718750000e+03
5.854018066406250000e+03
7.843452636718750000e+03
3.300876708984375000e+03
5.269500976562500000e+03
8.867163085937500000e+03
7.049879882812500000e+03
5.314480957031250000e+03
8.707232421875000000e+03
7.483471679687500000e+03
8.602673828125000000e+03
5.212506835937500000e+03
7.423782226562500000e+03
4.075301025390625000e+03
4.865216308593750000e+03
2.972716064453125000e+03
7.536911132812500000e+03
4.802343750000000000e+03
4.371283203125000000e+03
3.601916015625000000e+03
4.862314453125000000e+03
5.554558105468750000e+03
6.844825195312500000e+03
1.200428710937500000e+04
8.709534912109375000e+02
3.892757324218750000e+03
4.737993652343750000e+03
6.321583984375000000e+03
7.107526367187500000e+03
5.582530761718750000e+03
1.008453906250000000e+04
5.905633300781250000e+03
5.331806640625000000e+03
7.587966308593750000e+03
5.436493164062500000e+03
9.393912109375000000e+03
2.788755126953125000e+03
4.342259277343750000e+03
9.968747070312500000e+03
7.943335937500000000e+03
7.052870117187500000e+03
7.677739257812500000e+03
3.890410156250000000e+03
7.378850708007812500e+02
1.995757568359375000e+03
2.791913085937500000e+03
2.553895019531250000e+03
6.687840332031250000e+03
3.417398193359375000e+03
2.237897460937500000e+03
3.076557128906250000e+03
3.076666015625000000e+03
5.315389648437500000e+03
1.289158447265625000e+03
2.164377441406250000e+03
4.182501953125000000e+03
6.118795410156250000e+03
3.239710449218750000e+03
3.042487304687500000e+03
2.289651855468750000e+03
2.772169189453125000e+03
2.141624023437500000e+03
2.298535888671875000e+03
8.733963867187500000e+03
2.656767089843750000e+03
3.386930664062500000e+03
2.558022460937500000e+02
2.666841552734375000e+03
2.103621582031250000e+03
3.947465820312500000e+03
4.650449218750000000e+03
2.828943115234375000e+03
3.914252685546875000e+03
3.330777343750000000e+03
4.646509765625000000e+03
2.096730957031250000e+02
3.245087646484375000e+03
5.947391357421875000e+02
3.091118652343750000e+03
3.724099609375000000e+03
1.859523315429687500e+03
1.917709838867187500e+03
1.397634399414062500e+03
4.280094726562500000e+03
5.049120605468750000e+03
3.639183593750000000e+03
5.888070312500000000e+03
3.205275146484375000e+03
4.076657226562500000e+03
2.892430419921875000e+03
3.576075195312500000e+03
5.073490722656250000e+03
3.142510009765625000e+03
3.392083251953125000e+03
3.265538085937500000e+03
7.982356445312500000e+03
2.936716796875000000e+03
4.564528320312500000e+03
3.726426269531250000e+03
8.130481933593750000e+03
4.374862304687500000e+03
4.059020996093750000e+03
3.173707275390625000e+03
4.357603027343750000e+03
2.978671875000000000e+03
4.325792968750000000e+03
3.849538818359375000e+03
3.222423828125000000e+03
7.593063354492187500e+02
1.238359863281250000e+04
5.669082031250000000e+02
2.433945312500000000e+03
2.729759765625000000e+03
3.026608398437500000e+03
7.684729980468750000e+03
3.312869873046875000e+03
2.789382324218750000e+03
3.942975097656250000e+03
3.897113525390625000e+03
8.108739746093750000e+03
1.818738281250000000e+03
2.335369140625000000e+03
4.220637695312500000e+03
3.574351806640625000e+03
4.154732421875000000e+03
3.633880371093750000e+03
3.039553955078125000e+03
1.278919555664062500e+03
2.847900634765625000e+03
3.212675292968750000e+03
9.803248046875000000e+03
3.727251464843750000e+03
4.178913085937500000e+03
3.073979492187500000e+02
3.195965820312500000e+03
2.463843750000000000e+03
5.177875976562500000e+03
5.636656250000000000e+03
3.441890869140625000e+03
4.450464843750000000e+03
2.864929687500000000e+03
6.714295410156250000e+03
5.598574218750000000e+02
2.249523437500000000e+03
5.323245239257812500e+02
1.699083007812500000e+03
4.528334960937500000e+03
1.453914550781250000e+03
2.874404785156250000e+03
1.469322998046875000e+03
6.131218750000000000e+03
6.367253417968750000e+03
3.848133544921875000e+03
9.325771484375000000e+03
3.811291015625000000e+03
5.070375488281250000e+03
3.570383789062500000e+03
4.002177001953125000e+03
3.428676025390625000e+03
3.569021728515625000e+03
3.429410400390625000e+03
3.455158691406250000e+03
1.106787011718750000e+04
3.752596679687500000e+03
6.141709960937500000e+03
2.733400878906250000e+03
1.094434082031250000e+04
4.552265136718750000e+03
3.942760253906250000e+03
3.189957031250000000e+03
4.063716796875000000e+03
3.421001220703125000e+03
4.870210937500000000e+03
3.950632568359375000e+03
2.655793945312500000e+03
7.082991943359375000e+02
1.810465625000000000e+04
1.540960815429687500e+03
3.191541748046875000e+02
5.456760864257812500e+02
2.461743652343750000e+03
3.215985839843750000e+03
5.154123535156250000e+02
7.911832885742187500e+02
8.390684204101562500e+02
4.745116210937500000e+03
2.995228515625000000e+03
1.370425415039062500e+03
3.857276367187500000e+03
4.204677734375000000e+03
1.889946777343750000e+03
1.747333374023437500e+03
2.744662109375000000e+03
4.929418945312500000e+03
7.726785278320312500e+02
5.074190673828125000e+02
7.157021972656250000e+03
5.980391845703125000e+02
3.900859375000000000e+03
2.449835693359375000e+03
7.565137939453125000e+02
7.033128662109375000e+02
5.341934570312500000e+03
4.649168945312500000e+03
2.570806884765625000e+02
9.017957153320312500e+02
3.106624511718750000e+03
5.638732910156250000e+03
2.087730468750000000e+03
3.152214843750000000e+03
2.999797363281250000e+03
6.073323242187500000e+03
9.385305786132812500e+02
2.514999023437500000e+03
2.493268554687500000e+03
1.538572753906250000e+03
3.591093261718750000e+03
4.657141601562500000e+03
4.798433593750000000e+03
6.086286132812500000e+03
5.674719238281250000e+02
2.017897583007812500e+03
9.008757324218750000e+02
3.142343750000000000e+03
3.746202636718750000e+03
1.929957031250000000e+03
8.031705932617187500e+02
3.775010253906250000e+03
4.071229736328125000e+03
2.649339599609375000e+03
3.155414062500000000e+03
3.435802978515625000e+03
6.905211914062500000e+03
1.025329589843750000e+03
3.824971679687500000e+03
3.085540527343750000e+03
4.295050292968750000e+03
4.526456298828125000e+02
8.883937988281250000e+02
3.420564453125000000e+03
3.341851562500000000e+03
3.160281738281250000e+03
9.819271484375000000e+03
1.970516601562500000e+03
6.902475585937500000e+02
2.016902832031250000e+03
4.020440917968750000e+03
8.376438598632812500e+02
9.807276611328125000e+02
8.513074951171875000e+02
5.402678710937500000e+03
3.498870605468750000e+03
1.850169921875000000e+03
4.553759765625000000e+03
2.789973144531250000e+03
1.770821044921875000e+03
2.371953125000000000e+03
3.498352783203125000e+03
5.581385742187500000e+03
1.153115234375000000e+03
1.030239135742187500e+03
8.240458984375000000e+03
1.316254638671875000e+03
3.799520019531250000e+03
3.035461425781250000e+03
9.120034179687500000e+02
1.066597412109375000e+03
6.561213378906250000e+03
5.730750976562500000e+03
5.659394531250000000e+02
8.624226074218750000e+02
3.757654541015625000e+03
6.937106933593750000e+03
2.753862060546875000e+03
3.480188476562500000e+03
3.778226562500000000e+03
6.238567871093750000e+03
1.136097900390625000e+03
3.304259277343750000e+03
3.101186523437500000e+03
1.958294921875000000e+03
3.974692382812500000e+03
6.073234375000000000e+03
5.133101562500000000e+03
6.964362304687500000e+03
7.014401855468750000e+02
2.339542968750000000e+03
9.363443603515625000e+02
3.840793457031250000e+03
2.812952636718750000e+03
2.144127929687500000e+03
4.023244018554687500e+02
4.063185791015625000e+03
5.932611328125000000e+03
3.321037597656250000e+03
4.466183593750000000e+03
3.667630126953125000e+03
8.457958984375000000e+03
7.629553222656250000e+02
4.313247070312500000e+03
3.598493652343750000e+03
5.290023925781250000e+03
6.246992187500000000e+02
8.613445434570312500e+02
4.097584960937500000e+03
3.854369384765625000e+03
4.162082519531250000e+03
1.142920898437500000e+04
2.654283447265625000e+03
2.292328369140625000e+03
3.838500244140625000e+03
7.561828002929687500e+02
6.880280151367187500e+02
4.650426025390625000e+02
4.312446289062500000e+03
3.240329589843750000e+03
1.815071289062500000e+03
4.634146484375000000e+03
6.053650878906250000e+03
2.125656005859375000e+03
1.885112426757812500e+03
3.439897216796875000e+03
5.603952148437500000e+03
7.490311889648437500e+02
6.147375488281250000e+02
7.251470703125000000e+03
1.242726074218750000e+03
3.593796630859375000e+03
3.082858886718750000e+03
9.053748779296875000e+02
5.501791992187500000e+02
5.400706542968750000e+03
4.664049804687500000e+03
8.748387451171875000e+02
1.273996948242187500e+03
3.838694824218750000e+03
6.179244140625000000e+03
2.548477050781250000e+03
3.741206298828125000e+03
3.532065673828125000e+03
6.069816406250000000e+03
9.981324462890625000e+02
3.078896484375000000e+03
2.694145996093750000e+03
2.093989013671875000e+03
3.789896484375000000e+03
4.992998535156250000e+03
4.811202148437500000e+03
5.813441894531250000e+03
7.794376220703125000e+02
2.073970703125000000e+03
1.049239257812500000e+03
3.488786376953125000e+03
5.375499023437500000e+03
2.124349121093750000e+03
9.411748046875000000e+02
3.224832519531250000e+03
4.373909179687500000e+03
3.151966796875000000e+03
3.415219238281250000e+03
4.260078125000000000e+03
6.243919921875000000e+03
1.056181518554687500e+03
4.319976562500000000e+03
3.420803955078125000e+03
4.656946289062500000e+03
7.655051269531250000e+02
9.995253295898437500e+02
3.847821777343750000e+03
3.850855224609375000e+03
3.439342529296875000e+03
9.631022460937500000e+03
2.394021728515625000e+03
8.656179687500000000e+03
3.037027099609375000e+03
2.718977050781250000e+03
1.233992431640625000e+03
1.182557617187500000e+04
7.078641601562500000e+03
5.367306640625000000e+03
8.623730468750000000e+03
1.229490625000000000e+04
3.109550781250000000e+03
5.685468750000000000e+03
7.632858398437500000e+03
1.123818457031250000e+04
4.119095703125000000e+03
3.728543457031250000e+03
1.388982031250000000e+04
3.817389648437500000e+03
7.932550292968750000e+03
7.693750000000000000e+03
2.270374511718750000e+03
3.925884277343750000e+03
1.345409375000000000e+04
1.008983886718750000e+04
2.148820312500000000e+03
9.023273925781250000e+02
8.664930664062500000e+03
1.277360449218750000e+04
6.618844726562500000e+03
8.668781250000000000e+03
8.080018554687500000e+03
1.003888085937500000e+04
2.480594726562500000e+03
7.447745117187500000e+03
7.434516601562500000e+03
6.248124023437500000e+03
1.017870703125000000e+04
9.793037109375000000e+03
9.650385742187500000e+03
1.527124804687500000e+04
2.214147460937500000e+03
4.617862304687500000e+03
1.820942138671875000e+03
8.384105468750000000e+03
1.154983105468750000e+04
5.329615234375000000e+03
1.586451660156250000e+03
8.545104492187500000e+03
9.594696289062500000e+03
7.572912109375000000e+03
8.468666015625000000e+03
9.063590820312500000e+03
1.551436328125000000e+04
9.133142700195312500e+02
9.228379882812500000e+03
7.229041992187500000e+03
9.324426757812500000e+03
2.676371582031250000e+03
1.268462524414062500e+03
9.262135742187500000e+03
7.971965820312500000e+03
7.469805175781250000e+03
2.327178906250000000e+04
6.287914062500000000e+03
3.231365722656250000e+03
4.379409179687500000e+03
4.546312500000000000e+03
9.062243164062500000e+03
5.710769531250000000e+03
3.518351806640625000e+03
1.496674316406250000e+03
7.031676269531250000e+03
5.790557617187500000e+03
5.063387695312500000e+03
4.956604980468750000e+03
3.565754882812500000e+03
3.548539306640625000e+03
3.948939453125000000e+03
7.240402832031250000e+03
4.343722656250000000e+03
5.306300292968750000e+03
3.500635742187500000e+03
3.698836669921875000e+03
3.308081542968750000e+03
9.060166992187500000e+03
7.265989746093750000e+03
4.192068847656250000e+03
5.131139648437500000e+03
2.904150390625000000e+02
1.015842773437500000e+04
3.617667724609375000e+03
7.107423095703125000e+02
4.838459960937500000e+03
7.486531738281250000e+03
4.690661132812500000e+03
1.016572082519531250e+03
5.156835449218750000e+03
1.166554931640625000e+03
8.065777343750000000e+03
7.504911132812500000e+03
5.222390136718750000e+03
1.148318164062500000e+04
4.821179687500000000e+03
6.127345214843750000e+03
4.147404785156250000e+03
5.267448242187500000e+03
6.084439453125000000e+03
5.203941894531250000e+03
4.622067382812500000e+03
6.570521972656250000e+03
8.262914062500000000e+03
4.658469726562500000e+03
7.260288574218750000e+03
7.659016113281250000e+02
1.288813476562500000e+04
5.202652343750000000e+03
1.639185791015625000e+03
1.234498779296875000e+03
5.013032226562500000e+02
4.455188964843750000e+03
5.432470703125000000e+03
5.355468750000000000e+03
1.099625244140625000e+03
5.250504882812500000e+03
2.244920312500000000e+04
4.354178710937500000e+03
4.758950195312500000e+02
9.572887573242187500e+02
5.697629882812500000e+03
4.030170410156250000e+03
1.789008666992187500e+03
3.826315917968750000e+03
4.805042968750000000e+03
1.754665527343750000e+03
2.508129150390625000e+03
3.552594238281250000e+03
5.388619140625000000e+03
8.645079956054687500e+02
8.355687866210937500e+02
7.678774414062500000e+03
1.127188842773437500e+03
3.825614746093750000e+03
2.663855468750000000e+03
4.342170410156250000e+02
6.548481445312500000e+02
5.528661132812500000e+03
5.351592285156250000e+03
7.600308837890625000e+02
1.151322631835937500e+03
3.189359863281250000e+03
6.464657226562500000e+03
2.411154296875000000e+03
3.350349609375000000e+03
3.221916992187500000e+03
7.346484863281250000e+03
5.456688232421875000e+02
2.598781005859375000e+03
2.604669921875000000e+03
1.721729736328125000e+03
5.048194824218750000e+03
5.689530273437500000e+03
5.408324707031250000e+03
6.983552734375000000e+03
9.068702392578125000e+02
2.606430664062500000e+03
5.792979125976562500e+02
3.746500488281250000e+03
4.058345214843750000e+03
2.802476074218750000e+03
1.327634155273437500e+03
4.413896972656250000e+03
5.334603515625000000e+03
2.729833496093750000e+03
4.203094238281250000e+03
3.625653808593750000e+03
7.939207031250000000e+03
1.296279663085937500e+03
4.395095703125000000e+03
3.362042724609375000e+03
4.351397460937500000e+03
9.097131347656250000e+02
1.209934082031250000e+03
3.262931640625000000e+03
3.911958496093750000e+03
3.534964111328125000e+03
1.057518750000000000e+04
2.670724365234375000e+03
8.382180786132812500e+02
5.959703125000000000e+03
4.881600585937500000e+03
2.595374511718750000e+03
5.711982421875000000e+03
9.077490234375000000e+03
2.435536132812500000e+03
3.072378906250000000e+03
4.578449218750000000e+03
6.940004882812500000e+03
1.135302978515625000e+03
1.146686401367187500e+03
8.671188476562500000e+03
1.937639526367187500e+03
4.341887695312500000e+03
3.587536376953125000e+03
4.906744384765625000e+02
8.072340087890625000e+02
7.507540527343750000e+03
6.567984375000000000e+03
1.112215087890625000e+03
1.215050903320312500e+03
4.697594726562500000e+03
7.211881347656250000e+03
3.123348632812500000e+03
4.856553222656250000e+03
4.203997070312500000e+03
7.750961914062500000e+03
3.393630371093750000e+02
4.045749511718750000e+03
3.491199218750000000e+03
2.861041259765625000e+03
5.460922851562500000e+03
6.997552734375000000e+03
5.659386718750000000e+03
7.834788574218750000e+03
1.102617675781250000e+03
3.125937988281250000e+03
3.916462402343750000e+02
5.082249023437500000e+03
7.567646484375000000e+03
3.159758789062500000e+03
1.501848022460937500e+03
4.984383789062500000e+03
6.673140625000000000e+03
3.693790527343750000e+03
5.359178710937500000e+03
5.633620117187500000e+03
9.395383789062500000e+03
1.240387695312500000e+03
5.763049804687500000e+03
4.302564941406250000e+03
5.538643554687500000e+03
1.351519165039062500e+03
1.093878540039062500e+03
4.813021484375000000e+03
5.165659667968750000e+03
4.130610351562500000e+03
1.271949804687500000e+04
3.374724121093750000e+03
6.552844726562500000e+03
4.136739257812500000e+03
2.386550292968750000e+03
5.395634765625000000e+03
7.477666992187500000e+03
1.935972900390625000e+03
3.065097656250000000e+03
5.004656250000000000e+03
6.494201171875000000e+03
1.411602050781250000e+03
1.313433105468750000e+03
9.295508789062500000e+03
1.720882812500000000e+03
4.812862792968750000e+03
3.701698486328125000e+03
7.771336059570312500e+02
1.240822387695312500e+03
8.264398437500000000e+03
6.052914550781250000e+03
9.051153564453125000e+02
8.564749145507812500e+02
4.597043945312500000e+03
8.163494140625000000e+03
3.053159179687500000e+03
4.659480957031250000e+03
4.095239257812500000e+03
6.718465820312500000e+03
1.033775390625000000e+03
3.656716308593750000e+03
4.135666015625000000e+03
2.784768310546875000e+03
5.855308593750000000e+03
6.284143554687500000e+03
6.293916015625000000e+03
8.411276367187500000e+03
9.219940795898437500e+02
2.569000732421875000e+03
7.719970703125000000e+02
4.460626464843750000e+03
6.591080078125000000e+03
3.170895996093750000e+03
7.689028930664062500e+02
4.770300781250000000e+03
5.925884765625000000e+03
3.751743652343750000e+03
5.081230957031250000e+03
4.943615234375000000e+03
9.291090820312500000e+03
8.099824829101562500e+02
5.333692871093750000e+03
4.245017089843750000e+03
5.321032714843750000e+03
1.076527221679687500e+03
8.934376220703125000e+02
4.547648437500000000e+03
4.493345214843750000e+03
4.010175537109375000e+03
1.329012695312500000e+04
3.110228515625000000e+03
5.549666015625000000e+03
6.215694335937500000e+03
7.629419921875000000e+03
2.049905273437500000e+04
8.799375000000000000e+03
2.722302978515625000e+03
4.651963378906250000e+03
1.501142089843750000e+04
3.548257812500000000e+03
3.441216796875000000e+03
8.057223144531250000e+03
4.910429199218750000e+03
4.738020019531250000e+03
7.529723144531250000e+03
7.946111816406250000e+03
3.946264160156250000e+03
7.000035156250000000e+03
8.570412109375000000e+03
6.289514160156250000e+03
9.706450195312500000e+03
9.701904296875000000e+03
7.027758789062500000e+03
5.888390136718750000e+03
9.486821289062500000e+03
7.935660156250000000e+03
9.513452148437500000e+03
7.880151855468750000e+03
7.998607421875000000e+03
4.254043457031250000e+03
4.079255371093750000e+03
1.030490722656250000e+03
8.206662109375000000e+03
4.296621093750000000e+03
1.386825927734375000e+03
6.611142578125000000e+03
7.589117187500000000e+03
8.320292968750000000e+03
8.268919921875000000e+03
1.797669921875000000e+04
2.444352050781250000e+03
6.791380859375000000e+03
4.517299804687500000e+03
5.635845703125000000e+03
8.316893554687500000e+03
7.374537109375000000e+03
1.111347949218750000e+04
6.036325195312500000e+03
9.545435546875000000e+03
7.481324707031250000e+03
5.156390625000000000e+03
1.076698828125000000e+04
5.316970214843750000e+03
8.890185546875000000e+03
1.229635742187500000e+04
8.631453125000000000e+03
7.416975585937500000e+03
1.066924902343750000e+04
3.520664550781250000e+03
3.483933105468750000e+03
5.152643066406250000e+03
7.309944335937500000e+03
3.456231201171875000e+03
3.063023681640625000e+03
2.958144042968750000e+03
4.350164062500000000e+03
3.218958007812500000e+03
2.996464355468750000e+03
9.181181640625000000e+03
2.705960205078125000e+03
4.575673339843750000e+03
1.794930053710937500e+03
4.668126953125000000e+03
3.440361328125000000e+03
4.031760742187500000e+03
5.430944824218750000e+03
3.750282958984375000e+03
5.190138671875000000e+03
5.658332031250000000e+03
5.324064453125000000e+03
1.301026733398437500e+03
5.197580078125000000e+03
1.573541381835937500e+03
2.551612792968750000e+03
5.305095703125000000e+03
3.213637695312500000e+03
2.933706298828125000e+03
2.738541503906250000e+03
4.109259765625000000e+03
5.299032226562500000e+03
4.172494140625000000e+03
6.069809570312500000e+03
4.093859375000000000e+03
4.889661132812500000e+03
5.021580078125000000e+03
4.597540527343750000e+03
7.122795898437500000e+03
3.098694824218750000e+03
3.858823730468750000e+03
2.890188232421875000e+03
8.043309570312500000e+03
4.993726562500000000e+03
4.844160156250000000e+03
5.565687500000000000e+03
7.282676757812500000e+03
5.124043945312500000e+03
5.245822753906250000e+03
4.250123046875000000e+03
6.619109375000000000e+03
3.291122070312500000e+03
5.019622070312500000e+03
6.615916992187500000e+03
4.308807617187500000e+03
1.473931518554687500e+03
1.307082031250000000e+04
9.673858642578125000e+02
5.052368164062500000e+03
4.044271240234375000e+03
3.900230712890625000e+03
3.018880859375000000e+03
3.411051757812500000e+03
5.029005859375000000e+03
1.172491210937500000e+03
1.586991699218750000e+03
9.220547851562500000e+03
2.214535400390625000e+03
6.527815429687500000e+03
2.297618408203125000e+03
1.988822265625000000e+03
1.763116699218750000e+03
7.854756835937500000e+03
1.312451538085937500e+03
2.278785156250000000e+03
3.108499267578125000e+03
3.212244140625000000e+03
6.283489257812500000e+03
1.987369262695312500e+03
3.199221679687500000e+03
3.203325195312500000e+03
6.593162109375000000e+03
2.937495605468750000e+03
2.687604492187500000e+03
3.402877197265625000e+03
1.914561279296875000e+03
5.024420410156250000e+03
1.399349243164062500e+03
5.867003906250000000e+03
8.732392578125000000e+03
1.801666259765625000e+03
1.074523193359375000e+03
2.480914062500000000e+03
6.650547485351562500e+02
3.645611816406250000e+03
2.706142578125000000e+03
2.626061523437500000e+03
5.221995117187500000e+03
4.654375000000000000e+03
8.284407348632812500e+02
1.415205200195312500e+03
3.355082519531250000e+03
6.361721679687500000e+03
3.157298339843750000e+03
4.482966796875000000e+03
4.005892089843750000e+03
4.562490234375000000e+03
2.305705078125000000e+03
2.699370605468750000e+03
1.117562133789062500e+03
3.797436523437500000e+03
3.167370605468750000e+03
1.305305175781250000e+04
2.448120361328125000e+03
8.526492187500000000e+03
6.079809570312500000e+03
5.101260742187500000e+03
4.107143066406250000e+03
5.323807617187500000e+03
3.701958740234375000e+03
3.910462402343750000e+03
8.307617187500000000e+03
3.870273925781250000e+03
3.967511474609375000e+03
4.873272460937500000e+03
4.845957031250000000e+03
3.803428710937500000e+03
5.973195800781250000e+03
7.068244140625000000e+03
4.342013183593750000e+03
6.049125976562500000e+03
1.691161865234375000e+03
9.316094726562500000e+03
4.967503906250000000e+03
1.969583251953125000e+03
5.430947265625000000e+03
6.332690429687500000e+03
5.821441406250000000e+03
1.670097778320312500e+03
4.753481933593750000e+03
1.099733032226562500e+03
6.657280761718750000e+03
7.407273925781250000e+03
5.531841308593750000e+03
8.178686523437500000e+03
4.900446777343750000e+03
5.896297851562500000e+03
5.658139648437500000e+03
6.132454101562500000e+03
7.290447265625000000e+03
5.491595214843750000e+03
5.171132812500000000e+03
6.295088378906250000e+03
7.048213378906250000e+03
5.743240234375000000e+03
7.137550781250000000e+03
2.092148681640625000e+03
1.059358203125000000e+04
6.457646484375000000e+03
1.539216552734375000e+03
7.627111816406250000e+02
2.118830810546875000e+03
4.090904541015625000e+03
6.475726562500000000e+03
7.554618652343750000e+03
1.630840332031250000e+03
6.170151367187500000e+03
1.538489062500000000e+04
4.313509765625000000e+03
7.874812011718750000e+03
6.673579101562500000e+03
8.323345703125000000e+03
8.511122070312500000e+03
5.607708007812500000e+03
6.495796386718750000e+03
1.464859765625000000e+04
6.490260742187500000e+03
1.435483496093750000e+04
4.697899902343750000e+03
5.247708496093750000e+03
5.182043945312500000e+03
1.329734277343750000e+04
8.827311523437500000e+03
6.370813964843750000e+03
6.788394531250000000e+03
5.778660156250000000e+03
1.900010742187500000e+04
5.061216796875000000e+03
4.728009765625000000e+03
6.204197265625000000e+03
1.291076660156250000e+04
8.478750000000000000e+03
5.027097167968750000e+03
5.436694335937500000e+03
3.963182617187500000e+03
1.476089355468750000e+04
1.223533984375000000e+04
1.427783203125000000e+04
2.815459765625000000e+04
6.446901367187500000e+03
8.647600585937500000e+03
6.444344726562500000e+03
6.718400390625000000e+03
2.077277221679687500e+02
6.955011718750000000e+03
4.409753906250000000e+03
7.435731445312500000e+03
2.091665820312500000e+04
7.139801269531250000e+03
1.195363378906250000e+04
4.079686523437500000e+03
1.914836718750000000e+04
6.242318847656250000e+03
8.553237304687500000e+03
7.295658203125000000e+03
8.322672851562500000e+03
5.026161621093750000e+03
7.814596679687500000e+03
5.851952148437500000e+03
6.803111328125000000e+03
9.688359375000000000e+03
3.543366796875000000e+04
7.209958496093750000e+03
4.817858398437500000e+03
5.582422851562500000e+03
6.090923339843750000e+03
3.097201416015625000e+03
2.943527343750000000e+03
1.130660351562500000e+04
2.868716064453125000e+03
5.628414062500000000e+03
4.008304199218750000e+03
2.310790527343750000e+03
2.967040039062500000e+03
8.428130859375000000e+03
7.588717773437500000e+03
1.780442626953125000e+03
1.835400146484375000e+03
5.794258789062500000e+03
8.147470214843750000e+03
3.596688476562500000e+03
5.727009277343750000e+03
4.572336914062500000e+03
5.816138671875000000e+03
2.465431152343750000e+03
4.682299316406250000e+03
5.163568359375000000e+03
3.591366699218750000e+03
7.432456054687500000e+03
8.469923828125000000e+03
7.342525390625000000e+03
1.035631445312500000e+04
1.900165527343750000e+03
4.011345703125000000e+03
2.223116455078125000e+03
5.748509765625000000e+03
7.492871093750000000e+03
4.832178710937500000e+03
1.730600463867187500e+03
6.056906250000000000e+03
9.686252929687500000e+03
4.929658203125000000e+03
6.899884277343750000e+03
6.087444335937500000e+03
1.213166210937500000e+04
1.962925415039062500e+03
6.044173828125000000e+03
5.425707031250000000e+03
7.137433593750000000e+03
2.099436279296875000e+03
2.106139160156250000e+03
6.306058593750000000e+03
5.254862304687500000e+03
4.610809570312500000e+03
1.615734570312500000e+04
3.433202148437500000e+03
2.175333496093750000e+03
7.458147460937500000e+03
1.530575195312500000e+03
1.336886962890625000e+03
5.235846679687500000e+03
1.951184570312500000e+03
3.045630371093750000e+03
3.661947753906250000e+03
3.407270507812500000e+03
1.882672241210937500e+03
3.271157714843750000e+03
5.095241210937500000e+03
2.553123291015625000e+03
4.286694335937500000e+03
5.150946289062500000e+03
5.659487304687500000e+03
3.039066650390625000e+03
4.935431640625000000e+03
4.142937500000000000e+03
6.120521484375000000e+03
4.076321044921875000e+03
4.019627441406250000e+03
2.053634521484375000e+03
2.402531738281250000e+03
1.436335937500000000e+03
5.411665039062500000e+03
2.868368652343750000e+03
2.875272949218750000e+03
2.661865722656250000e+03
3.909511230468750000e+03
4.328616699218750000e+03
4.415458496093750000e+03
6.141426757812500000e+03
6.540175781250000000e+02
2.935081542968750000e+03
2.134989501953125000e+03
5.282101562500000000e+03
5.093959472656250000e+03
4.340293945312500000e+03
5.625913574218750000e+03
3.877427734375000000e+03
4.351227539062500000e+03
5.185121582031250000e+03
3.267208496093750000e+03
5.749328125000000000e+03
1.803822998046875000e+03
3.883713623046875000e+03
6.433640136718750000e+03
4.940082519531250000e+03
4.191469238281250000e+03
7.786715820312500000e+03
2.324400146484375000e+03
6.211355468750000000e+03
2.506333007812500000e+03
2.370182373046875000e+03
5.804355468750000000e+03
2.957943115234375000e+03
2.667815917968750000e+03
3.122630371093750000e+03
4.620550292968750000e+03
2.864937744140625000e+03
2.276983886718750000e+03
5.477955078125000000e+03
3.790831054687500000e+03
5.891179687500000000e+03
5.148162597656250000e+03
2.788752197265625000e+03
2.780153076171875000e+03
5.098317382812500000e+03
4.013045654296875000e+03
4.920326171875000000e+03
5.496610351562500000e+03
3.504213867187500000e+03
1.375759521484375000e+03
2.402183593750000000e+03
2.990552246093750000e+03
5.457692382812500000e+03
2.551017578125000000e+03
4.938187011718750000e+03
3.745830078125000000e+03
4.466215820312500000e+03
5.520201171875000000e+03
4.980895019531250000e+03
7.550702636718750000e+03
2.092305419921875000e+03
4.618412109375000000e+03
3.028086914062500000e+03
6.635771484375000000e+03
5.214561035156250000e+03
4.299817382812500000e+03
5.861950195312500000e+03
6.015119140625000000e+03
6.137394531250000000e+03
4.510786132812500000e+03
2.973028564453125000e+03
5.920694335937500000e+03
3.098484863281250000e+03
5.226328613281250000e+03
7.368403808593750000e+03
4.322304687500000000e+03
3.790559082031250000e+03
7.948534179687500000e+03
2.186480712890625000e+03
5.745002929687500000e+03
6.340041992187500000e+03
1.105104394531250000e+04
6.314133789062500000e+03
7.579533203125000000e+03
1.942566772460937500e+03
5.920576660156250000e+03
5.089541992187500000e+03
1.041138281250000000e+04
8.783437500000000000e+03
5.944912597656250000e+03
6.897794921875000000e+03
3.390982421875000000e+03
9.751292968750000000e+03
2.393147460937500000e+03
2.732576660156250000e+03
2.509012695312500000e+03
2.148746093750000000e+03
7.346039550781250000e+03
1.644756958007812500e+03
5.508206542968750000e+03
2.787587402343750000e+03
1.229185937500000000e+04
9.723806640625000000e+03
7.006335937500000000e+03
1.849605664062500000e+04
6.640771484375000000e+03
8.153460449218750000e+03
6.266676757812500000e+03
6.324215332031250000e+03
7.929082031250000000e+03
7.482608398437500000e+03
5.923905273437500000e+03
6.691451171875000000e+03
1.710166406250000000e+04
6.158358398437500000e+03
9.966894531250000000e+03
3.328982666015625000e+03
1.766254687500000000e+04
7.096828125000000000e+03
4.754441894531250000e+03
4.435778320312500000e+03
4.273362792968750000e+03
6.204808105468750000e+03
7.733308105468750000e+03
7.088577148437500000e+03
2.656273437500000000e+03
2.573408691406250000e+03
3.171322460937500000e+04
4.118795898437500000e+03
3.313992919921875000e+02
6.623874023437500000e+03
1.307396728515625000e+03
2.820375488281250000e+03
2.613801757812500000e+03
1.175219238281250000e+03
6.438131713867187500e+02
4.349462890625000000e+03
3.342142089843750000e+03
1.371575439453125000e+03
2.395369628906250000e+03
3.694093750000000000e+03
5.644806640625000000e+03
2.177213378906250000e+03
3.762539062500000000e+03
3.301722656250000000e+03
5.989697265625000000e+03
1.572463012695312500e+03
3.081215820312500000e+03
1.841673828125000000e+03
1.873578857421875000e+03
2.938134033203125000e+03
3.600161621093750000e+03
3.867111328125000000e+03
4.811558105468750000e+03
1.155839721679687500e+03
1.527049804687500000e+03
1.805571533203125000e+03
2.498134765625000000e+03
4.789663574218750000e+03
1.417399414062500000e+03
1.828156616210937500e+03
2.906559570312500000e+03
4.253082031250000000e+03
2.150881347656250000e+03
2.897280273437500000e+03
4.351580566406250000e+03
4.484532226562500000e+03
2.337248535156250000e+03
4.439369140625000000e+03
2.694342285156250000e+03
4.167292480468750000e+03
1.031930175781250000e+03
1.814733398437500000e+03
2.982433837890625000e+03
3.974859130859375000e+03
3.382122070312500000e+03
8.439905273437500000e+03
2.007999511718750000e+03
6.728356933593750000e+03
8.014160156250000000e+02
2.876247558593750000e+03
3.032169921875000000e+03
1.166316772460937500e+03
5.892016601562500000e+02
4.376477050781250000e+03
3.955081542968750000e+03
1.024935546875000000e+03
2.133687255859375000e+03
4.204768554687500000e+03
4.728921386718750000e+03
2.423472900390625000e+03
4.369079101562500000e+03
3.616476562500000000e+03
6.106220214843750000e+03
1.383350585937500000e+03
3.290084228515625000e+03
1.929424072265625000e+03
2.099833740234375000e+03
2.747460205078125000e+03
4.006625244140625000e+03
4.262666015625000000e+03
4.525326660156250000e+03
1.083365966796875000e+03
1.948682495117187500e+03
1.748081176757812500e+03
3.242725097656250000e+03
5.577584960937500000e+03
1.363920898437500000e+03
1.528670532226562500e+03
3.220515136718750000e+03
3.760406250000000000e+03
3.076053466796875000e+03
2.716208984375000000e+03
4.850853515625000000e+03
4.790312988281250000e+03
1.931561157226562500e+03
4.557606445312500000e+03
2.804389160156250000e+03
4.609368164062500000e+03
6.900037841796875000e+02
1.571136840820312500e+03
4.162543457031250000e+03
4.241280273437500000e+03
3.547452392578125000e+03
7.803052734375000000e+03
1.921056884765625000e+03
7.650469726562500000e+03
7.160260742187500000e+03
1.000901757812500000e+04
9.893838867187500000e+03
6.614433593750000000e+03
7.554197265625000000e+03
1.027801562500000000e+04
8.740278320312500000e+03
1.135284277343750000e+04
6.803033203125000000e+03
1.031152734375000000e+04
9.076165039062500000e+03
6.778030273437500000e+03
1.081228027343750000e+04
1.364998828125000000e+04
1.012439648437500000e+04
7.409439453125000000e+03
6.412127441406250000e+03
5.608393554687500000e+03
6.697052734375000000e+03
1.217613476562500000e+04
6.850303710937500000e+03
7.925576171875000000e+03
8.967727539062500000e+03
1.078798339843750000e+04
1.045133203125000000e+04
1.092229199218750000e+04
1.378024023437500000e+04
6.286746582031250000e+03
9.305323242187500000e+03
7.261291015625000000e+03
1.030863867187500000e+04
1.061944726562500000e+04
1.107978125000000000e+04
6.816265136718750000e+03
9.888421875000000000e+03
1.170898242187500000e+04
6.836642578125000000e+03
6.936636718750000000e+03
6.858514160156250000e+03
7.546537597656250000e+03
1.092091113281250000e+04
1.177486328125000000e+04
7.605808593750000000e+03
1.079732519531250000e+04
1.272451562500000000e+04
8.029216796875000000e+03
3.863489746093750000e+03
3.593342285156250000e+03
1.586857666015625000e+03
1.274910156250000000e+03
5.093879882812500000e+03
4.887666992187500000e+03
7.217282714843750000e+02
1.971234863281250000e+03
4.578901367187500000e+03
5.703347656250000000e+03
3.025680419921875000e+03
4.873807617187500000e+03
3.952530761718750000e+03
6.576209472656250000e+03
1.915658935546875000e+03
3.488234375000000000e+03
2.940509521484375000e+03
2.332294433593750000e+03
3.604459716796875000e+03
4.721048828125000000e+03
5.038205566406250000e+03
5.520128417968750000e+03
1.247292358398437500e+03
2.720168701171875000e+03
2.061121826171875000e+03
3.765325927734375000e+03
5.836241210937500000e+03
2.282807128906250000e+03
1.663018798828125000e+03
4.346472656250000000e+03
3.795333251953125000e+03
3.424764160156250000e+03
3.089162353515625000e+03
5.135752929687500000e+03
6.411493164062500000e+03
2.194333007812500000e+03
4.554472167968750000e+03
3.580237548828125000e+03
5.370781738281250000e+03
7.838811035156250000e+02
1.984694091796875000e+03
5.043262207031250000e+03
4.459884765625000000e+03
4.092328125000000000e+03
8.781052734375000000e+03
2.389790527343750000e+03
4.104057128906250000e+03
4.583082031250000000e+03
2.791568359375000000e+03
3.822129394531250000e+03
9.063765625000000000e+03
4.505438476562500000e+03
6.476332031250000000e+03
5.660232421875000000e+03
6.419500000000000000e+03
3.939239746093750000e+03
5.119156250000000000e+03
4.609658691406250000e+03
5.976121093750000000e+03
4.919433593750000000e+03
3.843320556640625000e+03
3.101215820312500000e+03
2.311142578125000000e+03
3.637354003906250000e+03
9.059292968750000000e+03
2.105312011718750000e+03
4.506504394531250000e+03
4.693198242187500000e+03
6.303316894531250000e+03
5.409294921875000000e+03
7.893666015625000000e+03
1.279378613281250000e+04
3.156726318359375000e+03
4.881923828125000000e+03
3.607817382812500000e+03
8.713715820312500000e+03
7.337409179687500000e+03
7.929464843750000000e+03
6.443926269531250000e+03
8.713070312500000000e+03
6.235650878906250000e+03
5.194766113281250000e+03
3.028018310546875000e+03
6.058331054687500000e+03
3.468477783203125000e+03
6.233942871093750000e+03
1.022837695312500000e+04
4.881980468750000000e+03
4.807358398437500000e+03
1.033623144531250000e+04
3.326666015625000000e+03
2.971344238281250000e+03
2.507497070312500000e+03
4.688780273437500000e+03
5.523941406250000000e+03
3.507947265625000000e+03
4.463347656250000000e+03
3.146908203125000000e+03
6.667229003906250000e+03
1.425410156250000000e+02
2.849878417968750000e+03
4.051534423828125000e+02
2.802928222656250000e+03
4.329434570312500000e+03
1.799759155273437500e+03
2.501524414062500000e+03
1.655400756835937500e+03
5.985878906250000000e+03
6.241920898437500000e+03
4.050845458984375000e+03
8.609283203125000000e+03
3.893234375000000000e+03
4.934458007812500000e+03
3.246749023437500000e+03
4.009218505859375000e+03
4.118819335937500000e+03
3.739947021484375000e+03
3.757924072265625000e+03
3.477092041015625000e+03
1.051969335937500000e+04
3.374218994140625000e+03
6.062182617187500000e+03
3.310413574218750000e+03
1.033425781250000000e+04
4.799687988281250000e+03
4.562677734375000000e+03
3.668893066406250000e+03
4.404642578125000000e+03
3.589055175781250000e+03
4.935151367187500000e+03
3.588925781250000000e+03
3.258304687500000000e+03
5.301403198242187500e+02
1.763830664062500000e+04
1.180722412109375000e+03
9.168881835937500000e+02
7.838769531250000000e+03
6.133708984375000000e+03
9.259589843750000000e+02
8.055802001953125000e+02
3.613600097656250000e+03
8.389156250000000000e+03
2.712513671875000000e+03
3.822208007812500000e+03
3.824427978515625000e+03
8.792107421875000000e+03
3.119526367187500000e+02
3.019528320312500000e+03
3.746641113281250000e+03
2.354531005859375000e+03
6.577447265625000000e+03
6.686182617187500000e+03
6.686604980468750000e+03
9.499976562500000000e+03
8.775570678710937500e+02
2.757096435546875000e+03
2.631110839843750000e+02
4.222069335937500000e+03
4.383838378906250000e+03
3.427084472656250000e+03
1.433810058593750000e+03
5.999530273437500000e+03
6.573648437500000000e+03
3.200739746093750000e+03
4.967599609375000000e+03
4.031361572265625000e+03
1.031640917968750000e+04
8.863040771484375000e+02
5.437134765625000000e+03
4.196759765625000000e+03
4.753704101562500000e+03
1.160734863281250000e+03
8.320270996093750000e+02
3.403723144531250000e+03
4.603778808593750000e+03
4.281685058593750000e+03
1.329396972656250000e+04
3.430544433593750000e+03
4.567253906250000000e+03
4.618794921875000000e+03
1.180033203125000000e+03
2.027831665039062500e+03
3.409705566406250000e+03
6.171041015625000000e+03
2.182469970703125000e+03
3.278800537109375000e+03
2.985730957031250000e+03
6.564891601562500000e+03
1.118057861328125000e+03
2.791335937500000000e+03
2.153769775390625000e+03
1.727107055664062500e+03
3.114588623046875000e+03
5.122107421875000000e+03
4.084745849609375000e+03
4.603990234375000000e+03
1.430863159179687500e+03
2.725029541015625000e+03
1.283976562500000000e+03
3.528027832031250000e+03
4.359850585937500000e+03
1.961821044921875000e+03
1.756075927734375000e+03
3.535066894531250000e+03
4.617800292968750000e+03
2.905459960937500000e+03
3.300149902343750000e+03
3.973442871093750000e+03
6.354528320312500000e+03
1.964052856445312500e+03
3.893814453125000000e+03
2.892366210937500000e+03
4.093339111328125000e+03
1.127448974609375000e+03
1.777678955078125000e+03
3.649465576171875000e+03
3.884612548828125000e+03
3.263148437500000000e+03
8.368272460937500000e+03
2.197603515625000000e+03
9.364170898437500000e+03
6.579122070312500000e+03
1.048904101562500000e+04
9.803572265625000000e+03
5.802451171875000000e+03
4.127280273437500000e+03
9.403790039062500000e+03
5.103887695312500000e+03
6.629616210937500000e+03
8.379712890625000000e+03
6.541409179687500000e+03
2.249243164062500000e+03
4.210088378906250000e+03
4.598329589843750000e+03
9.649519531250000000e+03
4.421018066406250000e+03
6.094892578125000000e+03
6.993656250000000000e+03
8.559383789062500000e+03
1.048460644531250000e+04
8.928233398437500000e+03
1.248945410156250000e+04
3.969458496093750000e+03
7.567103515625000000e+03
2.900999023437500000e+03
1.068015820312500000e+04
1.020889550781250000e+04
8.681037109375000000e+03
1.087392578125000000e+04
7.439047851562500000e+03
9.744007812500000000e+03
7.928208007812500000e+03
5.541112304687500000e+03
1.118925488281250000e+04
5.033671386718750000e+03
9.689857421875000000e+03
1.280756445312500000e+04
8.428223632812500000e+03
4.845595214843750000e+03
9.342290039062500000e+03
3.534157226562500000e+03
5.763853515625000000e+03
7.668832031250000000e+03
7.454715332031250000e+03
8.471493164062500000e+03
4.866233398437500000e+03
7.519393554687500000e+03
6.275045410156250000e+03
8.425913085937500000e+03
7.108599609375000000e+03
6.260797363281250000e+03
5.192598144531250000e+03
4.781555175781250000e+03
7.543606445312500000e+03
1.329700073242187500e+03
8.148206054687500000e+03
1.114564257812500000e+04
4.707829101562500000e+03
2.771114013671875000e+03
7.106276367187500000e+03
7.732729492187500000e+02
8.352313476562500000e+03
4.913347656250000000e+03
6.371005859375000000e+03
6.307286132812500000e+03
7.414625000000000000e+03
1.993037963867187500e+03
2.767169921875000000e+03
7.786459472656250000e+03
7.244584472656250000e+03
7.664761718750000000e+03
7.237015625000000000e+03
6.052879394531250000e+03
7.908635742187500000e+03
4.923771484375000000e+03
6.666109375000000000e+03
2.152414062500000000e+03
6.676512695312500000e+03
5.914001953125000000e+03
1.754268359375000000e+04
4.444570800781250000e+03
6.528958740234375000e+02
4.265296386718750000e+03
7.074404785156250000e+03
3.047111816406250000e+03
4.406639648437500000e+03
3.859090820312500000e+03
6.703379882812500000e+03
1.018639648437500000e+03
3.384706542968750000e+03
3.719515625000000000e+03
2.277265625000000000e+03
4.867852539062500000e+03
5.743038574218750000e+03
5.872576660156250000e+03
7.668766601562500000e+03
5.552648925781250000e+02
2.526930419921875000e+03
1.052208496093750000e+03
3.986430419921875000e+03
5.779207519531250000e+03
2.787949951171875000e+03
6.422355957031250000e+02
4.843364257812500000e+03
4.778962890625000000e+03
3.378698242187500000e+03
4.072226318359375000e+03
4.701552734375000000e+03
8.637859375000000000e+03
8.870383300781250000e+02
4.462880859375000000e+03
3.971063964843750000e+03
5.284912109375000000e+03
4.020191650390625000e+02
8.731000976562500000e+02
4.770979003906250000e+03
4.177133789062500000e+03
4.024667236328125000e+03
1.144881445312500000e+04
2.711258789062500000e+03
5.112040039062500000e+03
1.024225097656250000e+04
4.031266113281250000e+03
5.283524414062500000e+03
5.122100585937500000e+03
8.856456054687500000e+03
9.679902954101562500e+02
4.413542968750000000e+03
5.341333007812500000e+03
3.408050292968750000e+03
8.109944335937500000e+03
8.175939453125000000e+03
8.134225585937500000e+03
1.236401464843750000e+04
7.519725341796875000e+02
3.336633789062500000e+03
5.662427978515625000e+02
5.281887695312500000e+03
6.259036132812500000e+03
4.253183593750000000e+03
7.857493286132812500e+02
6.839376464843750000e+03
7.634598144531250000e+03
4.523231445312500000e+03
6.246651367187500000e+03
5.526026855468750000e+03
1.358485449218750000e+04
3.355810546875000000e+02
6.149705078125000000e+03
5.470596679687500000e+03
6.223018554687500000e+03
1.105626464843750000e+03
6.229062500000000000e+02
5.420189453125000000e+03
5.218964843750000000e+03
5.490372070312500000e+03
1.868711914062500000e+04
4.255662597656250000e+03
1.044644726562500000e+04
3.372992187500000000e+03
2.974791870117187500e+02
4.465076171875000000e+03
6.757026855468750000e+03
5.029373046875000000e+03
8.974664306640625000e+02
5.420979492187500000e+03
9.961695556640625000e+02
8.603826171875000000e+03
7.709966796875000000e+03
5.310760742187500000e+03
1.278842480468750000e+04
4.803144531250000000e+03
6.290424804687500000e+03
4.000574462890625000e+03
5.104526855468750000e+03
5.282811523437500000e+03
5.263510742187500000e+03
4.114262207031250000e+03
6.480618652343750000e+03
8.778570312500000000e+03
4.566096679687500000e+03
8.207589843750000000e+03
2.584633789062500000e+02
1.419886914062500000e+04
5.029721679687500000e+03
1.343487060546875000e+03
1.376559082031250000e+03
3.413149414062500000e+02
4.351963378906250000e+03
5.540166015625000000e+03
4.857146972656250000e+03
6.052191772460937500e+02
5.065357910156250000e+03
2.490106640625000000e+04
4.415700683593750000e+03
5.766378906250000000e+03
1.020363671875000000e+04
7.350756835937500000e+03
7.596096679687500000e+03
8.566865234375000000e+03
7.816459960937500000e+03
3.092649902343750000e+03
6.754532226562500000e+03
5.257940917968750000e+03
8.422105468750000000e+03
6.135072753906250000e+03
7.077062500000000000e+03
6.933963867187500000e+03
8.153774414062500000e+03
9.109467773437500000e+03
9.432064453125000000e+03
1.731269531250000000e+04
5.106566406250000000e+03
7.955867187500000000e+03
5.398470703125000000e+03
1.152849023437500000e+04
9.453785156250000000e+03
6.889662597656250000e+03
1.111316992187500000e+04
8.162276367187500000e+03
1.037352636718750000e+04
1.019843847656250000e+04
6.726756835937500000e+03
1.057892578125000000e+04
6.455139648437500000e+03
8.849244140625000000e+03
1.280741015625000000e+04
9.543736328125000000e+03
6.334134277343750000e+03
1.215530371093750000e+04
3.961236816406250000e+03
3.162490966796875000e+03
5.510139160156250000e+02
2.581573974609375000e+03
3.937845947265625000e+03
2.014330444335937500e+03
2.070942382812500000e+03
1.701416748046875000e+03
4.862234863281250000e+03
5.152275878906250000e+03
3.871039794921875000e+03
7.073854980468750000e+03
3.471987792968750000e+03
4.257955078125000000e+03
2.967200439453125000e+03
3.523308105468750000e+03
4.375595703125000000e+03
3.115873046875000000e+03
3.368451171875000000e+03
2.737777587890625000e+03
8.399480468750000000e+03
3.054880371093750000e+03
4.960752929687500000e+03
3.624255371093750000e+03
8.225384765625000000e+03
4.386426757812500000e+03
4.579251953125000000e+03
3.701504638671875000e+03
4.573461914062500000e+03
3.155731445312500000e+03
4.349518554687500000e+03
3.464655029296875000e+03
3.415004150390625000e+03
4.057263793945312500e+02
1.490725781250000000e+04
7.926430664062500000e+02
3.883874023437500000e+03
5.673832519531250000e+03
5.304040527343750000e+03
7.314449462890625000e+02
5.039238281250000000e+03
9.491253662109375000e+02
7.922325683593750000e+03
7.947026367187500000e+03
4.569807617187500000e+03
1.232204687500000000e+04
4.965740234375000000e+03
6.446987304687500000e+03
4.196108398437500000e+03
5.126263183593750000e+03
4.503637695312500000e+03
4.857107910156250000e+03
3.841148193359375000e+03
5.520463867187500000e+03
9.851730468750000000e+03
4.896693359375000000e+03
8.433467773437500000e+03
3.782382812500000000e+02
1.431062402343750000e+04
5.031921875000000000e+03
1.306984008789062500e+03
1.357773559570312500e+03
6.969837036132812500e+02
4.345291992187500000e+03
5.682962402343750000e+03
4.821709960937500000e+03
5.167312011718750000e+02
4.525089843750000000e+03
2.562193945312500000e+04
4.214759765625000000e+03
2.089442138671875000e+03
4.846139160156250000e+03
2.241332763671875000e+03
2.678181396484375000e+03
2.213430175781250000e+03
6.269602539062500000e+03
6.722272460937500000e+03
4.527583007812500000e+03
8.991592773437500000e+03
4.403535644531250000e+03
5.537757812500000000e+03
3.910608154296875000e+03
4.467488281250000000e+03
5.531553710937500000e+03
4.069608154296875000e+03
4.010844726562500000e+03
3.012041503906250000e+03
1.159047070312500000e+04
4.017259765625000000e+03
6.892454101562500000e+03
4.638183593750000000e+03
1.112062011718750000e+04
5.328599609375000000e+03
5.430013183593750000e+03
4.334301757812500000e+03
5.638849121093750000e+03
3.782511474609375000e+03
5.394817382812500000e+03
4.623475097656250000e+03
3.970073730468750000e+03
6.447741088867187500e+02
2.128469335937500000e+04
1.426937255859375000e+03
8.878725585937500000e+03
3.489254638671875000e+03
5.416328125000000000e+03
3.783541015625000000e+03
7.844844726562500000e+03
8.288431640625000000e+03
5.890443359375000000e+03
1.145769531250000000e+04
7.314173339843750000e+03
7.725004882812500000e+03
8.810876953125000000e+03
7.245336914062500000e+03
1.279618847656250000e+04
5.683642089843750000e+03
6.214993652343750000e+03
3.948591064453125000e+03
1.379750390625000000e+04
8.442837890625000000e+03
9.003025390625000000e+03
6.416338378906250000e+03
1.257345117187500000e+04
8.512279296875000000e+03
6.374736328125000000e+03
4.953768554687500000e+03
7.677934570312500000e+03
6.069445800781250000e+03
8.652423828125000000e+03
1.067898144531250000e+04
4.251618164062500000e+03
1.494269653320312500e+03
2.073735742187500000e+04
2.762944824218750000e+03
4.342149414062500000e+03
4.574812988281250000e+03
3.331194335937500000e+03
6.953782714843750000e+03
7.556358398437500000e+03
7.141302734375000000e+03
9.574839843750000000e+03
1.079960083007812500e+03
3.446920410156250000e+03
3.771882324218750000e+02
5.283000488281250000e+03
7.160509765625000000e+03
4.285504882812500000e+03
1.483801025390625000e+03
6.491775390625000000e+03
7.022955078125000000e+03
4.049571289062500000e+03
5.522057617187500000e+03
5.894638671875000000e+03
1.099035937500000000e+04
8.212694091796875000e+02
6.213940429687500000e+03
4.905657714843750000e+03
5.903992187500000000e+03
1.211960937500000000e+03
8.948552246093750000e+02
4.847416503906250000e+03
5.591771484375000000e+03
5.045942871093750000e+03
1.421332812500000000e+04
4.177222167968750000e+03
3.592432861328125000e+03
7.156804809570312500e+02
6.794220703125000000e+03
6.344421875000000000e+03
3.874948974609375000e+03
9.532337890625000000e+03
3.919452148437500000e+03
5.243690429687500000e+03
3.350227539062500000e+03
4.235397460937500000e+03
4.568312500000000000e+03
4.219632324218750000e+03
3.412361328125000000e+03
4.300826171875000000e+03
8.548166015625000000e+03
3.817444824218750000e+03
6.586187500000000000e+03
9.584131469726562500e+02
1.094131152343750000e+04
4.432775390625000000e+03
1.716513549804687500e+03
1.335438476562500000e+03
1.438623657226562500e+03
3.340036132812500000e+03
4.760867187500000000e+03
4.048241210937500000e+03
7.381206054687500000e+02
2.663718750000000000e+03
2.040176953125000000e+04
2.703524902343750000e+03
2.542870117187500000e+03
3.129875000000000000e+03
6.225425781250000000e+03
3.306924316406250000e+03
4.691059082031250000e+03
3.518398437500000000e+03
4.487372070312500000e+03
4.599682128906250000e+03
4.917767578125000000e+03
4.602027343750000000e+03
2.058762695312500000e+03
4.229784179687500000e+03
1.832146606445312500e+03
8.798583984375000000e+03
4.976717773437500000e+03
5.307038085937500000e+03
5.262070800781250000e+03
5.937964843750000000e+03
5.592847167968750000e+03
5.845607421875000000e+03
3.090561035156250000e+03
6.300103515625000000e+03
2.795930908203125000e+03
4.977793945312500000e+03
5.029633300781250000e+03
5.313030273437500000e+03
2.974016113281250000e+03
9.930568359375000000e+03
1.841176147460937500e+03
3.225101074218750000e+03
4.949201171875000000e+03
2.487343017578125000e+03
4.764367675781250000e+03
2.779203369140625000e+03
4.026465820312500000e+03
2.627629882812500000e+03
3.231819335937500000e+03
3.666215087890625000e+03
2.546549804687500000e+03
2.404929443359375000e+03
3.014739501953125000e+03
5.474156738281250000e+03
2.933542968750000000e+03
4.765115722656250000e+03
1.153614501953125000e+03
7.762859375000000000e+03
3.507643066406250000e+03
1.097205566406250000e+03
7.052761230468750000e+02
1.722916137695312500e+03
2.265424560546875000e+03
3.820155517578125000e+03
3.506087158203125000e+03
9.114826049804687500e+02
2.669852050781250000e+03
1.421437988281250000e+04
1.666414916992187500e+03
6.823687988281250000e+03
2.847454589843750000e+03
1.199292480468750000e+03
5.251739746093750000e+03
6.394079101562500000e+03
7.397588378906250000e+03
6.743489257812500000e+03
1.332378613281250000e+04
1.209543212890625000e+03
5.368123046875000000e+03
3.301203125000000000e+03
6.020047363281250000e+03
7.326740234375000000e+03
5.400583007812500000e+03
9.776848632812500000e+03
5.354760742187500000e+03
8.051364257812500000e+03
6.155075195312500000e+03
4.400334960937500000e+03
9.910648437500000000e+03
3.932732421875000000e+03
7.204373046875000000e+03
1.108329296875000000e+04
7.368895019531250000e+03
6.145094726562500000e+03
8.685295898437500000e+03
2.704365722656250000e+03
7.959334472656250000e+03
1.049126855468750000e+04
5.196354980468750000e+03
3.226672607421875000e+03
7.757928222656250000e+03
1.143638671875000000e+03
1.122429589843750000e+04
5.143983398437500000e+03
6.583976562500000000e+03
7.296361328125000000e+03
5.785674804687500000e+03
2.868542968750000000e+03
1.916956787109375000e+03
8.328423828125000000e+03
7.795753417968750000e+03
8.152504394531250000e+03
7.134191406250000000e+03
6.253758789062500000e+03
8.368260742187500000e+03
5.301372070312500000e+03
6.612761718750000000e+03
3.657835693359375000e+03
7.008416503906250000e+03
5.857939453125000000e+03
1.661738867187500000e+04
4.151598632812500000e+03
4.065851318359375000e+03
5.945294921875000000e+03
7.231503906250000000e+03
6.931491699218750000e+03
7.249675781250000000e+03
1.286464843750000000e+04
2.664254394531250000e+03
6.331981445312500000e+03
3.554459472656250000e+03
8.742201171875000000e+03
7.128283203125000000e+03
7.482455566406250000e+03
5.866579589843750000e+03
8.509382812500000000e+03
8.449173828125000000e+03
5.296106445312500000e+03
3.378166992187500000e+03
5.692244140625000000e+03
5.266603515625000000e+03
7.742487792968750000e+03
9.556181640625000000e+03
4.653976562500000000e+03
4.767463867187500000e+03
1.264814257812500000e+04
3.534431152343750000e+03
7.932606445312500000e+03
1.017382128906250000e+04
1.064969921875000000e+04
1.108529296875000000e+04
2.450541406250000000e+04
2.876590820312500000e+03
8.741049804687500000e+03
5.620675781250000000e+03
7.337843750000000000e+03
1.054205859375000000e+04
9.076989257812500000e+03
1.459100097656250000e+04
6.787734863281250000e+03
1.242324804687500000e+04
9.004802734375000000e+03
6.045501953125000000e+03
1.437848828125000000e+04
6.489712402343750000e+03
1.152093554687500000e+04
1.644976953125000000e+04
1.098741992187500000e+04
9.044830078125000000e+03
9.688968750000000000e+03
4.148228027343750000e+03
1.529501586914062500e+03
1.028887817382812500e+03
3.408849121093750000e+03
5.957712402343750000e+03
2.828757812500000000e+03
9.506885986328125000e+02
4.873923339843750000e+03
5.583754882812500000e+03
2.888569335937500000e+03
3.832254394531250000e+03
5.282381347656250000e+03
8.302644531250000000e+03
9.430469970703125000e+02
5.295834472656250000e+03
4.322063476562500000e+03
5.550500000000000000e+03
5.801237792968750000e+02
7.319282226562500000e+02
3.820738769531250000e+03
4.709664550781250000e+03
4.599811523437500000e+03
1.254360253906250000e+04
3.216428955078125000e+03
3.279592529296875000e+03
1.852724487304687500e+03
7.933613281250000000e+03
3.486370361328125000e+03
2.958128906250000000e+03
5.965592285156250000e+03
5.657022460937500000e+03
1.468948364257812500e+03
3.093105468750000000e+03
6.941813964843750000e+03
7.239487304687500000e+03
3.365602050781250000e+03
6.375566406250000000e+03
5.005637695312500000e+03
6.816588867187500000e+03
2.280468505859375000e+03
2.396007812500000000e+03
2.309244140625000000e+03
5.842638671875000000e+03
5.168260742187500000e+03
1.441371289062500000e+04
3.678365478515625000e+03
4.994956054687500000e+03
5.517341796875000000e+03
4.147379882812500000e+03
1.266388305664062500e+03
6.812673828125000000e+03
7.750518554687500000e+03
3.734392578125000000e+03
6.171700195312500000e+03
4.462766601562500000e+03
1.342513867187500000e+04
7.672971191406250000e+02
5.812692871093750000e+03
4.808095703125000000e+03
5.208858886718750000e+03
1.437654785156250000e+03
8.365470581054687500e+02
4.145556640625000000e+03
4.736471679687500000e+03
4.398825683593750000e+03
1.761436132812500000e+04
3.722631835937500000e+03
6.287716308593750000e+03
4.171636230468750000e+03
4.268676269531250000e+03
5.762305664062500000e+03
6.846332031250000000e+03
1.026581298828125000e+03
2.609196533203125000e+03
5.318332031250000000e+03
7.185154296875000000e+03
5.334713867187500000e+03
5.689201171875000000e+03
5.323401367187500000e+03
6.250961914062500000e+03
3.707197021484375000e+03
4.818234375000000000e+03
1.129189819335937500e+03
5.008561035156250000e+03
4.702689453125000000e+03
1.727904882812500000e+04
3.612886230468750000e+03
6.465944335937500000e+03
4.501117187500000000e+03
7.317702636718750000e+03
1.837560546875000000e+04
6.211605468750000000e+03
1.059681933593750000e+04
4.078652832031250000e+03
1.743181640625000000e+04
5.911255859375000000e+03
8.067983398437500000e+03
6.523829589843750000e+03
7.550018066406250000e+03
4.707994628906250000e+03
7.063853027343750000e+03
5.208302734375000000e+03
6.599229003906250000e+03
8.726779296875000000e+03
3.192216796875000000e+04
6.291665039062500000e+03
2.881446533203125000e+03
2.333083496093750000e+03
5.521301757812500000e+03
4.710014648437500000e+03
4.019603759765625000e+03
5.786637695312500000e+03
4.300750000000000000e+03
4.426089355468750000e+03
5.099754394531250000e+03
3.204546875000000000e+03
5.842264648437500000e+03
2.104432373046875000e+03
3.664865234375000000e+03
6.059920410156250000e+03
4.710861816406250000e+03
4.124757812500000000e+03
6.401120605468750000e+03
2.328633789062500000e+03
4.272349121093750000e+03
6.323217773437500000e+03
4.234159667968750000e+03
5.403083007812500000e+03
3.861751708984375000e+03
9.965979492187500000e+03
5.700412597656250000e+02
4.769428710937500000e+03
4.327420898437500000e+03
5.567099121093750000e+03
6.131927490234375000e+02
9.458613281250000000e+02
4.668797363281250000e+03
3.852501953125000000e+03
4.336484375000000000e+03
1.373953320312500000e+04
3.152512695312500000e+03
9.733494140625000000e+03
7.242369140625000000e+03
7.420942382812500000e+03
6.516799804687500000e+03
5.916606933593750000e+03
6.592720703125000000e+03
6.331803710937500000e+03
4.209739257812500000e+03
7.307187988281250000e+03
3.424395019531250000e+03
6.520613769531250000e+03
7.370745117187500000e+03
5.607154296875000000e+03
2.597475341796875000e+03
1.323967187500000000e+04
2.338974853515625000e+03
6.936943359375000000e+03
4.914535156250000000e+03
1.009699023437500000e+04
7.695254882812500000e+03
7.751124023437500000e+03
6.762846679687500000e+03
6.768090332031250000e+03
9.576059570312500000e+03
4.793251464843750000e+03
6.534680175781250000e+03
1.030636425781250000e+04
8.877260742187500000e+03
1.017175878906250000e+04
1.339025292968750000e+04
6.468970703125000000e+03
3.368680175781250000e+03
5.056886230468750000e+03
9.006650390625000000e+03
4.727434570312500000e+03
5.549518554687500000e+03
5.197620117187500000e+03
5.945531250000000000e+03
3.564691406250000000e+03
4.292770507812500000e+03
8.362152709960937500e+02
5.003539550781250000e+03
4.513761230468750000e+03
1.743253710937500000e+04
3.554545898437500000e+03
9.390528320312500000e+03
6.941435546875000000e+03
6.212315429687500000e+03
6.333970214843750000e+03
5.875744140625000000e+03
9.122173828125000000e+03
3.933752441406250000e+03
4.985654296875000000e+03
5.291530273437500000e+03
7.401755859375000000e+03
6.041501953125000000e+03
1.122772460937500000e+04
3.874068115234375000e+03
1.527103710937500000e+04
5.323537109375000000e+03
1.435846069335937500e+03
1.795308959960937500e+03
5.497856445312500000e+02
4.551245117187500000e+03
6.076446289062500000e+03
5.005542480468750000e+03
4.952720947265625000e+02
5.507432128906250000e+03
2.888407421875000000e+04
4.738290039062500000e+03
1.253991210937500000e+04
1.132052734375000000e+04
8.441942382812500000e+03
1.530789453125000000e+04
6.515532226562500000e+03
1.055885742187500000e+04
1.049522363281250000e+04
1.249109082031250000e+04
1.005147070312500000e+04
1.026194531250000000e+04
5.991561035156250000e+03
6.287712890625000000e+03
5.582037109375000000e+03
6.541291015625000000e+03
1.019996948242187500e+03
4.670511474609375000e+02
5.141027832031250000e+03
5.169071289062500000e+03
5.639816406250000000e+03
1.725713671875000000e+04
4.625686523437500000e+03
1.501157104492187500e+03
2.115963134765625000e+03
4.557278320312500000e+03
6.557793945312500000e+03
7.628309570312500000e+03
1.003703735351562500e+03
5.731843750000000000e+03
1.641608789062500000e+04
4.099303222656250000e+03
1.685738037109375000e+03
3.542219726562500000e+03
5.275097656250000000e+03
6.686683593750000000e+03
1.130892578125000000e+03
4.650126953125000000e+03
1.368774609375000000e+04
3.098547119140625000e+03
5.107695800781250000e+03
6.367805664062500000e+03
6.610765625000000000e+03
1.079858398437500000e+03
6.125045410156250000e+03
2.697598242187500000e+04
5.165327148437500000e+03
1.043005493164062500e+03
4.532851074218750000e+03
4.207018554687500000e+03
4.223740234375000000e+03
9.841961914062500000e+03
2.651039794921875000e+03
5.053377929687500000e+03
5.599111816406250000e+03
5.260310546875000000e+03
1.540653417968750000e+04
4.340832519531250000e+03
5.993367675781250000e+03
5.456120605468750000e+03
2.632476562500000000e+04
5.187996093750000000e+03
4.271062988281250000e+03
2.105207617187500000e+04
3.650572509765625000e+03
1.999588281250000000e+04
1.370366943359375000e+03
1.003966796875000000e+04
