4.000000000000000000e+00 5.300000000000000000e+01 1.378334960937500000e+02 2.000000000000000000e+00
3.000000000000000000e+01 3.900000000000000000e+01 1.425410156250000000e+02 2.000000000000000000e+00
2.000000000000000000e+01 5.500000000000000000e+01 2.077277221679687500e+02 2.000000000000000000e+00
2.000000000000000000e+00 8.000000000000000000e+00 2.205362548828125000e+02 2.000000000000000000e+00
6.000000000000000000e+00 7.600000000000000000e+01 2.572140815230716271e+02 3.000000000000000000e+00
3.700000000000000000e+01 6.200000000000000000e+01 2.584633789062500000e+02 2.000000000000000000e+00
3.100000000000000000e+01 7.500000000000000000e+01 2.832741740719611130e+02 3.000000000000000000e+00
2.500000000000000000e+01 2.600000000000000000e+01 3.313992919921875000e+02 2.000000000000000000e+00
3.600000000000000000e+01 6.400000000000000000e+01 3.355810546875000000e+02 2.000000000000000000e+00
1.400000000000000000e+01 4.300000000000000000e+01 3.393630371093750000e+02 2.000000000000000000e+00
4.000000000000000000e+01 8.000000000000000000e+01 3.634615110208042665e+02 3.000000000000000000e+00
3.500000000000000000e+01 7.800000000000000000e+01 3.817038328160842866e+02 3.000000000000000000e+00
9.000000000000000000e+00 5.700000000000000000e+01 4.023244018554687500e+02 2.000000000000000000e+00
1.000000000000000000e+01 1.500000000000000000e+01 4.650426025390625000e+02 2.000000000000000000e+00
6.800000000000000000e+01 8.600000000000000000e+01 4.692170390188349529e+02 4.000000000000000000e+00
3.000000000000000000e+00 2.200000000000000000e+01 4.701997070312500000e+02 2.000000000000000000e+00
1.200000000000000000e+01 6.700000000000000000e+01 5.013032226562500000e+02 2.000000000000000000e+00
7.000000000000000000e+00 4.100000000000000000e+01 5.323245239257812500e+02 2.000000000000000000e+00
1.300000000000000000e+01 8.400000000000000000e+01 5.577615373347962304e+02 3.000000000000000000e+00
6.900000000000000000e+01 8.300000000000000000e+01 6.054428949130564206e+02 3.000000000000000000e+00
5.100000000000000000e+01 8.900000000000000000e+01 6.124938132569346863e+02 5.000000000000000000e+00
7.100000000000000000e+01 8.500000000000000000e+01 6.241562466527204833e+02 4.000000000000000000e+00
5.600000000000000000e+01 9.000000000000000000e+01 6.431887307281464246e+02 3.000000000000000000e+00
8.100000000000000000e+01 9.300000000000000000e+01 6.636261865348552647e+02 6.000000000000000000e+00
1.800000000000000000e+01 5.400000000000000000e+01 6.650547485351562500e+02 2.000000000000000000e+00
0.000000000000000000e+00 9.500000000000000000e+01 6.709416870835115105e+02 6.000000000000000000e+00
3.200000000000000000e+01 8.200000000000000000e+01 6.864115629442945874e+02 3.000000000000000000e+00
7.200000000000000000e+01 7.900000000000000000e+01 6.996321362897289191e+02 4.000000000000000000e+00
4.600000000000000000e+01 6.600000000000000000e+01 7.052761230468750000e+02 2.000000000000000000e+00
9.200000000000000000e+01 1.020000000000000000e+02 7.184726736783284196e+02 6.000000000000000000e+00
6.000000000000000000e+01 7.000000000000000000e+01 8.362152709960937500e+02 2.000000000000000000e+00
1.700000000000000000e+01 7.400000000000000000e+01 9.673858642578125000e+02 2.000000000000000000e+00
4.400000000000000000e+01 9.600000000000000000e+01 1.001917399369010013e+03 5.000000000000000000e+00
1.900000000000000000e+01 1.030000000000000000e+02 1.014045983145357582e+03 3.000000000000000000e+00
1.600000000000000000e+01 4.700000000000000000e+01 1.030490722656250000e+03 2.000000000000000000e+00
8.700000000000000000e+01 1.000000000000000000e+02 1.050524343470644226e+03 8.000000000000000000e+00
3.400000000000000000e+01 9.900000000000000000e+01 1.183027524205875807e+03 3.000000000000000000e+00
1.000000000000000000e+00 1.040000000000000000e+02 1.183218740117794823e+03 7.000000000000000000e+00
1.100000000000000000e+01 9.400000000000000000e+01 1.228362117502022329e+03 4.000000000000000000e+00
9.100000000000000000e+01 1.070000000000000000e+02 1.235012378087729758e+03 7.000000000000000000e+00
8.800000000000000000e+01 1.100000000000000000e+02 1.255327020403197594e+03 1.000000000000000000e+01
2.800000000000000000e+01 1.010000000000000000e+02 1.357655438633958511e+03 4.000000000000000000e+00
5.000000000000000000e+01 1.090000000000000000e+02 1.373713469106008461e+03 3.000000000000000000e+00
2.300000000000000000e+01 4.500000000000000000e+01 1.375759521484375000e+03 2.000000000000000000e+00
4.800000000000000000e+01 1.110000000000000000e+02 1.434096236335484718e+03 4.000000000000000000e+00
5.000000000000000000e+00 9.700000000000000000e+01 1.439772527422568828e+03 4.000000000000000000e+00
6.500000000000000000e+01 1.080000000000000000e+02 1.591173854532415362e+03 4.000000000000000000e+00
1.150000000000000000e+02 1.160000000000000000e+02 2.091581368450869832e+03 1.400000000000000000e+01
2.900000000000000000e+01 4.900000000000000000e+01 2.105312011718750000e+03 2.000000000000000000e+00
2.400000000000000000e+01 4.200000000000000000e+01 2.148746093750000000e+03 2.000000000000000000e+00
1.060000000000000000e+02 1.120000000000000000e+02 2.166536768333174223e+03 9.000000000000000000e+00
5.200000000000000000e+01 1.050000000000000000e+02 2.181863088913243701e+03 3.000000000000000000e+00
3.300000000000000000e+01 1.180000000000000000e+02 2.489630936635823673e+03 3.000000000000000000e+00
6.100000000000000000e+01 1.190000000000000000e+02 2.697659951097522935e+03 5.000000000000000000e+00
9.800000000000000000e+01 1.220000000000000000e+02 2.714567427708425384e+03 2.000000000000000000e+01
1.140000000000000000e+02 1.210000000000000000e+02 2.774375905032864011e+03 1.100000000000000000e+01
2.100000000000000000e+01 1.130000000000000000e+02 2.851867702986752192e+03 5.000000000000000000e+00
5.800000000000000000e+01 1.270000000000000000e+02 2.906576908478976748e+03 4.000000000000000000e+00
1.290000000000000000e+02 1.310000000000000000e+02 3.893215349992746269e+03 2.500000000000000000e+01
1.240000000000000000e+02 1.250000000000000000e+02 4.184498273186821280e+03 1.100000000000000000e+01
1.260000000000000000e+02 1.280000000000000000e+02 4.349069630264821171e+03 8.000000000000000000e+00
1.230000000000000000e+02 1.320000000000000000e+02 4.781177665153531962e+03 6.000000000000000000e+00
1.170000000000000000e+02 1.200000000000000000e+02 5.181686677887906626e+03 7.000000000000000000e+00
3.800000000000000000e+01 1.360000000000000000e+02 6.258412933391676233e+03 7.000000000000000000e+00
6.300000000000000000e+01 1.370000000000000000e+02 6.720722261126309604e+03 8.000000000000000000e+00
5.900000000000000000e+01 1.390000000000000000e+02 7.819640879531168139e+03 9.000000000000000000e+00
2.700000000000000000e+01 1.380000000000000000e+02 9.322316059880340617e+03 8.000000000000000000e+00
1.400000000000000000e+02 1.410000000000000000e+02 1.137996500824372561e+04 1.700000000000000000e+01
7.700000000000000000e+01 1.300000000000000000e+02 1.149983874581183227e+04 1.300000000000000000e+01
7.300000000000000000e+01 1.420000000000000000e+02 1.312075209404722227e+04 1.800000000000000000e+01
1.340000000000000000e+02 1.430000000000000000e+02 1.421478076268023142e+04 2.400000000000000000e+01
1.330000000000000000e+02 1.350000000000000000e+02 1.512216411468854312e+04 3.300000000000000000e+01
1.450000000000000000e+02 1.460000000000000000e+02 1.987127134839904102e+04 5.700000000000000000e+01
1.440000000000000000e+02 1.470000000000000000e+02 3.362106577756432671e+04 7.500000000000000000e+01
