6.700000000000000000e+01 8.100000000000000000e+01 2.160326229271956890e+02 2.000000000000000000e+00
7.200000000000000000e+01 1.150000000000000000e+02 6.748320704216723698e+02 3.000000000000000000e+00
4.500000000000000000e+01 1.160000000000000000e+02 7.794606302829453170e+02 4.000000000000000000e+00
7.400000000000000000e+01 9.100000000000000000e+01 1.076127222664088777e+03 2.000000000000000000e+00
8.000000000000000000e+00 1.140000000000000000e+02 1.082646145223669009e+03 2.000000000000000000e+00
1.400000000000000000e+01 3.600000000000000000e+01 1.121972174898936828e+03 2.000000000000000000e+00
2.200000000000000000e+01 6.000000000000000000e+01 1.475581077310100227e+03 2.000000000000000000e+00
4.200000000000000000e+01 1.190000000000000000e+02 1.568506307105121323e+03 3.000000000000000000e+00
9.800000000000000000e+01 1.170000000000000000e+02 1.591998084128597839e+03 5.000000000000000000e+00
8.400000000000000000e+01 1.230000000000000000e+02 1.729154923944834309e+03 6.000000000000000000e+00
5.900000000000000000e+01 1.130000000000000000e+02 1.918879304242044554e+03 2.000000000000000000e+00
5.600000000000000000e+01 1.180000000000000000e+02 2.133570071759806524e+03 3.000000000000000000e+00
7.800000000000000000e+01 1.220000000000000000e+02 2.198527203469753204e+03 4.000000000000000000e+00
5.300000000000000000e+01 1.200000000000000000e+02 2.282263863017164113e+03 3.000000000000000000e+00
1.240000000000000000e+02 1.260000000000000000e+02 2.501959799505102183e+03 9.000000000000000000e+00
3.100000000000000000e+01 4.100000000000000000e+01 2.857151605286794620e+03 2.000000000000000000e+00
4.600000000000000000e+01 1.210000000000000000e+02 3.279995147817216093e+03 3.000000000000000000e+00
2.900000000000000000e+01 1.020000000000000000e+02 3.293323473010983889e+03 2.000000000000000000e+00
4.000000000000000000e+01 1.280000000000000000e+02 3.737460467893844907e+03 4.000000000000000000e+00
9.200000000000000000e+01 1.320000000000000000e+02 3.872687421297201126e+03 3.000000000000000000e+00
4.700000000000000000e+01 1.250000000000000000e+02 4.056939350998897680e+03 3.000000000000000000e+00
8.600000000000000000e+01 9.400000000000000000e+01 4.515816924921400641e+03 2.000000000000000000e+00
1.270000000000000000e+02 1.300000000000000000e+02 4.607439315685903239e+03 6.000000000000000000e+00
1.310000000000000000e+02 1.330000000000000000e+02 4.753825159419979173e+03 7.000000000000000000e+00
8.000000000000000000e+01 9.500000000000000000e+01 4.778361709081321351e+03 2.000000000000000000e+00
2.000000000000000000e+01 1.340000000000000000e+02 4.779553477220879358e+03 4.000000000000000000e+00
1.000000000000000000e+01 1.050000000000000000e+02 5.156686543884414277e+03 2.000000000000000000e+00
1.110000000000000000e+02 1.360000000000000000e+02 5.207181676001008782e+03 3.000000000000000000e+00
1.070000000000000000e+02 1.350000000000000000e+02 5.415804607272214525e+03 4.000000000000000000e+00
6.100000000000000000e+01 1.370000000000000000e+02 5.531925398950446834e+03 7.000000000000000000e+00
7.900000000000000000e+01 1.440000000000000000e+02 6.054626413048502400e+03 8.000000000000000000e+00
7.000000000000000000e+00 1.900000000000000000e+01 6.837567364944760811e+03 2.000000000000000000e+00
2.700000000000000000e+01 1.030000000000000000e+02 7.430151444370503668e+03 2.000000000000000000e+00
1.080000000000000000e+02 1.390000000000000000e+02 7.690674732659299480e+03 3.000000000000000000e+00
1.430000000000000000e+02 1.450000000000000000e+02 7.699723593141427045e+03 1.200000000000000000e+01
9.000000000000000000e+01 1.420000000000000000e+02 8.109150226759024008e+03 4.000000000000000000e+00
3.300000000000000000e+01 5.400000000000000000e+01 8.480043434162293124e+03 2.000000000000000000e+00
9.700000000000000000e+01 1.100000000000000000e+02 9.319668396650049544e+03 2.000000000000000000e+00
1.480000000000000000e+02 1.490000000000000000e+02 9.602219193938373792e+03 1.500000000000000000e+01
6.200000000000000000e+01 7.600000000000000000e+01 1.036635598075177768e+04 2.000000000000000000e+00
9.300000000000000000e+01 1.400000000000000000e+02 1.101231362611719305e+04 5.000000000000000000e+00
2.100000000000000000e+01 8.500000000000000000e+01 1.130623570046716304e+04 2.000000000000000000e+00
6.000000000000000000e+00 3.200000000000000000e+01 1.199779321487792549e+04 2.000000000000000000e+00
1.530000000000000000e+02 1.550000000000000000e+02 1.219856487286529227e+04 2.000000000000000000e+01
3.800000000000000000e+01 1.290000000000000000e+02 1.264145778336001968e+04 1.000000000000000000e+01
4.900000000000000000e+01 6.300000000000000000e+01 1.285884241616481813e+04 2.000000000000000000e+00
5.000000000000000000e+00 1.200000000000000000e+01 1.308144148335494174e+04 2.000000000000000000e+00
6.800000000000000000e+01 6.900000000000000000e+01 1.315473041619614014e+04 2.000000000000000000e+00
1.380000000000000000e+02 1.410000000000000000e+02 1.399790909690448098e+04 9.000000000000000000e+00
1.000000000000000000e+02 1.460000000000000000e+02 1.445177653175889827e+04 3.000000000000000000e+00
4.400000000000000000e+01 1.120000000000000000e+02 1.463483803248509503e+04 2.000000000000000000e+00
6.500000000000000000e+01 1.060000000000000000e+02 1.523476064249546835e+04 2.000000000000000000e+00
1.510000000000000000e+02 1.520000000000000000e+02 1.537356637340338784e+04 4.000000000000000000e+00
5.200000000000000000e+01 5.700000000000000000e+01 1.569611789228187808e+04 2.000000000000000000e+00
7.000000000000000000e+01 1.540000000000000000e+02 1.617870541588400374e+04 3.000000000000000000e+00
8.900000000000000000e+01 9.600000000000000000e+01 1.683590394684200874e+04 2.000000000000000000e+00
5.500000000000000000e+01 1.650000000000000000e+02 1.902396932734951406e+04 3.000000000000000000e+00
1.580000000000000000e+02 1.610000000000000000e+02 1.978305159151739281e+04 2.200000000000000000e+01
3.400000000000000000e+01 1.600000000000000000e+02 2.245118132375420828e+04 3.000000000000000000e+00
1.570000000000000000e+02 1.640000000000000000e+02 2.271112841079668578e+04 5.000000000000000000e+00
5.800000000000000000e+01 1.090000000000000000e+02 2.353154369278399827e+04 2.000000000000000000e+00
1.600000000000000000e+01 2.800000000000000000e+01 2.512616786697525094e+04 2.000000000000000000e+00
1.590000000000000000e+02 1.630000000000000000e+02 2.691152740492954399e+04 1.900000000000000000e+01
3.500000000000000000e+01 1.660000000000000000e+02 2.801118214158466799e+04 3.000000000000000000e+00
1.720000000000000000e+02 1.740000000000000000e+02 2.808176601037457658e+04 2.700000000000000000e+01
1.700000000000000000e+01 1.690000000000000000e+02 2.847267657754190441e+04 4.000000000000000000e+00
1.040000000000000000e+02 1.750000000000000000e+02 3.019577785872398090e+04 3.000000000000000000e+00
5.100000000000000000e+01 1.560000000000000000e+02 3.047082967678465502e+04 3.000000000000000000e+00
1.470000000000000000e+02 1.770000000000000000e+02 3.094137222258612746e+04 2.100000000000000000e+01
1.100000000000000000e+01 3.900000000000000000e+01 3.224942989171607405e+04 2.000000000000000000e+00
1.800000000000000000e+01 1.500000000000000000e+02 3.273066515508154771e+04 5.000000000000000000e+00
1.730000000000000000e+02 1.790000000000000000e+02 3.435317944167662063e+04 3.000000000000000000e+01
0.000000000000000000e+00 4.000000000000000000e+00 3.558164324163370475e+04 2.000000000000000000e+00
1.620000000000000000e+02 1.710000000000000000e+02 3.565957805287946394e+04 5.000000000000000000e+00
1.680000000000000000e+02 1.860000000000000000e+02 3.587666723444876698e+04 3.200000000000000000e+01
1.010000000000000000e+02 1.870000000000000000e+02 3.751857648706331383e+04 3.000000000000000000e+00
1.760000000000000000e+02 1.820000000000000000e+02 3.871805141486739012e+04 5.000000000000000000e+00
2.300000000000000000e+01 1.800000000000000000e+02 4.024427773216121568e+04 5.000000000000000000e+00
1.300000000000000000e+01 3.700000000000000000e+01 4.027364070105930296e+04 2.000000000000000000e+00
8.800000000000000000e+01 1.900000000000000000e+02 4.247794292485735787e+04 4.000000000000000000e+00
7.500000000000000000e+01 7.700000000000000000e+01 4.754449747445840330e+04 2.000000000000000000e+00
1.000000000000000000e+00 1.890000000000000000e+02 4.975148903870947834e+04 3.300000000000000000e+01
1.670000000000000000e+02 1.840000000000000000e+02 5.005409874632438732e+04 6.000000000000000000e+00
1.700000000000000000e+02 1.780000000000000000e+02 5.263507217478942039e+04 5.000000000000000000e+00
2.000000000000000000e+00 1.880000000000000000e+02 5.478278847809432045e+04 6.000000000000000000e+00
8.300000000000000000e+01 1.910000000000000000e+02 5.486381197319163766e+04 6.000000000000000000e+00
6.400000000000000000e+01 1.950000000000000000e+02 6.421665589777961577e+04 3.000000000000000000e+00
8.200000000000000000e+01 1.850000000000000000e+02 6.435110829650176311e+04 6.000000000000000000e+00
1.830000000000000000e+02 2.020000000000000000e+02 6.798498370616949978e+04 2.700000000000000000e+01
2.400000000000000000e+01 2.010000000000000000e+02 6.985853006953826116e+04 4.000000000000000000e+00
9.000000000000000000e+00 1.810000000000000000e+02 7.038682573048352788e+04 4.000000000000000000e+00
3.000000000000000000e+00 1.920000000000000000e+02 7.418779765296186088e+04 6.000000000000000000e+00
4.800000000000000000e+01 1.960000000000000000e+02 7.534427102663081314e+04 3.400000000000000000e+01
1.980000000000000000e+02 1.990000000000000000e+02 8.132901066887809429e+04 1.100000000000000000e+01
2.000000000000000000e+02 2.070000000000000000e+02 8.582203498435705842e+04 4.000000000000000000e+01
7.100000000000000000e+01 2.060000000000000000e+02 9.014918499607936246e+04 7.000000000000000000e+00
2.600000000000000000e+01 3.000000000000000000e+01 9.062314192367150099e+04 2.000000000000000000e+00
2.500000000000000000e+01 9.900000000000000000e+01 9.095756885502512159e+04 2.000000000000000000e+00
1.970000000000000000e+02 2.090000000000000000e+02 9.366872066908997658e+04 4.600000000000000000e+01
1.930000000000000000e+02 2.040000000000000000e+02 9.521566210466125631e+04 6.000000000000000000e+00
1.940000000000000000e+02 2.100000000000000000e+02 1.009458618052728270e+05 1.100000000000000000e+01
2.080000000000000000e+02 2.140000000000000000e+02 1.399477875794589345e+05 1.700000000000000000e+01
2.120000000000000000e+02 2.160000000000000000e+02 1.521690707072220102e+05 1.900000000000000000e+01
4.300000000000000000e+01 2.130000000000000000e+02 1.570994962439330993e+05 4.700000000000000000e+01
7.300000000000000000e+01 8.700000000000000000e+01 1.652944544214974158e+05 2.000000000000000000e+00
2.050000000000000000e+02 2.170000000000000000e+02 2.053755744795646169e+05 2.300000000000000000e+01
2.030000000000000000e+02 2.150000000000000000e+02 2.133321308460993168e+05 3.800000000000000000e+01
1.500000000000000000e+01 2.200000000000000000e+02 2.721553594410300138e+05 2.400000000000000000e+01
2.180000000000000000e+02 2.210000000000000000e+02 3.017229168209122145e+05 8.500000000000000000e+01
6.600000000000000000e+01 2.230000000000000000e+02 3.342619796588059398e+05 8.600000000000000000e+01
2.190000000000000000e+02 2.240000000000000000e+02 3.721162725417564507e+05 8.800000000000000000e+01
2.220000000000000000e+02 2.250000000000000000e+02 4.365894072848025244e+05 1.120000000000000000e+02
2.110000000000000000e+02 2.260000000000000000e+02 4.707302144036156242e+05 1.140000000000000000e+02
5.000000000000000000e+01 2.270000000000000000e+02 6.086407397759974003e+06 1.150000000000000000e+02
