8.900000000000000000e+01 1.570000000000000000e+02 2.600886180863062691e+01 2.000000000000000000e+00
1.400000000000000000e+01 7.800000000000000000e+01 4.273951687960641266e+01 2.000000000000000000e+00
7.000000000000000000e+01 1.170000000000000000e+02 5.162031921758523367e+01 2.000000000000000000e+00
1.390000000000000000e+02 1.770000000000000000e+02 5.335715585376016890e+01 3.000000000000000000e+00
8.700000000000000000e+01 1.250000000000000000e+02 7.232526905764689218e+01 2.000000000000000000e+00
4.600000000000000000e+01 8.600000000000000000e+01 7.234653178089843095e+01 2.000000000000000000e+00
6.800000000000000000e+01 1.620000000000000000e+02 7.246932545596064301e+01 2.000000000000000000e+00
3.500000000000000000e+01 1.550000000000000000e+02 7.571279145976359359e+01 2.000000000000000000e+00
4.000000000000000000e+01 8.000000000000000000e+01 9.008560311819678645e+01 2.000000000000000000e+00
4.900000000000000000e+01 1.080000000000000000e+02 9.017674848091064632e+01 2.000000000000000000e+00
1.240000000000000000e+02 1.330000000000000000e+02 9.931054546599636978e+01 2.000000000000000000e+00
1.350000000000000000e+02 1.410000000000000000e+02 1.000098950309291013e+02 2.000000000000000000e+00
1.900000000000000000e+01 2.900000000000000000e+01 1.030972699233969934e+02 2.000000000000000000e+00
5.000000000000000000e+00 1.560000000000000000e+02 1.090556140494561532e+02 2.000000000000000000e+00
6.700000000000000000e+01 1.750000000000000000e+02 1.116900306307621804e+02 2.000000000000000000e+00
8.500000000000000000e+01 1.810000000000000000e+02 1.153097257249441583e+02 3.000000000000000000e+00
2.500000000000000000e+01 1.790000000000000000e+02 1.166688745125738507e+02 3.000000000000000000e+00
7.900000000000000000e+01 1.480000000000000000e+02 1.188414864026640316e+02 2.000000000000000000e+00
1.800000000000000000e+01 7.500000000000000000e+01 1.213884511743655139e+02 2.000000000000000000e+00
6.500000000000000000e+01 1.800000000000000000e+02 1.237820360339884616e+02 4.000000000000000000e+00
8.000000000000000000e+00 1.050000000000000000e+02 1.290175308951188526e+02 2.000000000000000000e+00
4.100000000000000000e+01 4.500000000000000000e+01 1.338564567059622732e+02 2.000000000000000000e+00
9.100000000000000000e+01 1.890000000000000000e+02 1.344452787000543594e+02 3.000000000000000000e+00
9.000000000000000000e+00 3.200000000000000000e+01 1.354538085955987299e+02 2.000000000000000000e+00
2.100000000000000000e+01 1.630000000000000000e+02 1.368371561446581381e+02 2.000000000000000000e+00
0.000000000000000000e+00 5.600000000000000000e+01 1.373633073959258581e+02 2.000000000000000000e+00
4.300000000000000000e+01 8.100000000000000000e+01 1.377624917899511274e+02 2.000000000000000000e+00
2.300000000000000000e+01 6.000000000000000000e+01 1.416080027027815049e+02 2.000000000000000000e+00
2.700000000000000000e+01 6.400000000000000000e+01 1.421109510474781246e+02 2.000000000000000000e+00
6.900000000000000000e+01 1.190000000000000000e+02 1.438244982326369836e+02 2.000000000000000000e+00
3.700000000000000000e+01 5.700000000000000000e+01 1.488924801363270944e+02 2.000000000000000000e+00
4.000000000000000000e+00 1.760000000000000000e+02 1.494372049908783993e+02 2.000000000000000000e+00
1.200000000000000000e+02 1.780000000000000000e+02 1.502888358490893097e+02 3.000000000000000000e+00
1.100000000000000000e+02 1.960000000000000000e+02 1.528697324675680420e+02 5.000000000000000000e+00
2.800000000000000000e+01 1.680000000000000000e+02 1.557394492833709592e+02 2.000000000000000000e+00
9.800000000000000000e+01 1.230000000000000000e+02 1.577834085497918295e+02 2.000000000000000000e+00
2.200000000000000000e+01 1.340000000000000000e+02 1.582011961097168751e+02 2.000000000000000000e+00
1.130000000000000000e+02 1.840000000000000000e+02 1.585257937787714582e+02 3.000000000000000000e+00
7.300000000000000000e+01 1.590000000000000000e+02 1.612827538715719129e+02 2.000000000000000000e+00
7.200000000000000000e+01 1.830000000000000000e+02 1.622374202683188287e+02 3.000000000000000000e+00
1.460000000000000000e+02 1.880000000000000000e+02 1.657714249418371537e+02 3.000000000000000000e+00
1.580000000000000000e+02 1.940000000000000000e+02 1.672873869030243839e+02 3.000000000000000000e+00
1.200000000000000000e+01 9.400000000000000000e+01 1.725647095269971487e+02 2.000000000000000000e+00
6.200000000000000000e+01 1.900000000000000000e+02 1.735916003572290549e+02 3.000000000000000000e+00
1.160000000000000000e+02 1.650000000000000000e+02 1.736257553373857263e+02 2.000000000000000000e+00
1.320000000000000000e+02 1.950000000000000000e+02 1.765750377868467638e+02 3.000000000000000000e+00
1.700000000000000000e+01 2.000000000000000000e+01 1.788258250799456164e+02 2.000000000000000000e+00
5.900000000000000000e+01 1.670000000000000000e+02 1.794127953943068405e+02 2.000000000000000000e+00
1.040000000000000000e+02 1.930000000000000000e+02 1.795397744032651417e+02 4.000000000000000000e+00
5.100000000000000000e+01 1.210000000000000000e+02 1.827403811095452966e+02 2.000000000000000000e+00
1.150000000000000000e+02 1.910000000000000000e+02 1.834722407464077207e+02 3.000000000000000000e+00
5.300000000000000000e+01 1.400000000000000000e+02 1.862962207903194667e+02 2.000000000000000000e+00
3.100000000000000000e+01 6.100000000000000000e+01 1.894497522701968819e+02 2.000000000000000000e+00
1.030000000000000000e+02 1.300000000000000000e+02 1.913723079059343490e+02 2.000000000000000000e+00
1.000000000000000000e+01 9.200000000000000000e+01 1.925070792061353586e+02 2.000000000000000000e+00
1.120000000000000000e+02 1.490000000000000000e+02 1.935402905876352406e+02 2.000000000000000000e+00
9.700000000000000000e+01 2.060000000000000000e+02 1.949305124625926737e+02 3.000000000000000000e+00
4.800000000000000000e+01 1.820000000000000000e+02 1.961257106432172179e+02 3.000000000000000000e+00
9.500000000000000000e+01 9.900000000000000000e+01 1.992035942260886827e+02 2.000000000000000000e+00
1.110000000000000000e+02 2.020000000000000000e+02 2.017499590178575204e+02 3.000000000000000000e+00
3.300000000000000000e+01 5.500000000000000000e+01 2.084921474206619223e+02 2.000000000000000000e+00
1.260000000000000000e+02 1.700000000000000000e+02 2.124964213691644090e+02 2.000000000000000000e+00
1.730000000000000000e+02 2.260000000000000000e+02 2.174796990862457733e+02 3.000000000000000000e+00
1.860000000000000000e+02 2.150000000000000000e+02 2.234906051649590211e+02 4.000000000000000000e+00
1.970000000000000000e+02 2.140000000000000000e+02 2.252673839458531404e+02 5.000000000000000000e+00
7.400000000000000000e+01 2.220000000000000000e+02 2.288322878929308786e+02 4.000000000000000000e+00
2.090000000000000000e+02 2.250000000000000000e+02 2.332598932356666523e+02 7.000000000000000000e+00
9.000000000000000000e+01 1.000000000000000000e+02 2.382951037806490149e+02 2.000000000000000000e+00
1.640000000000000000e+02 1.980000000000000000e+02 2.390658576741748504e+02 3.000000000000000000e+00
2.320000000000000000e+02 2.340000000000000000e+02 2.406019592509245513e+02 5.000000000000000000e+00
1.540000000000000000e+02 1.720000000000000000e+02 2.458002906165343120e+02 2.000000000000000000e+00
1.420000000000000000e+02 2.180000000000000000e+02 2.499904589504681951e+02 4.000000000000000000e+00
6.300000000000000000e+01 2.130000000000000000e+02 2.515553608868750075e+02 3.000000000000000000e+00
2.040000000000000000e+02 2.450000000000000000e+02 2.554382680628287972e+02 5.000000000000000000e+00
5.200000000000000000e+01 2.350000000000000000e+02 2.561310630704824121e+02 3.000000000000000000e+00
1.090000000000000000e+02 1.870000000000000000e+02 2.590619957162751348e+02 3.000000000000000000e+00
5.800000000000000000e+01 1.500000000000000000e+02 2.651742339924867338e+02 2.000000000000000000e+00
1.140000000000000000e+02 2.200000000000000000e+02 2.708437369937428798e+02 4.000000000000000000e+00
2.030000000000000000e+02 2.230000000000000000e+02 2.767332984328522798e+02 4.000000000000000000e+00
1.440000000000000000e+02 2.100000000000000000e+02 2.774547770074854611e+02 6.000000000000000000e+00
2.440000000000000000e+02 2.490000000000000000e+02 2.776684646960525242e+02 5.000000000000000000e+00
2.010000000000000000e+02 2.300000000000000000e+02 2.804516585598533425e+02 4.000000000000000000e+00
4.200000000000000000e+01 2.460000000000000000e+02 2.868756956658742183e+02 6.000000000000000000e+00
1.990000000000000000e+02 2.160000000000000000e+02 2.973887972562442314e+02 6.000000000000000000e+00
1.850000000000000000e+02 2.370000000000000000e+02 3.018242624469230577e+02 4.000000000000000000e+00
1.280000000000000000e+02 2.080000000000000000e+02 3.117112283118797791e+02 3.000000000000000000e+00
1.360000000000000000e+02 2.400000000000000000e+02 3.128685525024162644e+02 5.000000000000000000e+00
5.000000000000000000e+01 2.550000000000000000e+02 3.151541058470884309e+02 5.000000000000000000e+00
2.400000000000000000e+01 2.070000000000000000e+02 3.247843442641704428e+02 3.000000000000000000e+00
1.020000000000000000e+02 2.210000000000000000e+02 3.253148700386359451e+02 3.000000000000000000e+00
5.400000000000000000e+01 7.700000000000000000e+01 3.264495573363517451e+02 2.000000000000000000e+00
3.600000000000000000e+01 2.470000000000000000e+02 3.379752741106020153e+02 3.000000000000000000e+00
1.100000000000000000e+01 2.610000000000000000e+02 3.418820003664594651e+02 5.000000000000000000e+00
2.110000000000000000e+02 2.410000000000000000e+02 3.496414112874878128e+02 7.000000000000000000e+00
1.010000000000000000e+02 1.660000000000000000e+02 3.535655635995246939e+02 2.000000000000000000e+00
1.920000000000000000e+02 2.560000000000000000e+02 3.547961087187861153e+02 9.000000000000000000e+00
1.290000000000000000e+02 2.580000000000000000e+02 3.571064169457686717e+02 5.000000000000000000e+00
2.170000000000000000e+02 2.280000000000000000e+02 3.657785704731684291e+02 5.000000000000000000e+00
7.600000000000000000e+01 1.380000000000000000e+02 3.727445555506014898e+02 2.000000000000000000e+00
3.000000000000000000e+01 1.430000000000000000e+02 3.744465304874534013e+02 2.000000000000000000e+00
1.510000000000000000e+02 2.120000000000000000e+02 3.755327009782544110e+02 3.000000000000000000e+00
2.520000000000000000e+02 2.660000000000000000e+02 3.760025946882732342e+02 6.000000000000000000e+00
2.000000000000000000e+00 1.470000000000000000e+02 3.825112711537551604e+02 2.000000000000000000e+00
6.000000000000000000e+00 4.400000000000000000e+01 3.862012866575769294e+02 2.000000000000000000e+00
7.000000000000000000e+00 2.240000000000000000e+02 3.934675753435967636e+02 3.000000000000000000e+00
8.800000000000000000e+01 1.740000000000000000e+02 4.031481569942225178e+02 2.000000000000000000e+00
2.050000000000000000e+02 2.430000000000000000e+02 4.075325452557611925e+02 9.000000000000000000e+00
2.390000000000000000e+02 2.420000000000000000e+02 4.131894016535790684e+02 7.000000000000000000e+00
1.300000000000000000e+01 2.510000000000000000e+02 4.396774723793882345e+02 4.000000000000000000e+00
2.500000000000000000e+02 2.680000000000000000e+02 4.420188175276852007e+02 8.000000000000000000e+00
2.330000000000000000e+02 2.630000000000000000e+02 4.520764801835275648e+02 8.000000000000000000e+00
1.220000000000000000e+02 2.790000000000000000e+02 4.525899133061458315e+02 3.000000000000000000e+00
9.600000000000000000e+01 1.600000000000000000e+02 4.538687553462718824e+02 2.000000000000000000e+00
2.310000000000000000e+02 2.830000000000000000e+02 4.540773545523499024e+02 1.100000000000000000e+01
2.760000000000000000e+02 2.770000000000000000e+02 4.616882253731463379e+02 5.000000000000000000e+00
2.190000000000000000e+02 2.780000000000000000e+02 4.860673820698673353e+02 8.000000000000000000e+00
3.400000000000000000e+01 2.380000000000000000e+02 4.883797031076516078e+02 3.000000000000000000e+00
2.270000000000000000e+02 2.480000000000000000e+02 5.138117994614480040e+02 7.000000000000000000e+00
4.700000000000000000e+01 2.840000000000000000e+02 5.187686358296476783e+02 8.000000000000000000e+00
3.800000000000000000e+01 2.700000000000000000e+02 5.235432988022273548e+02 8.000000000000000000e+00
2.290000000000000000e+02 2.670000000000000000e+02 5.293779336183754367e+02 4.000000000000000000e+00
1.710000000000000000e+02 2.820000000000000000e+02 5.298776655253017225e+02 3.000000000000000000e+00
2.360000000000000000e+02 2.860000000000000000e+02 5.443135269261180156e+02 1.100000000000000000e+01
2.640000000000000000e+02 2.810000000000000000e+02 5.683545707975993082e+02 8.000000000000000000e+00
2.650000000000000000e+02 2.730000000000000000e+02 5.692924151870319065e+02 8.000000000000000000e+00
1.690000000000000000e+02 2.530000000000000000e+02 5.702055754764114681e+02 3.000000000000000000e+00
2.930000000000000000e+02 3.010000000000000000e+02 5.978985091598684676e+02 1.100000000000000000e+01
8.400000000000000000e+01 3.020000000000000000e+02 6.021898202673028209e+02 4.000000000000000000e+00
3.900000000000000000e+01 2.910000000000000000e+02 6.103934799276005378e+02 6.000000000000000000e+00
2.590000000000000000e+02 2.620000000000000000e+02 6.206239349517458095e+02 9.000000000000000000e+00
2.720000000000000000e+02 2.940000000000000000e+02 6.296319557898807489e+02 1.600000000000000000e+01
2.540000000000000000e+02 2.710000000000000000e+02 6.586018642331957835e+02 6.000000000000000000e+00
2.990000000000000000e+02 3.000000000000000000e+02 7.246244370043843901e+02 1.900000000000000000e+01
1.310000000000000000e+02 1.520000000000000000e+02 7.309379767357013407e+02 2.000000000000000000e+00
1.270000000000000000e+02 3.080000000000000000e+02 7.506584912697328491e+02 7.000000000000000000e+00
1.000000000000000000e+00 1.530000000000000000e+02 7.560036146793418084e+02 2.000000000000000000e+00
9.300000000000000000e+01 2.960000000000000000e+02 7.663587806462519438e+02 9.000000000000000000e+00
2.920000000000000000e+02 3.090000000000000000e+02 8.028310407937483433e+02 2.700000000000000000e+01
2.870000000000000000e+02 2.880000000000000000e+02 8.167518926683540030e+02 1.100000000000000000e+01
2.570000000000000000e+02 3.110000000000000000e+02 8.299861390613864387e+02 1.200000000000000000e+01
7.100000000000000000e+01 3.120000000000000000e+02 8.357615793264351396e+02 3.000000000000000000e+00
2.000000000000000000e+02 2.690000000000000000e+02 8.575557619015536375e+02 7.000000000000000000e+00
2.740000000000000000e+02 3.030000000000000000e+02 8.833212036086655417e+02 1.600000000000000000e+01
2.800000000000000000e+02 2.980000000000000000e+02 9.055414572453015580e+02 5.000000000000000000e+00
8.300000000000000000e+01 2.890000000000000000e+02 9.828995319685876666e+02 3.000000000000000000e+00
2.950000000000000000e+02 3.140000000000000000e+02 1.008254019572500397e+03 3.500000000000000000e+01
3.130000000000000000e+02 3.150000000000000000e+02 1.100411274626447039e+03 2.000000000000000000e+01
3.100000000000000000e+02 3.220000000000000000e+02 1.109603830863045914e+03 3.700000000000000000e+01
2.750000000000000000e+02 3.060000000000000000e+02 1.161448391275536778e+03 1.100000000000000000e+01
2.600000000000000000e+02 3.070000000000000000e+02 1.176919090763107306e+03 2.200000000000000000e+01
1.070000000000000000e+02 3.180000000000000000e+02 1.209867529781366784e+03 8.000000000000000000e+00
2.850000000000000000e+02 2.970000000000000000e+02 1.218509381897629282e+03 8.000000000000000000e+00
3.050000000000000000e+02 3.250000000000000000e+02 1.241512541877455988e+03 1.700000000000000000e+01
3.040000000000000000e+02 3.190000000000000000e+02 1.351822979236492756e+03 2.000000000000000000e+01
2.900000000000000000e+02 3.240000000000000000e+02 1.390615604844078689e+03 4.800000000000000000e+01
6.600000000000000000e+01 3.160000000000000000e+02 1.440295368983986236e+03 1.300000000000000000e+01
3.000000000000000000e+00 3.170000000000000000e+02 1.466864934907110410e+03 4.000000000000000000e+00
3.200000000000000000e+02 3.290000000000000000e+02 1.654018140498086950e+03 2.200000000000000000e+01
3.280000000000000000e+02 3.320000000000000000e+02 1.697311788754931740e+03 2.100000000000000000e+01
3.270000000000000000e+02 3.300000000000000000e+02 1.788076197659679110e+03 2.800000000000000000e+01
1.060000000000000000e+02 1.180000000000000000e+02 1.877429716649137845e+03 2.000000000000000000e+00
1.500000000000000000e+01 3.330000000000000000e+02 2.600453117956321876e+03 5.000000000000000000e+00
3.210000000000000000e+02 3.230000000000000000e+02 2.738801938114129825e+03 2.300000000000000000e+01
3.260000000000000000e+02 3.360000000000000000e+02 3.003275756002203252e+03 5.000000000000000000e+01
3.310000000000000000e+02 3.340000000000000000e+02 3.113858268965452680e+03 7.000000000000000000e+01
8.200000000000000000e+01 3.350000000000000000e+02 3.477823129274921030e+03 2.200000000000000000e+01
3.400000000000000000e+02 3.420000000000000000e+02 5.147736395000745688e+03 7.200000000000000000e+01
3.380000000000000000e+02 3.390000000000000000e+02 5.590118445215403881e+03 2.800000000000000000e+01
3.430000000000000000e+02 3.440000000000000000e+02 6.699161487557953478e+03 1.000000000000000000e+02
1.610000000000000000e+02 3.450000000000000000e+02 8.570262003602389086e+03 1.010000000000000000e+02
3.410000000000000000e+02 3.460000000000000000e+02 2.167467785248805012e+04 1.710000000000000000e+02
2.600000000000000000e+01 1.450000000000000000e+02 2.552526936218653645e+04 2.000000000000000000e+00
3.370000000000000000e+02 3.470000000000000000e+02 4.254421273074026976e+04 1.730000000000000000e+02
1.370000000000000000e+02 3.480000000000000000e+02 8.713793149879763951e+04 3.000000000000000000e+00
1.600000000000000000e+01 3.500000000000000000e+02 1.868458157560384134e+05 4.000000000000000000e+00
3.490000000000000000e+02 3.510000000000000000e+02 2.192734312808555551e+06 1.770000000000000000e+02
