9.000000000000000000e+00 1.800000000000000000e+01 1.967521259442128212e+01 2.000000000000000000e+00
3.000000000000000000e+00 8.000000000000000000e+00 2.296202815700917199e+01 2.000000000000000000e+00
2.900000000000000000e+01 4.200000000000000000e+01 2.751605233756401958e+01 2.000000000000000000e+00
1.700000000000000000e+01 3.100000000000000000e+01 3.201657295650136348e+01 2.000000000000000000e+00
1.100000000000000000e+01 7.300000000000000000e+01 4.121746739281269356e+01 3.000000000000000000e+00
3.800000000000000000e+01 7.400000000000000000e+01 4.197230843335697159e+01 3.000000000000000000e+00
1.500000000000000000e+01 4.000000000000000000e+01 4.521021535395084356e+01 2.000000000000000000e+00
7.000000000000000000e+00 3.400000000000000000e+01 5.195896616046729832e+01 2.000000000000000000e+00
6.000000000000000000e+00 5.200000000000000000e+01 5.808017027877053806e+01 2.000000000000000000e+00
5.000000000000000000e+00 5.400000000000000000e+01 5.910772084985615038e+01 2.000000000000000000e+00
6.600000000000000000e+01 6.700000000000000000e+01 6.749840900975414115e+01 2.000000000000000000e+00
7.600000000000000000e+01 8.200000000000000000e+01 6.834825862856010303e+01 4.000000000000000000e+00
2.700000000000000000e+01 4.300000000000000000e+01 7.448268972376922648e+01 2.000000000000000000e+00
4.000000000000000000e+00 7.700000000000000000e+01 7.859659035431583618e+01 4.000000000000000000e+00
7.500000000000000000e+01 8.400000000000000000e+01 8.694167542491470613e+01 6.000000000000000000e+00
5.300000000000000000e+01 8.100000000000000000e+01 9.824699250188523081e+01 3.000000000000000000e+00
0.000000000000000000e+00 4.700000000000000000e+01 9.985376666814727287e+01 2.000000000000000000e+00
3.200000000000000000e+01 6.500000000000000000e+01 1.059712014416520560e+02 2.000000000000000000e+00
2.400000000000000000e+01 7.000000000000000000e+01 1.135528623517363940e+02 2.000000000000000000e+00
2.100000000000000000e+01 3.300000000000000000e+01 1.135918704067637464e+02 2.000000000000000000e+00
3.700000000000000000e+01 8.000000000000000000e+01 1.173656838372942417e+02 3.000000000000000000e+00
1.600000000000000000e+01 8.900000000000000000e+01 1.200001924877798842e+02 3.000000000000000000e+00
2.000000000000000000e+01 8.500000000000000000e+01 1.275940900930124826e+02 3.000000000000000000e+00
7.800000000000000000e+01 8.700000000000000000e+01 1.304130427073626777e+02 9.000000000000000000e+00
8.600000000000000000e+01 8.800000000000000000e+01 1.457619503743654263e+02 7.000000000000000000e+00
3.500000000000000000e+01 9.100000000000000000e+01 1.588737932325096267e+02 3.000000000000000000e+00
1.400000000000000000e+01 6.100000000000000000e+01 1.632474376501872939e+02 2.000000000000000000e+00
9.200000000000000000e+01 9.300000000000000000e+01 1.678204464276612100e+02 5.000000000000000000e+00
4.600000000000000000e+01 7.100000000000000000e+01 1.850706348475018785e+02 2.000000000000000000e+00
4.400000000000000000e+01 8.300000000000000000e+01 1.894774999408838596e+02 3.000000000000000000e+00
2.300000000000000000e+01 9.500000000000000000e+01 1.964807802453778720e+02 4.000000000000000000e+00
7.900000000000000000e+01 1.000000000000000000e+02 2.015003317790425115e+02 7.000000000000000000e+00
2.600000000000000000e+01 6.900000000000000000e+01 2.228852093379105099e+02 2.000000000000000000e+00
5.800000000000000000e+01 7.200000000000000000e+01 2.451264664027735307e+02 2.000000000000000000e+00
3.900000000000000000e+01 9.700000000000000000e+01 2.478322933225951488e+02 8.000000000000000000e+00
9.400000000000000000e+01 1.020000000000000000e+02 2.610636250011267521e+02 6.000000000000000000e+00
1.000000000000000000e+01 1.200000000000000000e+01 2.808483486165087015e+02 2.000000000000000000e+00
4.800000000000000000e+01 5.600000000000000000e+01 2.868419904417569342e+02 2.000000000000000000e+00
9.000000000000000000e+01 1.060000000000000000e+02 3.055201560332766348e+02 4.000000000000000000e+00
9.800000000000000000e+01 1.030000000000000000e+02 3.124771901917661694e+02 7.000000000000000000e+00
2.000000000000000000e+00 5.900000000000000000e+01 3.187561378134587358e+02 2.000000000000000000e+00
9.600000000000000000e+01 1.070000000000000000e+02 3.219461739834446803e+02 1.700000000000000000e+01
5.100000000000000000e+01 1.120000000000000000e+02 3.553664070700496609e+02 8.000000000000000000e+00
6.200000000000000000e+01 1.140000000000000000e+02 3.664864124040361162e+02 1.800000000000000000e+01
2.200000000000000000e+01 5.000000000000000000e+01 3.886259485830396443e+02 2.000000000000000000e+00
5.700000000000000000e+01 6.000000000000000000e+01 4.674357594535454155e+02 2.000000000000000000e+00
1.080000000000000000e+02 1.170000000000000000e+02 4.778245990551668569e+02 8.000000000000000000e+00
1.010000000000000000e+02 1.150000000000000000e+02 5.016586174496945318e+02 1.000000000000000000e+01
3.600000000000000000e+01 1.130000000000000000e+02 5.086601762943305971e+02 3.000000000000000000e+00
2.800000000000000000e+01 1.090000000000000000e+02 5.134307543619520402e+02 3.000000000000000000e+00
5.500000000000000000e+01 1.160000000000000000e+02 5.372881960946757545e+02 1.900000000000000000e+01
4.100000000000000000e+01 4.500000000000000000e+01 5.476006139223338778e+02 2.000000000000000000e+00
9.900000000000000000e+01 1.050000000000000000e+02 5.712425895631417916e+02 4.000000000000000000e+00
1.200000000000000000e+02 1.230000000000000000e+02 7.045657232255366580e+02 2.900000000000000000e+01
1.190000000000000000e+02 1.250000000000000000e+02 7.121962524184846188e+02 1.200000000000000000e+01
1.040000000000000000e+02 1.260000000000000000e+02 8.068765595442563381e+02 3.600000000000000000e+01
1.110000000000000000e+02 1.280000000000000000e+02 9.706567774175115346e+02 4.000000000000000000e+01
1.900000000000000000e+01 6.300000000000000000e+01 9.735875737953822409e+02 2.000000000000000000e+00
2.500000000000000000e+01 1.220000000000000000e+02 9.855104478430951076e+02 4.000000000000000000e+00
1.210000000000000000e+02 1.270000000000000000e+02 1.039836167181021892e+03 1.500000000000000000e+01
1.180000000000000000e+02 1.310000000000000000e+02 1.196194632835431548e+03 6.000000000000000000e+00
1.100000000000000000e+02 1.320000000000000000e+02 1.277802045502469809e+03 1.700000000000000000e+01
4.900000000000000000e+01 6.400000000000000000e+01 1.431032980340773975e+03 2.000000000000000000e+00
1.240000000000000000e+02 1.300000000000000000e+02 2.029188095092771619e+03 4.000000000000000000e+00
1.340000000000000000e+02 1.350000000000000000e+02 2.134874364957467606e+03 1.900000000000000000e+01
1.290000000000000000e+02 1.360000000000000000e+02 2.553830015323419502e+03 4.400000000000000000e+01
1.300000000000000000e+01 1.330000000000000000e+02 3.048049748459575312e+03 7.000000000000000000e+00
1.370000000000000000e+02 1.390000000000000000e+02 4.053298679884789181e+03 2.600000000000000000e+01
1.000000000000000000e+00 6.800000000000000000e+01 5.172479580409346454e+03 2.000000000000000000e+00
1.400000000000000000e+02 1.410000000000000000e+02 8.881913838933263833e+03 2.800000000000000000e+01
3.000000000000000000e+01 1.380000000000000000e+02 2.284160253090353581e+04 4.500000000000000000e+01
1.420000000000000000e+02 1.430000000000000000e+02 2.634839661907296977e+04 7.300000000000000000e+01
