4.227148437500000000e+03
1.670877685546875000e+03
1.779698730468750000e+03
2.789589355468750000e+03
1.453291137695312500e+03
1.972473388671875000e+03
1.889236328125000000e+03
1.651216064453125000e+03
1.740725708007812500e+03
3.225059082031250000e+03
2.718161376953125000e+03
1.933030761718750000e+03
2.489019775390625000e+03
4.192500000000000000e+03
2.655489746093750000e+03
2.429799072265625000e+03
1.974650024414062500e+03
2.772284179687500000e+03
3.782922363281250000e+03
5.467113281250000000e+03
3.145018554687500000e+03
2.077106445312500000e+03
2.150020507812500000e+03
1.884489501953125000e+03
2.750416503906250000e+03
2.120166748046875000e+03
1.493489013671875000e+03
1.854064208984375000e+03
1.782930053710937500e+03
2.048503906250000000e+03
3.085065917968750000e+03
1.732285937500000000e+04
1.377730957031250000e+03
2.548201171875000000e+03
2.557741455078125000e+03
2.288832031250000000e+03
1.901113037109375000e+03
2.119322753906250000e+03
1.949269897460937500e+03
2.947905761718750000e+03
2.292575195312500000e+03
2.070376464843750000e+03
1.493424194335937500e+03
1.686049072265625000e+03
2.029110107421875000e+03
3.644714599609375000e+03
1.750182861328125000e+03
2.407397216796875000e+03
3.064650390625000000e+03
3.172062011718750000e+03
3.662713134765625000e+03
1.504333862304687500e+03
2.927069580078125000e+03
2.290636474609375000e+03
1.823313110351562500e+03
2.378852539062500000e+03
1.510561279296875000e+03
3.525935791015625000e+03
1.589475708007812500e+03
3.918157958984375000e+03
1.781520507812500000e+03
1.813165283203125000e+03
2.092544921875000000e+03
3.062011962890625000e+03
2.045175659179687500e+03
3.563779541015625000e+03
3.064633300781250000e+03
2.964629882812500000e+03
2.707461914062500000e+03
1.816002685546875000e+03
1.396585937500000000e+03
3.002598144531250000e+03
3.195021972656250000e+03
3.090450195312500000e+03
2.504138427734375000e+03
2.775771484375000000e+03
3.139970947265625000e+03
2.991550537109375000e+03
3.259734863281250000e+03
3.205684814453125000e+03
3.522864501953125000e+03
1.320397460937500000e+03
3.259095214843750000e+03
3.240045410156250000e+03
3.126526367187500000e+03
1.960612060546875000e+03
1.727219238281250000e+03
3.625295654296875000e+03
3.460922607421875000e+03
2.664916748046875000e+03
3.303462158203125000e+03
4.244686035156250000e+03
3.676449951171875000e+03
2.805530517578125000e+03
2.958865234375000000e+03
2.386447021484375000e+03
2.690957519531250000e+03
2.978129150390625000e+03
4.158283203125000000e+03
3.005775390625000000e+03
3.388678222656250000e+03
1.760205810546875000e+03
1.124951562500000000e+04
3.444682128906250000e+03
4.127891601562500000e+03
3.820285888671875000e+03
3.409431884765625000e+03
5.352282226562500000e+03
2.442809082031250000e+03
2.997279785156250000e+03
2.781064697265625000e+03
2.994976562500000000e+03
3.211351562500000000e+03
3.034541503906250000e+03
2.866791992187500000e+03
2.289626708984375000e+03
1.578301513671875000e+03
3.015799072265625000e+03
3.295924316406250000e+03
2.249201904296875000e+03
1.745766601562500000e+03
5.740195312500000000e+03
3.221718505859375000e+03
1.688253662109375000e+03
3.911286865234375000e+03
3.391259277343750000e+03
3.040042968750000000e+03
3.093363769531250000e+03
6.854998535156250000e+03
3.273182617187500000e+03
2.114601562500000000e+03
3.325343261718750000e+03
3.672518798828125000e+03
2.271796630859375000e+03
2.930836914062500000e+03
3.974387695312500000e+03
4.728100585937500000e+03
2.739226074218750000e+03
5.318267578125000000e+03
1.324573974609375000e+03
2.899082519531250000e+03
3.075797851562500000e+03
5.168338867187500000e+03
3.506596679687500000e+02
2.722891357421875000e+03
2.060817871093750000e+02
6.836289062500000000e+02
2.749516601562500000e+02
5.810916748046875000e+02
6.257692871093750000e+02
1.785649658203125000e+03
1.630173461914062500e+03
4.438747558593750000e+02
6.802919921875000000e+02
3.837319091796875000e+03
1.551587036132812500e+03
1.356907958984375000e+03
6.313598632812500000e+02
7.124635009765625000e+02
3.255468261718750000e+03
4.843948730468750000e+03
2.436562011718750000e+03
5.621499023437500000e+02
7.042587890625000000e+02
2.977956542968750000e+02
2.006300903320312500e+03
1.717386352539062500e+03
2.101730957031250000e+02
1.519700561523437500e+03
2.394038085937500000e+02
5.860832519531250000e+02
1.682825683593750000e+03
1.470825000000000000e+04
4.777663574218750000e+02
1.506649536132812500e+03
9.949169921875000000e+02
6.244628906250000000e+02
2.741542236328125000e+03
1.905040527343750000e+03
7.684824218750000000e+02
2.321141357421875000e+03
6.986080322265625000e+02
3.819609375000000000e+02
9.142031250000000000e+02
7.887908935546875000e+02
1.249347290039062500e+03
2.551758544921875000e+03
2.162014160156250000e+02
6.498615722656250000e+02
2.387174316406250000e+03
2.131559814453125000e+03
3.239688476562500000e+03
3.509548339843750000e+02
1.887190673828125000e+03
1.008423828125000000e+03
3.217622070312500000e+02
7.617883300781250000e+02
2.784279785156250000e+02
3.822114990234375000e+03
4.396296386718750000e+02
2.960219238281250000e+03
8.497481689453125000e+02
8.843190917968750000e+02
1.580592895507812500e+03
9.450083007812500000e+02
1.399013427734375000e+03
5.049333007812500000e+03
2.649841064453125000e+03
2.098155029296875000e+03
1.797536743164062500e+03
5.540529785156250000e+02
2.819506835937500000e+02
2.741691894531250000e+03
2.324639160156250000e+03
3.162209472656250000e+02
9.091798095703125000e+02
4.569128417968750000e+02
5.565300292968750000e+02
7.651525878906250000e+02
1.841244750976562500e+03
1.634787719726562500e+03
5.184389648437500000e+02
9.339812011718750000e+02
3.716545898437500000e+03
1.525472900390625000e+03
1.284885742187500000e+03
4.859836425781250000e+02
8.367081298828125000e+02
3.290025878906250000e+03
4.825239746093750000e+03
2.345695312500000000e+03
4.616652832031250000e+02
6.858337402343750000e+02
2.799716796875000000e+02
2.014653076171875000e+03
1.363649414062500000e+03
2.991225585937500000e+02
1.392909423828125000e+03
3.811337890625000000e+02
5.802541503906250000e+02
1.670358276367187500e+03
1.464196093750000000e+04
5.541953125000000000e+02
1.666400268554687500e+03
1.048184082031250000e+03
7.126130371093750000e+02
2.731275878906250000e+03
1.801402465820312500e+03
8.315375976562500000e+02
2.312670898437500000e+03
6.182910156250000000e+02
2.542927246093750000e+02
1.000304931640625000e+03
6.152004394531250000e+02
1.115453247070312500e+03
2.195913574218750000e+03
2.753056640625000000e+02
5.727573242187500000e+02
2.546468261718750000e+03
2.150149414062500000e+03
3.660578125000000000e+03
4.957316894531250000e+02
1.855998657226562500e+03
1.380802001953125000e+03
4.291376953125000000e+02
6.758251953125000000e+02
3.812229003906250000e+02
4.171185546875000000e+03
3.839196777343750000e+02
2.896042968750000000e+03
6.697843017578125000e+02
6.601040039062500000e+02
1.585773071289062500e+03
9.501789550781250000e+02
1.374726684570312500e+03
5.144761230468750000e+03
2.601520019531250000e+03
2.357007812500000000e+03
1.550311889648437500e+03
3.811628417968750000e+02
3.935991210937500000e+02
2.789570312500000000e+03
2.102107666015625000e+03
3.277924316406250000e+03
2.685604980468750000e+03
2.524543212890625000e+03
2.497436523437500000e+03
3.872459228515625000e+03
1.186641845703125000e+03
2.644929687500000000e+03
2.702439453125000000e+03
2.504552490234375000e+03
1.340555664062500000e+03
1.401010498046875000e+03
2.763456054687500000e+03
3.348491455078125000e+03
2.613824707031250000e+03
4.393617187500000000e+03
2.881010986328125000e+03
2.558516845703125000e+03
2.818318359375000000e+03
2.631624023437500000e+03
1.924705566406250000e+03
2.600312011718750000e+03
2.536633300781250000e+03
3.857837402343750000e+03
2.251517822265625000e+03
2.495164550781250000e+03
2.688277343750000000e+03
1.073833984375000000e+04
2.333228027343750000e+03
3.718550048828125000e+03
3.664689453125000000e+03
2.483255859375000000e+03
4.119982421875000000e+03
1.864109130859375000e+03
2.788731445312500000e+03
2.466117431640625000e+03
2.835329833984375000e+03
2.627374023437500000e+03
2.205193847656250000e+03
2.459770507812500000e+03
1.335329956054687500e+03
1.533197998046875000e+03
2.695902832031250000e+03
2.755587402343750000e+03
1.837661376953125000e+03
1.791640625000000000e+03
5.569552246093750000e+03
2.462913085937500000e+03
2.270762207031250000e+03
3.684522216796875000e+03
2.845009277343750000e+03
3.020804199218750000e+03
2.270242187500000000e+03
5.925132812500000000e+03
2.177610839843750000e+03
2.330507568359375000e+03
2.538885253906250000e+03
2.535689941406250000e+03
1.143902099609375000e+03
2.547429931640625000e+03
3.791143554687500000e+03
4.394554199218750000e+03
2.456241455078125000e+03
4.221778808593750000e+03
1.272597167968750000e+03
2.287133789062500000e+03
2.405031494140625000e+03
5.440095703125000000e+03
9.097313232421875000e+02
3.716728515625000000e+02
6.074780273437500000e+02
4.795852050781250000e+02
1.955585205078125000e+03
1.411203369140625000e+03
6.080478515625000000e+02
7.530729980468750000e+02
3.522559814453125000e+03
1.535681396484375000e+03
1.366191650390625000e+03
7.246348876953125000e+02
8.493505859375000000e+02
2.897102539062500000e+03
4.107236816406250000e+03
2.203231201171875000e+03
5.550864257812500000e+02
7.807661132812500000e+02
3.599472656250000000e+02
1.695157836914062500e+03
1.350237426757812500e+03
3.152329101562500000e+02
1.547119384765625000e+03
2.733254394531250000e+02
6.235378417968750000e+02
1.488145751953125000e+03
1.442348632812500000e+04
3.913146972656250000e+02
1.342376586914062500e+03
1.237110107421875000e+03
6.097023925781250000e+02
2.356878417968750000e+03
1.684341552734375000e+03
7.049858398437500000e+02
2.044479736328125000e+03
7.594215087890625000e+02
4.963254394531250000e+02
6.340122070312500000e+02
6.464919433593750000e+02
1.022134765625000000e+03
2.342312011718750000e+03
3.494331054687500000e+02
6.879532470703125000e+02
2.006235595703125000e+03
2.026377197265625000e+03
3.305698730468750000e+03
3.238325195312500000e+02
1.587772705078125000e+03
1.220235595703125000e+03
4.296459960937500000e+02
7.987440185546875000e+02
3.254104003906250000e+02
3.732206298828125000e+03
3.850073242187500000e+02
3.068836425781250000e+03
7.438269042968750000e+02
8.810793457031250000e+02
1.306653808593750000e+03
9.237011718750000000e+02
1.279959716796875000e+03
4.407891113281250000e+03
2.254988281250000000e+03
2.145417968750000000e+03
1.555929199218750000e+03
3.965939941406250000e+02
3.412395019531250000e+02
2.866500000000000000e+03
5.732352294921875000e+02
5.530185546875000000e+02
1.098047241210937500e+03
1.287146728515625000e+03
1.696335571289062500e+03
6.737937011718750000e+02
1.317796875000000000e+03
4.162821289062500000e+03
1.806372924804687500e+03
1.652312500000000000e+03
8.227513427734375000e+02
8.966343994140625000e+02
3.340906250000000000e+03
5.221728515625000000e+03
2.650431640625000000e+03
1.025781738281250000e+03
5.638776855468750000e+02
7.808725585937500000e+02
2.299359863281250000e+03
1.900594604492187500e+03
5.011007080078125000e+02
1.296137939453125000e+03
7.055808105468750000e+02
7.403432617187500000e+02
1.579023071289062500e+03
1.489057128906250000e+04
1.041393920898437500e+03
1.888711791992187500e+03
7.834560546875000000e+02
1.160847167968750000e+03
3.308567382812500000e+03
2.043313598632812500e+03
1.069920166015625000e+03
2.647364990234375000e+03
6.210415039062500000e+02
8.421783447265625000e+02
1.392403686523437500e+03
6.730314941406250000e+02
1.514604980468750000e+03
2.596936523437500000e+03
5.316679687500000000e+02
9.999018554687500000e+02
3.196209960937500000e+03
2.092420166015625000e+03
3.584231933593750000e+03
7.887548828125000000e+02
1.965056030273437500e+03
8.538342285156250000e+02
7.984384765625000000e+02
7.445690917968750000e+02
5.075614013671875000e+02
4.403597167968750000e+03
7.767148437500000000e+02
2.111695556640625000e+03
1.155630859375000000e+03
7.615410156250000000e+02
1.927494995117187500e+03
1.257837158203125000e+03
1.538038330078125000e+03
5.361317382812500000e+03
3.045687011718750000e+03
2.517907958984375000e+03
1.670717773437500000e+03
8.675021972656250000e+02
5.619204101562500000e+02
2.216645507812500000e+03
5.314667968750000000e+02
8.075959472656250000e+02
1.772708251953125000e+03
1.524587158203125000e+03
3.956789550781250000e+02
1.021945922851562500e+03
3.932790039062500000e+03
1.532951660156250000e+03
1.543879882812500000e+03
5.161231689453125000e+02
6.463696289062500000e+02
2.953280273437500000e+03
5.075301757812500000e+03
2.607688476562500000e+03
5.440229492187500000e+02
4.797000732421875000e+02
3.224067382812500000e+02
2.173743652343750000e+03
1.805958496093750000e+03
1.612900390625000000e+02
1.269214599609375000e+03
1.675379638671875000e+02
6.937937011718750000e+02
1.669452758789062500e+03
1.510935742187500000e+04
5.370251464843750000e+02
1.881707275390625000e+03
9.631348876953125000e+02
7.098974609375000000e+02
2.612504394531250000e+03
1.850633544921875000e+03
9.562969970703125000e+02
2.623703125000000000e+03
5.054179687500000000e+02
5.452780761718750000e+02
9.798848876953125000e+02
7.388345947265625000e+02
1.083750122070312500e+03
2.469117431640625000e+03
2.429957275390625000e+02
6.666850585937500000e+02
2.690675048828125000e+03
2.024465454101562500e+03
3.169505126953125000e+03
4.777623291015625000e+02
1.874259033203125000e+03
1.056496704101562500e+03
3.854641113281250000e+02
4.375031738281250000e+02
2.265251464843750000e+02
3.767726806640625000e+03
5.217041015625000000e+02
2.781142333984375000e+03
8.032313232421875000e+02
8.392877197265625000e+02
1.675952636718750000e+03
1.157769531250000000e+03
1.108032714843750000e+03
4.875555175781250000e+03
2.755936035156250000e+03
2.135305419921875000e+03
1.883723266601562500e+03
5.970312500000000000e+02
4.863560791015625000e+02
2.603725097656250000e+03
6.666049804687500000e+02
2.322896728515625000e+03
1.717595092773437500e+03
8.063509521484375000e+02
1.291113525390625000e+03
3.896503662109375000e+03
1.795416381835937500e+03
1.721969604492187500e+03
5.872481689453125000e+02
8.493629150390625000e+02
3.123119873046875000e+03
4.889155273437500000e+03
2.564272216796875000e+03
9.555722656250000000e+02
5.241380615234375000e+02
6.188193359375000000e+02
2.159698486328125000e+03
2.183969726562500000e+03
3.513746337890625000e+02
1.415961914062500000e+03
5.172045898437500000e+02
5.703854980468750000e+02
1.840989135742187500e+03
1.527107617187500000e+04
6.771933593750000000e+02
1.427808227539062500e+03
9.478081054687500000e+02
1.182404174804687500e+03
3.060950683593750000e+03
1.868132324218750000e+03
8.623049316406250000e+02
2.730780517578125000e+03
7.009248046875000000e+02
6.285826416015625000e+02
7.925473632812500000e+02
7.449884033203125000e+02
1.045029663085937500e+03
2.809641357421875000e+03
5.308505859375000000e+02
8.068305664062500000e+02
2.637347167968750000e+03
2.376688964843750000e+03
3.934639648437500000e+03
6.353496093750000000e+02
2.177922363281250000e+03
9.702343750000000000e+02
7.391301269531250000e+02
8.592084960937500000e+02
3.123850097656250000e+02
4.683334960937500000e+03
4.684118652343750000e+02
2.698988037109375000e+03
9.453961181640625000e+02
6.198615722656250000e+02
1.575415039062500000e+03
9.431584472656250000e+02
1.523405395507812500e+03
5.270393554687500000e+03
3.258330566406250000e+03
2.361932128906250000e+03
1.774460205078125000e+03
4.005332031250000000e+02
4.288493652343750000e+02
2.840898925781250000e+03
2.501672607421875000e+03
1.771672729492187500e+03
8.567626953125000000e+02
9.962978515625000000e+02
4.067715332031250000e+03
1.960198120117187500e+03
1.793322387695312500e+03
1.207839843750000000e+03
9.126268310546875000e+02
3.242967285156250000e+03
4.506059082031250000e+03
2.691536132812500000e+03
1.054303710937500000e+03
9.514052734375000000e+02
6.939843750000000000e+02
2.096847656250000000e+03
2.157836425781250000e+03
6.233327636718750000e+02
2.010815917968750000e+03
6.356527099609375000e+02
7.177958984375000000e+02
1.745341430664062500e+03
1.472569042968750000e+04
1.000567993164062500e+03
1.086902343750000000e+03
1.599642456054687500e+03
8.456916503906250000e+02
3.126470458984375000e+03
2.120999511718750000e+03
3.151293945312500000e+02
2.699558593750000000e+03
9.858482666015625000e+02
7.360415039062500000e+02
4.255205078125000000e+02
1.107614746093750000e+03
1.293533203125000000e+03
2.745606933593750000e+03
8.004404296875000000e+02
9.804399414062500000e+02
2.133897216796875000e+03
2.676129882812500000e+03
3.754358642578125000e+03
6.269929199218750000e+02
2.202260253906250000e+03
9.205407714843750000e+02
8.885194091796875000e+02
1.250964355468750000e+03
5.294509277343750000e+02
4.206041015625000000e+03
5.426235351562500000e+02
3.374807128906250000e+03
1.298416503906250000e+03
1.126107177734375000e+03
1.565389160156250000e+03
1.106357666015625000e+03
1.461866455078125000e+03
4.798324707031250000e+03
2.874530273437500000e+03
2.606961914062500000e+03
1.963295043945312500e+03
5.312255859375000000e+02
5.957424316406250000e+02
3.600620117187500000e+03
3.091972656250000000e+03
1.757499023437500000e+03
2.410789794921875000e+03
5.021172363281250000e+03
3.080698730468750000e+03
2.839125488281250000e+03
1.802993164062500000e+03
1.996493408203125000e+03
4.950159179687500000e+03
2.371322998046875000e+03
3.710542968750000000e+03
1.795164184570312500e+03
2.040534423828125000e+03
1.682319946289062500e+03
3.088517822265625000e+03
2.638948730468750000e+03
1.707050292968750000e+03
1.794941894531250000e+03
1.772269287109375000e+03
2.136865722656250000e+03
1.970425170898437500e+03
1.223482812500000000e+04
1.956780151367187500e+03
3.144100341796875000e+03
2.076384277343750000e+03
2.089369873046875000e+03
3.316020507812500000e+03
2.953969970703125000e+03
2.615550048828125000e+03
3.883987304687500000e+03
1.778024169921875000e+03
1.883627441406250000e+03
2.611070800781250000e+03
2.069469238281250000e+03
2.770542724609375000e+03
3.515971679687500000e+03
1.482711547851562500e+03
2.061585205078125000e+03
4.568261230468750000e+03
3.449151123046875000e+03
4.359551757812500000e+03
2.092425781250000000e+03
1.974827880859375000e+03
2.952568359375000000e+03
1.805546386718750000e+03
1.825601196289062500e+03
1.833576049804687500e+03
4.118182128906250000e+03
2.085989501953125000e+03
3.419656982421875000e+03
1.835963012695312500e+03
2.001063720703125000e+03
3.410830810546875000e+03
2.625818603515625000e+03
2.313064453125000000e+03
5.846962890625000000e+03
3.859216796875000000e+03
4.009309570312500000e+03
3.052419433593750000e+03
2.212939697265625000e+03
1.941108886718750000e+03
2.707017089843750000e+03
1.465260009765625000e+03
1.693037109375000000e+03
1.919231933593750000e+03
4.145795898437500000e+02
4.190844726562500000e+02
1.784845581054687500e+03
2.068175537109375000e+03
1.339195556640625000e+03
4.010485839843750000e+03
2.411012695312500000e+03
1.807936401367187500e+03
1.826854492187500000e+03
1.660709228515625000e+03
1.452417480468750000e+03
2.005304931640625000e+03
1.569812255859375000e+03
2.653304931640625000e+03
1.450803344726562500e+03
1.469276611328125000e+03
1.503638671875000000e+03
1.009249609375000000e+04
1.621814208984375000e+03
3.079799316406250000e+03
2.034975952148437500e+03
1.610890380859375000e+03
3.521320800781250000e+03
1.194503173828125000e+03
1.770181396484375000e+03
1.573497558593750000e+03
1.855711791992187500e+03
1.717629882812500000e+03
1.672037841796875000e+03
1.597316284179687500e+03
8.926081542968750000e+02
8.815620117187500000e+02
1.598978759765625000e+03
1.739942993164062500e+03
1.109907714843750000e+03
5.874531250000000000e+02
4.156787597656250000e+03
1.442209472656250000e+03
1.493016845703125000e+03
2.101770507812500000e+03
1.825774536132812500e+03
1.979703613281250000e+03
1.471921752929687500e+03
5.058703125000000000e+03
1.423833984375000000e+03
8.366870117187500000e+02
2.005612792968750000e+03
1.699042968750000000e+03
6.198693847656250000e+02
1.581855468750000000e+03
2.965392822265625000e+03
3.395411621093750000e+03
1.660473388671875000e+03
3.407927001953125000e+03
4.966677246093750000e+02
1.623099975585937500e+03
1.496226806640625000e+03
3.537486328125000000e+03
9.651999511718750000e+02
3.783484863281250000e+03
1.310153320312500000e+03
1.350023193359375000e+03
4.864565429687500000e+02
1.021450561523437500e+03
3.218680908203125000e+03
5.325600585937500000e+03
2.029299560546875000e+03
3.103515625000000000e+02
8.825988769531250000e+02
4.946464843750000000e+02
2.265222167968750000e+03
1.825694702148437500e+03
4.189499511718750000e+02
1.542417358398437500e+03
4.022441406250000000e+02
4.417150878906250000e+02
1.856138427734375000e+03
1.514190917968750000e+04
6.977729492187500000e+02
1.902458496093750000e+03
9.114255371093750000e+02
4.520881347656250000e+02
2.819084228515625000e+03
2.101789306640625000e+03
9.269184570312500000e+02
2.579979003906250000e+03
7.775806884765625000e+02
5.052092285156250000e+02
1.221517578125000000e+03
8.397761230468750000e+02
1.430389648437500000e+03
2.364508789062500000e+03
3.562910156250000000e+02
8.096708984375000000e+02
2.811942871093750000e+03
2.099566406250000000e+03
3.208234375000000000e+03
4.453886718750000000e+02
2.271781250000000000e+03
8.072089843750000000e+02
4.777763671875000000e+02
8.545485839843750000e+02
3.529057617187500000e+02
3.489077392578125000e+03
4.419196777343750000e+02
2.385462402343750000e+03
1.189263427734375000e+03
6.658056640625000000e+02
1.693625732421875000e+03
1.184284179687500000e+03
1.825352416992187500e+03
4.996932128906250000e+03
2.978990234375000000e+03
2.120172851562500000e+03
1.947137451171875000e+03
9.961944580078125000e+02
3.928413085937500000e+02
2.469839355468750000e+03
4.019241210937500000e+03
1.800467529296875000e+03
1.636305908203125000e+03
1.271450927734375000e+03
1.443846801757812500e+03
3.294953369140625000e+03
4.911302734375000000e+03
2.289165527343750000e+03
1.122431396484375000e+03
1.536062133789062500e+03
8.978762207031250000e+02
2.387291503906250000e+03
2.137146484375000000e+03
9.335234375000000000e+02
2.190013671875000000e+03
8.316933593750000000e+02
9.026596679687500000e+02
2.058868164062500000e+03
1.494863769531250000e+04
1.050415527343750000e+03
2.156060546875000000e+03
1.563568359375000000e+03
7.925673828125000000e+02
3.070529785156250000e+03
2.374645507812500000e+03
1.200071777343750000e+03
2.729889648437500000e+03
1.641512084960937500e+03
9.271774902343750000e+02
1.224283203125000000e+03
1.369283935546875000e+03
1.743436889648437500e+03
2.792839355468750000e+03
8.775227050781250000e+02
1.215538208007812500e+03
2.719631591796875000e+03
2.412737548828125000e+03
3.605399414062500000e+03
8.281105957031250000e+02
2.342387207031250000e+03
1.541395019531250000e+03
1.085253417968750000e+03
1.850641601562500000e+03
9.788955078125000000e+02
4.013231933593750000e+03
8.087807617187500000e+02
3.187854736328125000e+03
1.665046508789062500e+03
1.301147705078125000e+03
1.929197753906250000e+03
1.082309814453125000e+03
2.169964111328125000e+03
4.906217285156250000e+03
3.050796386718750000e+03
2.674151855468750000e+03
2.112311035156250000e+03
1.104688964843750000e+03
7.905129394531250000e+02
3.156500488281250000e+03
1.898800537109375000e+03
1.864152832031250000e+03
3.981904296875000000e+03
5.027827148437500000e+03
2.129402343750000000e+03
6.239904296875000000e+03
2.832536132812500000e+03
3.849085937500000000e+03
4.422594726562500000e+03
3.880761230468750000e+03
3.727291503906250000e+03
4.439432617187500000e+03
3.936849853515625000e+03
3.596091308593750000e+03
3.682067382812500000e+03
3.663985351562500000e+03
4.221812988281250000e+03
1.162340234375000000e+04
3.306389648437500000e+03
4.186935546875000000e+03
4.255504882812500000e+03
3.751823974609375000e+03
2.864578369140625000e+03
3.311287109375000000e+03
3.861270751953125000e+03
1.881280517578125000e+03
4.607806640625000000e+03
3.974694580078125000e+03
3.638946777343750000e+03
3.390960449218750000e+03
3.296681884765625000e+03
2.608213867187500000e+03
3.829063964843750000e+03
4.413193847656250000e+03
2.090085449218750000e+03
2.271841308593750000e+03
3.917873291015625000e+03
3.314649414062500000e+03
4.013579101562500000e+03
4.252996093750000000e+03
3.818593750000000000e+03
4.448998046875000000e+03
3.809621337890625000e+03
3.228140869140625000e+03
3.720908447265625000e+03
2.538115966796875000e+03
3.797683105468750000e+03
3.689707763671875000e+03
1.428842773437500000e+03
3.792050781250000000e+03
6.369417968750000000e+03
1.650342773437500000e+03
1.858313720703125000e+03
4.425251953125000000e+03
2.540636718750000000e+03
4.198618164062500000e+03
3.516797851562500000e+03
3.715650146484375000e+03
4.742670898437500000e+02
1.667604858398437500e+03
2.096742919921875000e+03
1.508937988281250000e+03
4.698041015625000000e+03
2.212179931640625000e+03
1.528016845703125000e+03
2.040773925781250000e+03
1.577825195312500000e+03
1.662968017578125000e+03
2.158844482421875000e+03
1.566213623046875000e+03
2.658210937500000000e+03
1.466618896484375000e+03
1.366961669921875000e+03
1.929720703125000000e+03
1.041817871093750000e+04
1.556601562500000000e+03
3.041742187500000000e+03
2.071551269531250000e+03
1.574384277343750000e+03
3.148018066406250000e+03
1.389040283203125000e+03
1.856329345703125000e+03
1.409134521484375000e+03
1.833564208984375000e+03
1.680567260742187500e+03
1.781555664062500000e+03
1.707206787109375000e+03
1.171775146484375000e+03
9.777902832031250000e+02
1.497861816406250000e+03
2.010169799804687500e+03
1.375623291015625000e+03
8.300761718750000000e+02
4.350759765625000000e+03
1.499835693359375000e+03
1.940115478515625000e+03
1.962046386718750000e+03
1.546861206054687500e+03
1.933224243164062500e+03
1.452574340820312500e+03
4.759809082031250000e+03
1.484282714843750000e+03
1.082502441406250000e+03
1.918948120117187500e+03
1.569664550781250000e+03
6.358620605468750000e+02
1.609641357421875000e+03
3.215931640625000000e+03
3.620022949218750000e+03
1.763422363281250000e+03
3.311797119140625000e+03
8.150839843750000000e+02
1.874594482421875000e+03
1.408188476562500000e+03
3.319275878906250000e+03
1.505848144531250000e+03
2.131228027343750000e+03
1.394950683593750000e+03
4.497656250000000000e+03
2.284851806640625000e+03
1.510040283203125000e+03
1.832124633789062500e+03
1.361017822265625000e+03
1.585626220703125000e+03
1.980976074218750000e+03
1.398447509765625000e+03
2.322767333984375000e+03
1.367196899414062500e+03
1.340160400390625000e+03
1.615243652343750000e+03
1.040523339843750000e+04
1.459383544921875000e+03
2.622886718750000000e+03
1.695095703125000000e+03
1.553879150390625000e+03
3.335368164062500000e+03
1.436173095703125000e+03
1.657582763671875000e+03
1.363635742187500000e+03
1.821160888671875000e+03
1.399858642578125000e+03
1.731352539062500000e+03
1.431195800781250000e+03
1.227540527343750000e+03
9.226220703125000000e+02
1.348941894531250000e+03
1.706321166992187500e+03
1.093360107421875000e+03
6.495449218750000000e+02
4.257145019531250000e+03
1.431669189453125000e+03
1.565847656250000000e+03
2.133553955078125000e+03
1.507133789062500000e+03
1.967376220703125000e+03
1.574375732421875000e+03
4.758037109375000000e+03
1.236057861328125000e+03
9.705800781250000000e+02
1.848620727539062500e+03
1.655974853515625000e+03
7.006655273437500000e+02
1.549894042968750000e+03
2.977638427734375000e+03
3.502941894531250000e+03
1.752826171875000000e+03
3.299545166015625000e+03
7.177270507812500000e+02
1.634958374023437500e+03
1.337188476562500000e+03
3.030985351562500000e+03
1.043624023437500000e+03
3.097005371093750000e+03
5.427144042968750000e+03
2.398679687500000000e+03
4.743137207031250000e+02
8.868669433593750000e+02
6.843059082031250000e+02
2.453030029296875000e+03
2.134966308593750000e+03
4.335216064453125000e+02
1.275276855468750000e+03
5.528815917968750000e+02
5.939748535156250000e+02
2.238885498046875000e+03
1.535803515625000000e+04
5.824829101562500000e+02
2.071187500000000000e+03
5.769621582031250000e+02
9.409318847656250000e+02
2.848360595703125000e+03
2.101146972656250000e+03
1.400168090820312500e+03
2.621052490234375000e+03
9.467365722656250000e+02
5.988750000000000000e+02
1.545305175781250000e+03
8.161719970703125000e+02
1.352205566406250000e+03
2.855067382812500000e+03
4.511556396484375000e+02
7.100598144531250000e+02
3.111111328125000000e+03
2.061081054687500000e+03
3.671348876953125000e+03
6.342126464843750000e+02
2.397422363281250000e+03
1.308914306640625000e+03
7.282849121093750000e+02
9.677819824218750000e+02
5.405753173828125000e+02
3.834298339843750000e+03
4.492175292968750000e+02
2.622997314453125000e+03
1.127062866210937500e+03
6.268903808593750000e+02
1.754500366210937500e+03
1.158396484375000000e+03
1.892781250000000000e+03
5.263900390625000000e+03
3.096588378906250000e+03
2.147448730468750000e+03
1.969229614257812500e+03
8.146832275390625000e+02
6.366474609375000000e+02
2.448275878906250000e+03
3.501299316406250000e+03
5.299225585937500000e+03
3.729009521484375000e+03
1.055021606445312500e+03
7.905501708984375000e+02
5.656177978515625000e+02
2.340354980468750000e+03
2.388756835937500000e+03
5.997984619140625000e+02
1.956178222656250000e+03
7.030065917968750000e+02
9.905971679687500000e+02
1.977421630859375000e+03
1.518903125000000000e+04
1.087335449218750000e+03
2.012684814453125000e+03
1.490368530273437500e+03
1.078042968750000000e+03
4.021572509765625000e+03
2.141697021484375000e+03
1.151723510742187500e+03
3.028007812500000000e+03
7.493403320312500000e+02
8.824655761718750000e+02
1.215151000976562500e+03
8.676757812500000000e+02
1.417062744140625000e+03
2.795807617187500000e+03
6.957221679687500000e+02
8.873468017578125000e+02
2.910999755859375000e+03
2.684292968750000000e+03
3.712765869140625000e+03
8.022183837890625000e+02
2.336094482421875000e+03
1.483690063476562500e+03
7.045902099609375000e+02
7.060092773437500000e+02
7.780523681640625000e+02
4.567806152343750000e+03
8.413236083984375000e+02
3.225105468750000000e+03
1.241548706054687500e+03
1.192517578125000000e+03
2.303250976562500000e+03
1.097128173828125000e+03
1.888857177734375000e+03
5.941913085937500000e+03
3.199465576171875000e+03
2.597762207031250000e+03
1.982490966796875000e+03
8.097058105468750000e+02
8.395340576171875000e+02
3.548486328125000000e+03
4.490938476562500000e+03
2.933085937500000000e+03
3.727891601562500000e+03
3.244876464843750000e+03
3.272774414062500000e+03
2.575949951171875000e+03
3.305750244140625000e+03
2.906558593750000000e+03
3.129867675781250000e+03
2.914098144531250000e+03
2.955075195312500000e+03
2.980874023437500000e+03
1.060333496093750000e+04
2.804960693359375000e+03
4.076978027343750000e+03
3.136482177734375000e+03
3.387630371093750000e+03
2.706423583984375000e+03
2.106391845703125000e+03
3.535071533203125000e+03
1.693830810546875000e+03
3.529249511718750000e+03
3.331554199218750000e+03
2.797128417968750000e+03
2.826112304687500000e+03
2.073175537109375000e+03
1.768344482421875000e+03
3.142328369140625000e+03
3.223418945312500000e+03
1.510903320312500000e+03
9.670112304687500000e+02
4.311089355468750000e+03
2.769611328125000000e+03
2.894764404296875000e+03
3.812368896484375000e+03
3.314532958984375000e+03
3.645906982421875000e+03
3.248028564453125000e+03
4.797408203125000000e+03
2.814648437500000000e+03
1.981408447265625000e+03
3.275229003906250000e+03
3.279165039062500000e+03
1.734011230468750000e+03
2.716758789062500000e+03
4.971695800781250000e+03
1.767374023437500000e+03
1.997545166015625000e+03
4.811337890625000000e+03
1.830906005859375000e+03
3.410396972656250000e+03
3.039731201171875000e+03
3.494958740234375000e+03
5.298123535156250000e+03
5.120271972656250000e+03
5.037169433593750000e+03
4.989815429687500000e+03
3.643690185546875000e+03
4.939257324218750000e+03
4.835539062500000000e+03
6.029819824218750000e+03
4.752738281250000000e+03
4.756037109375000000e+03
3.189094726562500000e+03
1.295390039062500000e+04
4.727926757812500000e+03
5.769799316406250000e+03
5.512863281250000000e+03
5.005375976562500000e+03
6.788564941406250000e+03
3.778719238281250000e+03
4.867151367187500000e+03
4.857372070312500000e+03
5.303709472656250000e+03
4.981793945312500000e+03
4.201155761718750000e+03
4.800433105468750000e+03
3.760901855468750000e+03
4.844305664062500000e+03
4.986594726562500000e+03
5.403124023437500000e+03
4.278866210937500000e+03
4.601575195312500000e+03
7.760268066406250000e+03
4.696579101562500000e+03
3.080813476562500000e+03
5.605985839843750000e+03
5.135585937500000000e+03
5.452420898437500000e+03
4.772103027343750000e+03
8.457298828125000000e+03
4.699611816406250000e+03
5.340833984375000000e+03
5.394981933593750000e+03
5.101742187500000000e+03
4.347002441406250000e+03
4.615700195312500000e+03
5.407540039062500000e+03
7.033346191406250000e+03
5.224905273437500000e+03
7.107372070312500000e+03
4.206489257812500000e+03
4.465440429687500000e+03
4.849783691406250000e+03
7.169770507812500000e+03
2.333383789062500000e+03
3.166791503906250000e+03
2.875237792968750000e+03
2.462640625000000000e+03
2.479870605468750000e+03
2.579068847656250000e+03
2.804738525390625000e+03
2.442452636718750000e+03
1.861072021484375000e+03
3.856641113281250000e+03
1.278378808593750000e+04
1.870939453125000000e+03
2.851952392578125000e+03
2.622017578125000000e+03
2.402028320312500000e+03
1.857783447265625000e+03
2.652610107421875000e+03
2.887946289062500000e+03
2.712689208984375000e+03
2.908948730468750000e+03
2.741351562500000000e+03
2.251273437500000000e+03
2.476172851562500000e+03
2.712386474609375000e+03
2.997837890625000000e+03
2.606915039062500000e+03
3.151206054687500000e+03
3.143464599609375000e+03
2.677999755859375000e+03
4.263640625000000000e+03
2.369839355468750000e+03
4.018686279296875000e+03
3.075655029296875000e+03
2.746396728515625000e+03
3.046468261718750000e+03
2.296564697265625000e+03
3.671976318359375000e+03
2.102184082031250000e+03
2.976999511718750000e+03
2.244546875000000000e+03
1.995713867187500000e+03
2.178737060546875000e+03
2.255122802734375000e+03
4.320897949218750000e+03
3.875560302734375000e+03
2.580348388671875000e+03
4.123151855468750000e+03
2.634624267578125000e+03
2.872063720703125000e+03
2.086020019531250000e+03
3.074173339843750000e+03
1.171429565429687500e+03
5.861862792968750000e+02
2.226406250000000000e+03
1.712353515625000000e+03
5.992922363281250000e+02
1.781315917968750000e+03
4.669128417968750000e+02
5.063820800781250000e+02
2.230108154296875000e+03
1.488736425781250000e+04
5.348510742187500000e+02
2.482617431640625000e+03
1.043242919921875000e+03
4.295383300781250000e+02
2.826279785156250000e+03
2.123021728515625000e+03
1.312834228515625000e+03
2.771329589843750000e+03
1.036487304687500000e+03
6.224101562500000000e+02
1.381501098632812500e+03
9.714995117187500000e+02
1.396688354492187500e+03
2.695755126953125000e+03
4.713212890625000000e+02
1.024094970703125000e+03
2.951293457031250000e+03
2.232334716796875000e+03
3.598181152343750000e+03
5.503745117187500000e+02
2.352029785156250000e+03
1.277469970703125000e+03
5.102509765625000000e+02
1.090862182617187500e+03
5.068708496093750000e+02
3.679066650390625000e+03
4.642993164062500000e+02
2.870878906250000000e+03
1.213392944335937500e+03
5.711467285156250000e+02
1.669657714843750000e+03
1.328101562500000000e+03
1.809326904296875000e+03
5.468863281250000000e+03
2.962275390625000000e+03
2.390688232421875000e+03
2.009263793945312500e+03
9.142519531250000000e+02
5.643884277343750000e+02
2.803706054687500000e+03
4.954877929687500000e+02
2.283266845703125000e+03
2.025887207031250000e+03
3.448046875000000000e+02
1.348957397460937500e+03
6.373098144531250000e+02
1.081970458984375000e+03
1.297928833007812500e+03
1.498068359375000000e+04
1.107147583007812500e+03
1.531920898437500000e+03
1.078797973632812500e+03
1.285796142578125000e+03
3.404924316406250000e+03
1.940861328125000000e+03
1.036500244140625000e+03
2.646031250000000000e+03
5.171208496093750000e+02
7.241490478515625000e+02
1.251750854492187500e+03
5.221479492187500000e+02
1.143682861328125000e+03
2.474141357421875000e+03
5.382794189453125000e+02
7.090900878906250000e+02
3.072222656250000000e+03
2.324687988281250000e+03
3.395222900390625000e+03
8.735754394531250000e+02
1.704848999023437500e+03
1.498313354492187500e+03
6.929387207031250000e+02
4.774222412109375000e+02
5.242102050781250000e+02
4.644453613281250000e+03
8.028081054687500000e+02
2.641412109375000000e+03
9.469320068359375000e+02
1.074044189453125000e+03
2.106468261718750000e+03
1.330179931640625000e+03
1.224841064453125000e+03
5.526133300781250000e+03
3.227833984375000000e+03
2.273320312500000000e+03
1.636022460937500000e+03
5.821755371093750000e+02
7.210930175781250000e+02
3.079306152343750000e+03
2.195996093750000000e+03
1.564986572265625000e+03
2.970141601562500000e+02
1.563199218750000000e+03
3.293382568359375000e+02
7.395998535156250000e+02
1.527387451171875000e+03
1.497009960937500000e+04
7.268906250000000000e+02
1.862558227539062500e+03
1.085517700195312500e+03
5.843645019531250000e+02
3.037776611328125000e+03
2.016292480468750000e+03
7.224663085937500000e+02
2.509440185546875000e+03
6.107374267578125000e+02
3.789514160156250000e+02
1.140734619140625000e+03
5.310805664062500000e+02
1.194340576171875000e+03
2.243816894531250000e+03
2.708273925781250000e+02
6.359481201171875000e+02
2.599105224609375000e+03
2.155924316406250000e+03
3.607557617187500000e+03
4.537529296875000000e+02
1.830652343750000000e+03
1.227679931640625000e+03
2.538630371093750000e+02
5.937794189453125000e+02
3.775385742187500000e+02
4.038300537109375000e+03
5.249638671875000000e+02
2.847339355468750000e+03
8.182329101562500000e+02
8.737458496093750000e+02
1.740278442382812500e+03
8.991508789062500000e+02
1.315873535156250000e+03
5.153082519531250000e+03
2.715077636718750000e+03
2.330556396484375000e+03
1.619652343750000000e+03
4.434244384765625000e+02
3.620747070312500000e+02
2.942456542968750000e+03
1.904832763671875000e+03
2.049119628906250000e+03
3.384789306640625000e+03
2.032021484375000000e+03
1.879776367187500000e+03
2.612314208984375000e+03
1.155472851562500000e+04
1.978528808593750000e+03
2.885178955078125000e+03
2.939895019531250000e+03
2.221732421875000000e+03
4.123968261718750000e+03
5.544714355468750000e+02
2.455905761718750000e+03
2.438596191406250000e+03
1.918063476562500000e+03
2.336890136718750000e+03
1.755350097656250000e+03
1.973937377929687500e+03
1.083284667968750000e+03
1.699720703125000000e+03
2.146368164062500000e+03
2.582806152343750000e+03
2.179237060546875000e+03
2.090823730468750000e+03
5.178640136718750000e+03
2.157608886718750000e+03
2.257949462890625000e+03
3.217820312500000000e+03
2.306134765625000000e+03
2.092484130859375000e+03
2.005017456054687500e+03
6.042059082031250000e+03
1.976615234375000000e+03
2.338229736328125000e+03
1.798284912109375000e+03
2.181764648437500000e+03
1.761999267578125000e+03
1.977938964843750000e+03
3.316475097656250000e+03
5.212781738281250000e+03
2.034173095703125000e+03
4.248251953125000000e+03
1.227079101562500000e+03
2.128583740234375000e+03
1.958788085937500000e+03
4.682226074218750000e+03
1.654450317382812500e+03
2.680826660156250000e+03
1.719252563476562500e+03
2.100164062500000000e+03
2.139441894531250000e+03
1.742079687500000000e+04
1.774037475585937500e+03
3.358679199218750000e+03
2.542621582031250000e+03
1.888385253906250000e+03
3.586478027343750000e+03
1.901869873046875000e+03
2.154878906250000000e+03
2.423947509765625000e+03
1.711269775390625000e+03
1.721833007812500000e+03
2.047033325195312500e+03
1.498349609375000000e+03
2.024473876953125000e+03
1.853550781250000000e+03
1.453570678710937500e+03
2.438166015625000000e+03
3.220120605468750000e+03
2.377301269531250000e+03
4.741761718750000000e+03
1.980889526367187500e+03
1.941990600585937500e+03
2.883330566406250000e+03
1.802736938476562500e+03
1.906887451171875000e+03
1.759141845703125000e+03
5.671929199218750000e+03
1.907348510742187500e+03
3.180546386718750000e+03
1.467915283203125000e+03
2.033014892578125000e+03
2.503305664062500000e+03
2.678861816406250000e+03
2.000411376953125000e+03
5.945685546875000000e+03
2.400687988281250000e+03
3.716202392578125000e+03
1.693339599609375000e+03
1.707379028320312500e+03
1.630267456054687500e+03
3.838135742187500000e+03
1.089776977539062500e+03
2.212438964843750000e+02
5.724843750000000000e+02
1.492403808593750000e+03
1.485428906250000000e+04
5.174813232421875000e+02
1.355942138671875000e+03
8.356074218750000000e+02
7.734118652343750000e+02
2.629247802734375000e+03
1.717780273437500000e+03
7.936037597656250000e+02
2.328092773437500000e+03
3.880994873046875000e+02
2.771508789062500000e+02
8.348046875000000000e+02
5.454395751953125000e+02
9.730860595703125000e+02
2.398250488281250000e+03
1.318330078125000000e+02
4.773143310546875000e+02
2.496721191406250000e+03
2.105143066406250000e+03
3.338040771484375000e+03
3.816896972656250000e+02
1.763987060546875000e+03
1.029871826171875000e+03
3.616506347656250000e+02
4.841860351562500000e+02
2.075101318359375000e+02
4.169240234375000000e+03
3.297048339843750000e+02
2.728690917968750000e+03
6.841989746093750000e+02
7.537429199218750000e+02
1.650850708007812500e+03
8.775207519531250000e+02
9.590581665039062500e+02
4.835181640625000000e+03
2.817856445312500000e+03
2.117744384765625000e+03
1.667565185546875000e+03
4.529886474609375000e+02
3.225671386718750000e+02
2.442889160156250000e+03
1.403036621093750000e+03
1.767514892578125000e+03
2.738864257812500000e+03
1.123197558593750000e+04
1.097932495117187500e+03
1.993548217773437500e+03
1.417568847656250000e+03
1.929258789062500000e+03
1.455361083984375000e+03
2.426886718750000000e+03
2.156043457031250000e+03
2.414129150390625000e+03
1.602118164062500000e+03
1.418718017578125000e+03
2.202696044921875000e+03
9.592359619140625000e+02
2.138724853515625000e+03
3.519973876953125000e+03
1.162161376953125000e+03
1.355727783203125000e+03
3.649281738281250000e+03
2.717240478515625000e+03
2.553090820312500000e+03
1.062147460937500000e+03
2.873667968750000000e+03
2.224487548828125000e+03
1.317403198242187500e+03
1.557246826171875000e+03
1.448879760742187500e+03
2.244853027343750000e+03
1.298993408203125000e+03
3.082167236328125000e+03
1.104447753906250000e+03
1.641761718750000000e+03
2.379765380859375000e+03
1.908925415039062500e+03
2.084734863281250000e+03
3.230795166015625000e+03
2.598917724609375000e+03
3.036926513671875000e+03
2.605127929687500000e+03
1.823270507812500000e+03
1.379355224609375000e+03
9.995710449218750000e+02
6.100969238281250000e+02
1.717804199218750000e+03
1.474846777343750000e+04
4.477468261718750000e+02
1.738169921875000000e+03
1.011645874023437500e+03
4.739875488281250000e+02
2.520965820312500000e+03
1.832194335937500000e+03
9.179451904296875000e+02
2.489763183593750000e+03
5.600072021484375000e+02
4.263769531250000000e+02
8.597033691406250000e+02
7.259119873046875000e+02
9.880031738281250000e+02
2.282163574218750000e+03
2.049447021484375000e+02
5.690578613281250000e+02
2.547774414062500000e+03
1.951896118164062500e+03
2.924760498046875000e+03
3.544072265625000000e+02
1.988152832031250000e+03
1.089625488281250000e+03
3.272576904296875000e+02
6.034901123046875000e+02
2.268277587890625000e+02
3.650265380859375000e+03
3.632639160156250000e+02
2.810888916015625000e+03
7.613303222656250000e+02
7.911860351562500000e+02
1.461239868164062500e+03
1.023332763671875000e+03
1.177604248046875000e+03
4.687291992187500000e+03
2.727684326171875000e+03
1.862620971679687500e+03
1.736265258789062500e+03
5.793934326171875000e+02
3.517333984375000000e+02
2.735765380859375000e+03
2.040078002929687500e+03
1.491183398437500000e+04
5.867519531250000000e+02
1.909352294921875000e+03
8.407456054687500000e+02
6.908994140625000000e+02
2.844269531250000000e+03
1.829378662109375000e+03
8.363322753906250000e+02
2.636501708984375000e+03
1.046748657226562500e+03
6.911828613281250000e+02
8.395095214843750000e+02
8.914277343750000000e+02
1.199026611328125000e+03
2.685401367187500000e+03
6.560803222656250000e+02
1.065495849609375000e+03
2.410166259765625000e+03
2.154348632812500000e+03
3.461645019531250000e+03
5.823925781250000000e+02
2.330454345703125000e+03
9.072922363281250000e+02
7.885427246093750000e+02
1.273078002929687500e+03
4.908071289062500000e+02
3.860468261718750000e+03
2.575654296875000000e+02
2.360194824218750000e+03
1.398835693359375000e+03
3.154160156250000000e+02
1.389808105468750000e+03
7.376613769531250000e+02
2.038942138671875000e+03
4.926254394531250000e+03
2.807314941406250000e+03
2.425553710937500000e+03
1.748365234375000000e+03
7.126833496093750000e+02
4.066474609375000000e+02
2.601188476562500000e+03
1.014754492187500000e+04
2.216929687500000000e+03
2.460370605468750000e+03
2.359215576171875000e+03
2.069430175781250000e+03
4.512525390625000000e+03
2.332743408203125000e+03
1.568787109375000000e+03
2.182692871093750000e+03
1.527993652343750000e+03
1.692713256835937500e+03
2.074932373046875000e+03
1.333007690429687500e+03
2.188900878906250000e+03
1.829869873046875000e+03
1.580879760742187500e+03
1.907221435546875000e+03
2.326059570312500000e+03
1.930658447265625000e+03
4.555010742187500000e+03
1.820203247070312500e+03
4.075322265625000000e+02
2.391854492187500000e+03
1.797184692382812500e+03
1.526603271484375000e+03
1.644261230468750000e+03
5.432670898437500000e+03
1.928999633789062500e+03
2.363944580078125000e+03
1.981085449218750000e+03
2.243325683593750000e+03
2.093080322265625000e+03
2.014182495117187500e+03
2.088039306640625000e+03
5.120161132812500000e+03
2.623123535156250000e+03
4.022922607421875000e+03
1.382311523437500000e+03
1.612288208007812500e+03
1.615169067382812500e+03
3.836958251953125000e+03
1.464003320312500000e+04
1.578867773437500000e+04
1.520497070312500000e+04
1.483934375000000000e+04
1.053333203125000000e+04
1.147605859375000000e+04
1.499423828125000000e+04
1.116715039062500000e+04
1.511856640625000000e+04
1.496538476562500000e+04
1.455701953125000000e+04
1.470792382812500000e+04
1.112595312500000000e+04
1.042779296875000000e+04
1.521860644531250000e+04
1.515028027343750000e+04
1.034409375000000000e+04
1.036171679687500000e+04
9.584360351562500000e+03
1.461613281250000000e+04
9.885582031250000000e+03
1.538199316406250000e+04
1.490216015625000000e+04
1.525058203125000000e+04
1.484995507812500000e+04
7.907540527343750000e+03
1.471565527343750000e+04
1.059482421875000000e+04
1.511176464843750000e+04
1.470181445312500000e+04
1.055831738281250000e+04
1.383064257812500000e+04
1.836618359375000000e+04
1.328145507812500000e+04
1.159111425781250000e+04
1.288889746093750000e+04
1.061178906250000000e+04
1.495282031250000000e+04
1.458667187500000000e+04
1.074988281250000000e+04
1.677642456054687500e+03
1.055444091796875000e+03
7.535517578125000000e+02
1.317605224609375000e+03
1.793722778320312500e+03
1.343726074218750000e+03
2.132681152343750000e+03
1.109932495117187500e+03
8.749008789062500000e+02
9.225017089843750000e+02
7.341174316406250000e+02
1.246954833984375000e+03
2.692649414062500000e+03
5.558555908203125000e+02
8.724252929687500000e+02
2.322582031250000000e+03
1.987663818359375000e+03
3.097405761718750000e+03
4.241342773437500000e+02
2.184077636718750000e+03
1.625456909179687500e+03
5.557724609375000000e+02
1.120504150390625000e+03
5.914932861328125000e+02
2.940429199218750000e+03
3.880483398437500000e+02
2.851875976562500000e+03
7.739876708984375000e+02
5.752438964843750000e+02
1.403723876953125000e+03
1.164612792968750000e+03
1.557320678710937500e+03
3.465325439453125000e+03
2.242486328125000000e+03
2.276800781250000000e+03
1.806131713867187500e+03
8.275463867187500000e+02
5.138789062500000000e+02
1.976771240234375000e+03
2.482834472656250000e+03
2.140867187500000000e+03
2.160382324218750000e+03
2.762494628906250000e+03
1.220684082031250000e+03
2.612568359375000000e+03
1.434984863281250000e+03
1.847983032226562500e+03
1.369176757812500000e+03
1.497843017578125000e+03
2.491959716796875000e+03
3.340454589843750000e+03
1.724449829101562500e+03
1.681371459960937500e+03
2.932761962890625000e+03
3.634245849609375000e+03
2.943007324218750000e+03
1.486674560546875000e+03
2.839330078125000000e+03
2.193919189453125000e+03
1.754393432617187500e+03
1.441730224609375000e+03
1.577768066406250000e+03
3.668541748046875000e+03
1.566937988281250000e+03
4.159768066406250000e+03
1.064440673828125000e+03
2.090402343750000000e+03
2.313117675781250000e+03
1.976472412109375000e+03
2.806857421875000000e+03
4.372556640625000000e+03
2.773859130859375000e+03
2.543593750000000000e+03
2.765469238281250000e+03
1.782509887695312500e+03
1.349437988281250000e+03
3.281695800781250000e+03
1.408796142578125000e+03
3.309241210937500000e+03
2.550398193359375000e+03
1.687535156250000000e+03
2.882359619140625000e+03
1.515576049804687500e+03
9.541127929687500000e+02
2.078078613281250000e+03
1.023013916015625000e+03
1.708927856445312500e+03
3.423112304687500000e+03
8.890573730468750000e+02
1.239765014648437500e+03
3.289498535156250000e+03
2.098731933593750000e+03
3.795839111328125000e+03
1.042584716796875000e+03
2.665371093750000000e+03
1.437159423828125000e+03
1.116232421875000000e+03
1.754109008789062500e+03
1.098903808593750000e+03
4.027804687500000000e+03
7.804807128906250000e+02
2.380290527343750000e+03
1.776709960937500000e+03
1.049901367187500000e+03
2.068604003906250000e+03
1.391516601562500000e+03
2.430763183593750000e+03
5.669872070312500000e+03
3.552826660156250000e+03
2.571256835937500000e+03
2.209652587890625000e+03
1.080480957031250000e+03
1.024173339843750000e+03
1.935570068359375000e+03
2.572912597656250000e+03
2.235582519531250000e+03
1.094636474609375000e+03
2.786320312500000000e+03
1.219221313476562500e+03
7.794548339843750000e+02
1.129058105468750000e+03
9.755163574218750000e+02
1.560833740234375000e+03
2.573007812500000000e+03
5.474133300781250000e+02
1.078852416992187500e+03
2.657904052734375000e+03
2.287058105468750000e+03
3.316416748046875000e+03
4.684738769531250000e+02
2.424951660156250000e+03
1.404830566406250000e+03
4.571765136718750000e+02
1.282530395507812500e+03
6.587241210937500000e+02
3.457757812500000000e+03
6.319775390625000000e+02
2.954136718750000000e+03
1.374238891601562500e+03
9.152524414062500000e+02
1.738536132812500000e+03
1.255164794921875000e+03
2.040393310546875000e+03
4.825968750000000000e+03
2.909333007812500000e+03
2.403842773437500000e+03
2.082375488281250000e+03
1.040158935546875000e+03
4.924499511718750000e+02
2.936179931640625000e+03
3.069300781250000000e+03
3.564108642578125000e+03
2.030157470703125000e+03
3.641869384765625000e+03
3.063648437500000000e+03
2.760889892578125000e+03
2.099463378906250000e+03
3.403506591796875000e+03
4.520714843750000000e+03
2.614389404296875000e+03
3.076785644531250000e+03
3.644830566406250000e+03
3.537686523437500000e+03
2.596721679687500000e+03
1.622482666015625000e+03
4.511822265625000000e+03
3.938872558593750000e+03
2.417362792968750000e+03
3.215738281250000000e+03
2.660947753906250000e+03
2.059413818359375000e+03
2.710379394531250000e+03
4.766878417968750000e+03
1.498231079101562500e+03
2.393002441406250000e+03
2.499312011718750000e+03
2.832874267578125000e+03
3.755908691406250000e+03
2.711145507812500000e+03
1.731402343750000000e+03
3.038839843750000000e+03
4.040568603515625000e+03
3.655514160156250000e+03
2.225622070312500000e+03
1.982293701171875000e+03
2.438634765625000000e+03
1.916721923828125000e+03
1.702815917968750000e+03
2.177614013671875000e+03
1.816807739257812500e+03
1.740464477539062500e+03
5.844497070312500000e+02
1.768687255859375000e+03
1.829210083007812500e+03
2.246349365234375000e+03
2.154722412109375000e+03
1.713317871093750000e+03
4.523400878906250000e+03
1.972637329101562500e+03
1.908980712890625000e+03
3.016475341796875000e+03
2.079645507812500000e+03
1.911989501953125000e+03
1.728959350585937500e+03
5.238022949218750000e+03
1.797284545898437500e+03
1.900006835937500000e+03
1.738842895507812500e+03
1.909795898437500000e+03
1.481578613281250000e+03
1.947375244140625000e+03
2.660147949218750000e+03
4.048115478515625000e+03
1.882232910156250000e+03
3.557581787109375000e+03
1.107099853515625000e+03
1.905428344726562500e+03
1.792892333984375000e+03
3.762406250000000000e+03
2.724673339843750000e+03
1.079752685546875000e+03
8.648627929687500000e+02
8.286625976562500000e+02
1.184254394531250000e+03
1.711513671875000000e+03
2.543570312500000000e+03
9.264810791015625000e+02
1.213205078125000000e+03
2.045190185546875000e+03
2.558982910156250000e+03
3.894189697265625000e+03
8.738723144531250000e+02
1.982397949218750000e+03
8.861716308593750000e+02
9.940825195312500000e+02
1.203520385742187500e+03
6.664809570312500000e+02
4.353575683593750000e+03
8.300793457031250000e+02
3.058671630859375000e+03
1.412617675781250000e+03
1.294886718750000000e+03
1.587709960937500000e+03
1.226022705078125000e+03
1.906574340820312500e+03
4.873695312500000000e+03
2.938444091796875000e+03
2.573274658203125000e+03
1.879627685546875000e+03
7.287631835937500000e+02
6.641108398437500000e+02
3.472625488281250000e+03
2.666820312500000000e+03
2.608522949218750000e+03
2.524427734375000000e+03
1.883864013671875000e+03
2.243872070312500000e+03
1.674227294921875000e+03
2.285789550781250000e+03
2.785936767578125000e+03
1.706654296875000000e+03
1.474563232421875000e+03
3.173882324218750000e+03
2.188925292968750000e+03
2.172030761718750000e+03
3.408242187500000000e+03
2.404356933593750000e+03
2.523008300781250000e+03
2.593951660156250000e+03
3.304792480468750000e+03
2.532653076171875000e+03
2.279344482421875000e+03
1.917043701171875000e+03
2.607474609375000000e+03
1.454144287109375000e+03
2.553431884765625000e+03
3.716642333984375000e+03
2.243174072265625000e+03
7.675263671875000000e+02
2.685662109375000000e+03
1.411701416015625000e+03
2.734654785156250000e+03
2.145340332031250000e+03
2.578435791015625000e+03
7.411772460937500000e+02
1.197072265625000000e+03
8.029459228515625000e+02
1.267081054687500000e+03
2.035766357421875000e+03
4.956414794921875000e+02
7.514213867187500000e+02
3.377447753906250000e+03
2.499842041015625000e+03
3.955465820312500000e+03
1.001076049804687500e+03
1.954221313476562500e+03
1.463833862304687500e+03
8.021818847656250000e+02
1.681104736328125000e+02
4.813016357421875000e+02
5.067380859375000000e+03
9.121912841796875000e+02
2.751236328125000000e+03
5.728007812500000000e+02
1.145075073242187500e+03
2.195694091796875000e+03
1.366300048828125000e+03
1.202312011718750000e+03
6.477574218750000000e+03
2.922335205078125000e+03
2.830711914062500000e+03
1.683094726562500000e+03
8.790510253906250000e+02
7.315560302734375000e+02
3.341024414062500000e+03
1.219167602539062500e+03
8.354769287109375000e+02
1.360463500976562500e+03
2.482862304687500000e+03
2.737065429687500000e+02
6.454886474609375000e+02
2.848313964843750000e+03
2.216504394531250000e+03
3.359410644531250000e+03
5.347978515625000000e+02
2.057732421875000000e+03
1.095501220703125000e+03
5.429777832031250000e+02
9.585461425781250000e+02
4.446663818359375000e+02
3.987568115234375000e+03
4.230336914062500000e+02
2.957094482421875000e+03
1.018459838867187500e+03
1.083794189453125000e+03
1.805187500000000000e+03
9.351582031250000000e+02
1.475311889648437500e+03
5.293211425781250000e+03
3.119963378906250000e+03
2.248431152343750000e+03
1.809608886718750000e+03
4.779750976562500000e+02
4.910246582031250000e+02
2.703420166015625000e+03
1.286562255859375000e+03
1.203251220703125000e+03
2.488242919921875000e+03
1.120596435546875000e+03
1.399874023437500000e+03
1.595262695312500000e+03
2.353131835937500000e+03
3.774687500000000000e+03
9.977744140625000000e+02
2.423136718750000000e+03
1.550096435546875000e+03
1.293106079101562500e+03
1.464302001953125000e+03
7.759492187500000000e+02
4.660597656250000000e+03
7.980061035156250000e+02
3.071092773437500000e+03
1.319595825195312500e+03
1.131466552734375000e+03
1.502918212890625000e+03
1.166817382812500000e+03
1.474847167968750000e+03
4.286817382812500000e+03
2.574679931640625000e+03
2.832540527343750000e+03
1.764217529296875000e+03
8.102866210937500000e+02
7.890361328125000000e+02
3.764401611328125000e+03
1.177005126953125000e+03
2.261256347656250000e+03
5.446179199218750000e+02
7.283916015625000000e+02
2.468776367187500000e+03
2.037758300781250000e+03
3.533697265625000000e+03
5.841000976562500000e+02
1.629578247070312500e+03
1.739874145507812500e+03
5.996948242187500000e+02
8.189401855468750000e+02
7.024882812500000000e+02
4.088046386718750000e+03
6.413315429687500000e+02
2.372088134765625000e+03
7.794826660156250000e+02
7.580063476562500000e+02
1.656748046875000000e+03
9.334323730468750000e+02
1.583005859375000000e+03
4.195291992187500000e+03
2.296087158203125000e+03
2.524302246093750000e+03
1.218359863281250000e+03
6.787598876953125000e+02
4.809521484375000000e+02
1.870970458984375000e+03
1.832623535156250000e+03
1.136083618164062500e+03
1.468055908203125000e+03
1.852108642578125000e+03
1.514970458984375000e+03
4.316928710937500000e+03
1.215938720703125000e+03
1.992482666015625000e+03
2.119206542968750000e+03
1.330018798828125000e+03
1.400302001953125000e+03
9.609552001953125000e+02
5.036123046875000000e+03
1.004785034179687500e+03
1.830721435546875000e+03
1.423140625000000000e+03
1.311790405273437500e+03
1.052567626953125000e+03
1.324508544921875000e+03
1.948745117187500000e+03
4.448929199218750000e+03
2.363187744140625000e+03
3.074389160156250000e+03
1.069002685546875000e+03
9.722923583984375000e+02
1.115796142578125000e+03
3.804055908203125000e+03
2.330525878906250000e+03
2.643804687500000000e+03
1.884993164062500000e+03
1.205723144531250000e+03
5.528003906250000000e+03
2.661676757812500000e+03
1.892610107421875000e+03
3.418229248046875000e+03
2.498056152343750000e+03
2.219707031250000000e+03
2.488292480468750000e+03
6.722452636718750000e+03
2.612436279296875000e+03
1.499929199218750000e+03
2.160317382812500000e+03
2.929744628906250000e+03
1.694844970703125000e+03
2.516441162109375000e+03
3.750900146484375000e+03
4.833116699218750000e+03
1.982734619140625000e+03
4.676908203125000000e+03
9.419819335937500000e+02
2.579243164062500000e+03
2.474480957031250000e+03
4.667281250000000000e+03
5.980701904296875000e+02
2.727794189453125000e+03
1.976744018554687500e+03
3.250867431640625000e+03
3.659902343750000000e+02
1.862042236328125000e+03
1.089786376953125000e+03
2.257526855468750000e+02
5.611520996093750000e+02
2.572438964843750000e+02
3.773912597656250000e+03
4.440397949218750000e+02
2.608499023437500000e+03
7.423818359375000000e+02
8.104455566406250000e+02
1.690237426757812500e+03
9.495341796875000000e+02
1.111514282226562500e+03
5.048837890625000000e+03
2.725103515625000000e+03
2.089995849609375000e+03
1.620060058593750000e+03
6.047750244140625000e+02
2.849343261718750000e+02
2.335649658203125000e+03
2.916656494140625000e+03
2.346318359375000000e+03
3.932750732421875000e+03
5.643227539062500000e+02
2.113626708984375000e+03
1.587357177734375000e+03
7.467227783203125000e+02
8.056501464843750000e+02
6.744764404296875000e+02
4.340334472656250000e+03
5.548210449218750000e+02
3.194743164062500000e+03
9.638055419921875000e+02
1.112859130859375000e+03
2.073975097656250000e+03
1.190557861328125000e+03
1.870497314453125000e+03
5.049982421875000000e+03
3.162780517578125000e+03
2.481717773437500000e+03
1.852214721679687500e+03
6.846506347656250000e+02
7.684849853515625000e+02
2.723962646484375000e+03
1.450202148437500000e+03
4.451766601562500000e+03
2.272028564453125000e+03
2.172559326171875000e+03
3.218132812500000000e+03
2.683442382812500000e+03
3.339230957031250000e+03
2.711420410156250000e+03
5.331423828125000000e+03
2.171143310546875000e+03
2.282808837890625000e+03
3.063225341796875000e+03
2.900661132812500000e+03
8.998837890625000000e+02
2.351056152343750000e+03
4.185750976562500000e+03
2.318427001953125000e+03
1.730815917968750000e+03
4.197208496093750000e+03
1.425248779296875000e+03
2.396244873046875000e+03
2.328777099609375000e+03
4.569205078125000000e+03
4.602431640625000000e+03
2.132216796875000000e+03
1.781500488281250000e+03
2.739869140625000000e+03
2.190747802734375000e+03
2.492304443359375000e+03
2.247433349609375000e+03
5.134650878906250000e+03
1.904605590820312500e+03
1.041360839843750000e+03
2.489941894531250000e+03
2.280624023437500000e+03
1.037011962890625000e+03
2.121548339843750000e+03
3.659502197265625000e+03
3.462139648437500000e+03
1.836198974609375000e+03
3.842784423828125000e+03
1.019018798828125000e+03
2.326611816406250000e+03
2.175321533203125000e+03
3.323371582031250000e+03
2.881733886718750000e+03
5.117560546875000000e+03
3.618286621093750000e+03
3.304920654296875000e+03
3.983597167968750000e+03
3.200298583984375000e+03
1.569156738281250000e+03
3.459398925781250000e+03
5.213328613281250000e+03
3.323344238281250000e+03
3.659646484375000000e+03
3.784955810546875000e+03
3.833743896484375000e+03
4.620401367187500000e+03
3.418195800781250000e+03
3.624923828125000000e+03
1.496257812500000000e+03
4.903314453125000000e+03
3.949775146484375000e+03
3.248373291015625000e+03
3.521035156250000000e+03
2.076586425781250000e+03
1.025065185546875000e+03
3.137351074218750000e+02
1.065698974609375000e+03
4.214389648437500000e+02
2.910207519531250000e+03
2.929387207031250000e+02
2.858977783203125000e+03
1.035165771484375000e+03
7.408098144531250000e+02
1.391662109375000000e+03
9.645017089843750000e+02
1.639280029296875000e+03
3.380876464843750000e+03
2.428764160156250000e+03
2.241359375000000000e+03
1.788738281250000000e+03
6.411882324218750000e+02
2.575090332031250000e+02
1.914732666015625000e+03
3.024736816406250000e+03
2.095815429687500000e+03
1.808103759765625000e+03
1.902755371093750000e+03
5.753880859375000000e+03
2.171519042968750000e+03
2.417632568359375000e+03
2.156372558593750000e+03
2.408929443359375000e+03
1.902309570312500000e+03
2.272869384765625000e+03
2.089508300781250000e+03
4.910237304687500000e+03
2.319842529296875000e+03
4.010173828125000000e+03
1.346465087890625000e+03
1.766461914062500000e+03
1.940330566406250000e+03
4.014888916015625000e+03
1.219822753906250000e+03
1.712336059570312500e+03
7.584428710937500000e+02
4.257410644531250000e+03
1.056838378906250000e+03
2.977386230468750000e+03
2.206412597656250000e+03
1.396382324218750000e+03
2.016800048828125000e+03
1.725059082031250000e+03
2.439868652343750000e+03
5.438643554687500000e+03
3.720201171875000000e+03
2.571243408203125000e+03
2.638690917968750000e+03
1.295905761718750000e+03
8.672670898437500000e+02
3.086323730468750000e+03
7.345942382812500000e+02
4.390841064453125000e+02
3.524449951171875000e+03
5.961354980468750000e+02
2.940599609375000000e+03
9.103494873046875000e+02
8.480957031250000000e+02
1.657723022460937500e+03
1.247176269531250000e+03
1.525096191406250000e+03
4.708164550781250000e+03
2.700615234375000000e+03
2.329944824218750000e+03
1.869235717773437500e+03
7.540473632812500000e+02
2.991899414062500000e+02
2.404126464843750000e+03
5.483433837890625000e+02
5.004986328125000000e+03
1.118881347656250000e+03
3.003826660156250000e+03
5.687742919921875000e+02
1.291262329101562500e+03
2.229716064453125000e+03
1.492737426757812500e+03
1.504171142578125000e+03
5.930506835937500000e+03
2.778616699218750000e+03
2.629517578125000000e+03
1.803369140625000000e+03
9.735761718750000000e+02
8.632987060546875000e+02
3.337413818359375000e+03
3.765314697265625000e+03
3.998144531250000000e+02
2.749179443359375000e+03
8.137045898437500000e+02
6.124221191406250000e+02
1.444360717773437500e+03
9.637707519531250000e+02
1.110352905273437500e+03
4.937790527343750000e+03
2.888945556640625000e+03
1.965433837890625000e+03
1.678226562500000000e+03
4.286549072265625000e+02
2.334750976562500000e+02
2.847316894531250000e+03
3.931169433593750000e+03
6.473904296875000000e+03
3.861125976562500000e+03
3.709341552734375000e+03
3.743277343750000000e+03
4.613574707031250000e+03
5.764046875000000000e+03
3.386180175781250000e+03
3.527316894531250000e+03
2.216805664062500000e+03
5.743198242187500000e+03
4.478674316406250000e+03
3.749160888671875000e+03
2.443513671875000000e+03
2.542225097656250000e+03
1.059777832031250000e+03
4.579509277343750000e+02
1.237317871093750000e+03
8.092504882812500000e+02
1.475874511718750000e+03
4.697373046875000000e+03
2.722235839843750000e+03
2.249251953125000000e+03
1.613223754882812500e+03
4.587731933593750000e+02
3.811918945312500000e+02
2.471278808593750000e+03
3.175312988281250000e+03
2.503348632812500000e+03
1.422731445312500000e+03
2.520729003906250000e+03
4.462591308593750000e+03
4.838149902343750000e+03
2.700149169921875000e+03
4.398965332031250000e+03
1.056428955078125000e+03
2.898504882812500000e+03
2.594517089843750000e+03
3.622794433593750000e+03
1.284157714843750000e+03
1.951769287109375000e+03
1.432474853515625000e+03
1.522192382812500000e+03
4.012085449218750000e+03
1.954915405273437500e+03
2.516841308593750000e+03
1.715825561523437500e+03
1.046526611328125000e+03
8.512967529296875000e+02
2.450559082031250000e+03
1.582750488281250000e+03
1.098081298828125000e+03
1.773769042968750000e+03
4.922766113281250000e+03
2.812710449218750000e+03
2.468053222656250000e+03
1.789504394531250000e+03
8.716015625000000000e+02
4.741311035156250000e+02
2.402883056640625000e+03
1.746681396484375000e+03
2.983352539062500000e+03
2.524901123046875000e+03
1.450327880859375000e+03
3.146747558593750000e+03
9.270969238281250000e+02
1.554065429687500000e+03
1.358363037109375000e+03
3.210598632812500000e+03
3.120663330078125000e+03
4.745481445312500000e+03
2.715375976562500000e+03
2.843970703125000000e+03
1.649439697265625000e+03
9.280437011718750000e+02
7.482744140625000000e+02
2.817054931640625000e+03
7.024094726562500000e+03
4.058228515625000000e+03
3.606792968750000000e+03
2.663573486328125000e+03
1.311025756835937500e+03
1.355675048828125000e+03
4.209160156250000000e+03
1.682629882812500000e+03
5.091882324218750000e+03
4.277745117187500000e+03
5.656352539062500000e+03
4.607514648437500000e+03
3.697749511718750000e+03
4.252718750000000000e+03
1.528562500000000000e+03
2.920472167968750000e+03
2.584721679687500000e+03
2.879923339843750000e+03
3.751149169921875000e+03
2.521652099609375000e+03
2.090613281250000000e+03
4.096005859375000000e+03
1.414648071289062500e+03
1.525185546875000000e+03
3.659180908203125000e+03
5.429208984375000000e+02
3.570202392578125000e+03
2.347760742187500000e+03
