2.700000000000000000e+01 4.700000000000000000e+01 1.318330078125000000e+02 2.000000000000000000e+00
7.000000000000000000e+00 2.900000000000000000e+01 1.675379638671875000e+02 2.000000000000000000e+00
4.100000000000000000e+01 5.600000000000000000e+01 1.681104736328125000e+02 2.000000000000000000e+00
2.000000000000000000e+00 5.000000000000000000e+00 2.060817871093750000e+02 2.000000000000000000e+00
5.700000000000000000e+01 7.100000000000000000e+01 2.334750976562500000e+02 2.000000000000000000e+00
2.400000000000000000e+01 5.500000000000000000e+01 2.538630371093750000e+02 2.000000000000000000e+00
3.000000000000000000e+00 4.200000000000000000e+01 2.542927246093750000e+02 2.000000000000000000e+00
7.300000000000000000e+01 7.400000000000000000e+01 2.555031131783602518e+02 4.000000000000000000e+00
3.000000000000000000e+01 5.900000000000000000e+01 2.575654296875000000e+02 2.000000000000000000e+00
1.200000000000000000e+01 2.200000000000000000e+01 3.103515625000000000e+02 2.000000000000000000e+00
9.000000000000000000e+00 3.900000000000000000e+01 3.151293945312500000e+02 2.000000000000000000e+00
5.200000000000000000e+01 7.600000000000000000e+01 3.713057542545951719e+02 3.000000000000000000e+00
7.700000000000000000e+01 8.400000000000000000e+01 3.800909148535400846e+02 5.000000000000000000e+00
8.000000000000000000e+00 7.000000000000000000e+01 4.005332031250000000e+02 2.000000000000000000e+00
3.100000000000000000e+01 5.300000000000000000e+01 4.075322265625000000e+02 2.000000000000000000e+00
1.100000000000000000e+01 1.500000000000000000e+01 4.145795898437500000e+02 2.000000000000000000e+00
6.200000000000000000e+01 8.100000000000000000e+01 4.289804500910437355e+02 3.000000000000000000e+00
7.800000000000000000e+01 8.000000000000000000e+01 4.365725134819937807e+02 6.000000000000000000e+00
1.600000000000000000e+01 8.800000000000000000e+01 4.579832235449392783e+02 3.000000000000000000e+00
3.600000000000000000e+01 8.200000000000000000e+01 4.766045267857971339e+02 3.000000000000000000e+00
8.500000000000000000e+01 9.000000000000000000e+01 4.978854707677425608e+02 1.100000000000000000e+01
2.300000000000000000e+01 4.400000000000000000e+01 5.221479492187500000e+02 2.000000000000000000e+00
2.500000000000000000e+01 3.800000000000000000e+01 5.544714355468750000e+02 2.000000000000000000e+00
1.700000000000000000e+01 3.500000000000000000e+01 5.769621582031250000e+02 2.000000000000000000e+00
3.300000000000000000e+01 8.900000000000000000e+01 5.918542136492771988e+02 4.000000000000000000e+00
7.900000000000000000e+01 9.300000000000000000e+01 6.061890194259304963e+02 1.300000000000000000e+01
6.000000000000000000e+00 9.400000000000000000e+01 6.504409765311476121e+02 3.000000000000000000e+00
6.100000000000000000e+01 7.500000000000000000e+01 6.519071327314958353e+02 3.000000000000000000e+00
6.300000000000000000e+01 9.100000000000000000e+01 7.377934537317047443e+02 4.000000000000000000e+00
4.300000000000000000e+01 8.300000000000000000e+01 7.385102733090878928e+02 3.000000000000000000e+00
4.000000000000000000e+01 6.700000000000000000e+01 7.675263671875000000e+02 2.000000000000000000e+00
4.800000000000000000e+01 9.800000000000000000e+01 8.113073003686672564e+02 1.400000000000000000e+01
8.600000000000000000e+01 9.900000000000000000e+01 8.369968073604293295e+02 5.000000000000000000e+00
6.900000000000000000e+01 1.010000000000000000e+02 8.538617056599999842e+02 5.000000000000000000e+00
9.200000000000000000e+01 9.700000000000000000e+01 9.470558880089673721e+02 7.000000000000000000e+00
4.500000000000000000e+01 9.500000000000000000e+01 9.526691784967023295e+02 3.000000000000000000e+00
5.000000000000000000e+01 1.060000000000000000e+02 9.560870642365000549e+02 6.000000000000000000e+00
1.800000000000000000e+01 1.050000000000000000e+02 9.627172859125288369e+02 6.000000000000000000e+00
2.800000000000000000e+01 7.200000000000000000e+01 9.995710449218750000e+02 2.000000000000000000e+00
1.300000000000000000e+01 6.400000000000000000e+01 1.082309814453125000e+03 2.000000000000000000e+00
1.040000000000000000e+02 1.100000000000000000e+02 1.132710500464597999e+03 2.000000000000000000e+01
9.600000000000000000e+01 1.070000000000000000e+02 1.254655766732900702e+03 9.000000000000000000e+00
6.000000000000000000e+01 1.090000000000000000e+02 1.282179897383250363e+03 7.000000000000000000e+00
5.400000000000000000e+01 1.020000000000000000e+02 1.362560540170562717e+03 4.000000000000000000e+00
4.600000000000000000e+01 1.150000000000000000e+02 1.409013523003945693e+03 8.000000000000000000e+00
1.000000000000000000e+02 1.130000000000000000e+02 1.427927634694794733e+03 2.300000000000000000e+01
5.100000000000000000e+01 6.800000000000000000e+01 1.496257812500000000e+03 2.000000000000000000e+00
1.900000000000000000e+01 4.900000000000000000e+01 1.510903320312500000e+03 2.000000000000000000e+00
1.120000000000000000e+02 1.140000000000000000e+02 1.591342193361864929e+03 1.100000000000000000e+01
1.400000000000000000e+01 6.600000000000000000e+01 1.650342773437500000e+03 2.000000000000000000e+00
3.400000000000000000e+01 1.160000000000000000e+02 1.800968089067991059e+03 5.000000000000000000e+00
2.100000000000000000e+01 3.700000000000000000e+01 1.857783447265625000e+03 2.000000000000000000e+00
6.500000000000000000e+01 1.180000000000000000e+02 1.861429027562758392e+03 2.400000000000000000e+01
4.000000000000000000e+00 1.170000000000000000e+02 1.884956040107859963e+03 9.000000000000000000e+00
1.000000000000000000e+00 8.700000000000000000e+01 1.977453524993731662e+03 3.000000000000000000e+00
5.800000000000000000e+01 1.190000000000000000e+02 2.042398345210745902e+03 3.000000000000000000e+00
0.000000000000000000e+00 2.600000000000000000e+01 2.120166748046875000e+03 2.000000000000000000e+00
1.030000000000000000e+02 1.200000000000000000e+02 2.224378179211754741e+03 4.000000000000000000e+00
1.210000000000000000e+02 1.250000000000000000e+02 2.330703922888811576e+03 3.500000000000000000e+01
1.000000000000000000e+01 2.000000000000000000e+01 2.371322998046875000e+03 2.000000000000000000e+00
1.220000000000000000e+02 1.300000000000000000e+02 2.515955706328066299e+03 6.000000000000000000e+00
1.230000000000000000e+02 1.310000000000000000e+02 2.611638179945763568e+03 4.000000000000000000e+01
1.080000000000000000e+02 1.290000000000000000e+02 2.797135775215251215e+03 5.000000000000000000e+00
1.110000000000000000e+02 1.240000000000000000e+02 3.075236780389273008e+03 4.000000000000000000e+00
1.260000000000000000e+02 1.270000000000000000e+02 3.296626050964408932e+03 1.200000000000000000e+01
1.350000000000000000e+02 1.370000000000000000e+02 4.181867147573309012e+03 1.700000000000000000e+01
1.280000000000000000e+02 1.360000000000000000e+02 5.102538863614594447e+03 7.000000000000000000e+00
1.320000000000000000e+02 1.380000000000000000e+02 6.266040357447605857e+03 1.900000000000000000e+01
1.330000000000000000e+02 1.390000000000000000e+02 7.149030462860653643e+03 1.300000000000000000e+01
1.340000000000000000e+02 1.400000000000000000e+02 8.421467170152107428e+03 5.900000000000000000e+01
1.410000000000000000e+02 1.420000000000000000e+02 1.082739692468581052e+04 7.200000000000000000e+01
3.200000000000000000e+01 1.430000000000000000e+02 1.891014432694686548e+04 7.300000000000000000e+01
