1.020000000000000000e+02 1.100000000000000000e+02 5.244393204864850944e+00 2.000000000000000000e+00
4.000000000000000000e+00 1.550000000000000000e+02 8.240974862478539720e+00 3.000000000000000000e+00
3.400000000000000000e+01 1.380000000000000000e+02 8.490700853239388834e+00 2.000000000000000000e+00
2.900000000000000000e+01 1.320000000000000000e+02 9.509540336070875455e+00 2.000000000000000000e+00
1.200000000000000000e+01 1.470000000000000000e+02 1.071162581626360222e+01 2.000000000000000000e+00
2.500000000000000000e+01 4.100000000000000000e+01 1.130296032037166043e+01 2.000000000000000000e+00
4.400000000000000000e+01 8.600000000000000000e+01 1.207295383115358867e+01 2.000000000000000000e+00
2.800000000000000000e+01 3.700000000000000000e+01 1.339540890330705381e+01 2.000000000000000000e+00
6.700000000000000000e+01 1.490000000000000000e+02 1.388650314521471607e+01 2.000000000000000000e+00
3.000000000000000000e+01 9.500000000000000000e+01 1.403236496849159565e+01 2.000000000000000000e+00
5.400000000000000000e+01 1.000000000000000000e+02 1.435131839824242306e+01 2.000000000000000000e+00
7.300000000000000000e+01 1.240000000000000000e+02 1.511575986220408652e+01 2.000000000000000000e+00
4.500000000000000000e+01 5.100000000000000000e+01 1.541360428020126427e+01 2.000000000000000000e+00
3.900000000000000000e+01 1.580000000000000000e+02 1.588542204657032819e+01 3.000000000000000000e+00
8.500000000000000000e+01 1.610000000000000000e+02 1.635399288438348719e+01 3.000000000000000000e+00
6.300000000000000000e+01 1.590000000000000000e+02 1.692872302734502199e+01 3.000000000000000000e+00
4.800000000000000000e+01 1.630000000000000000e+02 1.711990613702864295e+01 3.000000000000000000e+00
7.900000000000000000e+01 1.710000000000000000e+02 1.813009870232630050e+01 4.000000000000000000e+00
8.100000000000000000e+01 1.560000000000000000e+02 1.891586631760666037e+01 4.000000000000000000e+00
2.600000000000000000e+01 1.620000000000000000e+02 1.901012486453958772e+01 3.000000000000000000e+00
9.400000000000000000e+01 1.690000000000000000e+02 1.902614640156484782e+01 4.000000000000000000e+00
4.000000000000000000e+01 9.600000000000000000e+01 2.128602653038284132e+01 2.000000000000000000e+00
1.360000000000000000e+02 1.660000000000000000e+02 2.183513115860712617e+01 3.000000000000000000e+00
8.000000000000000000e+00 1.720000000000000000e+02 2.257388020435748643e+01 5.000000000000000000e+00
2.300000000000000000e+01 1.130000000000000000e+02 2.328475475873505474e+01 2.000000000000000000e+00
0.000000000000000000e+00 1.650000000000000000e+02 2.329644900451386391e+01 3.000000000000000000e+00
1.570000000000000000e+02 1.680000000000000000e+02 2.396871698617915314e+01 5.000000000000000000e+00
8.700000000000000000e+01 9.900000000000000000e+01 2.637550032456830706e+01 2.000000000000000000e+00
2.000000000000000000e+00 1.440000000000000000e+02 2.809361819296226415e+01 2.000000000000000000e+00
1.600000000000000000e+02 1.800000000000000000e+02 2.816463970309472842e+01 5.000000000000000000e+00
1.430000000000000000e+02 1.780000000000000000e+02 2.995963852216783252e+01 6.000000000000000000e+00
1.030000000000000000e+02 1.790000000000000000e+02 3.004999354654293242e+01 3.000000000000000000e+00
4.200000000000000000e+01 1.740000000000000000e+02 3.006797007548063760e+01 4.000000000000000000e+00
1.140000000000000000e+02 1.810000000000000000e+02 3.143970070989892207e+01 6.000000000000000000e+00
3.000000000000000000e+00 7.000000000000000000e+01 3.204617608627107472e+01 2.000000000000000000e+00
3.200000000000000000e+01 1.220000000000000000e+02 3.351209670268089980e+01 2.000000000000000000e+00
5.000000000000000000e+00 3.300000000000000000e+01 3.475196275407321167e+01 2.000000000000000000e+00
8.900000000000000000e+01 1.700000000000000000e+02 3.524869709136432050e+01 4.000000000000000000e+00
1.500000000000000000e+01 1.040000000000000000e+02 3.957080345886068073e+01 2.000000000000000000e+00
1.730000000000000000e+02 1.820000000000000000e+02 3.997214559959003566e+01 6.000000000000000000e+00
3.600000000000000000e+01 3.800000000000000000e+01 4.126221567161816495e+01 2.000000000000000000e+00
5.800000000000000000e+01 1.150000000000000000e+02 4.130252883712303458e+01 2.000000000000000000e+00
1.400000000000000000e+01 1.920000000000000000e+02 4.141190971473513827e+01 5.000000000000000000e+00
1.670000000000000000e+02 1.850000000000000000e+02 4.291749602558454058e+01 8.000000000000000000e+00
1.760000000000000000e+02 1.830000000000000000e+02 4.390157005943898127e+01 4.000000000000000000e+00
3.100000000000000000e+01 6.500000000000000000e+01 4.483354399234478649e+01 2.000000000000000000e+00
1.770000000000000000e+02 1.940000000000000000e+02 4.576331618964981374e+01 9.000000000000000000e+00
7.200000000000000000e+01 1.110000000000000000e+02 4.692998274104085965e+01 2.000000000000000000e+00
5.000000000000000000e+01 1.330000000000000000e+02 4.694841735535201366e+01 2.000000000000000000e+00
1.640000000000000000e+02 1.750000000000000000e+02 4.859923455548804583e+01 6.000000000000000000e+00
1.250000000000000000e+02 1.860000000000000000e+02 5.061496552190445186e+01 4.000000000000000000e+00
8.200000000000000000e+01 1.480000000000000000e+02 5.121899212604340335e+01 2.000000000000000000e+00
1.510000000000000000e+02 1.910000000000000000e+02 5.304839175819193287e+01 3.000000000000000000e+00
1.880000000000000000e+02 1.890000000000000000e+02 5.350606325876126590e+01 8.000000000000000000e+00
6.000000000000000000e+01 6.900000000000000000e+01 5.561261209796839466e+01 2.000000000000000000e+00
1.700000000000000000e+01 1.970000000000000000e+02 5.648861249092113468e+01 6.000000000000000000e+00
7.800000000000000000e+01 1.160000000000000000e+02 5.654391166307505756e+01 2.000000000000000000e+00
6.800000000000000000e+01 1.990000000000000000e+02 5.978353214983078345e+01 5.000000000000000000e+00
1.410000000000000000e+02 1.870000000000000000e+02 6.001047250506331920e+01 5.000000000000000000e+00
1.280000000000000000e+02 2.000000000000000000e+02 6.124024504646615696e+01 3.000000000000000000e+00
1.500000000000000000e+02 2.090000000000000000e+02 6.133289285578457140e+01 3.000000000000000000e+00
7.000000000000000000e+00 1.600000000000000000e+01 6.323810151749815134e+01 2.000000000000000000e+00
6.200000000000000000e+01 2.020000000000000000e+02 6.390398170559859636e+01 3.000000000000000000e+00
2.100000000000000000e+01 8.000000000000000000e+01 6.412861681133772151e+01 2.000000000000000000e+00
1.800000000000000000e+01 2.150000000000000000e+02 6.602786512567512034e+01 4.000000000000000000e+00
7.400000000000000000e+01 1.210000000000000000e+02 6.699884348224595954e+01 2.000000000000000000e+00
1.930000000000000000e+02 2.130000000000000000e+02 6.719473652786234652e+01 7.000000000000000000e+00
1.900000000000000000e+01 8.300000000000000000e+01 6.733734053783462059e+01 2.000000000000000000e+00
1.900000000000000000e+02 2.140000000000000000e+02 6.870656666930410950e+01 5.000000000000000000e+00
5.200000000000000000e+01 2.060000000000000000e+02 6.911216383935384044e+01 3.000000000000000000e+00
1.300000000000000000e+01 2.700000000000000000e+01 7.014426566285638387e+01 2.000000000000000000e+00
1.340000000000000000e+02 2.160000000000000000e+02 7.583469424439955731e+01 3.000000000000000000e+00
1.840000000000000000e+02 2.080000000000000000e+02 7.768764578702938195e+01 1.300000000000000000e+01
2.170000000000000000e+02 2.240000000000000000e+02 7.948725560588529504e+01 6.000000000000000000e+00
5.900000000000000000e+01 9.700000000000000000e+01 7.984735041157770752e+01 2.000000000000000000e+00
1.390000000000000000e+02 2.190000000000000000e+02 7.985968009622243358e+01 5.000000000000000000e+00
5.500000000000000000e+01 2.110000000000000000e+02 8.053748059985244367e+01 3.000000000000000000e+00
6.600000000000000000e+01 1.400000000000000000e+02 8.285897484682394065e+01 2.000000000000000000e+00
1.950000000000000000e+02 2.210000000000000000e+02 8.291153126929546602e+01 9.000000000000000000e+00
1.960000000000000000e+02 2.250000000000000000e+02 8.479891537076048280e+01 4.000000000000000000e+00
2.000000000000000000e+01 1.080000000000000000e+02 8.685609332330923849e+01 2.000000000000000000e+00
9.000000000000000000e+01 2.220000000000000000e+02 8.803875848666444881e+01 3.000000000000000000e+00
9.000000000000000000e+00 9.300000000000000000e+01 8.936353518931450424e+01 2.000000000000000000e+00
1.980000000000000000e+02 2.010000000000000000e+02 9.087245465242362741e+01 1.700000000000000000e+01
1.170000000000000000e+02 1.530000000000000000e+02 9.291146598523000932e+01 2.000000000000000000e+00
4.300000000000000000e+01 2.040000000000000000e+02 9.609363967533403184e+01 7.000000000000000000e+00
4.600000000000000000e+01 2.180000000000000000e+02 1.012206110074981922e+02 3.000000000000000000e+00
1.120000000000000000e+02 1.370000000000000000e+02 1.017223695102084804e+02 2.000000000000000000e+00
2.100000000000000000e+02 2.120000000000000000e+02 1.018920213575353415e+02 1.100000000000000000e+01
6.100000000000000000e+01 8.400000000000000000e+01 1.028619406810811512e+02 2.000000000000000000e+00
5.700000000000000000e+01 2.030000000000000000e+02 1.035810398732530047e+02 3.000000000000000000e+00
8.800000000000000000e+01 2.370000000000000000e+02 1.059831241893444940e+02 3.000000000000000000e+00
2.050000000000000000e+02 2.070000000000000000e+02 1.063732748905218983e+02 7.000000000000000000e+00
6.000000000000000000e+00 2.300000000000000000e+02 1.069562255834674716e+02 6.000000000000000000e+00
1.310000000000000000e+02 2.410000000000000000e+02 1.072174394251552627e+02 4.000000000000000000e+00
1.000000000000000000e+00 2.440000000000000000e+02 1.075903974908879519e+02 3.000000000000000000e+00
1.200000000000000000e+02 2.260000000000000000e+02 1.088909909343761058e+02 4.000000000000000000e+00
2.400000000000000000e+01 1.090000000000000000e+02 1.127474431961896499e+02 2.000000000000000000e+00
1.180000000000000000e+02 2.360000000000000000e+02 1.169445378108994049e+02 4.000000000000000000e+00
2.230000000000000000e+02 2.310000000000000000e+02 1.200674353824603884e+02 8.000000000000000000e+00
1.190000000000000000e+02 1.540000000000000000e+02 1.202949039164206795e+02 2.000000000000000000e+00
1.070000000000000000e+02 2.350000000000000000e+02 1.237627938758729442e+02 3.000000000000000000e+00
5.300000000000000000e+01 1.230000000000000000e+02 1.262772270746059604e+02 2.000000000000000000e+00
1.260000000000000000e+02 2.390000000000000000e+02 1.269235732385382960e+02 3.000000000000000000e+00
9.800000000000000000e+01 1.010000000000000000e+02 1.270013038221130870e+02 2.000000000000000000e+00
2.270000000000000000e+02 2.430000000000000000e+02 1.316533225729610308e+02 2.400000000000000000e+01
2.290000000000000000e+02 2.320000000000000000e+02 1.326419359261572879e+02 4.000000000000000000e+00
2.200000000000000000e+02 2.380000000000000000e+02 1.338855115456475176e+02 1.900000000000000000e+01
4.700000000000000000e+01 1.060000000000000000e+02 1.390118137057316403e+02 2.000000000000000000e+00
5.600000000000000000e+01 2.400000000000000000e+02 1.417828562401095667e+02 8.000000000000000000e+00
2.280000000000000000e+02 2.460000000000000000e+02 1.433910427789120661e+02 9.000000000000000000e+00
7.500000000000000000e+01 7.600000000000000000e+01 1.478880511907113657e+02 2.000000000000000000e+00
4.900000000000000000e+01 2.520000000000000000e+02 1.489889293749118053e+02 3.000000000000000000e+00
9.100000000000000000e+01 2.610000000000000000e+02 1.521255257186398921e+02 5.000000000000000000e+00
9.200000000000000000e+01 2.560000000000000000e+02 1.561091787732131593e+02 4.000000000000000000e+00
2.530000000000000000e+02 2.590000000000000000e+02 1.562266943046030292e+02 6.000000000000000000e+00
1.350000000000000000e+02 2.470000000000000000e+02 1.588053217669363448e+02 8.000000000000000000e+00
2.340000000000000000e+02 2.510000000000000000e+02 1.608830063255359164e+02 8.000000000000000000e+00
1.100000000000000000e+01 7.100000000000000000e+01 1.684431375894781127e+02 2.000000000000000000e+00
1.420000000000000000e+02 2.670000000000000000e+02 1.776801616061595155e+02 4.000000000000000000e+00
2.330000000000000000e+02 2.640000000000000000e+02 1.811732559234436053e+02 1.700000000000000000e+01
2.480000000000000000e+02 2.580000000000000000e+02 1.813380079287782110e+02 9.000000000000000000e+00
2.420000000000000000e+02 2.630000000000000000e+02 1.821332454078153376e+02 4.000000000000000000e+00
1.270000000000000000e+02 2.550000000000000000e+02 1.941198119069658787e+02 3.000000000000000000e+00
2.500000000000000000e+02 2.680000000000000000e+02 2.083998725530707077e+02 8.000000000000000000e+00
2.620000000000000000e+02 2.750000000000000000e+02 2.137206326974432784e+02 3.600000000000000000e+01
2.710000000000000000e+02 2.720000000000000000e+02 2.215759766933317110e+02 1.600000000000000000e+01
2.450000000000000000e+02 2.770000000000000000e+02 2.222200819288981393e+02 7.000000000000000000e+00
2.200000000000000000e+01 2.660000000000000000e+02 2.240682928802179390e+02 3.000000000000000000e+00
2.540000000000000000e+02 2.690000000000000000e+02 2.251381076671816857e+02 1.200000000000000000e+01
1.000000000000000000e+01 1.290000000000000000e+02 2.339071109800451040e+02 2.000000000000000000e+00
1.300000000000000000e+02 2.570000000000000000e+02 2.361040996551087687e+02 3.000000000000000000e+00
2.730000000000000000e+02 2.820000000000000000e+02 2.542915353490274981e+02 9.000000000000000000e+00
2.760000000000000000e+02 2.810000000000000000e+02 2.605181331765437562e+02 2.500000000000000000e+01
2.700000000000000000e+02 2.840000000000000000e+02 2.688685505167284759e+02 1.800000000000000000e+01
7.700000000000000000e+01 2.850000000000000000e+02 2.745018706381131892e+02 3.000000000000000000e+00
2.490000000000000000e+02 2.600000000000000000e+02 2.873804543245858554e+02 2.800000000000000000e+01
2.650000000000000000e+02 2.790000000000000000e+02 2.966482512297862399e+02 1.700000000000000000e+01
1.450000000000000000e+02 1.520000000000000000e+02 3.514942888810301156e+02 2.000000000000000000e+00
2.870000000000000000e+02 2.920000000000000000e+02 3.621047733404192854e+02 2.600000000000000000e+01
2.830000000000000000e+02 2.900000000000000000e+02 3.687514375185129438e+02 6.000000000000000000e+00
2.780000000000000000e+02 2.910000000000000000e+02 4.374663998778303267e+02 3.100000000000000000e+01
2.740000000000000000e+02 2.880000000000000000e+02 4.457693239094039086e+02 2.900000000000000000e+01
2.860000000000000000e+02 2.940000000000000000e+02 4.598482246894914738e+02 2.900000000000000000e+01
2.800000000000000000e+02 2.890000000000000000e+02 4.674564184608296955e+02 5.400000000000000000e+01
3.500000000000000000e+01 2.970000000000000000e+02 4.952633269316120277e+02 3.000000000000000000e+01
2.950000000000000000e+02 3.000000000000000000e+02 5.608705254163148766e+02 3.600000000000000000e+01
2.930000000000000000e+02 2.980000000000000000e+02 6.355161967557459093e+02 3.100000000000000000e+01
1.050000000000000000e+02 2.990000000000000000e+02 6.674310901051462679e+02 5.500000000000000000e+01
3.010000000000000000e+02 3.020000000000000000e+02 6.930729365298786888e+02 6.700000000000000000e+01
2.960000000000000000e+02 3.030000000000000000e+02 9.137047646963925445e+02 8.600000000000000000e+01
3.040000000000000000e+02 3.050000000000000000e+02 1.248826016117918698e+03 1.530000000000000000e+02
1.460000000000000000e+02 3.060000000000000000e+02 1.560636987113898158e+03 1.540000000000000000e+02
6.400000000000000000e+01 3.070000000000000000e+02 1.971728766564752505e+03 1.550000000000000000e+02
