1.092016308593750000e+04
1.139377050781250000e+04
1.043024804687500000e+04
1.230350585937500000e+04
9.963108398437500000e+03
1.160666699218750000e+04
1.257778125000000000e+04
1.135931054687500000e+04
1.075861816406250000e+04
1.255628417968750000e+04
1.107961132812500000e+04
1.040920898437500000e+04
1.038074023437500000e+04
1.039458984375000000e+04
1.166863183593750000e+04
1.096610253906250000e+04
1.031165429687500000e+04
1.272933398437500000e+04
1.019462207031250000e+04
1.077084960937500000e+04
1.111942578125000000e+04
1.174187500000000000e+04
1.146409375000000000e+04
1.117803710937500000e+04
7.260385742187500000e+03
1.101672460937500000e+04
1.058567968750000000e+04
1.026953808593750000e+04
1.002783593750000000e+04
1.131689648437500000e+04
9.968520507812500000e+03
1.213918945312500000e+04
1.086255859375000000e+04
1.117417968750000000e+04
2.930094531250000000e+04
9.504717773437500000e+03
1.018050000000000000e+04
1.033553613281250000e+04
1.129356445312500000e+04
3.265870117187500000e+04
1.297223535156250000e+04
2.089320703125000000e+04
3.673074218750000000e+04
1.017237011718750000e+04
1.172981250000000000e+04
1.354614257812500000e+04
1.061270507812500000e+04
1.087178906250000000e+04
1.118810546875000000e+04
1.063786328125000000e+04
6.888298828125000000e+03
2.340830859375000000e+04
1.772337500000000000e+04
7.094873535156250000e+03
1.092862988281250000e+04
1.202749511718750000e+04
6.005213867187500000e+03
1.201290625000000000e+04
8.306833984375000000e+03
1.077171679687500000e+04
1.142565820312500000e+04
7.828923828125000000e+03
1.056736718750000000e+04
7.976131347656250000e+03
1.034775097656250000e+04
1.081250390625000000e+04
1.376012988281250000e+04
1.212821386718750000e+04
1.130492773437500000e+04
1.037148730468750000e+04
9.900641601562500000e+03
1.032268945312500000e+04
1.137033203125000000e+04
1.166355175781250000e+04
9.858929687500000000e+03
1.506882080078125000e+03
1.683651123046875000e+03
1.217206420898437500e+03
2.861346679687500000e+03
2.961613281250000000e+03
2.354493164062500000e+03
1.773012084960937500e+03
9.915720214843750000e+02
2.585854980468750000e+03
1.616690063476562500e+03
1.962286865234375000e+03
1.973849365234375000e+03
1.929733154296875000e+03
1.626183837890625000e+03
1.648181640625000000e+04
1.372666259765625000e+03
7.204718750000000000e+03
1.031857177734375000e+03
7.066210449218750000e+03
1.383551025390625000e+03
1.265335449218750000e+03
1.580374145507812500e+03
1.165321533203125000e+03
8.883426757812500000e+03
1.956820312500000000e+03
1.323323974609375000e+03
1.881164306640625000e+03
1.718003417968750000e+03
1.774877075195312500e+03
1.783819824218750000e+03
2.673128662109375000e+03
1.443072998046875000e+03
1.138652587890625000e+03
2.692853710937500000e+04
2.073792724609375000e+03
1.787663085937500000e+03
2.283519531250000000e+03
1.820191162109375000e+03
3.356472265625000000e+04
4.429287109375000000e+03
7.457875976562500000e+03
4.668014062500000000e+04
2.163723144531250000e+03
1.921893676757812500e+03
2.554511230468750000e+03
1.655672607421875000e+03
2.449811035156250000e+03
1.259636328125000000e+04
3.653760742187500000e+03
5.298169433593750000e+03
1.074300781250000000e+04
8.544812500000000000e+03
4.541463867187500000e+03
1.549254394531250000e+03
1.012842529296875000e+03
4.408325195312500000e+03
4.412558593750000000e+03
4.279349609375000000e+03
9.589733886718750000e+02
2.009601562500000000e+04
4.731934082031250000e+03
1.456316406250000000e+03
5.468700195312500000e+03
1.969138916015625000e+03
1.385799926757812500e+03
6.907248046875000000e+03
1.556395703125000000e+04
1.463033081054687500e+03
1.393731201171875000e+03
1.294776855468750000e+03
1.173768066406250000e+03
1.449808593750000000e+03
2.610121582031250000e+03
1.353540527343750000e+03
7.367529296875000000e+02
1.158700439453125000e+03
1.934300903320312500e+03
1.956409912109375000e+03
1.754625854492187500e+03
5.884311523437500000e+02
1.130420288085937500e+03
2.122621337890625000e+03
6.436416015625000000e+02
7.053564453125000000e+02
1.187156738281250000e+03
1.143002197265625000e+03
1.024835937500000000e+03
1.670188281250000000e+04
1.037507812500000000e+03
6.391748046875000000e+03
1.046418212890625000e+03
8.819604492187500000e+03
1.153747436523437500e+03
8.053374023437500000e+02
6.969162597656250000e+02
1.024034790039062500e+03
1.058858886718750000e+04
2.050397460937500000e+03
7.417282714843750000e+02
1.351567382812500000e+03
2.326195312500000000e+03
7.224355468750000000e+02
8.267041015625000000e+02
2.101863281250000000e+03
8.587147216796875000e+02
9.163752441406250000e+02
2.127730468750000000e+04
1.917667968750000000e+03
6.346813964843750000e+02
2.253175292968750000e+03
2.717930664062500000e+03
2.866915234375000000e+04
4.124766601562500000e+03
3.623100341796875000e+03
4.237287109375000000e+04
1.247827148437500000e+03
9.723510742187500000e+02
2.679595947265625000e+03
1.957576660156250000e+03
2.673350097656250000e+03
1.108080761718750000e+04
4.152050781250000000e+03
6.054226562500000000e+03
7.179000976562500000e+03
5.895680664062500000e+03
4.305880859375000000e+03
1.664064697265625000e+03
1.641884277343750000e+03
5.188785156250000000e+03
3.902776855468750000e+03
4.433052734375000000e+03
9.630886230468750000e+02
2.170034765625000000e+04
3.559728027343750000e+03
8.037951660156250000e+02
6.866328613281250000e+03
2.327195312500000000e+03
6.800200195312500000e+02
6.873292968750000000e+03
1.598024023437500000e+04
6.897207031250000000e+02
8.224704589843750000e+02
1.611513671875000000e+03
9.279768066406250000e+02
5.742624511718750000e+02
1.460158447265625000e+03
1.146280029296875000e+03
1.304476562500000000e+03
1.116032470703125000e+03
1.384801025390625000e+03
1.143597656250000000e+03
7.978759765625000000e+02
1.039436523437500000e+03
1.387828857421875000e+03
6.487271728515625000e+02
4.808027343750000000e+02
5.977492675781250000e+02
6.231125488281250000e+02
7.716702880859375000e+02
1.672969726562500000e+04
1.180464111328125000e+03
6.077592773437500000e+03
6.856791992187500000e+02
8.080746582031250000e+03
6.907460937500000000e+02
1.050673339843750000e+03
7.963593750000000000e+02
6.168422851562500000e+02
9.826556640625000000e+03
1.675155761718750000e+03
6.165136718750000000e+02
9.874575195312500000e+02
1.861447021484375000e+03
4.793779296875000000e+02
4.211496582031250000e+02
1.534881591796875000e+03
5.203405761718750000e+02
9.024223632812500000e+02
2.115697851562500000e+04
1.128396972656250000e+03
4.998059082031250000e+02
2.076177490234375000e+03
2.507716064453125000e+03
3.140367578125000000e+04
3.615999023437500000e+03
4.268799804687500000e+03
4.276311718750000000e+04
1.398405273437500000e+03
9.052631835937500000e+02
2.652927978515625000e+03
1.794558349609375000e+03
1.887549560546875000e+03
1.074031054687500000e+04
3.225482177734375000e+03
5.126231445312500000e+03
7.854892578125000000e+03
6.214217285156250000e+03
3.989692382812500000e+03
1.534590576171875000e+03
2.247020507812500000e+03
4.425613281250000000e+03
2.991802490234375000e+03
4.087374755859375000e+03
8.921264648437500000e+02
2.000760156250000000e+04
3.867256591796875000e+03
5.309721679687500000e+02
7.374538574218750000e+03
2.052706054687500000e+03
3.373559570312500000e+02
5.925789062500000000e+03
1.574644921875000000e+04
8.408137207031250000e+02
3.812353515625000000e+02
1.482845947265625000e+03
7.052521972656250000e+02
4.376467285156250000e+02
8.964885253906250000e+02
8.664001464843750000e+02
1.525288818359375000e+03
1.747452880859375000e+03
1.089599243164062500e+03
1.280468750000000000e+03
9.223891601562500000e+02
1.037842773437500000e+03
8.205308837890625000e+02
1.315937988281250000e+03
1.072956542968750000e+03
1.317910400390625000e+03
7.337829589843750000e+02
1.613240039062500000e+04
1.076370849609375000e+03
5.380024414062500000e+03
1.076989257812500000e+03
7.799708007812500000e+03
6.898967285156250000e+02
5.299033203125000000e+02
9.587712402343750000e+02
1.060169677734375000e+03
9.465078125000000000e+03
1.547332031250000000e+03
9.884553222656250000e+02
1.385986694335937500e+03
2.298035400390625000e+03
8.638492431640625000e+02
1.340708862304687500e+03
1.987622070312500000e+03
7.029359130859375000e+02
9.594841308593750000e+02
2.182875000000000000e+04
2.039669311523437500e+03
1.258037475585937500e+03
2.057255371093750000e+03
2.083222167968750000e+03
2.753306054687500000e+04
2.591457031250000000e+03
3.201890869140625000e+03
4.065128125000000000e+04
1.925161254882812500e+03
1.327133178710937500e+03
1.279823730468750000e+03
1.662430175781250000e+03
1.714323730468750000e+03
8.820394531250000000e+03
3.955765136718750000e+03
5.700488281250000000e+03
5.971034179687500000e+03
4.776306640625000000e+03
4.667038085937500000e+03
1.396283691406250000e+03
1.727721679687500000e+03
5.233702636718750000e+03
4.102936523437500000e+03
3.979254394531250000e+03
4.064453125000000000e+02
2.050807421875000000e+04
4.179501953125000000e+03
8.033972167968750000e+02
6.369666015625000000e+03
2.104363281250000000e+03
8.078964843750000000e+02
6.280460449218750000e+03
1.536132617187500000e+04
5.256679687500000000e+02
1.168513793945312500e+03
1.087871826171875000e+03
5.640632324218750000e+02
8.852811279296875000e+02
1.294396972656250000e+03
4.528625488281250000e+02
4.268798828125000000e+02
5.598544921875000000e+02
1.772379882812500000e+03
2.342417480468750000e+03
1.049278320312500000e+03
1.272265991210937500e+03
1.435209472656250000e+03
7.833054199218750000e+02
7.963068847656250000e+02
1.201134399414062500e+03
1.694341015625000000e+04
2.162979736328125000e+03
5.061824218750000000e+03
1.486114013671875000e+03
6.524965820312500000e+03
8.546347656250000000e+02
1.904999267578125000e+03
1.612848876953125000e+03
1.253823242187500000e+03
9.200774414062500000e+03
2.023199218750000000e+03
1.040942138671875000e+03
1.894184082031250000e+03
2.896006591796875000e+03
9.833830566406250000e+02
1.209696044921875000e+03
1.033602050781250000e+03
1.040965087890625000e+03
1.744243164062500000e+03
2.082471093750000000e+04
1.864989501953125000e+03
1.418983398437500000e+03
2.985636230468750000e+03
2.672191162109375000e+03
3.303724609375000000e+04
2.770580810546875000e+03
4.810906738281250000e+03
3.825984375000000000e+04
2.359541015625000000e+03
1.405697998046875000e+03
1.616091796875000000e+03
2.406541748046875000e+03
1.255733886718750000e+03
8.378455078125000000e+03
3.488940429687500000e+03
4.062209716796875000e+03
8.207321289062500000e+03
6.666208007812500000e+03
4.392251953125000000e+03
2.227883789062500000e+03
3.761456787109375000e+03
4.706092773437500000e+03
3.312709960937500000e+03
4.381405761718750000e+03
1.304434326171875000e+03
2.046569531250000000e+04
4.576941406250000000e+03
1.049068603515625000e+03
8.412407226562500000e+03
3.060503417968750000e+03
8.848793945312500000e+02
3.919105712890625000e+03
1.545350000000000000e+04
1.412555175781250000e+03
1.148021972656250000e+03
1.807347412109375000e+03
1.175023193359375000e+03
1.165472290039062500e+03
4.252685546875000000e+02
1.009330322265625000e+03
5.653195800781250000e+02
1.998884765625000000e+03
2.569010986328125000e+03
1.428663330078125000e+03
1.666137329101562500e+03
1.752854003906250000e+03
1.043776611328125000e+03
8.209750976562500000e+02
1.611784423828125000e+03
1.708277343750000000e+04
2.211066650390625000e+03
4.358272460937500000e+03
1.652417236328125000e+03
5.999071289062500000e+03
1.068763427734375000e+03
2.298611328125000000e+03
1.974947631835937500e+03
1.549970214843750000e+03
1.144205761718750000e+04
2.220164306640625000e+03
1.177761230468750000e+03
2.361132568359375000e+03
2.793450683593750000e+03
1.334936523437500000e+03
1.426716796875000000e+03
1.262547851562500000e+03
1.433393798828125000e+03
1.817970458984375000e+03
2.376350195312500000e+04
2.254570068359375000e+03
1.717654052734375000e+03
3.420518798828125000e+03
2.824615966796875000e+03
3.703250000000000000e+04
3.015543212890625000e+03
5.792460449218750000e+03
4.580355468750000000e+04
2.715701660156250000e+03
1.619504394531250000e+03
1.501700927734375000e+03
2.333064941406250000e+03
1.318980712890625000e+03
9.058732421875000000e+03
3.551476074218750000e+03
3.796050292968750000e+03
9.510708984375000000e+03
7.782284179687500000e+03
5.457183105468750000e+03
2.489672119140625000e+03
3.737366210937500000e+03
5.393241699218750000e+03
3.641087158203125000e+03
4.699995117187500000e+03
1.452298828125000000e+03
2.141273242187500000e+04
4.940506347656250000e+03
1.382870849609375000e+03
8.313194335937500000e+03
3.585809082031250000e+03
1.199298095703125000e+03
3.417565917968750000e+03
1.693823828125000000e+04
1.682403564453125000e+03
1.409901367187500000e+03
1.951672607421875000e+03
1.589412841796875000e+03
1.470574707031250000e+03
4.230166015625000000e+02
1.307080566406250000e+03
1.396002197265625000e+03
2.066159423828125000e+03
1.105855468750000000e+03
9.298150634765625000e+02
1.459429687500000000e+03
8.607648925781250000e+02
7.621608886718750000e+02
7.697845458984375000e+02
1.684400390625000000e+04
2.013831420898437500e+03
5.889383300781250000e+03
1.186870605468750000e+03
7.132597656250000000e+03
6.334062500000000000e+02
1.604209350585937500e+03
1.136922485351562500e+03
9.084179687500000000e+02
1.081554492187500000e+04
2.530120117187500000e+03
8.484331054687500000e+02
1.755824462890625000e+03
3.295064453125000000e+03
7.672202148437500000e+02
1.255213378906250000e+03
1.200708007812500000e+03
7.781424560546875000e+02
1.198075927734375000e+03
2.211299609375000000e+04
2.189288818359375000e+03
1.300038330078125000e+03
2.697459472656250000e+03
2.956474365234375000e+03
3.457638281250000000e+04
3.135168457031250000e+03
4.130293945312500000e+03
4.356961718750000000e+04
2.369603027343750000e+03
9.958913574218750000e+02
1.630486572265625000e+03
2.544446044921875000e+03
1.425933349609375000e+03
1.119187304687500000e+04
3.786526367187500000e+03
4.131785156250000000e+03
7.997674804687500000e+03
5.721860839843750000e+03
5.032175292968750000e+03
2.521219238281250000e+03
3.430058105468750000e+03
5.855744140625000000e+03
3.606506103515625000e+03
4.841916992187500000e+03
7.360017089843750000e+02
2.040640625000000000e+04
4.853817382812500000e+03
9.422968750000000000e+02
8.133983886718750000e+03
3.329200683593750000e+03
7.031115722656250000e+02
4.519577148437500000e+03
1.600382421875000000e+04
1.206231201171875000e+03
1.145474853515625000e+03
1.359128906250000000e+03
1.140505737304687500e+03
9.263151855468750000e+02
3.191318359375000000e+02
9.803571777343750000e+02
1.084430175781250000e+03
2.053659179687500000e+03
5.710489501953125000e+02
6.616267089843750000e+02
9.307043457031250000e+02
1.082179199218750000e+03
7.313781738281250000e+02
1.741138476562500000e+04
1.098123291015625000e+03
6.772248046875000000e+03
7.648095703125000000e+02
9.205909179687500000e+03
1.001998291015625000e+03
7.752211914062500000e+02
5.380488281250000000e+02
7.451616210937500000e+02
1.062787500000000000e+04
2.442441894531250000e+03
6.623420410156250000e+02
1.093665283203125000e+03
2.401535644531250000e+03
5.615332031250000000e+02
7.769067382812500000e+02
2.024453857421875000e+03
5.884333496093750000e+02
6.853762207031250000e+02
2.203037890625000000e+04
1.709261718750000000e+03
6.447521972656250000e+02
2.094550781250000000e+03
3.124029296875000000e+03
3.014236718750000000e+04
4.340183593750000000e+03
3.774754394531250000e+03
4.239696875000000000e+04
1.301902832031250000e+03
7.282084960937500000e+02
3.297215576171875000e+03
2.084620361328125000e+03
2.555267333984375000e+03
1.225130664062500000e+04
3.797195068359375000e+03
5.394729492187500000e+03
7.278387695312500000e+03
6.047196289062500000e+03
4.114088867187500000e+03
2.214932617187500000e+03
2.104291992187500000e+03
5.206424804687500000e+03
3.530363281250000000e+03
4.675469238281250000e+03
7.242641601562500000e+02
2.171258203125000000e+04
3.925286865234375000e+03
6.123461914062500000e+02
7.532222167968750000e+03
2.739820800781250000e+03
5.555520019531250000e+02
6.417325195312500000e+03
1.594612402343750000e+04
7.567619628906250000e+02
6.921875000000000000e+02
1.381319580078125000e+03
8.705869140625000000e+02
5.158813476562500000e+02
1.184276123046875000e+03
1.210931640625000000e+03
2.510187011718750000e+03
9.868574218750000000e+02
1.110563476562500000e+03
1.429802978515625000e+03
1.453809204101562500e+03
8.558361816406250000e+02
1.669149609375000000e+04
8.609389648437500000e+02
7.094452636718750000e+03
7.171638183593750000e+02
8.572631835937500000e+03
9.775980224609375000e+02
6.943229980468750000e+02
7.068548583984375000e+02
7.792017822265625000e+02
9.706724609375000000e+03
1.582208740234375000e+03
9.670151367187500000e+02
1.431155517578125000e+03
1.736857421875000000e+03
1.124387939453125000e+03
1.202446044921875000e+03
2.576070800781250000e+03
7.041143798828125000e+02
9.345109863281250000e+02
2.417479882812500000e+04
1.795599609375000000e+03
1.151354614257812500e+03
2.223751220703125000e+03
2.529756347656250000e+03
3.217526757812500000e+04
4.358783203125000000e+03
6.084342285156250000e+03
4.471433203125000000e+04
1.836029541015625000e+03
1.544284667968750000e+03
2.842194824218750000e+03
1.709855712890625000e+03
2.700196777343750000e+03
1.030932617187500000e+04
4.543273925781250000e+03
5.811019531250000000e+03
9.160607421875000000e+03
7.714065429687500000e+03
4.673341796875000000e+03
1.492978759765625000e+03
1.564479003906250000e+03
4.443199707031250000e+03
4.382697753906250000e+03
4.596956542968750000e+03
6.842257080078125000e+02
2.118960742187500000e+04
3.637193603515625000e+03
1.111173461914062500e+03
6.811593750000000000e+03
1.906494262695312500e+03
8.730922851562500000e+02
6.720569335937500000e+03
1.551446679687500000e+04
8.136783447265625000e+02
9.086584472656250000e+02
1.435611328125000000e+03
6.704448242187500000e+02
7.502855224609375000e+02
2.041211425781250000e+03
9.783125000000000000e+02
1.107137207031250000e+03
1.364369873046875000e+03
7.320539550781250000e+02
1.314981689453125000e+03
1.138525390625000000e+03
1.616418750000000000e+04
1.887796630859375000e+03
4.932836914062500000e+03
2.089928710937500000e+03
6.656866699218750000e+03
1.127991210937500000e+03
1.486737670898437500e+03
1.823756225585937500e+03
1.947153930664062500e+03
9.863535156250000000e+03
2.375510253906250000e+03
1.604741210937500000e+03
1.271492919921875000e+03
3.713483886718750000e+03
9.196308593750000000e+02
1.254398193359375000e+03
1.815638916015625000e+03
1.064502685546875000e+03
1.938763916015625000e+03
2.079480859375000000e+04
1.842149658203125000e+03
1.389183593750000000e+03
2.044672363281250000e+03
2.589809326171875000e+03
2.878177929687500000e+04
2.184616699218750000e+03
3.472474121093750000e+03
3.819350000000000000e+04
2.021768066406250000e+03
1.557731201171875000e+03
1.405122314453125000e+03
2.941523681640625000e+03
9.202907714843750000e+02
8.409508789062500000e+03
3.597360839843750000e+03
4.733521484375000000e+03
6.094901855468750000e+03
5.253506835937500000e+03
4.002371582031250000e+03
1.823563964843750000e+03
3.539099365234375000e+03
5.852936523437500000e+03
3.911741455078125000e+03
4.614629882812500000e+03
1.336977050781250000e+03
2.028215625000000000e+04
4.811964843750000000e+03
1.082229248046875000e+03
6.568807617187500000e+03
2.419576416015625000e+03
1.094906494140625000e+03
6.434762695312500000e+03
1.631309667968750000e+04
1.242725341796875000e+03
1.689614501953125000e+03
1.460465087890625000e+03
1.118721923828125000e+03
1.538018554687500000e+03
1.003479248046875000e+03
9.436003417968750000e+02
3.675554199218750000e+02
6.534299316406250000e+02
1.015261474609375000e+03
2.180761718750000000e+02
1.723141992187500000e+04
1.112251708984375000e+03
6.646095214843750000e+03
7.916467285156250000e+02
8.586336914062500000e+03
7.104674072265625000e+02
5.605068359375000000e+02
2.683784179687500000e+02
7.221800537109375000e+02
1.048517773437500000e+04
2.124122070312500000e+03
6.700927734375000000e+02
6.499997558593750000e+02
2.787868164062500000e+03
2.114368896484375000e+02
6.519028320312500000e+02
2.004100097656250000e+03
2.666533203125000000e+02
6.312705078125000000e+02
1.945587890625000000e+04
1.649098144531250000e+03
4.118581542968750000e+02
1.317574340820312500e+03
2.698374511718750000e+03
2.832086328125000000e+04
3.405943115234375000e+03
1.894571533203125000e+03
4.048415625000000000e+04
9.502773437500000000e+02
7.863437500000000000e+02
2.390224609375000000e+03
2.197534179687500000e+03
1.845375366210937500e+03
1.052818066406250000e+04
3.929996826171875000e+03
5.380970703125000000e+03
5.006272460937500000e+03
3.976474365234375000e+03
3.692962890625000000e+03
1.585165161132812500e+03
2.239433105468750000e+03
4.945579101562500000e+03
3.797762451171875000e+03
4.704738769531250000e+03
6.439505615234375000e+02
2.136315429687500000e+04
3.513965820312500000e+03
3.756791992187500000e+02
6.653765625000000000e+03
1.785390136718750000e+03
2.495264892578125000e+02
6.410359863281250000e+03
1.606434765625000000e+04
4.939697265625000000e+02
6.565362548828125000e+02
1.150645751953125000e+03
5.891324462890625000e+02
2.970599365234375000e+02
9.035174560546875000e+02
7.873671875000000000e+02
4.619831542968750000e+02
8.961376953125000000e+02
6.056560058593750000e+02
1.618657617187500000e+04
1.037664794921875000e+03
6.643318359375000000e+03
9.556452636718750000e+02
8.583294921875000000e+03
9.849432373046875000e+02
8.442254638671875000e+02
6.712360839843750000e+02
9.776043701171875000e+02
1.037403515625000000e+04
1.717403076171875000e+03
8.939475097656250000e+02
4.929912109375000000e+02
2.347430664062500000e+03
3.720937500000000000e+02
4.834311523437500000e+02
2.114913818359375000e+03
5.043251953125000000e+02
8.623146972656250000e+02
2.066242773437500000e+04
1.002288574218750000e+03
2.094636230468750000e+02
1.228208496093750000e+03
2.957321777343750000e+03
2.923100000000000000e+04
3.471288085937500000e+03
2.235127929687500000e+03
4.165566796875000000e+04
8.276772460937500000e+02
1.082207519531250000e+03
3.003961914062500000e+03
2.040088134765625000e+03
1.861704833984375000e+03
1.146087109375000000e+04
3.468565429687500000e+03
5.446240234375000000e+03
5.624254882812500000e+03
4.610050781250000000e+03
3.365360107421875000e+03
1.491139160156250000e+03
2.348529785156250000e+03
4.520399414062500000e+03
3.902949707031250000e+03
4.222304687500000000e+03
1.084579101562500000e+03
2.135646289062500000e+04
4.167108886718750000e+03
3.819768066406250000e+02
7.203267578125000000e+03
1.584375976562500000e+03
3.464948730468750000e+02
6.829266113281250000e+03
1.584790820312500000e+04
6.742055664062500000e+02
5.282094726562500000e+02
1.309111572265625000e+03
6.322866210937500000e+02
4.063806152343750000e+02
1.032200927734375000e+03
9.148164062500000000e+02
5.065363769531250000e+02
5.978470458984375000e+02
1.698911718750000000e+04
1.216189208984375000e+03
6.227441894531250000e+03
9.919331054687500000e+02
7.277590332031250000e+03
6.066914062500000000e+02
1.131744262695312500e+03
1.023020141601562500e+03
9.658764648437500000e+02
1.030734082031250000e+04
1.768538574218750000e+03
7.507973632812500000e+02
7.110974121093750000e+02
2.310706054687500000e+03
4.194250488281250000e+02
4.803251953125000000e+02
1.505689697265625000e+03
4.431970214843750000e+02
1.050140869140625000e+03
2.122567578125000000e+04
8.502736816406250000e+02
4.828095703125000000e+02
1.412773437500000000e+03
2.664085449218750000e+03
3.181182031250000000e+04
2.840323486328125000e+03
3.034613525390625000e+03
4.203467187500000000e+04
1.164091796875000000e+03
1.070127197265625000e+03
2.209664062500000000e+03
2.101665771484375000e+03
1.016969726562500000e+03
1.031428417968750000e+04
2.780717285156250000e+03
4.405207519531250000e+03
6.973236816406250000e+03
5.138274902343750000e+03
3.690692382812500000e+03
1.624064453125000000e+03
2.793769531250000000e+03
4.487243164062500000e+03
3.559822265625000000e+03
3.986973144531250000e+03
7.696960449218750000e+02
2.130888476562500000e+04
4.361169921875000000e+03
4.794851074218750000e+02
7.091961914062500000e+03
1.995389648437500000e+03
3.755087890625000000e+02
5.804519531250000000e+03
1.609538671875000000e+04
6.997639160156250000e+02
6.381689453125000000e+02
9.924067382812500000e+02
5.401503906250000000e+02
5.958120117187500000e+02
4.689978027343750000e+02
6.302202148437500000e+02
9.379978027343750000e+02
1.769587304687500000e+04
1.242667968750000000e+03
5.632251464843750000e+03
8.050971679687500000e+02
7.241317871093750000e+03
5.868193359375000000e+02
1.566245849609375000e+03
1.199268554687500000e+03
7.738552246093750000e+02
1.049612792968750000e+04
1.820756103515625000e+03
6.678112792968750000e+02
1.241818847656250000e+03
1.564173828125000000e+03
6.911794433593750000e+02
7.227890625000000000e+02
1.230105468750000000e+03
6.667617187500000000e+02
9.478906250000000000e+02
2.293658984375000000e+04
1.150211669921875000e+03
6.981176757812500000e+02
2.178558349609375000e+03
2.586980468750000000e+03
3.487265234375000000e+04
3.215054687500000000e+03
4.966468261718750000e+03
4.339721484375000000e+04
1.656663818359375000e+03
1.010920898437500000e+03
2.201744384765625000e+03
1.757857421875000000e+03
1.513647216796875000e+03
1.130975292968750000e+04
2.918402343750000000e+03
4.319809570312500000e+03
9.338237304687500000e+03
6.916601562500000000e+03
4.386358398437500000e+03
1.897737792968750000e+03
2.812142089843750000e+03
4.618654785156250000e+03
3.430378662109375000e+03
4.087716796875000000e+03
8.393315429687500000e+02
2.064005468750000000e+04
4.618891601562500000e+03
7.904968261718750000e+02
7.659538085937500000e+03
2.710949218750000000e+03
5.101232910156250000e+02
5.329358398437500000e+03
1.614847070312500000e+04
1.030769287109375000e+03
5.653916015625000000e+02
1.250747802734375000e+03
7.731684570312500000e+02
6.492568359375000000e+02
5.137768554687500000e+02
6.565507812500000000e+02
1.751347656250000000e+04
1.220053344726562500e+03
7.296848144531250000e+03
7.583973388671875000e+02
8.907843750000000000e+03
5.120841064453125000e+02
6.963854980468750000e+02
2.448194580078125000e+02
6.048215332031250000e+02
1.059993359375000000e+04
2.140189941406250000e+03
5.664299316406250000e+02
9.396248779296875000e+02
2.706249511718750000e+03
2.578646240234375000e+02
8.653525390625000000e+02
1.718848754882812500e+03
1.411031494140625000e+02
8.231065673828125000e+02
2.102273828125000000e+04
1.645907470703125000e+03
5.917513427734375000e+02
1.883846313476562500e+03
2.954964843750000000e+03
2.913902148437500000e+04
3.607576904296875000e+03
2.297647949218750000e+03
4.171928906250000000e+04
1.444208129882812500e+03
9.030838623046875000e+02
2.441375488281250000e+03
2.295252929687500000e+03
1.858295288085937500e+03
1.293609960937500000e+04
4.138236328125000000e+03
5.569086914062500000e+03
5.840334960937500000e+03
4.246366210937500000e+03
4.292436523437500000e+03
1.826775878906250000e+03
2.525797851562500000e+03
5.201999023437500000e+03
3.890904052734375000e+03
4.888162597656250000e+03
4.984704589843750000e+02
2.132140625000000000e+04
4.487843750000000000e+03
5.718942871093750000e+02
7.562124023437500000e+03
2.129202392578125000e+03
2.654324951171875000e+02
6.408936523437500000e+03
1.590458593750000000e+04
4.533880615234375000e+02
7.369511718750000000e+02
1.394458984375000000e+03
4.993261718750000000e+02
2.472199707031250000e+02
8.468027343750000000e+02
6.116528320312500000e+02
1.642658203125000000e+04
1.426507128906250000e+04
1.749145312500000000e+04
1.316697460937500000e+04
1.733675585937500000e+04
1.494309179687500000e+04
1.791934375000000000e+04
1.791245117187500000e+04
7.311166992187500000e+03
1.603908105468750000e+04
1.900005664062500000e+04
1.659103906250000000e+04
1.802378515625000000e+04
1.746666796875000000e+04
1.777619921875000000e+04
1.779495703125000000e+04
1.765370312500000000e+04
1.642117578125000000e+04
1.630929687500000000e+04
1.771123828125000000e+04
1.665470117187500000e+04
1.746150000000000000e+04
1.717294531250000000e+04
2.268120312500000000e+04
1.145769042968750000e+04
1.977480664062500000e+04
2.882933203125000000e+04
1.277022851562500000e+04
1.742058398437500000e+04
1.577812304687500000e+04
1.605230371093750000e+04
1.752657617187500000e+04
8.524859375000000000e+03
1.942793750000000000e+04
1.040055175781250000e+04
1.936114843750000000e+04
6.806406250000000000e+03
5.236906738281250000e+03
1.585895507812500000e+04
1.583508984375000000e+04
8.374542968750000000e+03
2.015900390625000000e+04
1.672537304687500000e+04
1.594283203125000000e+04
9.144215820312500000e+03
6.812298828125000000e+03
1.626072265625000000e+04
6.982303710937500000e+03
1.601495117187500000e+04
1.685360156250000000e+04
2.235955273437500000e+04
1.031989843750000000e+04
1.670024218750000000e+04
1.742982812500000000e+04
1.727179882812500000e+04
1.671780664062500000e+04
1.716043945312500000e+04
1.764522851562500000e+04
1.694698828125000000e+04
6.576441894531250000e+03
1.021344970703125000e+03
7.620399414062500000e+03
1.154560546875000000e+03
7.003327636718750000e+02
1.305149536132812500e+03
1.287041015625000000e+03
9.924659179687500000e+03
1.262861572265625000e+03
1.148508056640625000e+03
1.115806152343750000e+03
1.517816894531250000e+03
1.108799804687500000e+03
9.098911132812500000e+02
2.762451660156250000e+03
1.060393066406250000e+03
9.774335937500000000e+02
2.282229687500000000e+04
1.324325927734375000e+03
1.045572021484375000e+03
1.781595703125000000e+03
1.888974609375000000e+03
3.161639257812500000e+04
3.669569091796875000e+03
4.818916992187500000e+03
4.327489062500000000e+04
1.258243896484375000e+03
1.053831054687500000e+03
2.625798339843750000e+03
1.129311523437500000e+03
2.263894287109375000e+03
1.155960156250000000e+04
3.689561279296875000e+03
4.916971679687500000e+03
8.543906250000000000e+03
6.701315429687500000e+03
3.686724609375000000e+03
1.474059570312500000e+03
1.407020263671875000e+03
3.869824218750000000e+03
3.670561767578125000e+03
4.175133300781250000e+03
8.667729492187500000e+02
2.008856250000000000e+04
4.505541503906250000e+03
9.918867187500000000e+02
6.349854492187500000e+03
2.040384765625000000e+03
1.052950439453125000e+03
5.678315429687500000e+03
1.580578808593750000e+04
8.317287597656250000e+02
1.014573974609375000e+03
1.340559814453125000e+03
7.602612304687500000e+02
1.105412597656250000e+03
1.710502685546875000e+03
7.768745117187500000e+02
6.825215820312500000e+03
7.439451171875000000e+03
5.739185546875000000e+03
5.574209960937500000e+03
7.050873046875000000e+03
7.066208007812500000e+03
9.687450195312500000e+03
5.040761230468750000e+03
6.078010253906250000e+03
6.949568847656250000e+03
7.088288574218750000e+03
6.389424804687500000e+03
6.207639160156250000e+03
5.644671875000000000e+03
6.608018066406250000e+03
7.218543457031250000e+03
2.446952343750000000e+04
6.661076171875000000e+03
6.730651855468750000e+03
7.976656250000000000e+03
6.845116210937500000e+03
3.519991406250000000e+04
5.213344726562500000e+03
1.091803515625000000e+04
3.636578125000000000e+04
6.793371582031250000e+03
6.719931152343750000e+03
4.275472656250000000e+03
5.680567871093750000e+03
4.655208007812500000e+03
7.711901855468750000e+03
6.644828613281250000e+03
6.967402832031250000e+03
1.126169726562500000e+04
1.270625976562500000e+04
7.916517089843750000e+03
5.275305175781250000e+03
7.400621093750000000e+03
8.654491210937500000e+03
7.098615234375000000e+03
6.904930664062500000e+03
6.247585449218750000e+03
1.580139648437500000e+04
7.769568359375000000e+03
5.979474609375000000e+03
1.099535351562500000e+04
6.618927734375000000e+03
6.716706054687500000e+03
7.487591308593750000e+03
1.486941406250000000e+04
6.092477050781250000e+03
6.138213378906250000e+03
6.065240234375000000e+03
5.691287597656250000e+03
6.667856933593750000e+03
5.441781250000000000e+03
5.833705078125000000e+03
7.583910644531250000e+03
6.728508300781250000e+02
9.921395263671875000e+02
6.405965576171875000e+02
3.740566406250000000e+02
9.970460937500000000e+03
1.625078857421875000e+03
4.353117675781250000e+02
1.280748535156250000e+03
1.725303710937500000e+03
6.703974609375000000e+02
7.357385253906250000e+02
1.576259033203125000e+03
5.527431640625000000e+02
5.061801757812500000e+02
2.340849414062500000e+04
1.510297851562500000e+03
8.630036621093750000e+02
2.127536132812500000e+03
2.077008056640625000e+03
3.375707812500000000e+04
3.770665527343750000e+03
5.887315917968750000e+03
4.392614062500000000e+04
1.504945068359375000e+03
8.828796386718750000e+02
2.616828125000000000e+03
1.218292480468750000e+03
2.101896484375000000e+03
1.131034960937500000e+04
3.171187011718750000e+03
4.165031250000000000e+03
9.769476562500000000e+03
7.449159179687500000e+03
4.174317382812500000e+03
1.721617309570312500e+03
1.685517333984375000e+03
4.141533203125000000e+03
3.186682861328125000e+03
4.299875000000000000e+03
4.903188476562500000e+02
2.095654296875000000e+04
3.629220947265625000e+03
6.456218261718750000e+02
6.883437500000000000e+03
2.367043945312500000e+03
4.686752929687500000e+02
5.126408203125000000e+03
1.531764160156250000e+04
1.060459228515625000e+03
3.374560546875000000e+02
9.463193359375000000e+02
7.034201660156250000e+02
5.093391113281250000e+02
1.086975341796875000e+03
8.483249511718750000e+02
7.529635253906250000e+03
8.424969726562500000e+03
9.468731445312500000e+03
8.108904296875000000e+03
9.680333007812500000e+03
6.785916992187500000e+03
7.923287597656250000e+03
7.420666503906250000e+03
7.156756347656250000e+03
8.328867187500000000e+03
7.328685058593750000e+03
7.393140625000000000e+03
8.266539062500000000e+03
8.343338867187500000e+03
3.012617578125000000e+04
7.020398437500000000e+03
8.374859375000000000e+03
7.499905273437500000e+03
6.248306640625000000e+03
4.430796093750000000e+04
5.720488281250000000e+03
1.720746093750000000e+04
4.234942187500000000e+04
6.991574707031250000e+03
8.396125976562500000e+03
5.453952636718750000e+03
6.810301757812500000e+03
4.774708984375000000e+03
7.455540039062500000e+03
4.980927734375000000e+03
4.753847656250000000e+03
2.073792773437500000e+04
1.764568945312500000e+04
7.761748046875000000e+03
7.017952636718750000e+03
7.660992187500000000e+03
7.079071289062500000e+03
9.526713867187500000e+03
7.235270019531250000e+03
7.626410156250000000e+03
2.113776171875000000e+04
8.153124511718750000e+03
7.769525390625000000e+03
7.590873046875000000e+03
6.684967773437500000e+03
8.250755859375000000e+03
6.666086914062500000e+03
1.864426953125000000e+04
8.167202148437500000e+03
7.891891601562500000e+03
6.568172851562500000e+03
7.693866210937500000e+03
9.041291992187500000e+03
6.846756835937500000e+03
7.338793945312500000e+03
9.352187500000000000e+02
7.641268310546875000e+02
5.037023925781250000e+02
1.009601855468750000e+04
1.656714355468750000e+03
4.831440429687500000e+02
1.193000976562500000e+03
1.720515136718750000e+03
5.600756835937500000e+02
7.407570800781250000e+02
1.210561035156250000e+03
3.872189941406250000e+02
8.649584960937500000e+02
2.343992968750000000e+04
1.336952392578125000e+03
8.887534179687500000e+02
1.995530151367187500e+03
2.243145751953125000e+03
3.435262500000000000e+04
3.107259765625000000e+03
4.405446777343750000e+03
4.531888671875000000e+04
1.603395751953125000e+03
7.758371582031250000e+02
1.877004882812500000e+03
1.603480468750000000e+03
1.508466796875000000e+03
1.089550195312500000e+04
3.309321289062500000e+03
4.657921875000000000e+03
7.977187988281250000e+03
6.125988769531250000e+03
4.239166992187500000e+03
1.680013549804687500e+03
2.421752197265625000e+03
4.445902832031250000e+03
3.348608886718750000e+03
3.992465820312500000e+03
3.752072753906250000e+02
2.007033398437500000e+04
4.252316406250000000e+03
5.310019531250000000e+02
7.344151367187500000e+03
2.141096923828125000e+03
3.947360839843750000e+02
5.376806640625000000e+03
1.574525390625000000e+04
5.810905761718750000e+02
6.319899902343750000e+02
1.007368408203125000e+03
3.978920898437500000e+02
5.095771484375000000e+02
7.284814453125000000e+02
3.941311035156250000e+02
7.120920410156250000e+02
1.024708618164062500e+03
8.690303710937500000e+03
1.504300292968750000e+03
1.070291748046875000e+03
9.686237792968750000e+02
2.203191162109375000e+03
6.708142089843750000e+02
9.692619628906250000e+02
2.456857910156250000e+03
6.371834716796875000e+02
9.035236816406250000e+02
2.048924023437500000e+04
1.659395507812500000e+03
8.732431640625000000e+02
1.687473144531250000e+03
2.278594238281250000e+03
2.439390234375000000e+04
3.267418457031250000e+03
2.961720703125000000e+03
3.496012500000000000e+04
1.191776123046875000e+03
1.122211914062500000e+03
2.115407958984375000e+03
1.634532714843750000e+03
2.098015869140625000e+03
8.894068359375000000e+03
4.223480468750000000e+03
5.956855957031250000e+03
4.925300781250000000e+03
4.893513183593750000e+03
3.759750000000000000e+03
1.241424194335937500e+03
1.481298828125000000e+03
4.831655761718750000e+03
4.111415039062500000e+03
4.154684570312500000e+03
6.296191406250000000e+02
1.907393359375000000e+04
3.636195068359375000e+03
6.685732421875000000e+02
6.280510742187500000e+03
1.892856323242187500e+03
7.434357910156250000e+02
6.969407714843750000e+03
1.430877441406250000e+04
4.630483398437500000e+02
9.428754882812500000e+02
1.371891601562500000e+03
5.153496093750000000e+02
7.884685058593750000e+02
1.545852661132812500e+03
7.681257324218750000e+02
5.199035644531250000e+02
1.066904687500000000e+04
2.395679443359375000e+03
5.257646484375000000e+02
1.112675659179687500e+03
2.813302734375000000e+03
4.086464843750000000e+02
9.794166259765625000e+02
1.969605346679687500e+03
2.938402099609375000e+02
6.789024658203125000e+02
2.014437890625000000e+04
1.949437133789062500e+03
6.958236083984375000e+02
2.031678588867187500e+03
3.024364501953125000e+03
2.822744726562500000e+04
4.155922851562500000e+03
2.961325683593750000e+03
4.079624218750000000e+04
1.474863891601562500e+03
9.503863525390625000e+02
2.752971923828125000e+03
2.421726806640625000e+03
2.478910400390625000e+03
1.085067382812500000e+04
4.423054687500000000e+03
5.960182128906250000e+03
6.206308593750000000e+03
5.038290039062500000e+03
4.496102050781250000e+03
1.850585937500000000e+03
2.248072753906250000e+03
5.156457519531250000e+03
3.949877441406250000e+03
5.253621093750000000e+03
6.119227294921875000e+02
2.126304296875000000e+04
3.254310791015625000e+03
7.389608154296875000e+02
7.417702148437500000e+03
2.538033935546875000e+03
3.601263427734375000e+02
6.509373046875000000e+03
1.581757324218750000e+04
6.718779296875000000e+02
6.767355957031250000e+02
1.534645141601562500e+03
7.303859863281250000e+02
2.255590820312500000e+02
1.225187255859375000e+03
9.299263916015625000e+02
1.030257031250000000e+04
1.953176635742187500e+03
2.664887695312500000e+02
1.457587768554687500e+03
1.749123779296875000e+03
7.064589843750000000e+02
7.639907226562500000e+02
1.277885498046875000e+03
4.815814208984375000e+02
6.425441894531250000e+02
2.434271093750000000e+04
1.649084472656250000e+03
8.687255859375000000e+02
2.394222167968750000e+03
2.484161132812500000e+03
3.498805468750000000e+04
4.076907958984375000e+03
5.559849609375000000e+03
4.429364453125000000e+04
1.878276367187500000e+03
7.329345703125000000e+02
2.544640625000000000e+03
1.514872314453125000e+03
2.211709228515625000e+03
1.232491308593750000e+04
3.494363525390625000e+03
4.987890625000000000e+03
9.473193359375000000e+03
7.254922363281250000e+03
4.467016113281250000e+03
1.864625610351562500e+03
2.025259765625000000e+03
4.650887207031250000e+03
3.301724853515625000e+03
4.412908691406250000e+03
4.960229492187500000e+02
2.146702929687500000e+04
3.965470214843750000e+03
6.853422851562500000e+02
7.569736328125000000e+03
2.661867675781250000e+03
3.516213378906250000e+02
5.680708007812500000e+03
1.602540136718750000e+04
1.054115722656250000e+03
3.528056640625000000e+02
1.100148193359375000e+03
6.563435058593750000e+02
3.750366210937500000e+02
1.041925292968750000e+03
8.586408691406250000e+02
9.251759765625000000e+03
1.058655859375000000e+04
1.032683984375000000e+04
1.006752929687500000e+04
1.049876562500000000e+04
1.003614257812500000e+04
1.096957226562500000e+04
1.007630175781250000e+04
1.081516601562500000e+04
1.910972265625000000e+04
1.043528710937500000e+04
1.076407421875000000e+04
1.072417382812500000e+04
9.675531250000000000e+03
2.274093359375000000e+04
8.668545898437500000e+03
1.451537109375000000e+04
2.583100976562500000e+04
8.971518554687500000e+03
1.067861914062500000e+04
8.421139648437500000e+03
9.660195312500000000e+03
9.914244140625000000e+03
7.178092773437500000e+03
1.103287695312500000e+04
8.161589843750000000e+03
1.345731054687500000e+04
9.218563476562500000e+03
5.708769042968750000e+03
8.154639648437500000e+03
8.996332031250000000e+03
5.797792968750000000e+03
1.281327441406250000e+04
7.671175781250000000e+03
1.003185937500000000e+04
6.247593750000000000e+03
6.180643066406250000e+03
9.805207031250000000e+03
5.506952148437500000e+03
8.992098632812500000e+03
1.029013281250000000e+04
1.566773828125000000e+04
7.440744140625000000e+03
1.004308593750000000e+04
9.565984375000000000e+03
9.819892578125000000e+03
9.537615234375000000e+03
1.057452343750000000e+04
1.110861621093750000e+04
9.130208007812500000e+03
1.860634765625000000e+03
2.281724609375000000e+03
1.496033691406250000e+03
1.974863403320312500e+03
1.574721191406250000e+03
2.904695068359375000e+03
1.867083618164062500e+03
2.149612060546875000e+03
2.446643164062500000e+04
1.431645263671875000e+03
1.864095214843750000e+03
3.167707519531250000e+03
2.189460449218750000e+03
3.119810351562500000e+04
3.343653808593750000e+03
5.220104492187500000e+03
4.122009765625000000e+04
2.176505126953125000e+03
2.539678710937500000e+03
2.274619873046875000e+03
1.411502441406250000e+03
1.971549072265625000e+03
9.385311523437500000e+03
3.719772949218750000e+03
5.636219238281250000e+03
7.575334960937500000e+03
7.115290039062500000e+03
4.858458496093750000e+03
1.211605468750000000e+03
1.958416015625000000e+03
4.247480957031250000e+03
4.610113281250000000e+03
3.118104248046875000e+03
1.686741943359375000e+03
1.942254492187500000e+04
5.481854003906250000e+03
1.531698486328125000e+03
6.603660156250000000e+03
1.858826904296875000e+03
1.690068725585937500e+03
6.399195800781250000e+03
1.578090625000000000e+04
1.692124633789062500e+03
1.421155517578125000e+03
2.200806396484375000e+03
1.156348388671875000e+03
1.807588256835937500e+03
2.104747070312500000e+03
1.263085693359375000e+03
1.440324462890625000e+03
1.782592529296875000e+03
5.515583496093750000e+02
6.704641113281250000e+02
1.076855468750000000e+03
4.388884277343750000e+02
7.109655761718750000e+02
2.320617773437500000e+04
1.586743896484375000e+03
8.173579101562500000e+02
2.375751220703125000e+03
2.205570556640625000e+03
3.384638281250000000e+04
3.737257812500000000e+03
5.002906250000000000e+03
4.484520312500000000e+04
1.736181640625000000e+03
6.826604003906250000e+02
2.244647949218750000e+03
1.528925048828125000e+03
2.038971679687500000e+03
1.182752929687500000e+04
3.363568115234375000e+03
4.795138183593750000e+03
9.209178710937500000e+03
6.905837402343750000e+03
4.525619628906250000e+03
1.811981079101562500e+03
2.188640136718750000e+03
4.533304687500000000e+03
3.088079101562500000e+03
4.566379882812500000e+03
5.193127441406250000e+02
2.182677343750000000e+04
3.894676025390625000e+03
6.235681152343750000e+02
7.400557617187500000e+03
2.755048095703125000e+03
2.934023437500000000e+02
5.159327148437500000e+03
1.617492285156250000e+04
9.265169677734375000e+02
3.500429687500000000e+02
1.157260498046875000e+03
6.269768066406250000e+02
3.061298828125000000e+02
7.802788085937500000e+02
6.770266113281250000e+02
2.551451660156250000e+03
6.654279785156250000e+02
8.682663574218750000e+02
2.615237548828125000e+03
7.935314941406250000e+02
1.160934570312500000e+03
1.997840039062500000e+04
9.359338378906250000e+02
5.462141113281250000e+02
8.243894042968750000e+02
3.026205078125000000e+03
2.878089062500000000e+04
3.087231933593750000e+03
2.518447753906250000e+03
4.014557031250000000e+04
7.791435546875000000e+02
1.387894775390625000e+03
3.036650634765625000e+03
2.390140136718750000e+03
1.839594238281250000e+03
1.037598242187500000e+04
3.106409667968750000e+03
4.613799804687500000e+03
5.406258789062500000e+03
4.622516601562500000e+03
2.961926269531250000e+03
1.821291748046875000e+03
2.330431396484375000e+03
4.515791503906250000e+03
4.277952636718750000e+03
4.292835937500000000e+03
1.093042480468750000e+03
2.119204492187500000e+04
4.029266601562500000e+03
6.853278808593750000e+02
6.064328613281250000e+03
1.677877685546875000e+03
8.521589355468750000e+02
7.150580078125000000e+03
1.613108789062500000e+04
8.407666015625000000e+02
1.106261718750000000e+03
9.830920410156250000e+02
9.103000488281250000e+02
1.009065917968750000e+03
1.384354003906250000e+03
1.098076416015625000e+03
2.600442626953125000e+03
1.780664306640625000e+03
2.376968017578125000e+03
2.327442382812500000e+03
1.964220947265625000e+03
3.155687695312500000e+04
1.614419433593750000e+03
2.136558349609375000e+03
3.194317626953125000e+03
2.222341308593750000e+03
4.310123828125000000e+04
4.649323730468750000e+03
1.171191406250000000e+04
5.027070312500000000e+04
2.578913085937500000e+03
2.281001220703125000e+03
3.636314208984375000e+03
1.119657226562500000e+03
3.196900878906250000e+03
1.375212792968750000e+04
3.020450683593750000e+03
4.805296386718750000e+03
1.582681250000000000e+04
1.380907226562500000e+04
4.933838867187500000e+03
2.269096923828125000e+03
2.187749267578125000e+03
4.099241210937500000e+03
4.083876953125000000e+03
3.166020996093750000e+03
1.838701660156250000e+03
2.104823437500000000e+04
6.224060058593750000e+03
1.791212646484375000e+03
7.418586914062500000e+03
2.945607177734375000e+03
1.936491210937500000e+03
6.039282226562500000e+03
1.641175390625000000e+04
2.424814697265625000e+03
1.430984619140625000e+03
1.669949462890625000e+03
1.428353027343750000e+03
2.031767822265625000e+03
2.934579101562500000e+03
1.578174316406250000e+03
5.696396484375000000e+02
1.559072753906250000e+03
2.090803222656250000e+02
6.846928710937500000e+02
1.983306250000000000e+04
1.331271484375000000e+03
3.356059570312500000e+02
1.707636718750000000e+03
2.686556396484375000e+03
2.922121484375000000e+04
3.039571289062500000e+03
2.431457519531250000e+03
4.067411718750000000e+04
1.047032470703125000e+03
7.259543457031250000e+02
2.282414062500000000e+03
2.112373779296875000e+03
1.650879150390625000e+03
1.039798437500000000e+04
3.438311767578125000e+03
4.954808593750000000e+03
5.928207031250000000e+03
4.645343750000000000e+03
3.981077392578125000e+03
1.696118530273437500e+03
2.302611328125000000e+03
5.057450683593750000e+03
3.471321777343750000e+03
4.340127929687500000e+03
6.441285400390625000e+02
2.097787890625000000e+04
3.734161865234375000e+03
3.194296875000000000e+02
7.034433593750000000e+03
2.173101318359375000e+03
1.866884765625000000e+02
6.208046875000000000e+03
1.587089843750000000e+04
4.633793945312500000e+02
5.010874023437500000e+02
1.202020751953125000e+03
5.315864257812500000e+02
2.503907470703125000e+02
5.657893066406250000e+02
6.004328613281250000e+02
1.683164550781250000e+03
6.351198730468750000e+02
9.213635253906250000e+02
2.168211328125000000e+04
8.502299804687500000e+02
5.852709960937500000e+02
1.591424316406250000e+03
2.363321044921875000e+03
3.254516210937500000e+04
3.382798339843750000e+03
4.120642089843750000e+03
4.178144140625000000e+04
1.035118408203125000e+03
7.802155761718750000e+02
2.436568847656250000e+03
1.531769531250000000e+03
1.453985839843750000e+03
1.035872265625000000e+04
2.654777832031250000e+03
4.667603515625000000e+03
7.650352050781250000e+03
6.358216308593750000e+03
3.506334960937500000e+03
1.419564453125000000e+03
2.017213378906250000e+03
4.062543945312500000e+03
3.116928955078125000e+03
3.764327636718750000e+03
9.198281250000000000e+02
2.111883203125000000e+04
3.853852050781250000e+03
4.287944335937500000e+02
7.056208984375000000e+03
1.706420654296875000e+03
4.222607421875000000e+02
5.669026367187500000e+03
1.632075097656250000e+04
8.721840820312500000e+02
4.289638671875000000e+02
1.136251220703125000e+03
6.186411132812500000e+02
6.238664550781250000e+02
9.161904296875000000e+02
8.628928222656250000e+02
1.479952636718750000e+03
2.036041992187500000e+03
2.616223242187500000e+04
2.458026611328125000e+03
1.963661865234375000e+03
3.639331542968750000e+03
2.594376953125000000e+03
3.620123437500000000e+04
2.962404785156250000e+03
8.012103027343750000e+03
4.842157031250000000e+04
3.080700683593750000e+03
1.568094238281250000e+03
2.388218261718750000e+03
2.106682373046875000e+03
2.453564453125000000e+03
1.068671289062500000e+04
3.132285156250000000e+03
4.853023437500000000e+03
1.255975781250000000e+04
9.745897460937500000e+03
5.359489257812500000e+03
2.913961914062500000e+03
3.690108886718750000e+03
5.479367187500000000e+03
3.061561523437500000e+03
4.390766601562500000e+03
1.635953613281250000e+03
2.161075390625000000e+04
5.189993652343750000e+03
1.461825439453125000e+03
8.426847656250000000e+03
3.944117675781250000e+03
1.264307128906250000e+03
4.650723632812500000e+03
1.666681640625000000e+04
2.256313720703125000e+03
1.225113769531250000e+03
1.863954833984375000e+03
1.657639404296875000e+03
1.505964599609375000e+03
1.276794433593750000e+03
1.562720214843750000e+03
6.784536132812500000e+02
2.021012109375000000e+04
1.324214843750000000e+03
5.077392578125000000e+02
1.752248779296875000e+03
2.706612060546875000e+03
2.971082226562500000e+04
3.214740234375000000e+03
3.055564941406250000e+03
4.104213671875000000e+04
1.291917114257812500e+03
7.744138183593750000e+02
2.181978271484375000e+03
2.018027099609375000e+03
1.654073242187500000e+03
1.020499707031250000e+04
3.478044189453125000e+03
5.164666015625000000e+03
6.406780273437500000e+03
4.802443359375000000e+03
3.862183105468750000e+03
1.481821899414062500e+03
2.234564697265625000e+03
4.735519531250000000e+03
3.492619628906250000e+03
4.338806640625000000e+03
4.054887695312500000e+02
2.066095703125000000e+04
3.510877441406250000e+03
3.980444335937500000e+02
7.211099609375000000e+03
2.026226318359375000e+03
1.638493652343750000e+02
6.187560546875000000e+03
1.594795019531250000e+04
4.088822021484375000e+02
4.796450195312500000e+02
1.189226806640625000e+03
3.716582031250000000e+02
1.963143310546875000e+02
7.316770019531250000e+02
4.953298339843750000e+02
2.345619335937500000e+04
1.820198974609375000e+03
7.341706542968750000e+02
1.857369140625000000e+03
2.317926025390625000e+03
3.222870898437500000e+04
3.867297607421875000e+03
5.083076660156250000e+03
4.470687500000000000e+04
1.370113281250000000e+03
8.937160644531250000e+02
2.836903076171875000e+03
1.588016845703125000e+03
2.313796142578125000e+03
1.272100390625000000e+04
3.304023437500000000e+03
4.846901855468750000e+03
8.923219726562500000e+03
6.723967773437500000e+03
4.328265625000000000e+03
2.043263793945312500e+03
1.748359130859375000e+03
4.668384277343750000e+03
3.624212890625000000e+03
4.567318847656250000e+03
5.420031738281250000e+02
2.088561718750000000e+04
4.093991210937500000e+03
6.524914550781250000e+02
6.996024902343750000e+03
2.670217285156250000e+03
5.664616699218750000e+02
5.940950195312500000e+03
1.576988671875000000e+04
9.810512695312500000e+02
6.769301757812500000e+02
9.434716796875000000e+02
8.638247070312500000e+02
6.052604980468750000e+02
1.195478027343750000e+03
8.803183593750000000e+02
2.305271289062500000e+04
2.099927343750000000e+04
2.108018554687500000e+04
2.902870703125000000e+04
1.737623046875000000e+04
1.971338671875000000e+04
2.275614453125000000e+04
1.310338183593750000e+04
1.795065234375000000e+04
2.364758593750000000e+04
2.333233593750000000e+04
2.805285351562500000e+04
2.277967578125000000e+04
1.841354296875000000e+04
2.787913867187500000e+04
2.138435156250000000e+04
1.666415234375000000e+04
1.200985156250000000e+04
1.555471191406250000e+04
2.192336523437500000e+04
2.693490234375000000e+04
2.087744140625000000e+04
2.642891601562500000e+04
2.790321875000000000e+04
2.232627343750000000e+04
1.798112304687500000e+04
1.815710546875000000e+04
2.068924218750000000e+04
1.522889453125000000e+04
2.294638281250000000e+04
2.144580859375000000e+04
3.827535156250000000e+04
1.478127539062500000e+04
2.126974609375000000e+04
2.270350390625000000e+04
2.199595703125000000e+04
2.180147656250000000e+04
2.172364062500000000e+04
2.239685937500000000e+04
2.086237890625000000e+04
1.046323486328125000e+03
1.373529785156250000e+03
2.888642333984375000e+03
3.439711718750000000e+04
3.374878906250000000e+03
4.519400390625000000e+03
4.189475781250000000e+04
1.213825439453125000e+03
1.928590576171875000e+03
3.315980957031250000e+03
2.060123779296875000e+03
1.609264160156250000e+03
1.147037792968750000e+04
2.423587890625000000e+03
4.305721191406250000e+03
8.079291503906250000e+03
6.763234375000000000e+03
3.466727294921875000e+03
1.717407958984375000e+03
2.732788330078125000e+03
3.860692382812500000e+03
4.124261230468750000e+03
3.360899902343750000e+03
1.575126708984375000e+03
2.145244921875000000e+04
5.149669921875000000e+03
1.094988525390625000e+03
6.382289550781250000e+03
1.543675292968750000e+03
1.245640869140625000e+03
6.976916503906250000e+03
1.673924804687500000e+04
1.434705322265625000e+03
1.094893066406250000e+03
1.477713134765625000e+03
9.124692382812500000e+02
1.424296142578125000e+03
1.642173339843750000e+03
1.242408691406250000e+03
1.111972167968750000e+03
2.906653808593750000e+03
2.973647265625000000e+04
3.435893554687500000e+03
2.551917968750000000e+03
4.135177343750000000e+04
6.855290527343750000e+02
1.051617919921875000e+03
3.002922851562500000e+03
2.108184814453125000e+03
1.808150390625000000e+03
1.227211328125000000e+04
3.323835449218750000e+03
5.174166503906250000e+03
6.478868164062500000e+03
4.889290527343750000e+03
3.543990722656250000e+03
1.764716430664062500e+03
2.294182617187500000e+03
4.551982421875000000e+03
3.964063964843750000e+03
4.206891601562500000e+03
8.995549316406250000e+02
2.137941406250000000e+04
4.361625000000000000e+03
4.361005859375000000e+02
6.706031738281250000e+03
1.833057617187500000e+03
3.386020507812500000e+02
6.789053222656250000e+03
1.592093652343750000e+04
6.361142578125000000e+02
5.454853515625000000e+02
1.196345703125000000e+03
6.401125488281250000e+02
3.700541992187500000e+02
9.374921875000000000e+02
8.230476074218750000e+02
3.422833007812500000e+03
3.010487500000000000e+04
3.668838378906250000e+03
3.284593017578125000e+03
3.931978515625000000e+04
1.060677001953125000e+03
2.292591552734375000e+03
3.944178955078125000e+03
3.103232177734375000e+03
2.201093994140625000e+03
1.324237011718750000e+04
3.396151855468750000e+03
4.724873046875000000e+03
6.147984375000000000e+03
5.017366210937500000e+03
3.025046875000000000e+03
2.513433593750000000e+03
3.065948730468750000e+03
4.512827148437500000e+03
5.242428710937500000e+03
4.418477539062500000e+03
1.721080444335937500e+03
2.119719921875000000e+04
5.147727539062500000e+03
1.225053955078125000e+03
5.899973144531250000e+03
1.830310791015625000e+03
1.716722900390625000e+03
8.084558593750000000e+03
1.648088476562500000e+04
1.506648193359375000e+03
2.137486328125000000e+03
1.305850585937500000e+03
1.565909667968750000e+03
1.964250488281250000e+03
2.522060058593750000e+03
1.803359130859375000e+03
3.684871875000000000e+04
3.703875976562500000e+03
9.715677734375000000e+03
4.623937109375000000e+04
3.133865234375000000e+03
2.613561279296875000e+03
2.223288085937500000e+03
1.807304199218750000e+03
2.777928222656250000e+03
1.143337597656250000e+04
3.896767089843750000e+03
5.632721679687500000e+03
1.367182519531250000e+04
1.121445214843750000e+04
5.249325195312500000e+03
2.132806152343750000e+03
2.329089843750000000e+03
4.059149169921875000e+03
3.038882812500000000e+03
4.138166015625000000e+03
2.263440673828125000e+03
2.077573828125000000e+04
5.915542968750000000e+03
2.236800292968750000e+03
6.417170898437500000e+03
3.089873046875000000e+03
2.349716796875000000e+03
4.422833007812500000e+03
1.712291992187500000e+04
2.771110351562500000e+03
2.193669921875000000e+03
2.381157226562500000e+03
2.197261962890625000e+03
2.695955566406250000e+03
2.810961914062500000e+03
1.853521972656250000e+03
3.051485546875000000e+04
3.373055468750000000e+04
4.294646484375000000e+04
2.876816796875000000e+04
3.276260546875000000e+04
3.299682421875000000e+04
3.740666796875000000e+04
3.356081640625000000e+04
2.946708789062500000e+04
3.837277734375000000e+04
3.273892187500000000e+04
2.662662890625000000e+04
2.254364453125000000e+04
2.203024609375000000e+04
2.737144140625000000e+04
3.308131640625000000e+04
3.017593359375000000e+04
3.198701953125000000e+04
3.740492187500000000e+04
3.151237109375000000e+04
2.018808984375000000e+04
2.022413671875000000e+04
2.875041992187500000e+04
2.527599609375000000e+04
2.958532812500000000e+04
3.098423437500000000e+04
5.267234375000000000e+04
1.711190625000000000e+04
2.871109375000000000e+04
3.396417968750000000e+04
3.405757421875000000e+04
3.102612109375000000e+04
3.006999414062500000e+04
3.523716796875000000e+04
3.172766601562500000e+04
6.303875976562500000e+03
3.629848828125000000e+04
2.956165039062500000e+03
4.033531005859375000e+03
2.383160644531250000e+03
3.912239746093750000e+03
2.580469726562500000e+03
5.891070312500000000e+03
4.672257812500000000e+03
4.384307617187500000e+03
8.304207031250000000e+03
6.983179687500000000e+03
3.613020751953125000e+03
3.252736816406250000e+03
4.902870117187500000e+03
5.788255371093750000e+03
5.894544921875000000e+03
4.815325195312500000e+03
3.224444824218750000e+03
1.995453320312500000e+04
4.774143554687500000e+03
2.798883544921875000e+03
5.927652343750000000e+03
3.569586181640625000e+03
3.365899414062500000e+03
7.366477539062500000e+03
1.644993359375000000e+04
3.259956054687500000e+03
3.401718750000000000e+03
2.946617187500000000e+03
2.864306640625000000e+03
3.814127197265625000e+03
3.055751953125000000e+03
2.560538574218750000e+03
3.843230468750000000e+04
2.714722656250000000e+03
5.196322753906250000e+03
5.730249511718750000e+03
1.032875000000000000e+04
4.220862792968750000e+03
1.399115039062500000e+04
1.109539160156250000e+04
1.138008496093750000e+04
3.274848144531250000e+03
2.395480957031250000e+03
6.958674804687500000e+03
4.831414062500000000e+03
7.762707031250000000e+03
1.314183691406250000e+04
1.075261035156250000e+04
1.107205468750000000e+04
3.806652832031250000e+03
2.705860351562500000e+04
7.853272460937500000e+03
3.389270996093750000e+03
8.810108398437500000e+03
4.352011718750000000e+03
3.245056884765625000e+03
2.097008203125000000e+04
2.159643945312500000e+04
2.449982421875000000e+03
5.006306640625000000e+03
5.267600097656250000e+03
3.344422607421875000e+03
3.201752441406250000e+03
3.754313476562500000e+03
3.849133544921875000e+03
3.384178125000000000e+04
4.526131250000000000e+04
3.862165234375000000e+04
4.944847656250000000e+04
4.119650390625000000e+04
2.914174804687500000e+04
4.642797656250000000e+04
3.530258593750000000e+04
3.144996093750000000e+04
2.422183593750000000e+04
2.842976757812500000e+04
3.787355859375000000e+04
4.496910937500000000e+04
3.142960546875000000e+04
4.365141406250000000e+04
4.114937500000000000e+04
4.446935156250000000e+04
2.281987109375000000e+04
3.202315625000000000e+04
3.985148828125000000e+04
2.230808984375000000e+04
3.942269531250000000e+04
4.294209375000000000e+04
5.900709765625000000e+04
2.333696289062500000e+04
4.306988671875000000e+04
4.262846093750000000e+04
4.290115625000000000e+04
4.199152734375000000e+04
4.155903906250000000e+04
4.215657031250000000e+04
3.968679687500000000e+04
1.827415771484375000e+03
3.498404785156250000e+03
2.595071044921875000e+03
2.048122558593750000e+03
9.104606445312500000e+03
3.014987304687500000e+03
4.409550781250000000e+03
5.631282226562500000e+03
3.904009765625000000e+03
1.993206787109375000e+03
1.925486083984375000e+03
2.313851562500000000e+03
4.230689453125000000e+03
4.571082031250000000e+03
3.772241699218750000e+03
1.537246826171875000e+03
2.143539648437500000e+04
3.355444824218750000e+03
8.762954101562500000e+02
5.247466796875000000e+03
1.692412841796875000e+03
1.218235351562500000e+03
7.500289550781250000e+03
1.627944921875000000e+04
1.162067382812500000e+03
1.393223388671875000e+03
1.353537597656250000e+03
1.192729248046875000e+03
1.360627441406250000e+03
1.914483886718750000e+03
1.521031982421875000e+03
2.801978027343750000e+03
1.538026611328125000e+03
2.442448730468750000e+03
1.289584570312500000e+04
3.509973632812500000e+03
5.163270507812500000e+03
8.957911132812500000e+03
7.037211425781250000e+03
3.853836181640625000e+03
2.280130371093750000e+03
2.442324707031250000e+03
5.122289062500000000e+03
2.952941406250000000e+03
4.553381835937500000e+03
8.021420898437500000e+02
2.062909570312500000e+04
4.617620605468750000e+03
6.519243164062500000e+02
7.770557128906250000e+03
3.129088867187500000e+03
6.026640625000000000e+02
5.206929199218750000e+03
1.626946289062500000e+04
1.164110839843750000e+03
7.356638183593750000e+02
1.430297119140625000e+03
1.022880615234375000e+03
7.353195800781250000e+02
1.081844726562500000e+03
1.008178466796875000e+03
2.570543457031250000e+03
1.645330566406250000e+03
8.118656250000000000e+03
4.625217285156250000e+03
5.295035156250000000e+03
8.421432617187500000e+03
7.057597656250000000e+03
5.173104003906250000e+03
1.751348876953125000e+03
3.027292480468750000e+03
6.022502441406250000e+03
4.884247558593750000e+03
4.671829101562500000e+03
1.947727905273437500e+03
1.810942187500000000e+04
5.171477050781250000e+03
2.195138671875000000e+03
6.399633300781250000e+03
2.987519287109375000e+03
2.294415771484375000e+03
4.815967773437500000e+03
1.534803417968750000e+04
2.055967773437500000e+03
2.466273437500000000e+03
2.221686523437500000e+03
1.938171142578125000e+03
2.611767578125000000e+03
1.945517333984375000e+03
1.630526367187500000e+03
2.781292480468750000e+03
9.661348632812500000e+03
3.373980957031250000e+03
4.857973632812500000e+03
1.386188671875000000e+04
1.156439843750000000e+04
4.670331542968750000e+03
1.771169433593750000e+03
1.694743652343750000e+03
4.091744384765625000e+03
3.640864013671875000e+03
3.229724121093750000e+03
1.431420166015625000e+03
2.004108984375000000e+04
4.892969726562500000e+03
1.368727539062500000e+03
7.022851562500000000e+03
2.840253906250000000e+03
1.649838378906250000e+03
4.896884765625000000e+03
1.549704687500000000e+04
2.124432128906250000e+03
1.223640380859375000e+03
1.542658935546875000e+03
1.385689208984375000e+03
1.898037597656250000e+03
2.351362304687500000e+03
1.358802246093750000e+03
9.164641601562500000e+03
2.798540527343750000e+03
3.551343750000000000e+03
7.275078125000000000e+03
6.018051269531250000e+03
4.545368164062500000e+03
1.825952392578125000e+03
3.212628662109375000e+03
5.027463378906250000e+03
4.660779785156250000e+03
3.737856445312500000e+03
1.627518798828125000e+03
2.132102734375000000e+04
5.467845214843750000e+03
1.559162841796875000e+03
5.570511230468750000e+03
2.114912353515625000e+03
1.599755615234375000e+03
5.617097656250000000e+03
1.718643750000000000e+04
1.728920410156250000e+03
1.977510253906250000e+03
1.531102294921875000e+03
1.508303466796875000e+03
2.134028320312500000e+03
1.157836425781250000e+03
1.440631591796875000e+03
1.132785546875000000e+04
5.440306152343750000e+03
1.395335156250000000e+04
9.710350585937500000e+03
5.919767578125000000e+03
1.002715429687500000e+04
1.195508007812500000e+04
7.026761718750000000e+03
1.071341503906250000e+04
1.101927148437500000e+04
1.141156835937500000e+04
1.049549707031250000e+04
5.220740234375000000e+03
9.117014648437500000e+03
7.849073242187500000e+03
1.193005761718750000e+04
1.166871582031250000e+04
1.112565429687500000e+04
1.098639746093750000e+04
1.099398828125000000e+04
1.030104101562500000e+04
1.052156738281250000e+04
9.862716796875000000e+03
1.299580859375000000e+04
1.177825097656250000e+04
1.013722460937500000e+04
4.720127929687500000e+03
1.358559765625000000e+04
1.272429296875000000e+04
5.302923828125000000e+03
3.897598876953125000e+03
3.570982421875000000e+03
5.823218261718750000e+03
5.142134277343750000e+03
3.753447753906250000e+03
3.553646484375000000e+03
2.231385351562500000e+04
6.547329589843750000e+03
2.916105468750000000e+03
6.864067382812500000e+03
4.015529296875000000e+03
3.313122070312500000e+03
6.735766113281250000e+03
1.895678515625000000e+04
4.071823242187500000e+03
3.005148925781250000e+03
2.707595214843750000e+03
3.387909912109375000e+03
3.897714843750000000e+03
3.450250976562500000e+03
3.560592285156250000e+03
1.384304199218750000e+04
1.093319140625000000e+04
3.702445312500000000e+03
6.363562011718750000e+03
6.241309570312500000e+03
4.092641113281250000e+03
6.631825195312500000e+03
6.985746093750000000e+03
4.456756347656250000e+03
1.352554980468750000e+04
3.431087646484375000e+03
4.845546875000000000e+03
6.798636718750000000e+03
5.696568359375000000e+03
5.127562011718750000e+03
5.159114746093750000e+03
1.250192773437500000e+04
5.432129882812500000e+03
4.570004882812500000e+03
3.448684814453125000e+03
5.048480468750000000e+03
5.583893554687500000e+03
3.835764892578125000e+03
5.015376464843750000e+03
5.138249511718750000e+03
9.428886718750000000e+03
7.012761230468750000e+03
1.084723046875000000e+04
1.650352148437500000e+04
1.307348046875000000e+04
1.366639062500000000e+04
7.326641601562500000e+03
1.649341992187500000e+04
8.393669921875000000e+03
5.901037109375000000e+03
1.182669628906250000e+04
6.748920898437500000e+03
7.038484375000000000e+03
2.462471679687500000e+04
1.553470800781250000e+04
5.943865722656250000e+03
8.857738281250000000e+03
8.161899414062500000e+03
6.779366210937500000e+03
7.197863281250000000e+03
8.041350585937500000e+03
7.564622070312500000e+03
5.542795898437500000e+03
6.281184082031250000e+03
9.041375976562500000e+03
1.241827929687500000e+04
1.272888085937500000e+04
1.243233105468750000e+04
5.226387695312500000e+03
1.200990429687500000e+04
5.480244140625000000e+03
5.304298339843750000e+03
6.684369140625000000e+03
5.931241699218750000e+03
5.305227539062500000e+03
2.323921093750000000e+04
1.069439550781250000e+04
4.423107421875000000e+03
7.017485351562500000e+03
6.762642578125000000e+03
5.214583007812500000e+03
5.338156250000000000e+03
5.747203125000000000e+03
5.507992675781250000e+03
4.216996582031250000e+03
4.781151367187500000e+03
3.744228271484375000e+03
6.543550781250000000e+03
6.119246093750000000e+03
4.403441894531250000e+03
1.185255566406250000e+04
2.450588623046875000e+03
3.405338378906250000e+03
4.990979003906250000e+03
3.842006347656250000e+03
3.957605468750000000e+03
9.520725585937500000e+03
9.901641601562500000e+03
4.019170410156250000e+03
3.896659179687500000e+03
3.488797363281250000e+03
3.751185058593750000e+03
4.434142089843750000e+03
4.675141601562500000e+03
4.095929199218750000e+03
1.900511230468750000e+03
4.635126953125000000e+03
4.649695800781250000e+03
3.676517333984375000e+03
1.750923217773437500e+03
1.901415234375000000e+04
4.637244140625000000e+03
1.342489257812500000e+03
5.282287109375000000e+03
1.077231201171875000e+03
1.448520019531250000e+03
7.372599121093750000e+03
1.513285839843750000e+04
1.371531738281250000e+03
1.406707763671875000e+03
2.087999511718750000e+03
1.096786865234375000e+03
1.660873168945312500e+03
2.333487792968750000e+03
1.307873535156250000e+03
5.133167480468750000e+03
4.906683105468750000e+03
4.271862304687500000e+03
1.790864257812500000e+03
2.072367773437500000e+04
5.048854980468750000e+03
1.919612792968750000e+03
5.774605957031250000e+03
2.154957763671875000e+03
2.176622314453125000e+03
7.510196289062500000e+03
1.603905859375000000e+04
1.999787841796875000e+03
1.931687011718750000e+03
1.841950683593750000e+03
1.943464355468750000e+03
2.225328125000000000e+03
3.312063720703125000e+03
2.222785888671875000e+03
5.614884765625000000e+03
6.148773437500000000e+03
4.528112304687500000e+03
1.148446093750000000e+04
3.474747314453125000e+03
4.428057617187500000e+03
5.330261718750000000e+03
4.521801757812500000e+03
4.548437988281250000e+03
7.047625000000000000e+03
8.955906250000000000e+03
4.986571777343750000e+03
4.313385253906250000e+03
4.068331542968750000e+03
4.056111328125000000e+03
4.807356933593750000e+03
5.124882812500000000e+03
3.884245117187500000e+03
5.969099609375000000e+03
3.504750244140625000e+03
2.213746875000000000e+04
5.661585449218750000e+03
3.160398925781250000e+03
1.078891503906250000e+04
5.497225585937500000e+03
3.358206787109375000e+03
4.433271972656250000e+03
1.854029296875000000e+04
4.224253417968750000e+03
3.048101074218750000e+03
3.789188476562500000e+03
3.666371093750000000e+03
3.579845703125000000e+03
3.201306640625000000e+03
3.604088867187500000e+03
4.165738769531250000e+03
1.810165234375000000e+04
8.137193847656250000e+03
3.440867431640625000e+03
7.091798339843750000e+03
3.892133300781250000e+03
4.199565429687500000e+03
7.943689453125000000e+03
1.510327148437500000e+04
4.169244140625000000e+03
3.868292968750000000e+03
4.055281250000000000e+03
3.634297363281250000e+03
4.539314453125000000e+03
4.664315917968750000e+03
3.765757568359375000e+03
2.025258789062500000e+04
4.114484375000000000e+03
6.186376953125000000e+02
6.679911132812500000e+03
2.164996093750000000e+03
5.242719726562500000e+02
5.365551757812500000e+03
1.503942773437500000e+04
4.368193359375000000e+02
7.438583984375000000e+02
7.343774414062500000e+02
4.623063964843750000e+02
5.756499023437500000e+02
9.393349609375000000e+02
5.597348632812500000e+02
1.084476269531250000e+04
2.043772460937500000e+04
1.150418750000000000e+04
2.052814062500000000e+04
2.074617578125000000e+04
2.643410937500000000e+04
5.571414062500000000e+03
2.012584765625000000e+04
2.043253515625000000e+04
2.047670312500000000e+04
2.031321289062500000e+04
2.103073632812500000e+04
2.159092187500000000e+04
1.975216601562500000e+04
3.507528564453125000e+03
5.371265136718750000e+03
6.001309570312500000e+03
4.034264892578125000e+03
8.306402343750000000e+03
9.848109375000000000e+03
4.245914550781250000e+03
3.563388916015625000e+03
4.297807128906250000e+03
3.953399169921875000e+03
4.310041503906250000e+03
5.247994628906250000e+03
4.478236816406250000e+03
6.727313964843750000e+03
1.610488281250000000e+03
2.341794433593750000e+02
5.997589355468750000e+03
1.543973730468750000e+04
5.837216796875000000e+02
4.070349121093750000e+02
8.897282714843750000e+02
4.609877929687500000e+02
4.373632812500000000e+02
7.661489257812500000e+02
6.362990722656250000e+02
4.667484375000000000e+03
7.312982421875000000e+03
1.272053417968750000e+04
1.122027343750000000e+04
6.521234375000000000e+03
6.977669921875000000e+03
6.096743652343750000e+03
6.459583496093750000e+03
7.609600585937500000e+03
8.164848144531250000e+03
6.592283691406250000e+03
1.954272216796875000e+03
8.418681640625000000e+03
1.669089257812500000e+04
1.719447753906250000e+03
2.086219726562500000e+03
1.581747070312500000e+03
1.639978393554687500e+03
2.379613769531250000e+03
2.946464843750000000e+03
2.026674804687500000e+03
5.891359375000000000e+03
1.589733593750000000e+04
5.588028564453125000e+02
2.462592773437500000e+02
1.160766845703125000e+03
3.740075683593750000e+02
8.863208007812500000e+01
5.746374511718750000e+02
4.724257812500000000e+02
2.186709960937500000e+04
6.634919921875000000e+03
5.738958007812500000e+03
5.635237792968750000e+03
6.308457031250000000e+03
6.299626953125000000e+03
4.046349853515625000e+03
5.608755859375000000e+03
1.551418554687500000e+04
1.582223535156250000e+04
1.584767187500000000e+04
1.542037597656250000e+04
1.569410742187500000e+04
1.669291601562500000e+04
1.544599023437500000e+04
9.938625488281250000e+02
1.313451171875000000e+03
4.631406250000000000e+02
5.590826416015625000e+02
1.057518310546875000e+03
5.667932128906250000e+02
1.102870605468750000e+03
4.931738281250000000e+02
3.241921386718750000e+02
8.997861328125000000e+02
7.052358398437500000e+02
1.032307617187500000e+03
1.338492675781250000e+03
1.465981445312500000e+03
1.094720214843750000e+03
4.420855712890625000e+02
9.960092773437500000e+02
2.752597656250000000e+02
7.808605957031250000e+02
5.828298339843750000e+02
8.672531738281250000e+02
