6.600000000000000000e+01 7.300000000000000000e+01 8.863208007812500000e+01 2.000000000000000000e+00
1.500000000000000000e+01 3.300000000000000000e+01 1.411031494140625000e+02 2.000000000000000000e+00
1.200000000000000000e+01 3.700000000000000000e+01 2.094636230468750000e+02 2.000000000000000000e+00
1.100000000000000000e+01 3.000000000000000000e+01 2.114368896484375000e+02 2.000000000000000000e+00
2.400000000000000000e+01 2.700000000000000000e+01 2.664887695312500000e+02 2.000000000000000000e+00
7.200000000000000000e+01 7.500000000000000000e+01 2.752597656250000000e+02 2.000000000000000000e+00
7.700000000000000000e+01 7.900000000000000000e+01 2.865783473816618425e+02 4.000000000000000000e+00
7.600000000000000000e+01 8.200000000000000000e+01 3.068985419577146558e+02 6.000000000000000000e+00
7.000000000000000000e+00 7.400000000000000000e+01 3.191318359375000000e+02 2.000000000000000000e+00
1.900000000000000000e+01 7.000000000000000000e+01 3.374560546875000000e+02 2.000000000000000000e+00
2.300000000000000000e+01 8.300000000000000000e+01 3.551550402723427169e+02 7.000000000000000000e+00
2.100000000000000000e+01 6.000000000000000000e+01 3.752072753906250000e+02 2.000000000000000000e+00
3.000000000000000000e+00 3.100000000000000000e+01 4.211496582031250000e+02 2.000000000000000000e+00
5.000000000000000000e+00 6.000000000000000000e+00 4.268798828125000000e+02 2.000000000000000000e+00
8.000000000000000000e+01 8.500000000000000000e+01 4.424498665510106434e+02 4.000000000000000000e+00
6.300000000000000000e+01 7.800000000000000000e+01 4.576406866938577878e+02 3.000000000000000000e+00
2.200000000000000000e+01 6.900000000000000000e+01 4.630483398437500000e+02 2.000000000000000000e+00
1.300000000000000000e+01 1.400000000000000000e+01 5.065363769531250000e+02 2.000000000000000000e+00
4.000000000000000000e+00 9.200000000000000000e+01 5.476723227940447032e+02 3.000000000000000000e+00
8.100000000000000000e+01 8.700000000000000000e+01 5.586319563198710512e+02 4.000000000000000000e+00
2.000000000000000000e+00 8.000000000000000000e+00 5.884311523437500000e+02 2.000000000000000000e+00
8.400000000000000000e+01 8.900000000000000000e+01 5.952932494942555195e+02 4.000000000000000000e+00
8.800000000000000000e+01 9.100000000000000000e+01 6.336120526682428817e+02 5.000000000000000000e+00
3.400000000000000000e+01 9.000000000000000000e+01 7.595947736437583444e+02 5.000000000000000000e+00
2.800000000000000000e+01 4.400000000000000000e+01 7.791435546875000000e+02 2.000000000000000000e+00
9.400000000000000000e+01 9.500000000000000000e+01 8.508231958187926693e+02 7.000000000000000000e+00
9.000000000000000000e+00 1.700000000000000000e+01 8.609389648437500000e+02 2.000000000000000000e+00
9.300000000000000000e+01 9.800000000000000000e+01 8.646843361024195929e+02 7.000000000000000000e+00
1.000000000000000000e+01 4.800000000000000000e+01 9.202907714843750000e+02 2.000000000000000000e+00
4.500000000000000000e+01 9.600000000000000000e+01 9.318900560306390162e+02 3.000000000000000000e+00
3.800000000000000000e+01 1.000000000000000000e+02 1.000373681175752495e+03 3.000000000000000000e+00
1.000000000000000000e+00 5.600000000000000000e+01 1.012842529296875000e+03 2.000000000000000000e+00
5.500000000000000000e+01 6.500000000000000000e+01 1.077231201171875000e+03 2.000000000000000000e+00
8.600000000000000000e+01 1.050000000000000000e+02 1.090196921707382671e+03 1.000000000000000000e+01
2.900000000000000000e+01 4.700000000000000000e+01 1.119657226562500000e+03 2.000000000000000000e+00
9.900000000000000000e+01 1.090000000000000000e+02 1.159384223685950928e+03 1.500000000000000000e+01
1.010000000000000000e+02 1.020000000000000000e+02 1.161505710463257174e+03 9.000000000000000000e+00
3.600000000000000000e+01 1.030000000000000000e+02 1.267112699492248339e+03 8.000000000000000000e+00
7.100000000000000000e+01 1.060000000000000000e+02 1.360123827408837769e+03 4.000000000000000000e+00
3.200000000000000000e+01 9.700000000000000000e+01 1.471739272367112790e+03 5.000000000000000000e+00
2.600000000000000000e+01 1.100000000000000000e+02 1.549976299909474847e+03 3.000000000000000000e+00
4.600000000000000000e+01 1.040000000000000000e+02 1.684837052315972869e+03 3.000000000000000000e+00
1.110000000000000000e+02 1.120000000000000000e+02 1.954458669446593831e+03 2.400000000000000000e+01
1.130000000000000000e+02 1.140000000000000000e+02 2.134973092560456735e+03 1.200000000000000000e+01
3.900000000000000000e+01 1.070000000000000000e+02 2.341627692055853004e+03 3.000000000000000000e+00
4.200000000000000000e+01 5.300000000000000000e+01 2.395480957031250000e+03 2.000000000000000000e+00
5.400000000000000000e+01 6.200000000000000000e+01 2.450588623046875000e+03 2.000000000000000000e+00
1.150000000000000000e+02 1.170000000000000000e+02 2.498608172357211060e+03 8.000000000000000000e+00
1.160000000000000000e+02 1.200000000000000000e+02 2.501127896761824559e+03 6.000000000000000000e+00
1.080000000000000000e+02 1.190000000000000000e+02 2.947508802763788935e+03 1.400000000000000000e+01
1.180000000000000000e+02 1.250000000000000000e+02 3.423756885198507916e+03 3.800000000000000000e+01
4.100000000000000000e+01 1.230000000000000000e+02 3.510512248208525307e+03 9.000000000000000000e+00
5.000000000000000000e+01 5.900000000000000000e+01 3.753447753906250000e+03 2.000000000000000000e+00
5.100000000000000000e+01 1.220000000000000000e+02 3.871069742780628076e+03 3.000000000000000000e+00
5.700000000000000000e+01 1.290000000000000000e+02 4.021662762711639516e+03 4.000000000000000000e+00
5.800000000000000000e+01 6.700000000000000000e+01 4.433271972656250000e+03 2.000000000000000000e+00
5.200000000000000000e+01 1.210000000000000000e+02 4.778917165123501036e+03 3.000000000000000000e+00
1.240000000000000000e+02 1.260000000000000000e+02 4.897246265627537468e+03 4.400000000000000000e+01
2.500000000000000000e+01 6.400000000000000000e+01 5.506952148437500000e+03 2.000000000000000000e+00
6.100000000000000000e+01 6.800000000000000000e+01 5.571414062500000000e+03 2.000000000000000000e+00
1.270000000000000000e+02 1.330000000000000000e+02 6.257021653659116055e+03 5.300000000000000000e+01
1.280000000000000000e+02 1.360000000000000000e+02 6.307491832649327989e+03 5.500000000000000000e+01
4.900000000000000000e+01 1.300000000000000000e+02 7.005424172517511579e+03 5.000000000000000000e+00
1.800000000000000000e+01 2.000000000000000000e+01 7.439451171875000000e+03 2.000000000000000000e+00
1.600000000000000000e+01 1.340000000000000000e+02 7.617631605550962377e+03 3.000000000000000000e+00
1.310000000000000000e+02 1.370000000000000000e+02 8.813501602374823051e+03 5.700000000000000000e+01
0.000000000000000000e+00 1.380000000000000000e+02 9.612389309621041320e+03 6.000000000000000000e+00
1.400000000000000000e+02 1.420000000000000000e+02 9.898578831279100996e+03 9.000000000000000000e+00
1.390000000000000000e+02 1.410000000000000000e+02 1.116756598101919735e+04 5.900000000000000000e+01
3.500000000000000000e+01 4.300000000000000000e+01 1.310338183593750000e+04 2.000000000000000000e+00
1.350000000000000000e+02 1.430000000000000000e+02 1.679313775632862598e+04 1.100000000000000000e+01
1.320000000000000000e+02 1.440000000000000000e+02 1.813304830141069760e+04 6.200000000000000000e+01
4.000000000000000000e+01 1.460000000000000000e+02 3.377251889603390009e+04 1.200000000000000000e+01
1.450000000000000000e+02 1.480000000000000000e+02 4.258172503798742400e+04 1.400000000000000000e+01
1.470000000000000000e+02 1.490000000000000000e+02 6.880752572659045109e+04 7.600000000000000000e+01
