1.260627383923656453e+02
1.325245521505755164e+02
1.281345971935101602e+02
1.390730974582226054e+02
1.257064185162007419e+02
1.395256779573844028e+02
1.436498016639537241e+02
1.302385863783655964e+02
1.300137683054433637e+02
1.452936140779749792e+02
1.249845372518206972e+02
1.256127161615153227e+02
1.322991918046714659e+02
1.368247624770269510e+02
1.321827620566808150e+02
7.692559162550841734e+01
1.286542467259398279e+02
1.081094451906810292e+02
1.292963068433312515e+02
9.048641527974233156e+01
1.293302286697629313e+02
1.304722272888149917e+02
1.322425778683512760e+02
1.297228890606790515e+02
6.392263956958755244e+01
1.213705606572503655e+02
1.314925555282877667e+02
1.214160169581596875e+02
1.258386503070516369e+02
1.337408831860660428e+02
1.225860351120130929e+02
1.256456084657087757e+02
1.350510473407169627e+02
1.303845466600844532e+02
1.802975485398286537e+02
1.223339491354385302e+02
1.229835316424752563e+02
1.204060446215742672e+02
1.162530260812628029e+02
2.496597221037802967e+02
1.106008180885380341e+02
2.253840937056855580e+02
2.627911929088265879e+02
1.074766368290883776e+02
1.298183654223383883e+02
1.423562517898571116e+02
1.247853475418165772e+02
1.366988307880565117e+02
1.083865182817671950e+02
1.294942222195814168e+02
7.186393678978355126e+01
2.116285875090554782e+02
1.642236326419295267e+02
6.990140617582801497e+01
1.233019848973053598e+02
1.290960194560034040e+02
7.639704143268637893e+01
8.891102650978368160e+01
9.813900339144620943e+01
1.297396369935488281e+02
9.041340723626143472e+01
7.899798792642437206e+01
1.235491937666610909e+02
9.197216638448141168e+01
1.183088909023984456e+02
1.262258378051559333e+02
1.228097952895940352e+02
1.051246225201249729e+02
1.328419646200868556e+02
1.253276945864197671e+02
1.203293677803959412e+02
1.225735442346880433e+02
1.322631714796298752e+02
1.381099941077301878e+02
1.297123709075724207e+02
2.300493446097074468e+01
2.292386250361212774e+01
3.918276507582189083e+01
5.248109392997446321e+01
5.059633380567066752e+01
5.336947889419839441e+01
2.367284537521663523e+01
2.434416976111760889e+01
6.195463410611724697e+01
3.162132342017969933e+01
3.106568527912511257e+01
3.908945985768983178e+01
3.309385982247270874e+01
3.158597013440669343e+01
1.213800596727613197e+02
1.976363096838046829e+01
7.544773545164434836e+01
2.178498671515272989e+01
6.562572170744461175e+01
2.294830998693152679e+01
2.184933822503175804e+01
2.456570640336947164e+01
1.464661507078727887e+01
1.050722905058724876e+02
2.694727363192768621e+01
1.550391058949334244e+01
3.227931273522974465e+01
2.161002210935563994e+01
3.415803919007780109e+01
2.609947679791230968e+01
2.642725336126155611e+01
3.341557734553116177e+01
2.137597921686154123e+01
2.135333147590023373e+02
2.733121588829106940e+01
2.663285280042030934e+01
3.617366060637723990e+01
3.457700949287136183e+01
2.600009692046568830e+02
8.112092653056799918e+01
1.183101030814963508e+02
2.839744222416489379e+02
3.516752291662894692e+01
2.540252635938322712e+01
5.107049797070609998e+01
2.227963418645315485e+01
5.288870983689606931e+01
1.121752779592138580e+02
2.237127485917697456e+01
6.913665213924585373e+01
1.359212003423576789e+02
1.342170314835089187e+02
6.377662230325171322e+01
2.398388044800682195e+01
1.257171847792407249e+01
7.772809036753233158e+01
6.220796184859682398e+01
5.361916146471541822e+01
2.554601795533899278e+01
1.600413411137124058e+02
5.866415535665301917e+01
2.716503846023097068e+01
8.447932795980955234e+01
3.590767020315547597e+01
2.430296854112683391e+01
6.706212774585442560e+01
1.633558680099242224e+02
3.627845763554437752e+01
1.885467581341172405e+01
2.240294326256858781e+01
2.272021974912136955e+01
2.310400698016657373e+01
5.002366351187466620e+01
2.924313161636398561e+01
1.594738834183888798e+01
2.270845123102404273e+01
3.364644141693204915e+01
2.919816903408942466e+01
3.112542190257049413e+01
1.446997005887073051e+01
1.982864608883155810e+01
3.785505116845151008e+01
1.645189364608174998e+01
1.597468187004989737e+01
2.266243119978633302e+01
2.014902207670030521e+01
1.590384909958168791e+01
1.217838078270315805e+02
2.348880387791160729e+01
6.432663493891408280e+01
2.082739104467872338e+01
6.584105438837393365e+01
1.421076696399772388e+01
1.647701817576179195e+01
1.113007943974470670e+01
1.788105345393275769e+01
1.171856523223390951e+02
2.785116756896820078e+01
1.586217324277304108e+01
2.474571722269329399e+01
3.145631006750766545e+01
1.722353139209541695e+01
1.806410552634691058e+01
1.810356678056519186e+01
1.617805812965714551e+01
1.622455376950465222e+01
2.023190664053347518e+02
2.453667041817904959e+01
1.567246679423836220e+01
3.220177906522070543e+01
4.026991198163490537e+01
2.330196717262101913e+02
6.731102486764947912e+01
7.669697825990132856e+01
2.790136726100561191e+02
3.311610455853087842e+01
1.532269758559807116e+01
3.220264164489883285e+01
2.632531382593548841e+01
3.524169935737479875e+01
1.074899065772096094e+02
2.697410479127832872e+01
7.522190585431151533e+01
1.025572565292224851e+02
9.939696656039043887e+01
7.249942430701023000e+01
2.385734683467736517e+01
2.661580389396565138e+01
8.636154605099976322e+01
7.314833937262196173e+01
5.561338900396729912e+01
1.699124026259548614e+01
1.845066527681788671e+02
6.922721928177192297e+01
1.549305287565804790e+01
9.442188068394401057e+01
3.612335749744912761e+01
1.227176694802167312e+01
6.061019953544430905e+01
1.731792663187538039e+02
2.379029595244582396e+01
1.597049780259361818e+01
2.507506157585002882e+01
1.679895651398434708e+01
1.249370133236943836e+01
2.943292621498125783e+01
1.643763390704544136e+01
2.262804688524569485e+01
3.084044241775983153e+01
2.586860465637331785e+01
2.789695633633383665e+01
1.594408641695739171e+01
1.845129382051801059e+01
3.378706355350019663e+01
1.723444556330501598e+01
1.749186761066771467e+01
2.104978649444547756e+01
1.864094124428623900e+01
1.644738487241001934e+01
1.164670737017223416e+02
1.902189227723394183e+01
6.434827989490217703e+01
1.865762808971629383e+01
6.347008475421704077e+01
1.151950865828562875e+01
1.637808344972078700e+01
1.365377456008934764e+01
1.942054515369899903e+01
1.103305015696175815e+02
2.370699488722229376e+01
1.844788189833741399e+01
2.112439121077257909e+01
2.714293425622207323e+01
1.721075936446097288e+01
1.418216243360969564e+01
1.907017789990671730e+01
1.790658786366361355e+01
1.593559996244127497e+01
1.993828781373628658e+02
2.273648262819607879e+01
1.646146734964536762e+01
2.930663186271067389e+01
3.151543537358335456e+01
2.535492654761855817e+02
6.431176094371251395e+01
8.548678528718966163e+01
2.803476048230700144e+02
3.093371554457384676e+01
1.303654073550005066e+01
3.004527738890987365e+01
2.249159667838992505e+01
3.212748123839968883e+01
9.746527885576674066e+01
2.428949833868042063e+01
6.853957075643688768e+01
1.114112643344306832e+02
1.050047580798329534e+02
6.882988593892031304e+01
1.796567076414448394e+01
2.848867660452384243e+01
7.855753671356399082e+01
6.231264172190998352e+01
5.407122667694959972e+01
1.354637197411898342e+01
1.748025209680793068e+02
5.865069448876130309e+01
1.683536788106967563e+01
8.688159004372829486e+01
2.872720393439019659e+01
1.344301610835675653e+01
4.874914706044324930e+01
1.679162475406020008e+02
1.977242778990376593e+01
1.620844064684813901e+01
1.973026985591379656e+01
1.638790034219696778e+01
1.532350836792257454e+01
2.784819677669187854e+01
1.676097450648690312e+01
2.293444726106307385e+01
1.936171763375782717e+01
1.823913914276380055e+01
2.125014599559469275e+01
2.913081031176195879e+01
2.636435051624908255e+01
1.507196014711193932e+01
1.810740740942530280e+01
1.503077426618879642e+01
1.518645144416671755e+01
1.059385736763909414e+01
1.186829365978415325e+02
2.760516764403849521e+01
6.327617579947835225e+01
2.810930967454164531e+01
7.371479593074778336e+01
1.751318393080769198e+01
1.809098676599289490e+01
1.642146183600759812e+01
2.856607701136295319e+01
1.206979911539283137e+02
3.286740042272810314e+01
2.626323115270767516e+01
2.423350580327420190e+01
4.677318205990195565e+01
1.137912056535381211e+01
2.251164062227627483e+01
2.389383845652183069e+01
1.303094051875368820e+01
2.026557991241791257e+01
1.954002629344998638e+02
2.894006216653895081e+01
1.831938134480746783e+01
3.029885371573058706e+01
4.665006478080531593e+01
2.438930757917660515e+02
5.604561854052107606e+01
6.343204688884907227e+01
2.764631507813401754e+02
3.457531836535996206e+01
2.044795768424912197e+01
2.203913874303638920e+01
3.478086286890427914e+01
2.845212356486113947e+01
1.003658190797234937e+02
4.024177887405411980e+01
8.130260800685894651e+01
9.731162486950205448e+01
8.589029051328390096e+01
7.427465682182946694e+01
2.882385905808703797e+01
4.311470667229705356e+01
9.175550835823104023e+01
7.634058190038963687e+01
6.052521206537149112e+01
1.570359583722539476e+01
1.937136860341011300e+02
7.418527500686064968e+01
1.654327477969534499e+01
9.801652271439635911e+01
3.689157488479671088e+01
1.721876740534325734e+01
6.464663976406394852e+01
1.732066501805674363e+02
1.153484952103303485e+01
2.626861235936271299e+01
2.977594540122223776e+01
1.847663760891060036e+01
1.722298215029503154e+01
1.740016071574068590e+01
1.642156917546678940e+01
1.319976777857245054e+01
1.497565807803277416e+01
3.379569371907684427e+01
4.813928680519135384e+01
2.492711528203046356e+01
2.311734734083604081e+01
2.763684887387084643e+01
2.150040416659179954e+01
2.386930357506581402e+01
1.801858118163101352e+01
1.107182707795974039e+02
4.120736744658317718e+01
6.048801323280932252e+01
4.033496370302945877e+01
5.938679109063508577e+01
2.779739899732257058e+01
3.122384571618482596e+01
2.733712374114920607e+01
4.118128697877864397e+01
1.075135005227305527e+02
4.165453835132877458e+01
3.684984970241826119e+01
3.145113095495219113e+01
6.333759768885670383e+01
1.978847285902922692e+01
3.139096535220683393e+01
2.917454412470187819e+01
2.397822043928901792e+01
3.752791586612113406e+01
1.795621588344282884e+02
3.878867417326517142e+01
2.660507796213352805e+01
3.656237882923346660e+01
5.232574289762516884e+01
2.550108403066467417e+02
4.745294227087281058e+01
8.443182531302221605e+01
2.655496741763367936e+02
3.913102488664941347e+01
3.091232982813256669e+01
1.863186678595584311e+01
5.235742781236746168e+01
2.576051732654502402e+01
8.717893051362104018e+01
4.587208823735163321e+01
6.691252947223325975e+01
1.123429913394338087e+02
1.011749677824365108e+02
7.249804878099379835e+01
3.752135045765201227e+01
5.784227212296966769e+01
8.996488142922257225e+01
6.979784856417319361e+01
6.301989993995724149e+01
2.745615565370496469e+01
1.758485799259565567e+02
7.078913195766151034e+01
2.798948638612401751e+01
9.564648918115096876e+01
4.339693235544397965e+01
2.644532651198787576e+01
5.941197981455702148e+01
1.527216434109684542e+02
2.194715166216685986e+01
3.893131379647819301e+01
3.682285651746058619e+01
3.063521974366432943e+01
2.912516579144649853e+01
1.420985759622187850e+01
2.646138837109443642e+01
8.782720354233493509e+00
2.885178706610321697e+01
4.426189138861097661e+01
2.473444295414335059e+01
1.836096124237990779e+01
2.621629748560516404e+01
1.602733901671877348e+01
1.792369785336258659e+01
1.331480537432561029e+01
1.172479901682209089e+02
3.649869087892968622e+01
5.986927056377409428e+01
3.462614765896078950e+01
6.350558322792234378e+01
2.265130060956418490e+01
2.704733668618591835e+01
2.062796706048672490e+01
3.601087598156169634e+01
1.186123418459398096e+02
4.004669275690733343e+01
3.070037756691026942e+01
2.343552172017668056e+01
6.295141000490895067e+01
1.825128501289838923e+01
2.735496939411202888e+01
2.668214935170614410e+01
2.101965275439771474e+01
3.256726583277308862e+01
1.945663984692180577e+02
3.433552764271217228e+01
2.172716087222528358e+01
3.259359697119408850e+01
5.084523289281861480e+01
2.804633473998147792e+02
5.464242628330636364e+01
9.649377584963264098e+01
2.898196250586211704e+02
3.645928584173803699e+01
2.670814315342624212e+01
1.561386175211305272e+01
4.853249797658877185e+01
1.878575733525413938e+01
9.231739113825359766e+01
4.603843165214782118e+01
7.130426115184226887e+01
1.219504109773824894e+02
1.083700860480030173e+02
8.004362314583636362e+01
3.347476364223363277e+01
5.383334936661086090e+01
9.804464322158575840e+01
7.628829371659459468e+01
6.696382166068796948e+01
2.222326022698721459e+01
1.830620421517103580e+02
7.334551323022424185e+01
2.373077202507578676e+01
9.575115237485134401e+01
3.940377586835026591e+01
2.016723740454584046e+01
5.809587003576480413e+01
1.710652682678100405e+02
1.767608195204001476e+01
3.365055222730499196e+01
3.000919121315500959e+01
2.709811499723869588e+01
2.261975618618354389e+01
9.924215266823825488e+00
2.422326981797946388e+01
3.304707092352563791e+01
4.576624395099464948e+01
1.956917391305740495e+01
1.782292367041005576e+01
2.667038256765973614e+01
1.612340846329117028e+01
1.996559291439681516e+01
1.351772239652660446e+01
1.173377575841833220e+02
3.886766279812727021e+01
6.110794721923956274e+01
3.837497249113416586e+01
6.700110123447679200e+01
2.351957950565297040e+01
2.785920265088786962e+01
2.221014127252485437e+01
3.844054008120654231e+01
1.203451320906807638e+02
4.093801809282398096e+01
3.309088901389730353e+01
2.418018219123878509e+01
6.595862918681211795e+01
1.677883170036619020e+01
3.009659261997667556e+01
2.649873234886928230e+01
2.154051059691858683e+01
3.308965361368855440e+01
1.917962232397277376e+02
3.588091334999121784e+01
2.231804783747369569e+01
3.294675810711347452e+01
5.339822649607405936e+01
2.660056760423754554e+02
5.315650733870032241e+01
7.441791745872681929e+01
2.795650175306502661e+02
3.745252595153478836e+01
2.873656542311691453e+01
1.521170176585181011e+01
5.193261083995117389e+01
1.956807762142421936e+01
9.264911222598314566e+01
4.862255013189330555e+01
7.083069771935642223e+01
1.052856584030096201e+02
9.479525051115797396e+01
7.970584375162869151e+01
3.600053308638145211e+01
5.691731013496714553e+01
1.017139033761263676e+02
7.667714243738043933e+01
6.881965395509666905e+01
2.293483754988029233e+01
1.842545051297451835e+02
7.537440221257445216e+01
2.389902416092357385e+01
9.578984438839728455e+01
3.975943533917408246e+01
2.129150321028114590e+01
6.440764776232872180e+01
1.720358069149469884e+02
1.785287021575395983e+01
3.558038069211544752e+01
3.120634804058382628e+01
2.757363727500010597e+01
2.380884907634780845e+01
9.560623018712089305e+00
2.486529533907365064e+01
1.717591076838727204e+01
4.112349431822148915e+01
1.631268493812743614e+01
1.302141090364198561e+01
2.264864145373663717e+01
2.065731662877736241e+01
1.360405187551220685e+01
1.198791558436022626e+02
2.008540168715466834e+01
6.560825332945903199e+01
1.902165392294158153e+01
6.749965085894669414e+01
1.343728807567774908e+01
1.307723179402991853e+01
7.821399834374330950e+00
1.612665787581985555e+01
1.137677591336577620e+02
2.554865149827207915e+01
1.377477141959734297e+01
2.008541999907001951e+01
2.710534345348325758e+01
1.540829660191356432e+01
1.561699315651541831e+01
1.800506377747359110e+01
1.640070603798073279e+01
1.133429837194523770e+01
2.025177975271367359e+02
2.187167460496911175e+01
1.458748985566587741e+01
3.239387101081858589e+01
3.951451634918306866e+01
2.429773064736599508e+02
6.698710108446825018e+01
7.913530920892615939e+01
2.809478751913434849e+02
3.086822305191876126e+01
1.341586880981637009e+01
3.250806489918464592e+01
2.518272022089532669e+01
3.575480671458903004e+01
1.072825250048205987e+02
2.449550046247462376e+01
7.430540315156875408e+01
1.043581442810210973e+02
9.953833340917972805e+01
7.158381573725054636e+01
2.127365648005661569e+01
2.487729559825554304e+01
8.403728092841487296e+01
6.978688659164092201e+01
5.212906365351638271e+01
1.458184906289082328e+01
1.896253169489698394e+02
6.784659208369143357e+01
1.122816178393557607e+01
9.370465778240998134e+01
3.249746691274809507e+01
1.135826529165503018e+01
6.244210072016200286e+01
1.693582436256224355e+02
2.085680852885618464e+01
1.649968475630272380e+01
2.121716067050488874e+01
1.081549492057651563e+01
1.074319965968310342e+01
3.069785580553298843e+01
1.495500998093903711e+01
5.846187704593687329e+01
2.391773274986232067e+01
2.180857260593721136e+01
3.208173296251194984e+01
2.728661330331673440e+01
2.309228216604739359e+01
1.233154200164578356e+02
1.184396929603143178e+01
7.488244590076892848e+01
1.403589290741674667e+01
7.398770307448180006e+01
1.801894153021448375e+01
1.614606274925243667e+01
1.707122075973732933e+01
1.720078347271148900e+01
1.149332218605303808e+02
2.406776973194808988e+01
2.088752400829956102e+01
2.590516587831311668e+01
2.605005523650890353e+01
2.678786819199843450e+01
2.018221402737060544e+01
2.756383589061305983e+01
2.367075824900156533e+01
1.633590724504645664e+01
2.231239559452670846e+02
2.461822598442561727e+01
2.136455265205241005e+01
3.195009960811625760e+01
3.742354818833400998e+01
2.674087403088109909e+02
8.424947669101909753e+01
1.056344945951534555e+02
2.945901610427516175e+02
3.351075765332251422e+01
2.117520603985945726e+01
4.834400061847610175e+01
2.065392544723298229e+01
4.986770317549300557e+01
1.166817585073486043e+02
3.662302811567672478e+01
7.846781857627513546e+01
1.284846739725896327e+02
1.267230724898776941e+02
7.231055306905921043e+01
2.544368674227381533e+01
2.266833943450348343e+01
7.883405051102823791e+01
7.199659034590465012e+01
5.877341751425359462e+01
1.545002211053441599e+01
1.913504916905120297e+02
6.422808238521685098e+01
1.865748357752211817e+01
9.236368442797771650e+01
3.228408884307199855e+01
1.923274030719844063e+01
6.225986706152353634e+01
1.729959979729945019e+02
2.738315660147161879e+01
1.432164953313520073e+01
2.447920693507285250e+01
1.749002564575688012e+01
1.864082859894775623e+01
4.184578640813985828e+01
1.959568191941887250e+01
2.002716117143560481e+01
2.898195752320677343e+01
2.199520447307601145e+01
3.069889389511447320e+01
1.898685442805492229e+01
1.147532981841451942e+02
4.902802038981745625e+01
6.452405319591363764e+01
4.967806353339976511e+01
7.506158417269344341e+01
3.248623986317871015e+01
3.637904713061465145e+01
3.142333304063645372e+01
4.892518993666247695e+01
1.211096400179007730e+02
5.019654288401434172e+01
4.315597659533455754e+01
2.890858347763538205e+01
7.989495554625875684e+01
1.859373872479098111e+01
3.631118005591118703e+01
3.197048148059964490e+01
2.630531451267311382e+01
4.366293513079575916e+01
1.835924270369020803e+02
4.368004442547457700e+01
2.808139102416663846e+01
3.434530528091612211e+01
6.049863491587938569e+01
2.526169498329372800e+02
4.733386286805750842e+01
6.624725486130205354e+01
2.736009089398712604e+02
4.027880283559767349e+01
3.492376114530246412e+01
2.569008657377919036e+01
6.281935509029558062e+01
2.588112229514177898e+01
9.105297592793239403e+01
5.401262969210781506e+01
8.036671069541795021e+01
9.814438580391285427e+01
9.050805523418993914e+01
7.741822297560679544e+01
3.983597234122763808e+01
7.130193045429652443e+01
1.068143513720542614e+02
7.907938733403719311e+01
7.298937703787595410e+01
3.415763125798600441e+01
1.753625706391236463e+02
7.897194919573527727e+01
3.074814116273820019e+01
9.674373655521445414e+01
4.393193887421880106e+01
2.913954253547762008e+01
7.421156445264311685e+01
1.703991674367142082e+02
2.434375841026068699e+01
4.604536618321381525e+01
3.948679069990224377e+01
3.625147736940609633e+01
3.347182757463582448e+01
2.436551331908299289e+01
3.145727633570109205e+01
8.162237808467464717e+00
1.097626285613466024e+01
1.758742675297565583e+01
8.981843057179485612e+00
1.094981630894328646e+02
2.466330865273944539e+01
6.090273789128524129e+01
2.318851010609027696e+01
6.138342719042518070e+01
1.602054066891948025e+01
1.812013235162753944e+01
1.018791196757421780e+01
2.280780308595910810e+01
1.066471123914174655e+02
3.302990341989021772e+01
2.056893420358392177e+01
1.413378743444213725e+01
4.164170742146400528e+01
8.740317076409066743e+00
1.561881081286571948e+01
2.057810507633499597e+01
9.788569195515572474e+00
1.849987960255716146e+01
1.780624523029912893e+02
2.543163797202850063e+01
9.879980168984143774e+00
2.433423402874978336e+01
4.275996118945916891e+01
2.106215953686180171e+02
5.209771724954072880e+01
4.587013248991061687e+01
2.573231361332655638e+02
2.377648584226255934e+01
1.381486513850833120e+01
2.391570796887009109e+01
2.927464373930218500e+01
2.282522853723976652e+01
9.127263719045984658e+01
3.172959074460701601e+01
6.930523964432930484e+01
7.669864759789247444e+01
6.959520185986919216e+01
6.460941324871798486e+01
2.119958392894802301e+01
3.908421526750150576e+01
8.392285771928094107e+01
7.582891888376653355e+01
5.425827581785227238e+01
1.826119263455128561e+01
1.735111662623232860e+02
5.927392257484034843e+01
9.534577520222534019e+00
8.663839144640601830e+01
2.805618733561450284e+01
8.922358913823121185e+00
6.215896682173250554e+01
1.587340842530025498e+02
1.548641826713243219e+01
1.934813291128604362e+01
2.653940152038124012e+01
1.719703745952598339e+01
1.293541140277456769e+01
1.813355649751336074e+01
1.621185691705586862e+01
1.521241442204886418e+01
1.926119312809221285e+01
1.104878645046623653e+01
1.167233165733547651e+02
2.451470367818084384e+01
6.293909480476464324e+01
2.173876607147754925e+01
6.634766958038986218e+01
1.624003027006988020e+01
1.755667786971065425e+01
1.029121675584976359e+01
2.285906291217309416e+01
1.130263445352101712e+02
3.007950796581233277e+01
2.130360250574774739e+01
1.806068400699395937e+01
3.837641610279072779e+01
1.120186976764378706e+01
1.493354926357437051e+01
1.887197642838281553e+01
1.276444007910485112e+01
1.867240038408558434e+01
1.895597894747101577e+02
2.414685685794874459e+01
8.464163634093965882e+00
2.843309745187831794e+01
4.297694298909718214e+01
2.342505373861220619e+02
6.002029252568863882e+01
6.156838334349602349e+01
2.665302494419175332e+02
2.702462769768948903e+01
1.335736190000151424e+01
3.063265936804720724e+01
2.589954816090927636e+01
3.198336093165351812e+01
1.026615461176453152e+02
3.090784304238513158e+01
7.362940503210481324e+01
8.909388828134052574e+01
8.208642910846180030e+01
6.598039566491124219e+01
2.126931975001616593e+01
3.703178822231551948e+01
8.307685757641618807e+01
7.440919934770259658e+01
5.280392459564701113e+01
1.930396552535416888e+01
1.878485349783388187e+02
6.701737622466244204e+01
7.598267780256928283e+00
9.365294593894063269e+01
3.453476559102013255e+01
7.481926223482203042e+00
6.509500923041547082e+01
1.668817402681471833e+02
1.793622437125019786e+01
1.719808974013171010e+01
2.744288080867008972e+01
1.413630812724370678e+01
1.236209059868368243e+01
2.458696599154050588e+01
1.584775883260829943e+01
1.440723940821098026e+01
1.086434815119011787e+01
1.168198879000697161e+02
2.894301009985729678e+01
5.923895369237614261e+01
2.682726243756057727e+01
7.111007861105866823e+01
1.929505718828257343e+01
2.273828840045282007e+01
1.544387823999943521e+01
2.790346970030483931e+01
1.139488775120322401e+02
3.470786607868242157e+01
2.429201245516143359e+01
2.073555134490880292e+01
4.843804849137760016e+01
1.239349989797343454e+01
1.984302174851428191e+01
2.396250432060308810e+01
1.425684440645063589e+01
2.415421417124498049e+01
1.926933190850392634e+02
2.586028525325826877e+01
1.401890654581530349e+01
3.102106564916304166e+01
4.547576883919290935e+01
2.456609983843729310e+02
5.811261273967640761e+01
6.730911106669000787e+01
2.690053826321134238e+02
3.016580567911062616e+01
1.973671176504375069e+01
2.160919813319512883e+01
3.671526515555511594e+01
2.257601981995246376e+01
9.434983195248383936e+01
3.908114614132288978e+01
7.883605864149336639e+01
9.523806695515435194e+01
8.899010442068544080e+01
7.052146870060562378e+01
2.748441705909817045e+01
4.314001247335949785e+01
8.884857337852811554e+01
7.730502076158491320e+01
6.060461553566517523e+01
1.945073532023875629e+01
1.828409223392390857e+02
6.837024341299596131e+01
1.492822428836052140e+01
9.604181209572631417e+01
3.446043123850427747e+01
1.331682280200668700e+01
6.405785452303928196e+01
1.643762231614736038e+02
1.502072737955771409e+01
2.486909053977819894e+01
2.764861542707298270e+01
2.140715506709393523e+01
1.711606993826605105e+01
1.654842546298099037e+01
1.958431839657631102e+01
1.104470224284034252e+01
1.196305105565183311e+02
2.581781939157550454e+01
6.634683295171234363e+01
2.235814081683081156e+01
6.980601663581086314e+01
1.568795281187672508e+01
2.009575351448285119e+01
1.421815714993207713e+01
2.341044504504235846e+01
1.145207616003875017e+02
3.147642134685212412e+01
2.044295615394269561e+01
2.335184584792737894e+01
4.185423960113641328e+01
1.242198715082674276e+01
1.895481162656432872e+01
1.989426604956332767e+01
1.388426057076339504e+01
1.974581270828697654e+01
2.021101308186214283e+02
2.770419815940766739e+01
1.639813850596045341e+01
3.420300847042776127e+01
4.019935933903582281e+01
2.682284652895179988e+02
6.280818360995173322e+01
9.040865312545105326e+01
2.900115454830999511e+02
3.408817991076007559e+01
1.830627742482287346e+01
2.379247475054082983e+01
3.221100767560769640e+01
2.862224154330290560e+01
9.960560662851462155e+01
3.725588322662883911e+01
7.758777722288952816e+01
1.184368443348607656e+02
1.081366756535042555e+02
7.620242304388261800e+01
2.553110341530884853e+01
3.439911099407326844e+01
8.746689991676788622e+01
7.220621434930251326e+01
6.107694860378780533e+01
1.504944961044285989e+01
1.814431171092139152e+02
6.753809244000493095e+01
1.714268803186931578e+01
9.637562164026779499e+01
3.554771991977483481e+01
1.373314962190404032e+01
5.929858611661165213e+01
1.702608158874788273e+02
1.641489076918711731e+01
2.119061868237574942e+01
2.357621166033798232e+01
1.976618039306769958e+01
1.484342103583543704e+01
1.841304694982652990e+01
1.942494490005074326e+01
1.161789773448124095e+02
2.306256369192423250e+01
6.204489054131590819e+01
2.178005167550220023e+01
6.356082546793729193e+01
1.165799463477262954e+01
1.623449223688106713e+01
7.379081800231929833e+00
2.116527099793223954e+01
1.144221284390450535e+02
3.143974548490129806e+01
1.837929571099223836e+01
1.702732365008840532e+01
3.973679655920479803e+01
4.704306645133155662e+00
1.689807498377206585e+01
1.713790694533918568e+01
5.217492447842664305e+00
1.595346881768569247e+01
1.813709455821308723e+02
2.501305984359183299e+01
1.231585045949246116e+01
2.885253903498917794e+01
4.185470571258655070e+01
2.237610257559435922e+02
5.178604949200556717e+01
4.947725429658114393e+01
2.699331684816902452e+02
2.814337509658852454e+01
1.054943657046773708e+01
1.887105165851134103e+01
2.852024059832853453e+01
2.404493860653235870e+01
9.481473222091680952e+01
3.045091738492605771e+01
7.163254105693650331e+01
8.583287898510938874e+01
7.273981950589889323e+01
6.995563207459778710e+01
2.363384085393683876e+01
3.554266589067776039e+01
8.630385955705639844e+01
7.395085520165940807e+01
5.597317084112194152e+01
1.277250634699872300e+01
1.848780389769868009e+02
6.662225329583679923e+01
1.192656011295570728e+01
9.251275728732657910e+01
3.363827788438629796e+01
9.256397894002631688e+00
6.094419135089627559e+01
1.703625666387009403e+02
1.073568389083167318e+01
1.876820400524712085e+01
2.370999471917714629e+01
1.582711507340689749e+01
9.328794777238817559e+00
1.348162644413952904e+01
1.282302220845945584e+01
1.201994512291747128e+02
8.592699539859422941e+01
1.236028062005343031e+02
9.902320206221720866e+01
1.153722243907793228e+02
1.182110798142187917e+02
1.203254914552201882e+02
1.203608962591856368e+02
5.518713426737585337e+01
1.224558819879520399e+02
1.223415638736409647e+02
1.053651934415314884e+02
1.238924663692663728e+02
1.177405479648968623e+02
1.150859531253822468e+02
1.126808463757476773e+02
1.204047837471067623e+02
1.177155137840205583e+02
1.474026789109235835e+02
1.104782002796969920e+02
1.104510467468186903e+02
1.074151143216551247e+02
1.173504776202767488e+02
1.722317920883237434e+02
6.003462545104518000e+01
1.726380154183190996e+02
2.046762642979739155e+02
9.820085286572734162e+01
1.174495473209740624e+02
1.220250961971924397e+02
1.229698789128137406e+02
1.099232272521283846e+02
5.178761135312546315e+01
1.211154030317040480e+02
5.061265610196140585e+01
1.808489661222425298e+02
7.682908439231427167e+01
2.871714401585518672e+01
1.109341828508953967e+02
1.277632186251206292e+02
6.738206707692350506e+01
1.296320891148080818e+02
1.057279122205604551e+02
1.164064828073722140e+02
9.528171246218445845e+01
5.073256877232914519e+01
1.116860893362455727e+02
5.862376061679579209e+01
1.086035707172972309e+02
1.190829897733678138e+02
1.379071392767305895e+02
1.033852606792945608e+02
1.157169923360496853e+02
1.227366446707855800e+02
1.079476399030075413e+02
1.149513599204765768e+02
1.207391494880237843e+02
1.209442284235204994e+02
1.176660762369533018e+02
6.988945554976716323e+01
1.511838247208459762e+01
6.717148721567527048e+01
1.605072918213005195e+01
1.693870624543325576e+01
2.090364639712657180e+01
1.628513414653838964e+01
1.122419592304712523e+02
1.870555614485977713e+01
1.638800350575874987e+01
2.767412522351985871e+01
1.793894979905082110e+01
2.574456087224061207e+01
2.112076109906722365e+01
2.416536526784140904e+01
2.438047719674521829e+01
1.966216087320520600e+01
2.090024215585535785e+02
2.353575604297881796e+01
2.273584905921023491e+01
3.331847058260792949e+01
3.583523164530110705e+01
2.628567107274427030e+02
7.417178835570705075e+01
1.015112117854291682e+02
2.878193400286448878e+02
3.432386439353417984e+01
2.224512359252502591e+01
4.086531740345678543e+01
1.329939140840908607e+01
4.391684037344560920e+01
1.040277709808796089e+02
3.427165161372588642e+01
7.283570756169311267e+01
1.241968648042395387e+02
1.146177595942371994e+02
7.443208860483667877e+01
2.344210291233380161e+01
2.422204964764283730e+01
7.835294997852643917e+01
7.009176864567203324e+01
5.545454669062442576e+01
1.792409007849786917e+01
1.789543001320475639e+02
6.135434755218113878e+01
2.113491450269258465e+01
9.291859134951604915e+01
3.398204308819520492e+01
2.081394956830748200e+01
5.853245514899622037e+01
1.693343830357239312e+02
2.329650830294614394e+01
1.446403750043655023e+01
2.259378194848058996e+01
1.715314764869659570e+01
2.022049296751998781e+01
3.762125363150718727e+01
1.824252041515595835e+01
7.191202696012985029e+01
6.838298586738700635e+01
6.184955814652028749e+01
6.323127002063943536e+01
6.540090367118978065e+01
7.156630204838485554e+01
8.424861285217099294e+01
5.997453419583111156e+01
6.890398911124006531e+01
5.675832947086368563e+01
8.640351559954837057e+01
6.596896025645111195e+01
6.250262589823890380e+01
6.708796497008874837e+01
6.636714465826469223e+01
7.112657476727655137e+01
1.641894347813187665e+02
6.000141682516092345e+01
6.036916672871164735e+01
5.853034802510703827e+01
7.634939688451828488e+01
2.329705764028673798e+02
7.485060058039510977e+01
1.246950643085008181e+02
2.311259698265499196e+02
5.924543605319028927e+01
6.824552725471531289e+01
5.729013256356090267e+01
7.549288646253263835e+01
5.553728908872389525e+01
7.851877202094293295e+01
7.691427282304732671e+01
6.872093375305352936e+01
1.204616620687353787e+02
1.156866822366804683e+02
7.131306904522951129e+01
6.048264573377517195e+01
8.223437772377818078e+01
9.388226246776369521e+01
8.306126371079702153e+01
8.204733336141892153e+01
6.377805742088277441e+01
1.180694179641291299e+02
6.673006368715789449e+01
6.017203038584357699e+01
9.485936419119114760e+01
5.719504291697334963e+01
6.210327754517273036e+01
8.236507331932972420e+01
1.099625117724050511e+02
6.110919083633784510e+01
6.831895769975520238e+01
6.194709035055387858e+01
6.139673231325350855e+01
6.588182443242861552e+01
6.120476990823070196e+01
6.502217220248000729e+01
6.658154240177540828e+01
1.773559825328136696e+01
2.195617188562525968e+01
1.673098814591809713e+01
1.283931898888308076e+01
1.139776188016107739e+02
2.340735707652495634e+01
1.140039027947597461e+01
2.747654997764455231e+01
2.591372767120567033e+01
2.395713455717221763e+01
1.740543870607782750e+01
2.237633140941549570e+01
2.292963213793970922e+01
1.850073148936792222e+01
2.186810630793874282e+02
2.562195479493199457e+01
2.123605530678521092e+01
3.582072269805924947e+01
3.395200085135876833e+01
2.715772118232846992e+02
7.696010756750152382e+01
1.041129711227460461e+02
2.961649033689951693e+02
3.540421426099325686e+01
1.718903356130006088e+01
4.113076535748504625e+01
1.504127166197986654e+01
4.125005674624792107e+01
1.113905900445356423e+02
3.219073711284001860e+01
7.335140694258144833e+01
1.271648784697006533e+02
1.227552864317389805e+02
7.722163876683940487e+01
2.706084013639210539e+01
1.710723670087024928e+01
7.982145653150080022e+01
6.874259644894621601e+01
6.010308194094483270e+01
1.719969327660110281e+01
1.898194401106239297e+02
6.759295232991104285e+01
1.853652853437854020e+01
9.553599144764893936e+01
3.488557237618908857e+01
1.735169182326839277e+01
5.631126406610376733e+01
1.678538365023367191e+02
2.809776769523066520e+01
1.078232594625105634e+01
2.097694153624751934e+01
2.070349734157869648e+01
1.767809003104965626e+01
3.579542564943997718e+01
2.146463964203949359e+01
6.207763290091018149e+01
6.486207025393977688e+01
6.608867868480494678e+01
6.659388407316757252e+01
8.462549285411694200e+01
6.307728587264443121e+01
6.708148541236388951e+01
5.590310314725304153e+01
7.201179811080289994e+01
6.756791730701137055e+01
6.329738013478440450e+01
6.055711241116082988e+01
6.953204226495219586e+01
6.895789127788329154e+01
1.861966046673906874e+02
6.173696867961253787e+01
6.165162087452650042e+01
5.244915007898962500e+01
7.134029312848855398e+01
2.543313444155169520e+02
5.828975258166346407e+01
1.781706332557560586e+02
2.799412419144882733e+02
4.144549080156737375e+01
6.656772215063135434e+01
6.963962868803776018e+01
6.999098079911809123e+01
6.197953441732126123e+01
1.007263461761944257e+02
6.200288226143882753e+01
3.765688467088192226e+01
1.668678374985510118e+02
1.430654685114074596e+02
5.471387390600121137e+01
6.233853371771120067e+01
7.251147412329433450e+01
7.305493991090126826e+01
8.057080006085303125e+01
7.076020542973895999e+01
6.476903641828648972e+01
1.505936891381208511e+02
5.786073512070444735e+01
6.380107235813554212e+01
7.582975599378694653e+01
5.208099496176671295e+01
6.515613850011874320e+01
7.761176625905753212e+01
1.359070138188862131e+02
6.531526025494680709e+01
6.764603482239806453e+01
5.829771512716304471e+01
6.354720152715754011e+01
6.663366854167837516e+01
6.849900298431499834e+01
6.413262861827089978e+01
1.379147728421500219e+01
1.085293489883146734e+01
1.784609096970063291e+01
1.115804108451956722e+02
2.279385611206090800e+01
1.704851831190286759e+01
2.017855299194413377e+01
2.554579529314552389e+01
1.410957285826815699e+01
1.642988926380992609e+01
1.769643654996932369e+01
1.438646025726714406e+01
1.537698887235577772e+01
1.985900466930980315e+02
1.974222166430487491e+01
1.599266696290860068e+01
2.660632889359709807e+01
3.580878950806266658e+01
2.577133177569847930e+02
6.191681814520992333e+01
8.153343289601473032e+01
2.827553811165597040e+02
2.869262284665708762e+01
1.270456331037005171e+01
2.653671863289008925e+01
1.989041686016452104e+01
3.088688118571123908e+01
9.517351319617003469e+01
2.619766790860921546e+01
6.665699492531317105e+01
1.096159462371426940e+02
1.019388442981622518e+02
6.631959286674927512e+01
1.950730362717499844e+01
2.480444165085143027e+01
7.992176559961556848e+01
7.049366102272793455e+01
5.294526458519743528e+01
9.110604707862098195e+00
1.734807948690842352e+02
5.747646091975661164e+01
1.361602427536765703e+01
8.624949234121388031e+01
3.029015889998646216e+01
1.261191022808830198e+01
5.780638190772914697e+01
1.684253785996463648e+02
1.428684504574158964e+01
1.474958420882940047e+01
2.012439764719707824e+01
1.275776839029513354e+01
1.141788476876850922e+01
2.319154794948276788e+01
1.449210271218786872e+01
1.509109986538728521e+01
1.906581973284787423e+01
1.124639044221571993e+02
2.117168569942098699e+01
1.853556939822826166e+01
2.148842128503145688e+01
2.393816608718529437e+01
1.832369297549878695e+01
1.838545647065644317e+01
2.092269199157295390e+01
1.723240147588796845e+01
1.406285000517926065e+01
1.893127874112290385e+02
1.986852905089473609e+01
1.602556872619520334e+01
2.595079897017949122e+01
3.741226726532326552e+01
2.313905890482323855e+02
6.047036200333330669e+01
7.129317192782924906e+01
2.698171517185862172e+02
2.893148329625147142e+01
1.751394956348704213e+01
3.028262090113665295e+01
2.246305260800365033e+01
3.348574247975969342e+01
9.497073357141908900e+01
3.010579015581940254e+01
6.884060208341009002e+01
1.000621934461991884e+02
8.655166577551356966e+01
6.517098605293833202e+01
2.029509796300981606e+01
2.897345769002747318e+01
8.147264634345354750e+01
7.177424025006615693e+01
5.157579596592157856e+01
1.347696244932101983e+01
1.813312365460501496e+02
5.853545927775362401e+01
1.567179774553398985e+01
8.848455250263086214e+01
3.180701168660127820e+01
1.512109358333552223e+01
6.095902868231138427e+01
1.642138534363828626e+02
1.584306317787371299e+01
1.788648095418280093e+01
2.327074753411572772e+01
1.172298752674954869e+01
1.413680424146365766e+01
2.682590945420564665e+01
1.450429631002818986e+01
1.522860924746398403e+01
1.146818421746647090e+02
2.796878529665252699e+01
1.283286759074774785e+01
1.980947417435673685e+01
3.090836286375915876e+01
8.995958973675010739e+00
1.586941921374389253e+01
1.447092320052293246e+01
8.823334444188395409e+00
1.067935916481069469e+01
1.911114546560539793e+02
2.409800619289985590e+01
1.109595896585322450e+01
3.279167313411188189e+01
4.023894546963573760e+01
2.249324761647154389e+02
6.079399092175056296e+01
6.017119636734210530e+01
2.760465073614475955e+02
3.148045361508244966e+01
7.581376792759304095e+00
2.576653132873236984e+01
2.273499871800241934e+01
3.077917200099006578e+01
1.019873782438559573e+02
2.698504891875698419e+01
7.292215482236777291e+01
9.262928237168125634e+01
8.523440410002550038e+01
7.278474623343682026e+01
2.194484168183775807e+01
2.629020624609783496e+01
8.480737788161737001e+01
7.336887808830942959e+01
5.578451475084383304e+01
1.375255157910909887e+01
1.882858380286972420e+02
6.820726519088324835e+01
1.084437934585789876e+01
9.530383086357319655e+01
3.398367990327039934e+01
6.518197801574537209e+00
5.829808817574868840e+01
1.715521780606389370e+02
1.873534073970431280e+01
1.217684711676639253e+01
2.066220545405747799e+01
1.386873993945963157e+01
4.027685072722322346e+00
2.112124819076547766e+01
1.267507921230592949e+01
1.145319787703835175e+02
2.573763277235677549e+01
1.171725416884172333e+01
2.760462626009170961e+01
2.294388196235215460e+01
2.382237309225017796e+01
2.055154106717884943e+01
1.651954582266120752e+01
2.380640740764495078e+01
1.583952218944065038e+01
2.145519167113456547e+02
2.417284286807850080e+01
1.926290905254421304e+01
3.545532094880898910e+01
3.731203613196323943e+01
2.696013386475442530e+02
7.473127241672938226e+01
9.836974646993299132e+01
2.913619255891946409e+02
3.375668143706442947e+01
1.814764764605660829e+01
4.037105545187375810e+01
1.853113360042207702e+01
4.177900813054204576e+01
1.098181838183157026e+02
2.757705439653661372e+01
7.162292329681388026e+01
1.213035019841607607e+02
1.193970870328779625e+02
7.143019116234148669e+01
2.562599352924624085e+01
1.184303547902466214e+01
8.233705893288437494e+01
6.762276861573019460e+01
5.518662776473648535e+01
1.969428960757740299e+01
1.912641597692691562e+02
6.471395625118618966e+01
1.755830904940755843e+01
9.358514871602018559e+01
3.636916836820799404e+01
1.495707631069393528e+01
6.234709674436140858e+01
1.727645683102879843e+02
2.936250102984590882e+01
1.096366642200020713e+01
2.083142203383776447e+01
1.814541322352879149e+01
1.457185601050526813e+01
3.725081047876108187e+01
2.322896415632375167e+01
1.076902537189137945e+02
1.127624965282243323e+02
1.055394974069401428e+02
1.070720817752667955e+02
1.162370605985194487e+02
1.083758848857399073e+02
1.101478097205500575e+02
1.144884124730033221e+02
1.130165324845383594e+02
1.662627141044475536e+02
1.081482507963967237e+02
1.099121543563153978e+02
1.073160356214392124e+02
1.131385961048272293e+02
2.051182299126450062e+02
9.191046037809869063e+01
1.734128226995277942e+02
1.972118236166360816e+02
9.578332662560978861e+01
1.127522793545258111e+02
1.199923603066772273e+02
1.085488907097151525e+02
1.140949646337657839e+02
7.698729266589131726e+01
1.112029724488143501e+02
6.580654650467850786e+01
1.632550958713931664e+02
1.204165977537243180e+02
5.556171266300356137e+01
1.033892348965491834e+02
1.108230191491664129e+02
6.254565221744097414e+01
8.923936335252743390e+01
8.155930266052929767e+01
1.147312940595240320e+02
8.300678342093026174e+01
5.710693783897553999e+01
1.077809144269550643e+02
5.551126694927864946e+01
1.014897414642023534e+02
1.083337099949883680e+02
1.290584817007574259e+02
9.722387351064041638e+01
1.151148713953632239e+02
1.079028285666666136e+02
1.021558905953909289e+02
1.085020862890263089e+02
1.149056579847660942e+02
1.214623022757197646e+02
1.134418042064756378e+02
2.560530886076838541e+01
3.002040620417302108e+01
2.800638901548172655e+01
3.399068454859647659e+01
2.339079288302585979e+01
3.050153488587113770e+01
3.293775401932397529e+01
2.395260315267366735e+01
2.085417431082802295e+02
2.155697247178465403e+01
2.699205408868155232e+01
2.664801670366283304e+01
3.850035791901800053e+01
2.602308917393963839e+02
6.961801123044565998e+01
1.004087116823191650e+02
2.761351404814457169e+02
3.018872913323321328e+01
3.022237837689416651e+01
4.135886385052345560e+01
2.326447705699575863e+01
4.010052533811467868e+01
1.009991509180366194e+02
3.244178353332164022e+01
6.250931134047356608e+01
1.164237968796817881e+02
1.180436546277837522e+02
6.551450603720131483e+01
2.560107186633229048e+01
2.865712410335087412e+01
7.150206782743470058e+01
6.890474254203958537e+01
5.445608605793920276e+01
2.298122444377186113e+01
1.717237627634309263e+02
5.564665794046326397e+01
2.578640688415682547e+01
8.207018205616822115e+01
2.794042653533966813e+01
2.754470106254225215e+01
6.315696655319587194e+01
1.571668413571119061e+02
2.988698639178253913e+01
2.377903230550962022e+01
2.225241851534529403e+01
2.257396454191528434e+01
2.667492607015500994e+01
3.831026235973111227e+01
2.482997645310589263e+01
2.690133038115460096e+01
2.476987439917066780e+01
2.027433164983970570e+01
2.024418523862760821e+01
1.959908650853670053e+01
1.871157608863707367e+01
1.738433968542558006e+01
2.060762442070969769e+02
2.488246261141808802e+01
1.860872790159744739e+01
3.681369903293490609e+01
3.809115289068963506e+01
2.592336981463313350e+02
7.071363795156075582e+01
9.306700529939050170e+01
2.879801435689981872e+02
3.497692630278591253e+01
1.550856830869182090e+01
3.403678395900200826e+01
1.829736686953819813e+01
3.868029375901740252e+01
1.057064388271191717e+02
2.587225518731081308e+01
7.418616002400693787e+01
1.176239891804312379e+02
1.133230122393576949e+02
7.558312255446553252e+01
2.364545845443547378e+01
1.302599149312906412e+01
8.338252959989381452e+01
7.184512660514818094e+01
5.678705234357008180e+01
1.774853540240132688e+01
1.846864675825631821e+02
6.598295855970422963e+01
1.834952268441343648e+01
9.589524182599672031e+01
3.528237700107459318e+01
1.340942666795169202e+01
6.049189281512181537e+01
1.708976064009078470e+02
2.695281612401825910e+01
9.081057514347719462e+00
1.952265649814299309e+01
1.740898815116812770e+01
1.223045508075703580e+01
3.224280246338488354e+01
1.972936726833685128e+01
3.827984149527559055e+01
1.957769619879094236e+01
1.996811615050384603e+01
2.433095100664233357e+01
2.061153552491987284e+01
2.189622935258476133e+01
1.839783949350793932e+02
2.225514216932323563e+01
1.679236002348540069e+01
1.529917012819786493e+01
4.261086841775600931e+01
2.236881791473352052e+02
5.005237450482371742e+01
6.374913996593399190e+01
2.574884030816983795e+02
1.704456965141537239e+01
2.012897765881677259e+01
2.803405445522665218e+01
3.180733486102557706e+01
2.175846559141885095e+01
9.241612093905469294e+01
3.046325343007398345e+01
6.335932206469917105e+01
8.792826820279738342e+01
7.654806775524944840e+01
5.878717514300301161e+01
2.403001175511552390e+01
3.741340121047262812e+01
7.858464826627552213e+01
6.881625215137638918e+01
4.897727185499692837e+01
2.317025048827311906e+01
1.761637926617092660e+02
5.687568076510190451e+01
1.716382128160891085e+01
7.965142403683636019e+01
2.122000080068901084e+01
2.049066204834869609e+01
5.758506234416344682e+01
1.555370762263418101e+02
2.042098693888573635e+01
2.442640470170659839e+01
1.607965816129985370e+01
2.001565285730458754e+01
2.089016446119111237e+01
2.463820637475540209e+01
2.286283622277453276e+01
4.410255887409368114e+01
2.938201376227268113e+01
2.964643193495606965e+01
4.167722710128578001e+01
2.618077621640227903e+01
2.337312686653366995e+02
2.717434571345555128e+01
3.270462051071469745e+01
3.910316642768714246e+01
3.466710697770166405e+01
3.019316058001452348e+02
9.776507689547128166e+01
1.530670152592192892e+02
3.149278427192635945e+02
3.907191318504306565e+01
3.324295242987054166e+01
6.273615023656266487e+01
2.416003046809949950e+01
6.736322347438583336e+01
1.192379281326267346e+02
3.407914021739675547e+01
7.480167859356096471e+01
1.693895356718015535e+02
1.614063154936686146e+02
7.285108850509664080e+01
3.116158129146249323e+01
2.370179461990478131e+01
7.281946274341009939e+01
6.242584958893417735e+01
5.337063082393118663e+01
2.740257246713349559e+01
1.791194249807357153e+02
5.814412128223924014e+01
3.162824046178107906e+01
8.679771918847843892e+01
4.006878105342130425e+01
3.092336344729206488e+01
6.912182031660866244e+01
1.669496122982864108e+02
4.228421305774357108e+01
2.251940183027589626e+01
2.611769991529664026e+01
2.265029858744851055e+01
2.870252801191798042e+01
5.929134466776802981e+01
3.105048968872809212e+01
1.773082491107231462e+01
1.764305627240253926e+01
6.205281296652404244e+00
1.887480896358167115e+01
1.872272625257393486e+02
2.791560096069697394e+01
1.219497257168558590e+01
2.999825924242896491e+01
4.334255910477746454e+01
2.347035693486670880e+02
5.277145753501299907e+01
5.752081561698268786e+01
2.762051383031072760e+02
3.124645583748614541e+01
1.257456186456611746e+01
2.139629074369031514e+01
3.221265314972779947e+01
2.745404896792178562e+01
9.865699674304897826e+01
3.252401289293752740e+01
7.491736820188314994e+01
9.237095015439061285e+01
8.052275906257129634e+01
7.269029456115143262e+01
2.520055957671635838e+01
3.918216378158309965e+01
8.903591553890565535e+01
7.078356654645325818e+01
5.703595407389517646e+01
1.541254555689889472e+01
1.878001084388753839e+02
6.943796389289146020e+01
1.307207806104319658e+01
9.482548351241442219e+01
3.602636996525745161e+01
1.109517517579361012e+01
6.190027162049829457e+01
1.714045685843364595e+02
1.308108426529706314e+01
2.066231675942727009e+01
2.526357303751646555e+01
1.779555551764689625e+01
1.164147402793424746e+01
1.637813262524561253e+01
1.476870643296477326e+01
2.133097973033318340e+01
1.925087951932656338e+01
1.812930183056827715e+01
2.028995957476858507e+02
1.886535719867721994e+01
1.362807114567435640e+01
2.934287628551997074e+01
3.125921402482870803e+01
2.542720645901790704e+02
6.678693347180829676e+01
8.293295187035036520e+01
2.750842312178729685e+02
2.674012984164218665e+01
1.555928357315027455e+01
3.195640077642348231e+01
2.296565058007815452e+01
2.995660780583369842e+01
1.004916781655173139e+02
2.558842058964500055e+01
6.999665006351419549e+01
1.060520514724695431e+02
1.049495065761389583e+02
6.804647781835453202e+01
1.939594372153772994e+01
2.643004172776796423e+01
7.608615670349124116e+01
6.255285753680913530e+01
5.289544060594288055e+01
1.689221470136445902e+01
1.796721628436182527e+02
6.047491653559963254e+01
1.303387286469445350e+01
8.924896143009101479e+01
2.829317952241085976e+01
1.308446747047470993e+01
4.856257911215618606e+01
1.638039596727558660e+02
2.068214478304327741e+01
1.682574057994490246e+01
2.334904835810889523e+01
1.423076715085820965e+01
1.717164251540724251e+01
2.791854143317079462e+01
1.871449689042751885e+01
1.736467598047785899e+01
2.130674431742954056e+01
1.995748671053443104e+02
2.611835513650683183e+01
1.729394703094114760e+01
3.144872366641543593e+01
4.234610912527246995e+01
2.636052011226645391e+02
5.984259353529365910e+01
1.091096073052266604e+02
2.987767803306792302e+02
3.312325845522723711e+01
1.609440825344911730e+01
3.045149812371329290e+01
2.685870154697256851e+01
3.429302751179703534e+01
9.846191557621730794e+01
2.846172873314669260e+01
6.764836124494625835e+01
1.336271641774146133e+02
1.151672882669738414e+02
6.699024164093239619e+01
2.435331141360455121e+01
2.841824999584484601e+01
8.327714048416999049e+01
6.634865255865454969e+01
5.229291049317579620e+01
2.025539152573018598e+01
1.781135908135420891e+02
6.260958193053949117e+01
1.921475706985842180e+01
8.987915938441948072e+01
3.598893585511888915e+01
1.577965764256952852e+01
5.869433093697076487e+01
1.674262854448004987e+02
2.302581689365226225e+01
1.628448351305054942e+01
2.468072070149992214e+01
1.642044945827652924e+01
1.344826024387024255e+01
2.707181487283562760e+01
2.467945510171605861e+01
1.819232060800777617e+01
1.910303871313682862e+02
2.761160467110113359e+01
1.354927952279926195e+01
3.167715267912586086e+01
4.330291395703883239e+01
2.374131399284616748e+02
5.785244164776553077e+01
6.660732057733822842e+01
2.800436932058879052e+02
3.182189247247699271e+01
1.272137197079497994e+01
2.651870100287212040e+01
2.963332670615007203e+01
3.068432183368458510e+01
9.866870696002935404e+01
3.352433659028673674e+01
7.712560927861585469e+01
9.820859231189794514e+01
8.781725602420883092e+01
7.456776933516044892e+01
2.405007209853301120e+01
3.947794309271009183e+01
8.877021439592820684e+01
7.434088884077540627e+01
5.705244340815848147e+01
1.546329182601233398e+01
1.821420110454649546e+02
6.948370412179983191e+01
1.423294741858413559e+01
9.609790162810134007e+01
3.634089897933101554e+01
9.548479367605633428e+00
6.458217489068510986e+01
1.695224066498039122e+02
1.446204619153438209e+01
1.862077885389309984e+01
2.581724295664879065e+01
1.715636848351994459e+01
1.083927621643316108e+01
1.974766541567744227e+01
1.378157564697019133e+01
2.083455010454904368e+02
2.316231697468765205e+01
1.550242980684999239e+01
2.799023029434032850e+01
3.835955981962722205e+01
2.588458017548230146e+02
7.024341935441459839e+01
9.493040406031634859e+01
2.857901848466860883e+02
2.793976749272101046e+01
1.651187967631646814e+01
3.677020116098641012e+01
2.402445665940219044e+01
3.773209294104488265e+01
1.056377356363135931e+02
2.592797727695010934e+01
7.407342632901774948e+01
1.208449780561801390e+02
1.091466634055448139e+02
7.108361643171798505e+01
2.385935066828075790e+01
2.244021920990493157e+01
8.241068166351503521e+01
7.087856602280089646e+01
5.225283229592780287e+01
1.509672833732608588e+01
1.810867826424971270e+02
6.354585917143177198e+01
1.647204757650410301e+01
9.044838871940557112e+01
3.451001371864627032e+01
1.515386072124008443e+01
6.248930764671560212e+01
1.688150616460028743e+02
1.994954360617110112e+01
1.612915800281042067e+01
2.255106382626415495e+01
1.386664163262202187e+01
1.191377930053070422e+01
3.150798283743376160e+01
1.953056696419594829e+01
2.036825073244473003e+02
1.910813173531040263e+02
1.831379857284292143e+02
2.123476395240888905e+02
1.707128509322213290e+02
1.508943302813527225e+02
1.790488181468942344e+02
9.978226234290741559e+01
1.811128412460550408e+02
2.017532398387484420e+02
1.872886591035902484e+02
2.256602599198659789e+02
1.916805950437257025e+02
1.493614687901927027e+02
2.089586281085742030e+02
1.757232935924832873e+02
1.654320090126758771e+02
1.394530324263826060e+02
1.563206502510278995e+02
1.918125869482245207e+02
2.320287540168587554e+02
1.789222285517807336e+02
1.749086958627116530e+02
1.859208213490330763e+02
2.002224453254327443e+02
1.292951441021420180e+02
1.738354404035653999e+02
1.953723336336474290e+02
1.374112492885429333e+02
1.838173007155759251e+02
1.931097661858803178e+02
2.156606252762575195e+02
1.292396875048924301e+02
1.832278010069494769e+02
2.088001516364950874e+02
2.017032895416660949e+02
1.971710932697237979e+02
1.967082632175978745e+02
1.943400869612563611e+02
1.930343437750417479e+02
1.961345461484997799e+01
2.443384443124040573e+01
3.780398295472824088e+01
2.551547142843090796e+02
6.773718025333235460e+01
9.041689318803001640e+01
2.707214112230447540e+02
2.243127327544176808e+01
2.528217693630517005e+01
3.811982317499991524e+01
2.824848441341548977e+01
3.411754752500273469e+01
9.886785885219597958e+01
2.738870180879061067e+01
6.750541346389438502e+01
1.108095298927609917e+02
1.072151060975439805e+02
6.192667997275901826e+01
2.209213562842443679e+01
2.927032210547360336e+01
7.502852983124428476e+01
6.722917880219326037e+01
4.731466484526027472e+01
2.272327565421532114e+01
1.786994735895394513e+02
5.689508172757422244e+01
1.821056006487262380e+01
8.349897826865982609e+01
2.270636785707345595e+01
2.168203064419972037e+01
6.093226588202144001e+01
1.605434854309562809e+02
2.582678696780222438e+01
2.295958041548250606e+01
2.456633532745267701e+01
1.700784596092409728e+01
2.297215702908620472e+01
3.523413833341906098e+01
2.681399302288689057e+01
2.633734071556865786e+01
3.981239332192205183e+01
2.325642921026953616e+02
5.929983049893790792e+01
6.623345018616782909e+01
2.641011289842359133e+02
2.396396921328394569e+01
1.370137575255583862e+01
2.731727917145849105e+01
2.478991997792175539e+01
2.640688965304780211e+01
9.753016299837952374e+01
2.838071912539607666e+01
7.023510482012331124e+01
9.199925250408809063e+01
8.292272497504485784e+01
6.287168902572953755e+01
2.255645399103109838e+01
3.068483708231014617e+01
8.114056792640795379e+01
6.909178291587343779e+01
5.098047771344848655e+01
1.728313213654426406e+01
1.836227195536764611e+02
6.274958732511016279e+01
9.577555872080294463e+00
8.969942623588525521e+01
2.903264239517908152e+01
7.804786700583006720e+00
5.571571947716774531e+01
1.628043508293348793e+02
1.719719467470190821e+01
1.541880283423983045e+01
2.335475092938723662e+01
1.246773006335500256e+01
1.050303985504085880e+01
2.008209771994122406e+01
1.741406793032143341e+01
4.434096951391096297e+01
2.271075146531081543e+02
5.017739875990396570e+01
6.822274943043098006e+01
2.533386522763801452e+02
1.840888583325544658e+01
3.079658492464557895e+01
3.817421303556293566e+01
3.522879472086323460e+01
2.443352594485942220e+01
9.585704250964427331e+01
2.852494840479269200e+01
5.549493275820265126e+01
8.898348134514864682e+01
7.772318355688624081e+01
5.423884993463848048e+01
3.056414557425186018e+01
4.143657909189796129e+01
7.572808729517116433e+01
6.501938781452176386e+01
4.380384059568608279e+01
3.051887799546328850e+01
1.779597579087246402e+02
5.865138887267419676e+01
2.632870735261338879e+01
7.812654957336400230e+01
2.144254409541630579e+01
3.115432958568229438e+01
5.866463585334389563e+01
1.565041174378355606e+02
2.539980995791924556e+01
3.334215528275383633e+01
2.238786090268657247e+01
2.630579667565123714e+01
3.211683257938585712e+01
3.595409969547918649e+01
2.852138810947584702e+01
2.747379028130317806e+02
8.148622543582058597e+01
1.329446463843531205e+02
3.045641009177641081e+02
4.473226266895544256e+01
3.694610126769602942e+01
5.034684397796835498e+01
3.260565873006473936e+01
5.285111638595581951e+01
1.135604608136798674e+02
3.961017007025911596e+01
7.723234479138568531e+01
1.439120302277693213e+02
1.388191489786961768e+02
7.729831736053181146e+01
3.995896938227980399e+01
3.712614287400948143e+01
7.017923868488406924e+01
4.741552521116541641e+01
6.433343010721522148e+01
3.859789966812161310e+01
1.749370610467794904e+02
6.975515796068756913e+01
3.957462850247519270e+01
9.269391001052855472e+01
4.430801981358400354e+01
4.001337061645644155e+01
3.704646164570952038e+01
1.688786164488164445e+02
4.191438700911766091e+01
3.682118944825837303e+01
3.787854578816164519e+01
3.608590016088916030e+01
4.001993681265304303e+01
5.076201339186874151e+01
3.717753325861129099e+01
2.287720342499586650e+02
2.850773509330657589e+02
2.966617509757464859e+02
2.231703662312490053e+02
2.516660083032662669e+02
2.737667838122894750e+02
2.862394493961638204e+02
2.579365596397609579e+02
2.278211425056076678e+02
2.822446316136740734e+02
2.516902333668933522e+02
2.546958114517481135e+02
2.221610688824834483e+02
2.024068743559591042e+02
2.327390555082411936e+02
2.700587576362320874e+02
2.527954875991443657e+02
2.113037235766358890e+02
2.447442584974677118e+02
2.493635834670434974e+02
1.764697817858229030e+02
2.047662467287091488e+02
2.403670009583351259e+02
1.901060593861038228e+02
2.377289997312259970e+02
2.364902267943683682e+02
2.956661213016203078e+02
1.622850888493964874e+02
2.319351500151768732e+02
2.610465754807340204e+02
2.531114637454692513e+02
2.444955779283017989e+02
2.402654264859783950e+02
2.657442732357698674e+02
2.538375095946424835e+02
1.128419901515780737e+02
2.401237910654311065e+02
4.492343470107496017e+01
6.648915025300463810e+01
5.690434527001970366e+01
8.904044468854615957e+01
4.912649837909761885e+01
7.314655999748119086e+01
7.584493908122192352e+01
5.069353674574465174e+01
1.279697595468560394e+02
8.292678347143663586e+01
4.789854161412958433e+01
6.653683242070178494e+01
9.034294221014718573e+01
9.339595741002845841e+01
8.826743009047072519e+01
7.863108142278011314e+01
6.175251626151994344e+01
1.402288879503085184e+02
6.179981267753001362e+01
5.969578721628984397e+01
7.777933920175019011e+01
5.968774741813776075e+01
6.134856382911404893e+01
9.103722676789004709e+01
1.271207333652607900e+02
5.315260408329029929e+01
7.346062133362481461e+01
6.387868371489405206e+01
6.103261301424588225e+01
6.226229415065104433e+01
5.512161962235622070e+01
5.562345783122486154e+01
2.680282084952922901e+02
7.035710351931453488e+01
8.751437046672232611e+01
8.513504843127982724e+01
1.445883475305411707e+02
7.871286873638709380e+01
1.676766158910741922e+02
1.319922874161821937e+02
1.590883481865041063e+02
5.576383184912224067e+01
6.185197291811824272e+01
1.191606274177312343e+02
9.283037407426448340e+01
1.245311178811535910e+02
1.807234301735052497e+02
1.390904637679751659e+02
1.405169475337168024e+02
7.500095431262340639e+01
2.078640579664536858e+02
1.319265146096579997e+02
7.221029444456809188e+01
1.342265533599854166e+02
8.269505565733881269e+01
7.097653813238335374e+01
1.682333413088395559e+02
2.017455824152706043e+02
5.979965942039559934e+01
9.750965385104905181e+01
9.282140282978359380e+01
7.450133846139554805e+01
7.069406428703891265e+01
7.574406193628588824e+01
7.810422374566485360e+01
2.458834201801476240e+02
2.827314772721204577e+02
2.783628459387325620e+02
3.064011261729397688e+02
2.650374027658073715e+02
2.170843568229264520e+02
2.948974247665702251e+02
2.533535003696204342e+02
2.474818791231756165e+02
2.104096819658474260e+02
2.176217128338825546e+02
2.638476493916664936e+02
2.999950251111972079e+02
2.339531135423903265e+02
2.349402293821349588e+02
2.439906532290748942e+02
2.798523941234844870e+02
1.602307010728393379e+02
2.259931211601048062e+02
2.686946399322803245e+02
1.639909019818819615e+02
2.503619888111496437e+02
2.704472193908892450e+02
3.370812679046436529e+02
1.560522742992411338e+02
2.666723952323850995e+02
2.868525061099594495e+02
2.748246369921933479e+02
2.710729462965250605e+02
2.790930049625623042e+02
2.822925156743473281e+02
2.783469992726529654e+02
3.044013743089735868e+01
4.182855917119523781e+01
3.567202426012504901e+01
3.147397432489223235e+01
9.661795214740709525e+01
2.942796078849872998e+01
4.803889524648786846e+01
9.074465681986066556e+01
7.394367472867597257e+01
4.184095410815123728e+01
2.848559535133577469e+01
3.749061143518829908e+01
6.737940646055055538e+01
6.915439155838537033e+01
4.761080249577020140e+01
3.261905791134332588e+01
1.728847449186649783e+02
5.482292554654922156e+01
2.469482944543453584e+01
7.209476601737486590e+01
2.257803113438627918e+01
2.941796861946962593e+01
6.609231605964309608e+01
1.540095980409709568e+02
3.034120651964945381e+01
3.225404264700193835e+01
2.337984309039389430e+01
2.677189000044005951e+01
3.180085424475402078e+01
3.776803831308947679e+01
3.105607727938252083e+01
3.130290064822710150e+01
2.263386075533411912e+01
3.424385483117558238e+01
1.022805879168333831e+02
2.762148681668389116e+01
7.397782763959482111e+01
1.143327004047616242e+02
1.071702009189489502e+02
7.094934543355817880e+01
2.223149647226396652e+01
2.943853209852782626e+01
8.324621366190859817e+01
6.832928488030884751e+01
5.584799711043976345e+01
1.544921128957506262e+01
1.819585257715491196e+02
6.468749439610003549e+01
1.285264695334996432e+01
9.452374625964108645e+01
3.432785205491965996e+01
1.066526996395501037e+01
5.319983988887635462e+01
1.686948530799745072e+02
2.012803307738478154e+01
1.485302518627910651e+01
2.258673117333998448e+01
1.563360319189555447e+01
9.010983506505368723e+00
2.737199123122135447e+01
1.453578483887361550e+01
5.323410440719098347e+01
2.538730775804967266e+01
9.478633853990535840e+01
5.119546063200807140e+01
7.681548371604202430e+01
1.134979053495428474e+02
1.032936976378943967e+02
8.120773106564740829e+01
3.549141622252080452e+01
5.682639339217214314e+01
9.803920825639725933e+01
7.223967771886411526e+01
7.069602280507898229e+01
2.558537301467442404e+01
1.770436508371554964e+02
7.780164464143163627e+01
2.785225382785907300e+01
9.614011889590554460e+01
4.018036294903701844e+01
2.569856482295603683e+01
5.808760992385793287e+01
1.710697014140058627e+02
2.191509866466825329e+01
3.851184043600017048e+01
3.426945322755337031e+01
3.023178787806120482e+01
2.803199179713705291e+01
1.590279027251378885e+01
2.718127800781710235e+01
5.568547813964739390e+01
1.119871181029847378e+02
3.603578356027270502e+01
7.589434890346684881e+01
1.608885825735561070e+02
1.448803916462638881e+02
7.400793511312451756e+01
2.453879568710022951e+01
2.575981597626636699e+01
7.575717567382781681e+01
6.625052592371129379e+01
5.583555376137016424e+01
2.175373396854965335e+01
1.682555748962119253e+02
6.170617839526352810e+01
2.213884405135881650e+01
9.378570891271452581e+01
3.538150527573756676e+01
2.227349427606796439e+01
5.295450288530230409e+01
1.569305430559072931e+02
3.188966201333771977e+01
1.447022040536165832e+01
2.615645808502558367e+01
2.099596002821048657e+01
2.277202539027522477e+01
4.756347063475421066e+01
2.177299092232052402e+01
9.000378916628608295e+01
4.717831193658130218e+01
6.537782383520890050e+01
1.015062192180529479e+02
9.744899889356682365e+01
7.105673207751317477e+01
3.617374468430499945e+01
5.652490839148798329e+01
9.697967140055312996e+01
7.510684018344468882e+01
6.659766662168506457e+01
3.084613377093489817e+01
1.813373935792343730e+02
7.240645708186691820e+01
2.748234426928244645e+01
8.564351664928521757e+01
3.156325758904962697e+01
2.818751717308754934e+01
6.768895944227884343e+01
1.597960180269853652e+02
2.614660598077413312e+01
4.154420233523492811e+01
3.080775685936740871e+01
3.266778688285009480e+01
3.253155052526576441e+01
2.302104983274173833e+01
3.223494423585988500e+01
1.093069321948965182e+02
7.984193779505861244e+01
1.639936466679797320e+02
1.212295497173343790e+02
7.091086353200175552e+01
9.585972277013583209e+01
1.232229900269715586e+02
9.975869793692433518e+01
1.201113891575408843e+02
1.025643228204852591e+02
1.000020069334424591e+02
1.015852005617459639e+02
6.588756097327032535e+01
9.576449972770285513e+01
7.797484443670164467e+01
9.749022112294622389e+01
9.671864993927158594e+01
1.280524946363600236e+02
1.104209501421081825e+02
9.133034975109443110e+01
1.046575089792158479e+02
9.630996569302118360e+01
9.746437550442838926e+01
1.023696441871874043e+02
9.812609731627262022e+01
9.808732260180543960e+01
6.613980480597390965e+01
1.524721100765554525e+02
1.384494348559677519e+02
6.168866317883684758e+01
2.690998173129830562e+01
2.933723267865712003e+01
7.799783836754910737e+01
5.919846800326652669e+01
4.835724916415615837e+01
3.125521069456648959e+01
1.799973749828141081e+02
6.351677598806409719e+01
2.953059614564749680e+01
8.497878966224487840e+01
3.530335406153215416e+01
2.707443627957187715e+01
6.352948124594614399e+01
1.711319069509855524e+02
3.568654089584699562e+01
2.835775049766625955e+01
2.969913549304973799e+01
2.422929030440436549e+01
2.552353895578684373e+01
4.728533994621292180e+01
3.291397809081647097e+01
1.627323095660912031e+02
1.227653166521316450e+02
4.197844698265697616e+01
7.260630388736701946e+01
7.614025521048687040e+01
6.529307548112521431e+01
8.361914738057785712e+01
7.360314285102111853e+01
6.992599545265250072e+01
1.397576042551286264e+02
4.080093849683824914e+01
7.156460116080967282e+01
6.579467605758034665e+01
5.564697675212236305e+01
7.304487698979447430e+01
8.793885075511035154e+01
1.214828269936798790e+02
7.068731268212610530e+01
7.198575212966620995e+01
6.124398063593743302e+01
6.742438291039711373e+01
7.342542634593755224e+01
7.443364069556800189e+01
6.719235333301068636e+01
8.686020769126980667e+01
1.270515743392884076e+02
1.117007396371699599e+02
1.417003402755008210e+02
1.851383466339592587e+02
1.220736549525279884e+02
1.493570120732702264e+02
1.039009752632754839e+02
1.699354236019638904e+02
1.304893586062482598e+02
9.733685725255773491e+01
1.397767681500978085e+02
1.014163084815658635e+02
9.717245021319661191e+01
1.513107811405910752e+02
1.727890459605821434e+02
9.361691334171476342e+01
1.186673465729176513e+02
1.097529413260333371e+02
9.917695256278673810e+01
1.007527370532566238e+02
1.046735230682702280e+02
1.087065726866622271e+02
8.848755932455205198e+01
1.049142183750994377e+02
1.409362780593727962e+02
1.534752371124091042e+02
1.462073722798719473e+02
1.425900709436121474e+02
9.683804722072608229e+01
1.521539936441311340e+02
1.010059169070826925e+02
9.064406052992119101e+01
1.112499623545692629e+02
9.799463517696997883e+01
9.159346996731487422e+01
1.742073749547445232e+02
1.481029390539790143e+02
7.720143809796576306e+01
1.158018963970564243e+02
1.085417727193301261e+02
9.377023378806237019e+01
9.220787524984575612e+01
9.513593449587588680e+01
9.679324030176326232e+01
6.539669925941180395e+01
7.748611320192627261e+01
6.097063910830108568e+01
8.887681698474423797e+01
6.714742470568808130e+01
7.230946236744811983e+01
1.145198258778606260e+02
3.286366338740863569e+01
6.399297791099843380e+01
5.706591453736766795e+01
5.298644209429077989e+01
6.888831761850616431e+01
1.015012088662937799e+02
1.078452296984076213e+02
6.779582731357690761e+01
7.511614859305521463e+01
6.383332941477365097e+01
6.610567526958990925e+01
7.315754242431982846e+01
8.276460879851615005e+01
6.434338456852863430e+01
3.210788260606663869e+01
7.898982072760806261e+01
6.747679349818946548e+01
5.088279800196171010e+01
2.322537738477963032e+01
1.548752917651516157e+02
5.521869202612488436e+01
1.872757505250120147e+01
8.090210598076586734e+01
2.541994450167460684e+01
1.825721138186357706e+01
5.957448417417240449e+01
1.573715691053388639e+02
2.436752042782038075e+01
2.083066878212783024e+01
2.577609892927203106e+01
1.845896576933043320e+01
2.306550516937815232e+01
3.581619320056343270e+01
2.295610802760474911e+01
7.963299102638347904e+01
6.760755102954357199e+01
6.302241135836214170e+01
2.805671021406872967e+01
1.781924698466866062e+02
6.913765396356302517e+01
2.920249710294586976e+01
9.303965154116673375e+01
3.992089452301951980e+01
2.684041039434392673e+01
7.061508438497570239e+01
1.687587910395610606e+02
4.389417237906003066e+01
1.924161491575249627e+01
2.458851566950925616e+01
2.567311603110074003e+01
2.493274590308104877e+01
5.334617741382540856e+01
3.431181363781761462e+01
7.035621546003007154e+01
6.975319260868698734e+01
8.271080536094898150e+01
1.194535413091093119e+02
5.562367536715018446e+01
8.000451920306737463e+01
6.203589231110883162e+01
7.329405906842828244e+01
8.251529927025838163e+01
8.641190703992319300e+01
9.960908480896279116e+01
8.720026728884988643e+01
8.035090737415322337e+01
7.616144617660226857e+01
7.770589261883355903e+01
8.472286690803287001e+01
9.654200975645161975e+01
7.804937302904136232e+01
4.745024707430141575e+01
7.158378357033311090e+01
1.464361497619896681e+02
8.737604579451104314e+01
7.192537648877666356e+01
1.004971090453925342e+02
6.303556923538035051e+01
7.297881020044411571e+01
5.763739691482085448e+01
1.161279932798779839e+02
7.280752861190825342e+01
6.541718967907806359e+01
6.882628614060993755e+01
6.375617668185859088e+01
7.157013775445474835e+01
7.453851089499289628e+01
6.560277843299203937e+01
5.510190259974219629e+01
1.270111041612902625e+02
7.150735808411528183e+01
5.153930699369557544e+01
8.225294600506387610e+01
4.844984136415365583e+01
5.322502637443490414e+01
7.963583948589177908e+01
1.158520376202513091e+02
5.674916998127536516e+01
5.379741783658305110e+01
4.897746066569882828e+01
4.893401088470923810e+01
5.453251224257514451e+01
6.655324124658449136e+01
5.212877430677454527e+01
1.869821176414646686e+02
6.326045334609690940e+01
1.651283585338676829e+01
8.881407930864975242e+01
3.241347365107361611e+01
1.560876022997923762e+01
5.877957721392542823e+01
1.691433638283725998e+02
1.547696991278817791e+01
1.740468061110509979e+01
2.245983809456785707e+01
1.480145438584249717e+01
1.422098841780956491e+01
2.108379599901756052e+01
1.512331383913811678e+01
1.203029043378645326e+02
1.789601628978639098e+02
1.138620499161258266e+02
1.626480525714293321e+02
1.761952290204239375e+02
1.912633665942965706e+02
4.239239541939199540e+01
1.791480509196591981e+02
1.758226348253314484e+02
1.709610997499240739e+02
1.780598935077460681e+02
1.881460307674528565e+02
1.920085522846891024e+02
1.802132591740823386e+02
6.079174664418381724e+01
5.903935285938559474e+01
5.359830796400598274e+01
6.207266913057330981e+01
9.793185099434920460e+01
1.188518210499694590e+02
6.311179821153366731e+01
6.425984259418314082e+01
5.086921247981386074e+01
6.149570381240608441e+01
6.860236183731599624e+01
8.136044995169430649e+01
6.563493255905649448e+01
9.093894473442271931e+01
2.752618522620080910e+01
8.846371377930106306e+00
5.806671767752474977e+01
1.606871207905042240e+02
1.715446461401883482e+01
1.420478978013766458e+01
2.306917311544610172e+01
1.168847493879913202e+01
1.178202049676093210e+01
2.275364560237508726e+01
1.613356027272838134e+01
7.213121166577582244e+01
9.540344562774693316e+01
1.175074960532658963e+02
1.049059614762850856e+02
8.861240067798230768e+01
9.492029534561285686e+01
8.068844660674652403e+01
9.145032730633009521e+01
9.614277836600425076e+01
9.957847480314447353e+01
9.213504460235452598e+01
3.196110350615195017e+01
6.148618066210262612e+01
1.524063395262608935e+02
3.317386710035140851e+01
3.360042952005596817e+01
2.246659415949125815e+01
2.868874706962366616e+01
3.430979848012623279e+01
4.088832675005578920e+01
3.626601626002391043e+01
5.803747325851010430e+01
1.638562477084512636e+02
1.814728103494728728e+01
1.157426342020083965e+01
2.069811633604582113e+01
1.277654794519043513e+01
6.934422642611592025e+00
2.106857930266364676e+01
1.492617606549111997e+01
1.741270282021977778e+02
6.306261353714132412e+01
5.625304655751688188e+01
6.009486794198731729e+01
5.111518891915270757e+01
5.822004635065038514e+01
5.550165675170421764e+01
5.048989687510662350e+01
1.690202112875876992e+02
1.644645165744593669e+02
1.531469441027074367e+02
1.632848644227244392e+02
1.714406347557900006e+02
1.718752980051444865e+02
1.692340043420797997e+02
2.651501686522337309e+01
2.561295771642017982e+01
1.707081170841461670e+01
1.902395728640545514e+01
1.789003873051430915e+01
1.470922071323616009e+01
1.868103681432913987e+01
1.506171416863645618e+01
1.222563364648816986e+01
3.449679354999006620e+01
1.951179983408588470e+01
1.942407683879934055e+01
2.000849957155701730e+01
3.127962040052190673e+01
2.869327354305303857e+01
1.272810887400808788e+01
2.555251837885005273e+01
1.401000220445254740e+01
2.173675601813661018e+01
1.450169108880846736e+01
2.361351390452416510e+01
