1.239389805905487265e+04
3.323668986544148356e+04
2.659236233482205353e+04
2.430316983733430243e+04
2.641525332595720101e+04
2.655742793841559615e+04
2.967235068951854555e+04
3.356058955288974539e+04
3.327851194625188509e+04
3.537545086152445583e+04
2.738533435593313334e+04
2.592779837535322440e+04
2.759030200663881260e+04
4.416341216095358686e+04
2.551201331386655511e+04
2.622854979117347830e+04
2.794350833526711722e+04
1.864089027553462074e+04
2.730287564935089904e+04
2.263643810501335975e+04
2.031912171440084785e+04
1.422347411878800085e+04
2.953148153890656977e+04
2.854484880811305266e+04
2.384814545505885326e+04
2.759027317862946074e+04
1.509327334775066629e+04
2.962265209791006782e+04
4.587423467912274646e+04
3.165928477305320121e+04
3.358551936648051196e+04
6.748238950886296152e+03
4.535581269299692940e+04
4.018468500186825258e+04
2.582845364653997240e+04
2.467554207043003407e+04
7.737761044897237298e+03
3.224280952828003501e+04
2.502155801546436123e+04
2.721801178347258247e+04
3.107374913316182210e+04
2.517913968219960225e+04
2.210744307705267784e+04
3.311865166062650678e+04
5.397639153481562971e+04
6.653881938992187497e+04
2.638379897093936597e+04
2.643750033523525781e+04
2.875806391685668132e+04
3.591485442693992809e+04
2.097073538762001408e+04
4.158100240540268715e+04
2.592777224628130716e+04
4.321919751548741624e+04
3.366617473687981692e+04
6.122488489266218676e+04
2.435304617093995330e+04
4.796909557347792725e+04
2.601410765496656313e+04
2.396271615277190358e+04
2.816554701705878688e+04
2.908150473725049960e+04
3.018483573115036052e+04
3.743273237151272770e+04
1.420165001086874508e+04
3.435785904160427890e+04
2.499733967689339261e+04
2.940390824037197672e+04
2.789189225344622173e+04
3.130387108208029531e+04
5.389971317275964248e+04
2.977141756555791653e+04
3.465724943438239279e+04
3.590388214724045247e+04
2.463169246698409188e+04
4.576148169054192113e+04
2.632432209671950841e+04
3.989283833631946618e+04
2.575759427853102534e+04
2.337549386054891511e+04
2.606447937691587867e+04
2.325309621605961365e+04
2.110104784530340112e+04
3.096216997676571918e+04
2.529554589360219325e+04
2.620815429716316430e+04
3.285531460437831265e+04
2.581218434438874829e+04
2.144853338417596024e+04
2.183092924683786623e+04
3.445516642305569258e+04
2.069395401482154921e+04
2.115996279130670155e+04
3.442579724122228799e+04
2.809065011589752976e+04
2.180340194714129029e+04
1.421241992751999351e+04
1.662283564781591849e+04
1.274276128335552130e+04
2.542207305225832533e+04
2.225739441565701054e+04
1.971694102958122676e+04
2.327062623956792959e+04
2.198664174233230733e+04
2.444289737124020758e+04
3.657154402882771683e+04
2.908726991148289017e+04
2.842290620835620211e+04
1.342109032354714509e+04
3.635986349564537522e+04
3.007867816122230943e+04
2.155149484405507974e+04
2.297968855562129102e+04
1.789174835978958799e+04
2.435129001170065021e+04
1.731365159186003075e+04
4.510006336767571338e+04
2.380590904914795101e+04
2.732301697985621286e+04
2.608233540379561600e+04
2.947284078963586217e+04
4.905494500939738646e+04
6.059546231352673931e+04
2.287240514476985118e+04
2.055076087719935458e+04
2.336589688931581986e+04
3.708934064743727504e+04
1.611280917103904540e+04
3.450389716501859948e+04
2.171921620843858545e+04
5.089641244848132919e+04
2.992672744673758280e+04
5.461833579629765154e+04
2.207666121636983735e+04
3.493336924925244239e+04
3.280069988838252902e+04
2.988801665137714735e+04
2.442351808174781763e+04
2.202262447069435439e+04
3.694103491714040138e+04
3.891502831885998603e+04
1.409213368423124848e+04
2.949042034938877623e+04
2.956981711016550980e+04
2.327958108023890964e+04
2.198589256024076531e+04
2.905144790530439786e+04
5.458807219211330084e+04
2.426688770386409306e+04
2.689864514698791027e+04
2.883645002430544264e+04
2.130377623450700048e+04
4.074640540753735695e+04
2.180733208836887206e+04
3.190190649324610422e+04
1.146583940808767511e+04
3.033369351414993434e+04
1.136543535510676884e+04
5.455861207016447224e+03
2.815774902069661039e+04
8.836874977930463501e+03
1.071879732315769434e+04
1.981864956304216321e+04
2.430133798575734181e+04
8.489734170055708091e+03
8.029791227276948121e+03
1.405041597821093455e+04
7.634801999434035679e+03
8.297842984008897474e+03
5.119637300337494526e+04
4.646679926895158133e+04
3.989216940612340750e+03
2.218300265047762514e+04
1.508728714796876193e+04
2.065772605121156448e+04
1.197583035783232663e+04
5.457795610781390678e+03
7.077473679723639179e+03
6.301593359156816405e+03
2.810853353696639533e+04
1.120911707266414669e+04
2.986250459493561721e+04
9.143347236493860692e+03
2.179946239916900231e+04
2.607525718730064546e+04
1.502947513011950832e+04
2.208925519385866210e+04
9.458005831767954078e+03
7.385070289287377818e+03
2.702159558291834037e+04
1.064345337042225219e+04
1.172866791118164838e+04
4.524481606216665386e+04
1.068178016624409975e+04
2.882724572156350769e+04
3.027118118805901395e+04
1.656703152293180028e+04
2.273360345801919175e+04
5.702464363148814300e+04
5.608350203734886236e+03
5.038951217893996727e+03
9.024431726654740487e+03
3.197307517425081824e+04
1.200155154885650154e+04
1.349012856909739276e+04
9.827750249235908996e+03
8.781792364460667886e+04
2.075063919354254176e+04
4.463786009279228892e+04
1.063458405104258054e+04
3.327111866777764226e+04
4.066008362548295554e+04
3.300018670043140446e+04
1.387747529330323960e+04
5.962002344021932004e+03
3.546127141591278632e+04
2.956600297144855722e+04
1.163224391847698644e+04
1.868388309030665914e+04
3.953439250544743118e+04
1.580189481423753386e+04
7.393569047268327267e+03
1.937718304573583009e+04
5.735463194140468840e+04
7.358359126794594886e+03
5.024890768533708979e+03
2.493340025102831714e+04
7.882013927763557149e+03
3.356153691731621802e+04
8.734891731158546463e+03
2.488669703360365747e+04
2.386244007811272240e+04
2.282726051644820018e+03
4.925341734007978630e+03
1.746370042365788686e+04
6.612920566376958959e+03
1.487887104766960692e+04
1.919826690938448155e+04
2.006342154474854033e+04
2.815639746279629890e+03
5.013437586754276708e+03
9.284872518101146852e+03
3.682234302740952899e+03
3.336362139843990462e+03
4.807491029096696730e+04
4.017808205508090032e+04
4.827406572130652421e+03
2.143039860023691654e+04
8.129551945624648397e+03
1.929180758867741679e+04
3.222480962223192819e+03
9.027139837224800431e+03
3.311952638055963234e+03
4.078984272656986832e+03
2.519635663865706010e+04
9.324539662691247941e+03
2.747901651779173335e+04
1.332149388076245123e+04
1.197562245311557490e+04
2.677638445850792777e+04
1.147684079556229699e+04
2.138256871394771588e+04
4.742816813156698117e+03
5.734840377134744813e+03
2.758023592625314632e+04
7.539486975812785204e+03
1.056792344300438708e+04
4.257745202911187516e+04
4.427300328131511378e+03
2.952092094906231796e+04
2.107627544731385933e+04
4.389204062265362154e+03
3.538274566116514325e+04
5.438404420561227016e+04
1.056246548336125852e+04
3.147137671982505708e+03
5.945702952294966963e+03
2.252139171152030030e+04
1.035202147524532120e+04
1.938436539535832708e+04
3.994756103599664129e+03
7.998003736273647519e+04
5.100042712538332125e+03
4.551058533921098569e+04
5.939795105674928891e+03
2.792536525844129210e+04
3.954536785051934567e+04
2.075556588780469610e+04
7.771222805513060848e+03
5.601455625922185391e+03
2.654296200575795592e+04
2.320513628182009415e+04
1.419217452403180687e+04
4.595994198469217736e+03
3.305628746922771097e+04
1.404047910686949763e+04
9.829203738664064076e+03
4.866853610623212262e+03
5.479924108495785913e+04
5.753228987901105938e+03
1.274579815529243206e+04
2.176968531545652513e+04
3.261882933290097753e+03
2.875307712531761354e+04
3.487259888862864045e+03
2.014340572554922619e+04
2.265384605220760568e+04
2.287201075360692630e+04
1.455212348029764689e+04
2.397850749258271389e+04
3.178358239069634874e+04
3.281103056306344661e+04
1.887676129904641857e+04
2.283464717639640367e+04
2.287982869900122751e+04
2.692246291229732378e+04
2.135416972399529550e+04
2.103084855939176123e+04
3.599408006723181461e+04
3.018958568623643805e+04
2.377830710467494282e+04
2.070992936447413376e+04
2.563533441738645342e+04
1.506018165810651772e+04
2.310598402070279917e+04
2.626774737188390282e+04
2.215222451460615412e+04
2.440634350149487364e+04
2.163540873804722287e+04
2.782338452325660182e+04
4.283947832938388456e+04
3.289916070725210011e+04
2.817045328704918575e+04
2.888547222270170823e+04
3.415312208086165629e+04
2.790524947659401369e+04
2.346637943298753453e+04
2.195846361838209486e+04
3.444800194230148190e+04
2.614572236463818263e+04
2.528098578913596430e+04
5.120547036770821433e+04
2.348950515406850172e+04
3.163414362154940682e+04
3.097160146428449661e+04
2.747526236149871329e+04
5.521136001102517912e+04
6.509469671857795765e+04
1.957373552664530871e+04
2.288860925365416551e+04
2.651480294465377301e+04
4.099123668446532974e+04
2.044329699251662532e+04
3.326821718996471463e+04
2.285136842174658523e+04
3.630547529862118972e+04
2.808878636314117830e+04
5.460536208790155069e+04
1.973847269852935278e+04
4.904695162707558484e+04
3.654161970597850450e+04
2.831752946142392102e+04
2.785006564159261688e+04
2.642140704554411059e+04
3.020463299626058506e+04
2.675576069876115071e+04
1.561030874999547086e+04
2.689365578670211471e+04
2.542620057623250250e+04
3.877049269117991935e+04
2.645286069519750163e+04
2.669448686689775423e+04
3.959532639711457887e+04
2.517805860585637129e+04
3.161783872096393316e+04
3.784734450460377411e+04
2.211109536392033624e+04
4.824495673382504901e+04
2.248210562442166338e+04
3.887318086307393969e+04
4.191756197211010658e+03
1.713676634998781810e+04
5.706352509620107412e+03
1.382784035855229376e+04
1.896050045664969730e+04
1.972670770457328035e+04
2.825170293432167455e+03
5.584010348811880249e+03
8.131484446180668783e+03
3.324771942065358417e+03
3.167696174558020175e+03
4.783607372181011306e+04
3.985489666924388439e+04
3.597897354859666393e+03
2.154440204609216744e+04
7.543794873123143589e+03
1.809112767806772536e+04
3.613118732947064927e+03
7.962882072897893522e+03
3.269088104392468267e+03
3.169806639645749783e+03
2.425290822273794765e+04
8.173214874271419831e+03
2.647586238661149400e+04
1.346702766381340916e+04
1.140057093397498465e+04
2.746413886785461364e+04
1.109095709288850594e+04
2.008355724680533604e+04
4.552279760250027721e+03
5.390865336596603811e+03
2.916571858201640862e+04
7.300757631367395334e+03
1.045932787631181782e+04
4.409367625615897850e+04
4.558914225599708516e+03
2.994685728455717981e+04
2.074403116506817605e+04
4.163052252889590818e+03
3.701367751265066909e+04
5.448442606229380908e+04
1.038545239302519440e+04
3.430655663128192828e+03
4.632497758162555328e+03
2.427176545977245405e+04
9.757655949531599617e+03
1.828517195615220407e+04
4.270897464652001872e+03
7.882819584653562924e+04
5.945680831915220551e+03
4.514943671534600435e+04
6.003005631063630972e+03
2.889527829629732150e+04
4.189819243440782884e+04
2.198962951125691325e+04
8.411508361780588530e+03
5.583777204329772758e+03
2.567180851482334037e+04
2.288990535831042143e+04
1.398877041924214063e+04
5.139860558976900393e+03
3.348387509723070980e+04
1.529949695481381968e+04
9.039471536679013298e+03
4.912008047616042859e+03
5.556180035117807711e+04
5.284468203885367984e+03
1.135068342498479251e+04
2.102629408594377310e+04
2.404514242864734570e+03
2.822965173812736612e+04
3.178124532392486799e+03
1.715182979886399335e+04
2.189953265536547042e+04
3.284681297133612588e+03
8.333647368431380528e+03
1.398551286225252443e+04
2.083658515803288174e+04
2.788959609907520189e+03
1.698582004330396558e+03
5.571046189984149350e+03
1.790522311961010246e+03
2.351613741326249510e+03
4.299382966329057672e+04
3.719286509977586684e+04
1.041828919109791059e+03
1.786765830472182279e+04
1.069974481914925855e+04
1.562711519175859212e+04
3.638198749068497364e+03
1.738104776934192614e+03
1.702111466596224318e+03
1.935951272387877225e+03
2.095196001431003606e+04
6.356430855302351119e+03
2.077780890160653507e+04
7.978442353487967011e+03
1.240159594980663314e+04
2.283966585044632302e+04
1.048887658021851894e+04
1.637286142621855106e+04
2.331512112258362322e+03
3.952795382832742689e+03
2.304108896401312813e+04
5.148502818490527716e+03
6.496248342888927255e+03
4.034572487458716932e+04
2.612417961141096839e+03
2.424691382722995331e+04
2.477733932050510703e+04
8.170553713328748927e+03
2.769295418065854028e+04
4.894616637571392494e+04
6.936659380959793452e+03
2.900030379793829525e+03
4.385550824374079639e+03
2.559993128491279276e+04
6.965892114601974754e+03
1.098612971123101306e+04
2.208318559019622626e+03
7.430854449456752627e+04
1.107913462864395478e+04
3.735883271520178096e+04
4.355457119817266175e+03
2.605909040296383682e+04
3.561535343480041774e+04
2.336584391200313257e+04
8.892710583398313247e+03
3.863871105876126421e+03
2.740489189739198991e+04
2.411283092179956657e+04
1.035783685895620511e+04
8.460011959324012423e+03
3.152337534144083838e+04
1.373986808688506062e+04
5.233543349408893846e+03
8.530002604998437164e+03
4.945588191530365293e+04
3.237142317670747161e+03
5.352679808259149468e+03
1.646861889005651392e+04
1.971221928281575856e+03
2.676348393178859988e+04
2.519730878187403505e+03
1.920553850823808170e+04
2.463242249264958082e+04
2.977070364699886704e+04
3.686179864261480543e+04
7.787558295837942751e+03
1.709697203808635095e+04
2.079793580989363545e+04
2.995317060517183563e+04
1.666956640905281165e+04
1.666920671651158045e+04
4.977474582968195318e+04
4.255700330988621135e+04
2.078804938199475873e+04
2.533518349392242089e+04
1.863666841936913625e+04
2.663283619530550641e+04
1.822333104007380825e+04
2.516328529712448290e+04
1.793681008711808681e+04
1.871993325415586150e+04
3.274831459168398578e+04
2.227623205617348503e+04
4.922233408581424737e+04
2.905993094721867965e+04
2.596106670642497193e+04
3.585395676615774573e+04
3.344901650027899450e+04
3.124148704719610032e+04
1.950138490766574250e+04
1.701578409758670023e+04
3.929802098262515210e+04
2.347295315615612344e+04
2.517185170061121244e+04
4.166031648035501712e+04
2.430126614457807591e+04
4.030555310178693617e+04
1.922282810660203540e+04
2.107840317331923143e+04
4.065749596627034771e+04
7.574068505844070751e+04
1.875481223412501276e+04
1.863638966309466923e+04
1.948769211485268897e+04
3.754036047844371933e+04
2.618275632402154224e+04
3.745807279272734013e+04
1.923967837598403639e+04
5.336664128051367879e+04
2.051595492253293924e+04
6.730630963035370223e+04
1.734173963459272636e+04
4.617785938486100349e+04
3.844339599575393368e+04
2.861275322046501242e+04
2.258371498755641733e+04
2.046209870973570287e+04
3.046377386496114923e+04
1.843071437726061413e+04
2.174924739947135095e+04
2.038414350344914055e+04
3.247042954361047305e+04
2.774932078851860206e+04
2.448165991076121281e+04
1.990295410675611492e+04
6.135973499783741136e+04
1.919123531264581834e+04
2.993686902389094757e+04
4.269991739514544315e+04
1.615589014653123013e+04
4.517165377861868910e+04
1.716832899871693371e+04
3.592814009052953770e+04
1.171248664721663954e+04
1.951868109489728886e+04
2.425828473107175523e+04
5.605559363872148424e+03
4.282319759848642207e+03
8.635013750640332546e+02
2.576997615403251075e+03
3.224629273260481114e+03
4.850525144658209319e+04
4.396242113404360134e+04
3.595435297680686745e+03
2.445688611383962052e+04
1.146104360066495792e+04
1.741855917354245321e+04
5.078040645333077009e+03
7.049152725924795050e+03
3.469761258496442679e+03
4.265884259034507522e+03
2.472982271624568966e+04
9.056656743968731462e+03
1.995354998798259840e+04
1.494186810943298406e+04
1.103216220922845241e+04
3.226094903361553588e+04
7.221343471193176811e+03
1.911344657596654724e+04
4.518747821350243612e+03
6.718509908894144246e+03
3.416660238813771866e+04
5.745854870188991299e+03
8.927600404499538854e+03
4.894373787104384974e+04
2.140758003563008060e+03
3.069626363932033564e+04
2.861327217464016212e+04
8.150495790140572353e+03
3.492124098703799245e+04
4.724284935377104557e+04
1.133376030430552419e+04
3.767249124165262856e+03
8.843232001879274321e+03
2.247497112110182206e+04
8.011913035996456529e+03
1.220846204202053923e+04
5.232199423187773391e+03
8.691124762010750419e+04
1.072657577585944091e+04
3.753160897353179462e+04
7.642418329832011295e+03
2.654932355472186828e+04
4.881944160279595235e+04
3.054261445957629257e+04
1.105575179204413871e+04
7.339753488065936835e+03
2.867561329695159657e+04
2.772920930634756223e+04
1.462940787185358568e+04
7.968743173234114693e+03
4.081187248619546881e+04
1.905880246926786276e+04
6.968974130954769862e+03
9.501087938423494052e+03
5.149355593038159714e+04
5.072507893622854681e+03
9.137427609249096349e+03
1.718597762750495167e+04
2.924990596629770607e+03
2.919323014976047489e+04
4.128394472807629427e+03
2.098253471294435440e+04
1.482963490319600351e+04
2.566903549874150485e+04
1.069950367363543774e+04
9.839629509731199505e+03
1.472049525814238950e+04
9.873605661790952581e+03
1.114923525174149290e+04
4.738218993503763340e+04
4.043927092342109245e+04
8.884920994276539204e+03
2.230890104620670536e+04
1.686297276089357911e+04
2.218760178371644724e+04
1.194991184017491651e+04
8.356799804661704911e+03
1.052826205031235804e+04
1.049479676448911960e+04
2.713163776926609717e+04
7.110247790521247225e+03
3.090937566691493703e+04
1.523371804628933751e+04
2.163101448463821725e+04
2.682037636963701516e+04
1.860103550931438804e+04
2.514526428276119623e+04
1.011523043222615524e+04
1.190922183022447825e+04
2.879447429028706028e+04
1.332623597594847888e+04
1.170887610763899283e+04
4.372470602816058090e+04
1.253881550847260223e+04
2.887678738140763744e+04
3.343267331903513696e+04
1.729161627546081581e+04
2.711917125635248522e+04
5.121533374320473376e+04
1.292649027104022389e+04
1.205848168057760631e+04
1.055709993446732369e+04
3.217703716128153246e+04
1.106526144808390927e+04
1.139954816144010692e+04
1.062219507098555550e+04
7.454911768546719395e+04
2.068851652243358694e+04
4.370863057713664602e+04
1.357270808519817729e+04
3.804777174675741117e+04
3.937534143848137319e+04
3.538827375648564339e+04
1.631322494392463705e+04
1.062594036697879346e+04
3.786261705596077081e+04
2.964851103176917604e+04
1.564970587943507235e+04
1.809701524000743666e+04
3.788431447354539705e+04
2.077302615001249796e+04
7.059392115203138019e+03
1.872909334780558856e+04
5.843336082654078200e+04
1.011396307442838770e+04
7.236011870005606397e+03
2.758501680628791655e+04
1.103005325916474067e+04
3.502380649772536708e+04
1.009089228271217144e+04
3.123688769675662115e+04
3.412871367924354854e+04
1.568225203426006374e+04
1.333958611737430692e+04
2.553597851823231395e+04
1.468121863962529824e+04
1.504633324661806546e+04
4.305902073815670155e+04
3.791405123224593990e+04
1.659791890236953259e+04
2.896401894994070244e+04
2.362974459107642906e+04
2.731713565476408621e+04
1.818432444337052584e+04
1.573919127608256531e+04
1.461077124691641802e+04
1.791519036672795119e+04
2.670427820333631098e+04
1.577376534713158981e+04
3.983086165102518135e+04
1.379129146440310069e+04
2.792459157151289401e+04
3.140223493006049102e+04
2.722237593350205861e+04
3.412949060578153149e+04
1.536931414049083833e+04
1.676503665828679368e+04
3.206290000747717568e+04
1.698835906741480721e+04
1.528529665368966016e+04
4.625109721400780836e+04
1.752155643553449772e+04
2.695335253484396526e+04
3.900462577103878721e+04
2.266402732853414636e+04
4.099068759814499208e+04
6.114246323849383771e+04
2.052673762360795081e+04
1.693852076857558495e+04
1.571047186226510894e+04
3.380252158161887201e+04
1.609727316944149061e+04
1.887344827985059965e+04
1.492208106897428843e+04
8.393443906703658286e+04
2.603636105023895652e+04
4.844770625602196378e+04
1.638301673458584446e+04
4.377446835715494672e+04
4.647474823128816206e+04
3.193212716815807289e+04
2.136022703190335233e+04
1.522356274265595675e+04
3.202609174058825738e+04
3.492398674694090732e+04
1.876261075607877137e+04
2.544570341016706152e+04
3.988623986549013352e+04
2.820012134133266227e+04
1.497955662010179003e+04
2.475326688928515068e+04
6.171045445960281359e+04
1.850631169911728284e+04
1.498656675030183760e+04
3.503465082755302137e+04
1.673759674782148795e+04
3.606824487181371660e+04
1.549530302485672291e+04
3.077874962567952025e+04
1.755409995277612688e+04
2.130341633499584350e+04
2.989428941502086673e+04
1.604003100579286729e+04
1.724603047442387833e+04
4.590435357755726727e+04
3.798250578367011622e+04
1.873626853985840353e+04
2.163073849625897856e+04
1.378773045847540197e+04
1.915772958521852706e+04
2.150671884839362974e+04
2.144953286089997709e+04
1.782856230676540872e+04
1.911629552004937432e+04
2.831475951827409153e+04
2.114737819716130616e+04
4.184431021232882631e+04
2.892806545353414549e+04
2.797797794750454341e+04
2.982282579109085418e+04
3.287702887917675253e+04
2.536648536609850999e+04
1.955512173827646257e+04
1.720504495015914290e+04
3.422679521535014646e+04
2.223849036539033841e+04
2.306717232752466225e+04
3.742981029724294785e+04
2.521467752097933408e+04
3.607602079903751292e+04
1.560319617133675092e+04
2.570382420397693204e+04
3.404719233329620329e+04
7.127150436383920896e+04
1.561277424099942436e+04
1.858534165222920274e+04
1.922499416841220955e+04
3.769558762596276938e+04
2.493026698362001480e+04
3.206138936555749387e+04
2.071611903851490206e+04
4.675435226334460458e+04
2.655750117578229037e+04
6.224635425287421094e+04
1.760902479278589453e+04
4.105488117590417096e+04
3.251607053258089218e+04
3.038243001429463038e+04
2.330397335940480116e+04
1.984141628112252874e+04
3.046965314998191752e+04
1.907430653932783025e+04
2.002215130933358887e+04
2.504105507507776201e+04
3.493344724126024812e+04
2.362725598861670369e+04
1.984139335555982325e+04
2.514364088490358336e+04
5.610720248306607391e+04
1.901890284054051881e+04
2.333472117839895873e+04
3.659547220532281790e+04
1.776565935739788983e+04
3.912821081803451671e+04
1.692846264478948433e+04
3.380919386154387030e+04
2.592646794189251978e+03
8.751243674320718128e+03
2.059079806891897533e+03
1.756732131496924922e+03
4.460613437917183910e+04
3.725890093857531610e+04
3.124855150903582398e+03
1.886141560955622117e+04
7.111218010503465848e+03
1.669812490170590172e+04
4.380246251133782607e+03
5.465436215715370963e+03
2.606790617604072395e+03
2.667680733639894697e+03
2.225534222837600828e+04
6.862176869464297852e+03
2.526140036334428441e+04
9.647103764144609158e+03
1.128511498968441083e+04
2.400702684231103558e+04
1.280023037737327650e+04
1.958731420592193172e+04
3.373978996670834022e+03
4.798997524646597412e+03
2.511607784249098768e+04
5.051040371819611210e+03
7.959483761908080851e+03
3.910729124043195043e+04
3.789572361921583251e+03
2.766128763619254460e+04
1.977878667828390098e+04
6.448862976895639804e+03
3.059328284682676167e+04
5.197080427624514414e+04
9.127131494435785498e+03
3.481563379710782101e+03
3.528795360425450326e+03
2.368098686960604027e+04
8.520207825577228505e+03
1.444827429476947145e+04
2.574479242949576019e+03
7.384477556913392618e+04
7.946848539304189217e+03
4.201143613044577796e+04
5.231722032643018792e+03
2.561103589099436795e+04
3.719168887528673804e+04
2.148922012844504570e+04
7.372257595404884341e+03
2.586066722987937737e+03
2.511665452599249693e+04
2.163006753523384396e+04
1.197026531971909935e+04
7.154603133434013216e+03
3.146901641527708489e+04
1.208915988951679719e+04
7.483754146687502725e+03
6.399673531658851971e+03
5.275822141442917200e+04
4.272545229081448269e+03
8.570757947282139867e+03
2.088278369701022893e+04
2.906579855141974349e+03
2.784452289173891404e+04
2.811061244880463619e+03
1.827568884073579102e+04
8.204747110290614728e+03
2.413370200394798303e+03
2.344807584541980759e+03
4.260483722755746567e+04
3.706696856165463396e+04
3.019128758333767109e+03
1.848324619278674800e+04
1.068229100424592616e+04
1.653217705097307771e+04
3.968403015539544867e+03
4.216368034940147481e+03
1.699709090664864789e+03
2.710253436468708060e+03
2.117995396324473404e+04
7.415713016553092530e+03
2.314926030100781281e+04
8.605624182315350481e+03
1.192305226481477075e+04
2.481563831342638878e+04
1.437091302887474376e+04
1.808311735056944235e+04
2.239465404233242225e+03
4.150212838037725305e+03
2.494668667873157392e+04
5.471220972677198915e+03
7.293836587374000374e+03
4.042137540830070066e+04
2.735123189487361742e+03
2.592016371647312917e+04
2.394351131543271185e+04
7.749020852123198893e+03
2.948019314925537765e+04
4.878821559970129601e+04
9.165578304268958163e+03
3.846331953180321761e+03
5.387106399879500714e+03
2.491292661327707901e+04
8.222687944077955763e+03
1.291568051937569180e+04
1.095147705664125169e+03
7.503796868995024124e+04
9.710601382871966052e+03
3.895806154082180001e+04
4.165547595584346709e+03
2.554535222097735823e+04
3.805267838044492237e+04
2.189354404699380393e+04
9.122378657740595372e+03
4.510639966682121667e+03
2.641812097446386178e+04
2.420656648775964277e+04
1.204317149267781497e+04
8.163088918185143484e+03
3.254927090344685712e+04
1.455376695202030169e+04
6.988451364786898012e+03
7.213956969296261377e+03
5.040055090078232024e+04
4.414536481746745267e+03
7.487145247060365364e+03
1.827425432352755888e+04
2.638134072230179299e+03
2.733232603878377995e+04
3.087243166569330242e+03
1.998350530329379762e+04
4.412572466269419238e+03
5.470264037483277207e+03
5.621714359438056272e+04
5.215216417208478379e+04
5.638562741295274463e+03
3.413715656641199166e+04
1.464658734254863703e+04
2.179259333921303914e+04
6.008574225247627510e+03
1.171476543165843759e+04
5.837841869162492003e+03
6.443448303132963702e+03
2.977513562506631206e+04
1.158829222687912625e+04
2.117231047811050303e+04
2.404611067186691071e+04
1.224681183019763921e+04
4.510260966885148810e+04
8.426634477367091677e+03
2.389881624080847541e+04
7.631922072513546482e+03
9.697120279379438216e+03
4.976936654842450662e+04
9.854930599659761356e+03
1.354376089006864277e+04
6.155582369393244153e+04
3.719622350296697732e+03
3.893419625306191301e+04
3.351313702997477958e+04
1.004525880695080377e+04
4.798102502910960175e+04
5.020792402388271876e+04
1.619854883763210091e+04
6.023384390839995831e+03
1.278412577614502516e+04
2.428749663106129447e+04
1.168465279626703705e+04
1.568542670733693012e+04
8.454435388280529878e+03
1.009745257081349409e+05
1.317859952438923210e+04
3.892450121792612481e+04
1.109622482230402238e+04
3.343106430073861702e+04
6.589122450739517808e+04
3.720405033124003967e+04
1.520005995447688110e+04
1.303557265914024902e+04
3.733772299341589678e+04
3.265875699357441772e+04
2.156801850797113730e+04
9.154588387394378515e+03
5.656435901450930396e+04
2.681827776723051284e+04
8.802640000131634224e+03
1.138673305703241022e+04
5.547211048980403575e+04
7.230136324266447446e+03
1.330778017222813287e+04
1.925724351126363763e+04
3.925787549627944827e+03
3.425445921823163371e+04
6.182329898542001501e+03
2.868237250237969056e+04
5.254790681006666091e+02
4.459013270205590379e+04
3.786985444447487680e+04
2.054110861660539740e+03
1.862658525566425305e+04
7.962866203389683506e+03
1.578057484882665813e+04
3.142237050486989574e+03
4.745699877007863506e+03
1.764070411696929114e+03
2.635893812262715983e+03
2.174058279276429676e+04
7.008033915555331077e+03
2.032734932583175760e+04
1.006786872274397683e+04
1.117979312529634626e+04
2.504276803170931089e+04
9.074029727969056694e+03
1.498821597814598863e+04
2.946593736403316598e+03
4.026718688286136512e+03
2.513674006285618452e+04
4.007708378308397187e+03
6.718492210715198780e+03
4.093678860939320293e+04
2.046875086375700448e+03
2.503404406160306462e+04
1.907997557958473772e+04
6.922890250445960191e+03
3.045537054898964561e+04
4.745647840338364767e+04
9.031005323004470483e+03
2.323576252079784354e+03
4.817665532233773774e+03
2.206871205115995690e+04
7.015507189931336143e+03
1.177946136833724449e+04
2.380406767759505783e+03
7.593462348565208958e+04
7.569610323568837885e+03
3.716904527162326121e+04
4.487654226505522274e+03
2.485566063580420450e+04
3.767926709058312554e+04
2.237728614360879874e+04
7.364020870830325293e+03
3.992497112294081944e+03
2.462597387108887415e+04
2.057380150819512346e+04
1.121024500701962825e+04
6.017541653817306724e+03
3.068902360795895947e+04
1.319500043294815077e+04
5.871101845174403024e+03
5.929794840492038020e+03
4.955405596782968496e+04
4.188409093233863132e+03
6.641820397139266788e+03
1.701171403773297789e+04
1.599360463362631435e+03
2.641819852087955223e+04
1.484631576834160114e+03
1.336822059266270116e+04
4.391560016972574522e+04
3.777590803651957685e+04
2.595309237821765691e+03
1.882786014209491987e+04
7.929384126109112913e+03
1.595649413604000074e+04
2.824974008250062980e+03
5.070026104970213055e+03
1.818496939545943860e+03
2.560557291103750686e+03
2.132985075492553369e+04
7.099432183779761544e+03
2.136417493989637296e+04
1.039423590638766109e+04
1.069918794142583283e+04
2.553746635683110435e+04
1.181551727827416471e+04
1.524306471106564823e+04
2.946300747573070566e+03
3.821685098775334609e+03
2.641371972090475174e+04
4.273262136847477450e+03
6.906439241614871207e+03
4.084815306639329356e+04
2.344891750440549913e+03
2.609831213835123708e+04
1.958484707236966278e+04
6.149881077954847569e+03
3.107513076045697380e+04
4.876069787397167966e+04
9.766271719180491345e+03
2.549333032841894237e+03
5.061444637338137909e+03
2.184250126438017833e+04
7.913208053510908940e+03
1.282590308262735743e+04
2.110052225283299322e+03
7.545761063723270490e+04
6.189137864565280324e+03
3.800408020289474371e+04
3.961207159862630760e+03
2.432609313065585957e+04
3.904785059825070493e+04
2.143700371697741866e+04
7.220679305978455886e+03
4.390633746491024795e+03
2.432394928253282342e+04
2.102052436598315398e+04
1.201950430728984065e+04
5.270251233212130501e+03
3.102002311610381003e+04
1.318011417931459800e+04
6.424389488477151644e+03
4.857225882329259548e+03
4.978439248276474245e+04
3.625789895458242881e+03
7.572518350767874836e+03
1.739727387245803038e+04
1.594302780232237410e+03
2.630069365672587810e+04
1.507035198430501168e+03
1.414773373420391727e+04
7.849993404888285113e+03
4.314633218110523012e+04
4.068089797545461624e+04
3.436444486610693275e+04
1.770373410396060353e+04
4.744371268970410893e+04
4.493398224742893944e+04
4.334256391406449984e+04
4.645724399575767893e+04
4.720733672357279829e+03
4.943920724813052220e+04
4.207737883600998612e+04
4.464081630385787139e+04
5.005528618308503792e+04
2.632181964891983080e+04
5.999962417131910479e+04
6.228579411926688044e+04
4.460135512080339686e+04
3.819319639806688792e+04
3.418534666418674169e+04
4.698122587469446444e+04
4.330533513136602414e+04
4.447437355990445212e+04
4.810657824142179015e+04
3.077790850963531193e+04
3.591539003907396545e+04
5.569836467178638122e+04
7.427464600989526662e+04
5.612989204060221527e+04
4.214732262499904027e+04
4.582268394445819285e+04
4.712775939801259665e+04
4.185820271846575633e+04
3.149723685071658474e+04
5.153700437257220619e+04
4.406945187425999757e+04
3.545938447598597122e+04
5.691560644571251760e+04
4.989816538009281066e+04
3.775088057163708436e+04
5.827127853057193715e+04
5.656894697937546152e+04
3.504522987162491336e+04
4.641903780669110711e+04
4.624993638520627428e+04
4.664362950533384719e+04
4.520216456697428657e+04
3.360358672987421596e+04
5.773518809492402943e+04
4.676374463446241862e+04
4.584347396351549833e+04
4.483461640457185422e+04
5.218757464368783985e+04
3.607664754712225113e+04
4.726435535434906342e+04
5.154154110156726529e+04
3.754394434660678235e+04
4.444526365154577798e+04
4.634856693175218243e+04
4.566393070149944106e+04
5.856251843053305493e+04
3.781859551326057408e+04
3.386554919717028679e+04
2.980798453127270477e+04
1.523666685774140024e+04
4.095217144998846925e+04
4.008307777079158404e+04
3.729712218648823182e+04
4.003362600028245652e+04
3.410266362733929782e+03
4.125084213223530969e+04
4.694511486818869889e+04
3.925825127996103402e+04
4.380488040460233606e+04
1.997249589749818188e+04
5.520565768211806426e+04
5.771535465774819750e+04
3.805206229047627130e+04
3.230387381972526055e+04
2.581484404414988239e+04
4.138719262625540432e+04
3.842642699581016495e+04
3.212144061175868046e+04
4.229183621062085149e+04
2.657310756833563937e+04
2.840256871021883853e+04
4.763260123885886424e+04
6.883670279309326725e+04
5.784817646252320264e+04
3.660708258474827016e+04
4.089168518606490397e+04
3.976600216875780461e+04
3.678989994879369624e+04
2.615202103312034160e+04
4.883903257436302374e+04
3.744274620100848551e+04
3.435505929684761941e+04
4.861317504975480551e+04
5.275090384541767708e+04
3.155451712413539644e+04
5.854941179728570569e+04
4.518001833684473240e+04
2.790708112578231521e+04
4.061835508220239717e+04
4.046774113582541759e+04
3.700484910064565338e+04
4.207828395489535615e+04
2.726838389525428647e+04
5.019781797556049423e+04
3.808482206853742537e+04
4.032498440614644642e+04
3.894967395133669197e+04
4.558635452500258543e+04
3.986361497635884734e+04
4.222035871682679135e+04
4.621239561580422014e+04
3.991096059591078665e+04
3.784403358912596741e+04
4.964643005313105095e+04
3.886926798075271654e+04
5.253143551729452884e+04
1.861177216775783018e+04
1.053075684064862071e+04
1.564187328885326497e+04
3.682203008182795202e+03
2.165547155737623143e+03
1.994360634121067051e+03
1.554289938873824667e+03
2.145054288737323077e+04
6.743895795301492399e+03
2.115904005775061523e+04
8.788973723383080142e+03
1.329169629456276016e+04
2.228568991933736834e+04
9.331406956088365405e+03
1.739651910424995731e+04
3.736195896364200053e+03
3.664154242332419017e+03
2.214121994971611275e+04
5.656611098496221530e+03
7.776056716727527601e+03
3.965015253846513951e+04
3.896123877029549021e+03
2.486307578231994194e+04
2.269045110993218987e+04
8.166535475508389936e+03
2.705896833609279201e+04
5.127667424250653858e+04
5.090180572883639798e+03
2.597294512910583762e+03
3.831578069842126752e+03
2.596459711600198716e+04
7.170774797403435514e+03
1.122568444840640404e+04
3.548978011693136978e+03
7.505236788961772982e+04
1.147047476593945976e+04
3.873210846510045667e+04
5.395393642452346285e+03
2.737271768762939246e+04
3.473475669274505344e+04
2.522506183788194176e+04
8.951595374678094231e+03
3.664254621759450856e+03
2.928550605302221447e+04
2.344240241697336023e+04
9.598884874537387077e+03
8.464915193593475124e+03
3.192539644251277059e+04
1.375400827085963101e+04
5.032248242869335627e+03
8.676523433871192537e+03
5.089975716360886872e+04
3.132111769099077264e+03
5.039956449109684399e+03
1.737555137654668215e+04
1.655683948325245183e+03
2.830382075230655028e+04
2.382165599499524888e+03
2.026480865630035987e+04
2.225583051865042216e+04
1.765290104611356583e+04
2.344027449509195867e+04
1.823707521722537058e+04
1.875648269860897199e+04
2.168363560422248702e+04
2.330062395745118556e+04
2.331204552171292744e+04
4.324611842975232867e+04
2.576717730912383558e+04
2.857687591807054923e+04
1.882748183152674028e+04
3.456912971809425653e+04
2.631704956371577282e+04
2.049294845687111956e+04
2.245179575710307472e+04
2.097051119265238231e+04
2.052522228560585791e+04
1.445745362498423856e+04
5.014644998107849096e+04
2.293275541228574730e+04
3.172179857957208151e+04
3.646428358549703262e+04
2.992340885779345626e+04
3.609256284985652019e+04
6.391109182479632727e+04
1.836695880259596379e+04
1.735950454560362414e+04
1.997098178232095233e+04
4.024077532015548786e+04
1.388272650259809598e+04
2.978401653197873748e+04
2.010003086060991336e+04
4.946910797952306166e+04
3.060462224243815945e+04
5.575516485488947365e+04
2.191609966604551300e+04
3.747440793824465072e+04
1.667741876069588398e+04
3.664174089240028115e+04
2.271947192639868445e+04
1.778815593387336412e+04
3.627635662292498455e+04
3.554882765248756914e+04
1.034740050679316118e+04
3.240103411658801997e+04
1.520654074170369677e+04
2.351739326139320838e+04
1.828607872886924815e+04
2.952787591175207490e+04
5.802970832531344786e+04
2.142353483941807644e+04
2.278388560970708932e+04
3.402003330405936140e+04
2.069207443142343254e+04
4.370396135547963786e+04
1.965560448168710718e+04
3.040817740278211204e+04
1.286634762549531115e+04
1.081397055771015948e+04
1.354683689447236975e+04
8.643518433575343806e+03
1.015218804422777612e+04
1.995087763932826056e+04
1.277427959612644918e+04
1.972360298704881279e+04
1.753570102582342588e+04
1.520166275825342382e+04
2.090461458308401780e+04
1.824165316204903502e+04
2.353327652195981500e+04
1.004843383783022728e+04
1.001383210913428047e+04
2.300143272956342844e+04
1.099369890318598482e+04
1.429784110785079247e+04
3.446604031890585611e+04
1.119940556569686305e+04
2.865492024191005476e+04
1.216675652871177408e+04
1.175604318116656214e+04
3.851980946855536604e+04
5.419224698859045748e+04
1.355473570689396001e+04
9.006703511248237191e+03
9.814919515356474221e+03
2.484348041267618828e+04
1.321558547515756800e+04
2.294093616574878251e+04
1.026533840213668736e+04
6.096200472913012345e+04
1.248455274106178877e+04
4.791265641329740174e+04
1.021230640889667302e+04
2.445160961771673465e+04
3.848533440347271244e+04
2.041612203872936516e+04
1.158856306519647114e+04
9.402020528831086267e+03
2.712581297086738050e+04
2.103192897182425077e+04
1.489677797764192292e+04
1.234618056872903981e+04
3.543988833699304087e+04
1.293912582843130076e+04
1.225636069986281291e+04
1.205863820354764357e+04
5.396941134673394845e+04
1.150847010902311740e+04
1.629582674897648394e+04
1.569203002360880600e+04
8.170849451173451598e+03
2.075219770318942392e+04
8.935274243674237368e+03
1.855326116753736278e+04
1.923763359194090663e+04
1.762077484267763066e+04
1.558729432493716922e+04
1.749149487310114273e+04
9.251216006846612800e+03
2.078654947659686150e+04
2.604983075903384088e+04
2.565720320454627654e+04
2.361379411012665514e+04
1.044906424503032576e+04
2.714136622166217421e+04
2.120780077081512354e+04
1.727448965604109253e+04
1.813358244050638314e+04
1.486125965583881043e+04
1.860500285053597327e+04
1.752007990215130849e+04
3.624246089588172617e+04
1.673438894941993931e+04
2.162376699172139342e+04
1.959396090551359521e+04
2.384852042241013260e+04
4.491363237529029720e+04
5.527319094132355531e+04
1.440596327053121058e+04
1.662557859280402408e+04
1.907222289390241713e+04
3.362639751585400518e+04
1.550356806656633853e+04
2.745056003517438512e+04
1.751849750954597039e+04
2.798799095770373970e+04
2.602123490786420007e+04
4.734187771620862623e+04
1.811167481825160939e+04
3.031264865624726372e+04
2.935584788731355729e+04
2.401687760247752158e+04
2.089379260354371945e+04
1.804668120927978453e+04
3.264811785367570701e+04
2.861834537961845490e+04
1.095481661369993162e+04
2.500691206501073975e+04
2.763982100015278047e+04
2.213285643674698804e+04
1.731190907728501043e+04
2.381143209304815537e+04
3.750416230352983257e+04
1.930072825430616649e+04
2.156348636804983471e+04
2.084973892891489959e+04
1.599014336301888034e+04
3.071219400770993889e+04
1.693951359808445704e+04
3.073407616080807929e+04
7.843146562345053098e+03
2.834612773807118174e+03
3.915730001161961354e+03
2.414345999754316290e+04
7.534085279873334002e+03
2.295554504178994102e+04
1.581630050393903548e+04
1.095786210310558454e+04
3.222517942229763503e+04
1.133280700407979202e+04
1.927269249057995330e+04
4.521211369146009019e+03
5.075909001878902927e+03
3.485042728368772805e+04
7.611818722943092325e+03
1.069643514758577840e+04
4.832388553836510982e+04
3.608165934650623967e+03
3.074829914674764586e+04
2.202734066831214295e+04
5.587095722986417059e+03
3.639531857531542482e+04
5.278113536083013605e+04
1.200903276841752813e+04
4.223690002274111976e+03
6.730202666216452599e+03
2.341240247762819490e+04
1.015118807434823066e+04
1.680838729690744367e+04
2.503006053943013285e+03
7.993719532183525735e+04
5.017585279689064009e+03
4.180631472972065967e+04
4.294530507841882354e+03
2.901357516740616848e+04
4.764543792253502761e+04
2.226551505153590551e+04
9.345678840911186853e+03
9.036659734051618216e+03
2.884619531191023270e+04
2.447078177055529522e+04
1.655852398444682331e+04
4.305435774683998716e+03
3.932821161451142689e+04
1.811466326227576064e+04
8.119535748147472987e+03
4.090057740125992041e+03
5.332408616727429762e+04
4.452356924893281757e+03
1.151884096800615589e+04
1.841731808177987114e+04
1.868696366223949099e+03
2.650928466397948068e+04
2.793414689040200301e+03
2.148086454258665253e+04
4.001340526288810906e+03
3.884684800478902162e+03
2.349335502496125628e+04
8.449292733648149806e+03
2.637210099019490008e+04
8.888128931770537747e+03
1.631570891856442177e+04
2.210767430822884853e+04
1.525565863091581195e+04
1.811057369679515614e+04
4.466621540852748694e+03
6.296656545462907161e+03
2.194339410512709946e+04
8.328907901873168157e+03
7.577702447823012335e+03
4.153153894256622152e+04
7.480133945051865339e+03
2.442155500680931436e+04
2.791880113190144402e+04
1.345367208910077352e+04
2.513230910321969714e+04
5.295057432819550741e+04
7.125957487821835457e+03
5.070594204586240267e+03
6.453814022508640846e+03
3.046121559390124457e+04
9.303715575840409656e+03
1.151811291038412128e+04
5.317007339124427745e+03
7.550867822505869844e+04
1.725264429499479229e+04
4.104641936019931018e+04
7.429596325707349934e+03
2.925902557699744648e+04
3.313352355163376342e+04
2.894005057121679783e+04
1.302243597329142722e+04
4.816636508894117469e+03
3.184616763800507033e+04
2.650113068250113429e+04
1.062698064605977197e+04
1.362211241117326790e+04
3.188075761015332682e+04
1.527286346674228844e+04
6.518707239487423067e+03
1.395180479718547576e+04
5.173282912940777896e+04
3.895789894214571632e+03
5.717024824878813888e+03
2.052509309297086293e+04
4.641783945069994843e+03
2.953241941405173566e+04
4.736278967430420380e+03
2.287423670134276108e+04
1.586490571148554864e+03
2.134004935041015051e+04
6.072584557472823690e+03
2.059781661214682026e+04
9.673041051320575207e+03
1.086199426755319655e+04
2.315589303605609530e+04
1.251239840558296783e+04
1.589402833362326055e+04
1.978925209546610404e+03
2.838827625583226109e+03
2.248585910345645971e+04
6.568266821267066916e+03
6.926287317971387893e+03
4.044844237131699629e+04
2.770226944980790904e+03
2.467646590699438821e+04
2.108077044281339113e+04
5.031277805131727291e+03
3.189039928901168605e+04
4.933363843830060068e+04
7.753909343396400800e+03
2.522167278791570425e+03
4.555286590426427210e+03
2.385826408410613658e+04
7.182637495070472141e+03
1.286489344762866313e+04
1.518166534610579220e+03
7.636884293783317844e+04
7.763393867819429943e+03
3.847377688390301773e+04
2.947675991824842185e+03
2.612601230313423366e+04
3.478838031211433554e+04
2.124737305655234741e+04
7.363027840834953167e+03
4.793773311894257859e+03
2.681825376620508905e+04
2.204808093371690848e+04
1.017743539088226316e+04
5.167622663215666762e+03
3.055703542274908614e+04
1.473187765790773847e+04
5.440528135985136942e+03
5.019916332329051329e+03
4.913439361548867601e+04
3.303050562570408601e+03
7.827251015026230561e+03
1.610983196129638600e+04
1.542911209119821706e+03
2.695941163115309610e+04
1.988382349708807396e+03
2.024584759431638668e+04
2.298148874423463712e+04
6.874962214976369069e+03
2.249627651317326308e+04
1.000551541906175044e+04
1.235651138476516644e+04
2.567432741813312168e+04
1.294913263745507720e+04
1.704461450595011047e+04
3.278341619591309609e+03
2.320109271909003837e+03
2.579787851482853512e+04
7.597399348148319405e+03
8.283501351112032353e+03
3.781396963088135817e+04
4.208405592263206927e+03
2.663041786051707459e+04
2.171345760165135289e+04
5.052695789519040773e+03
2.888654172094652313e+04
5.188511993168695335e+04
7.073108348698515329e+03
2.763321154729398586e+03
4.075335092303204874e+03
2.504808477116685754e+04
8.820640267774659151e+03
1.315064843499248855e+04
2.825170306306365092e+03
7.871628710943700571e+04
9.258450333093805966e+03
3.948170492141560680e+04
4.213005358121200516e+03
2.751783970109387155e+04
3.909270729043363826e+04
2.355099123216183216e+04
8.417542798811678949e+03
4.431622031651158068e+03
2.829194418852175659e+04
2.358622511630616282e+04
1.212813101502978134e+04
5.869517773087559362e+03
3.539504565015884873e+04
1.483517755976692024e+04
6.529244632480970722e+03
6.252887755007150190e+03
5.136655741941306042e+04
2.189824875172024804e+03
7.460212756617791456e+03
1.728349210901702099e+04
1.931614423050213873e+03
2.915269712654386240e+04
2.195539739965117406e+03
2.238289953255097134e+04
2.648254355460957595e+04
3.389222090125393152e+04
2.662008798093798032e+04
2.797264899858114586e+04
1.557465327579252698e+04
3.578542119780698704e+04
3.772790537912852596e+04
2.248130870934421910e+04
1.852455606729474312e+04
1.956968299882257998e+04
2.510165132479331078e+04
2.329877454999356632e+04
2.694601885063110967e+04
2.436440448189591552e+04
2.020691821103724942e+04
2.115913699256792461e+04
3.036506902232938592e+04
5.620178958412011707e+04
5.033433935059098440e+04
2.299195024870542329e+04
2.372968258275445260e+04
2.485681748765248994e+04
2.942231228717075282e+04
1.561770525168964377e+04
3.069259448219543265e+04
2.187261536279463326e+04
3.103966770348115460e+04
3.162309732487116344e+04
4.344631320602377673e+04
1.796294631516862501e+04
4.255950119282254309e+04
3.649934846195924183e+04
2.057423185050182656e+04
2.674697574455753420e+04
2.469268541625408761e+04
2.995348470630621523e+04
3.215232551666288055e+04
1.733577802100864210e+04
3.124479125537217988e+04
3.062998198800223327e+04
3.015107459906194708e+04
2.382340350327378837e+04
2.831904211548020248e+04
3.355688506760595192e+04
2.453450983561433532e+04
2.869711805201876268e+04
2.861470723414806343e+04
2.143908281751797040e+04
4.085150476007729594e+04
2.249430633797707196e+04
3.923348872915154789e+04
2.813405745747575565e+04
1.477854876100322690e+04
1.582962518009613450e+04
2.958007026012784627e+04
1.770729625687825683e+04
2.206204297638412390e+04
6.183276759844961816e+03
8.756157544636982493e+03
3.141906992876028016e+04
1.185026485545938522e+04
8.404668524365755729e+03
4.179017251871898043e+04
8.730756963925523451e+03
3.134183305147606734e+04
2.613171153164863790e+04
1.124959131096205601e+04
3.297939919412747258e+04
5.452911444394721912e+04
1.291476998532115795e+04
8.935213206882266604e+03
7.916007666124332900e+03
3.051089020134459133e+04
1.033581545331442794e+04
1.401355552697078565e+04
6.862059227641325378e+03
7.504507085287512746e+04
1.226662451651801712e+04
4.598711580972732918e+04
8.946858836409637661e+03
3.230033621425279125e+04
4.261253808754975762e+04
2.916767040414708754e+04
1.164738124062529278e+04
8.732854325783171589e+03
3.325069252486014011e+04
2.654330270043297787e+04
1.614484020615234294e+04
1.248603011962314486e+04
3.923526276644603786e+04
1.876464317696781654e+04
3.507843732773748798e+03
1.098772933143363662e+04
5.871891342091351544e+04
7.982721499587159087e+03
5.925592938143682659e+03
2.449004036163729688e+04
6.864946211025224329e+03
3.210021046240938449e+04
6.830636817834594694e+03
2.903561331165625597e+04
3.978307382616808900e+04
2.872101341726813916e+04
4.576102874177734338e+04
3.315043490165860567e+04
3.295515511708066333e+04
2.222364666564658910e+04
2.470055713631260369e+04
5.097494346747903910e+04
2.879226204605222301e+04
2.812909524495568985e+04
6.660180451985006221e+04
2.065057072322351814e+04
4.350198008544168260e+04
4.247891122761589941e+04
2.937914137782315083e+04
6.132254556685211719e+04
4.081774353251105640e+04
3.217434007928432038e+04
2.203621038040680287e+04
3.081450490474723119e+04
3.544055132799947023e+04
2.611402757437316177e+04
3.642261584166787361e+04
2.357776342951768311e+04
7.945796811564677046e+04
3.314521900790583459e+04
3.444736095671387011e+04
2.528733257300317928e+04
2.465598873117496623e+04
7.235379207462811610e+04
4.231148249804935767e+04
2.322035412891932356e+04
2.931149364753900591e+04
4.652797054290033702e+04
4.782520877913128061e+04
3.434002085732893465e+04
2.687541998105071616e+04
6.459580264814499242e+04
3.327133702430879202e+04
2.492531664434371487e+04
2.954846137153031304e+04
4.584140649287324777e+04
2.317143051990272943e+04
2.974572829294556868e+04
5.254890632907279723e+03
2.013133921006529999e+04
1.385679760919592809e+04
2.181639076878664491e+04
4.034585319774990057e+04
2.485174120163735643e+04
2.777589021722958933e+04
2.385442715964100353e+04
3.333960429117571039e+04
9.940120503300528071e+03
1.108381773948663977e+04
2.734059938733115268e+04
1.141280119407184611e+04
1.365988208541494714e+04
4.190677955775830196e+04
1.284201211788904948e+04
2.401746127213504224e+04
2.873967085264798152e+04
1.839500900913377336e+04
3.515225040005573828e+04
5.514610982480597886e+04
1.191704529473482216e+04
9.470377119561546351e+03
1.113548575154420359e+04
2.930218191889487207e+04
1.405790426288052004e+04
1.656670643842994468e+04
1.059159755207842136e+04
8.125333039287594147e+04
2.080290282893190306e+04
4.571870542544780619e+04
1.246763110687345034e+04
3.838615991336974548e+04
4.100095292649723706e+04
2.275173679596839065e+04
1.651473354655288131e+04
7.778200750151585453e+03
2.617349460329866270e+04
2.553670737992205977e+04
1.602097933113330510e+04
2.056996760444755273e+04
3.492931842341181618e+04
1.657572667644554167e+04
1.238969447357135505e+04
1.940371319767831301e+04
5.579256695223695715e+04
1.145176713069319158e+04
1.221220126339905437e+04
3.301816078227302205e+04
1.132809222340270935e+04
3.893478276496934996e+04
1.164066355853681307e+04
2.343254563783334743e+04
3.520336616290966049e+04
1.957359598840921171e+04
2.938875308589191263e+04
9.925939549023725704e+03
1.421700301289194249e+04
3.636549890959700133e+04
1.417259556408149365e+04
1.553279293920550845e+04
5.089359056995627179e+04
1.095263017639290410e+04
3.864569300676285638e+04
2.993416467963957621e+04
1.338271324695235853e+04
4.739325872568948398e+04
5.703583995495793351e+04
2.045595097561686998e+04
1.166452076034766651e+04
1.442451240421784314e+04
2.429211273536635417e+04
1.533137131792145374e+04
2.731036148581919770e+04
1.085072081499903288e+04
8.611198686836463457e+04
1.193334878418090011e+04
5.090173615440200228e+04
1.343935712558736122e+04
3.426555108843739436e+04
4.825245061478616844e+04
3.268266485085928434e+04
1.430061703078697610e+04
1.535942397112150320e+04
4.021717258243264223e+04
2.920759004634243684e+04
2.111116355073416707e+04
1.282715337360807462e+04
4.008781897216476500e+04
2.644691424787370488e+04
1.732613401932542183e+04
1.095887333933624359e+04
5.945901149122777861e+04
1.303513657732982028e+04
2.276698034664284933e+04
2.185885620048527198e+04
1.013701005163466107e+04
3.868055539589696127e+04
1.165881393536200267e+04
3.345110782258516701e+04
4.394306145358125650e+04
3.492548397014776856e+04
2.570428464523960429e+04
2.388700849488144013e+04
4.074357092832779927e+03
2.651225907619904319e+04
2.009542577678742600e+04
3.005716869811723882e+04
2.970913090572393412e+04
2.251241318086106912e+04
2.833400613838173012e+04
3.607468987957906211e+04
4.305668873983202502e+04
6.581479463174191187e+04
2.065572311909718337e+04
2.162454878412473408e+04
2.442511860081138002e+04
3.845344134467058757e+04
1.775823894986777304e+04
3.494652787667891243e+04
2.654232101063815935e+04
4.383102373348489346e+04
3.945217235102652921e+04
6.096070895062844647e+04
2.571122166797949831e+04
4.379283627355090721e+04
2.178261293962614582e+04
2.969446636431299703e+04
2.650734635756281932e+04
2.328582223622666788e+04
3.388879966967155633e+04
4.155564662963691808e+04
9.205725817101541907e+03
4.148248671068395197e+04
2.446325053143313562e+04
2.586684814982035095e+04
2.372780536369069887e+04
3.866982917037049629e+04
5.578289370600567054e+04
2.700230226765722182e+04
2.766642827808420407e+04
3.585248185024473787e+04
2.549281979606312598e+04
4.309635756008629687e+04
2.596551411830215147e+04
3.507729589414785733e+04
2.948234034409008018e+04
1.506615534599022976e+04
1.716806904269203369e+04
4.803551852955645882e+04
1.188971882692982763e+04
1.861400728812195302e+04
6.492474071403226117e+04
1.007610484773898861e+04
3.992463791148922610e+04
3.682804680682028265e+04
1.655156982510762464e+04
3.950646621863359906e+04
5.610375807694302057e+04
1.520474549259290870e+04
1.017731194690285338e+04
1.360620866857503097e+04
2.645500163858886299e+04
1.589232743516945084e+04
2.197863106802707625e+04
1.453125349421653300e+04
1.020796516850078915e+05
1.865528972312199767e+04
4.927225235095989774e+04
1.949887761444357602e+04
3.860003360859464738e+04
6.264924890816719562e+04
3.983918987447483232e+04
1.966090006600908237e+04
1.493950410213900977e+04
3.981865585580490733e+04
3.558656967060099123e+04
2.248942443701569573e+04
1.717004057211019244e+04
5.541275744060615398e+04
2.508480796467447362e+04
1.528664493002693416e+04
1.876761595649475203e+04
6.677276436719340563e+04
1.323066206213716941e+04
1.752471457449083755e+04
2.778659667133120820e+04
1.035279086657023799e+04
3.672064842375331500e+04
1.022994255586162035e+04
2.549674325255025178e+04
1.765725922644757156e+04
2.057255359994920218e+04
3.817146732721832814e+04
2.312105737671831594e+04
2.059175491963085369e+04
6.469425680482531607e+04
2.038382248743322270e+04
4.175163672023900290e+04
3.977830031735361263e+04
2.556419504249935198e+04
4.064288930776664347e+04
7.452576689516246552e+04
1.660611270473458717e+04
1.595242855956116546e+04
2.200035829111369458e+04
4.899152846995872096e+04
2.462869070086510692e+04
2.990433749035156507e+04
1.701143929998304520e+04
7.734992885145072069e+04
2.537355051205726340e+04
6.412455810765054048e+04
2.040255804241553051e+04
2.982531651247441914e+04
4.694701733692630660e+04
4.095383696563019475e+04
2.169072724634118640e+04
2.142892394931149101e+04
4.743573851455657132e+04
4.459050789047600847e+04
2.197924732905762721e+04
2.372333018832355447e+04
4.406158390713777771e+04
2.905526059023592461e+04
1.978334348454072460e+04
2.377306179959641668e+04
6.290434626979602035e+04
1.750734421092183402e+04
2.263533727177849505e+04
2.618280932656877849e+04
1.635633958164989417e+04
3.514493734027483151e+04
1.557810399506295653e+04
3.060471939144093631e+04
4.802288593843590206e+03
2.567415783622643721e+04
6.854211859105583244e+03
6.759350578129708992e+03
4.138934232476120087e+04
3.831263577099326085e+03
2.675753344557051605e+04
2.239641824251692742e+04
6.284952807213905544e+03
3.479228235601048073e+04
5.005501103089818935e+04
1.021924031580760857e+04
3.875507048152397147e+03
5.632490050420458829e+03
2.488846638095723029e+04
8.825432773713881033e+03
1.319577178580053987e+04
2.150022348638404765e+03
7.661210837915675074e+04
8.292338867470567493e+03
3.870254861534819065e+04
4.340539598656094313e+03
2.515411430655645017e+04
3.745452769642117346e+04
2.137083221901147772e+04
7.185352443093804141e+03
5.127206470412888848e+03
2.762327261187836848e+04
2.097956292173359179e+04
1.243981778741149537e+04
6.954235619522619345e+03
3.302256947066065914e+04
1.581428685432899329e+04
7.562997639748113215e+03
5.727244684933415556e+03
5.010812561722646205e+04
4.226205636031113499e+03
9.057410192041576011e+03
1.649566293835265969e+04
3.101721801521042835e+03
2.846938818863733468e+04
3.787566689938892523e+03
2.202206375572783872e+04
2.359582543932766930e+04
1.090277179261906713e+04
1.011306545761684174e+04
2.890031461261419463e+04
7.308040773979801088e+03
2.385250749668614299e+04
1.945030877745043472e+04
6.007064617354857546e+03
3.060592208748364283e+04
5.295906298106027680e+04
8.721026206410057057e+03
4.653449647149694101e+03
6.452036427448454560e+03
2.346822804551961235e+04
8.490431557692871138e+03
1.484617693615568351e+04
4.111884350063583042e+03
7.086099958267404872e+04
1.039415471931619322e+04
4.008659640028227295e+04
2.022535846058712195e+03
3.099799325559634235e+04
3.765921827359863528e+04
2.227277396189322462e+04
9.600758845361502608e+03
7.649867467058448710e+03
2.742885154818595402e+04
2.173187222415817814e+04
1.161214158556411348e+04
6.750676147922232303e+03
3.225253893887532467e+04
1.844695352667301268e+04
8.290311144002105721e+03
7.080561385589946440e+03
4.680224726408480637e+04
4.303745745774916941e+03
1.007806696815304895e+04
1.958992584190221532e+04
3.008529005305236751e+03
3.110550656118645566e+04
3.898793694813053207e+03
2.395862790039423635e+04
2.893809769080195110e+04
1.904773476067383308e+04
2.880958573139504006e+04
3.147063366220219905e+04
2.586489838376532134e+04
3.220476415411355265e+04
3.830407782108006359e+04
4.420279748883138382e+04
7.263623971833853284e+04
2.269627883550888509e+04
2.156853348544355322e+04
2.533306162565562408e+04
4.269217894183078897e+04
1.797454705786158229e+04
3.490745656116788450e+04
2.718407763708769198e+04
5.310592568091509747e+04
4.180217965489704511e+04
6.662103103071807709e+04
2.596284842787327216e+04
4.705306316765033262e+04
2.105212256788638479e+04
3.266981309628388408e+04
2.781963173474030191e+04
2.309069552173099510e+04
3.595982612615401740e+04
4.445275455924594280e+04
1.051328653641083292e+04
4.260341509543890425e+04
2.480684583070391818e+04
2.931460780302221610e+04
2.493142868304267540e+04
4.001300649893608352e+04
6.404295373774455948e+04
2.704148222946751412e+04
2.812318705499869247e+04
4.157801099838892696e+04
2.604547460903313186e+04
4.923656901773275604e+04
2.645872213658846158e+04
3.631856504888825293e+04
9.475232640666372390e+03
4.552534429313323199e+04
4.628511196297378774e+03
3.037813093870798548e+04
2.723262516455053265e+04
1.258514324953703181e+04
2.935035327468576725e+04
5.103906164198220358e+04
1.201242248372730865e+04
5.918603325518549354e+03
8.470256461250621214e+03
2.384674969098475412e+04
1.012590666115115346e+04
1.627309100574046170e+04
6.481319838329050981e+03
7.933878805251298763e+04
1.301826477627976965e+04
4.096530595201485266e+04
1.089425184944476314e+04
2.635190265469023143e+04
4.063923928813202656e+04
2.666535183711193531e+04
1.305142055064059241e+04
5.715016932929251197e+03
2.618305643040323048e+04
2.711340159849349584e+04
1.420460753729182215e+04
1.294833047851684751e+04
3.502583317646224168e+04
1.463371939253127857e+04
9.032561327759956839e+03
1.113487302769610324e+04
5.440518620415976329e+04
7.975100265776754895e+03
1.009782159812393365e+04
2.268119203964531698e+04
5.745629238610893481e+03
3.012952458922459482e+04
5.844456414631067673e+03
1.436172009630552202e+04
4.065023882912723639e+04
8.747915221447401564e+03
2.472268270517518977e+04
2.907971146854505059e+04
1.499625976238047224e+04
2.869882000285543472e+04
5.217280885500063596e+04
1.312417429990612072e+04
8.098434449415315612e+03
1.071840292519501781e+04
2.806878912337549264e+04
9.006359118429038062e+03
1.358652641561607197e+04
8.009753728517411218e+03
7.470632129342711414e+04
1.527743605608079451e+04
4.178936429402384238e+04
9.688381987471409957e+03
2.815500226446530723e+04
3.129531908568755534e+04
2.888076839905304587e+04
1.354883149064321151e+04
8.425144968980524936e+03
3.020990702802637679e+04
2.822556081958432333e+04
1.014877550930952020e+04
1.465275150410557035e+04
2.452331987847763594e+04
1.782280627630283198e+04
8.212505593337051323e+03
1.407569570898806887e+04
5.188042537380594877e+04
8.354119239455949355e+03
8.965224954952269400e+03
2.287450866503078942e+04
8.331367884930230503e+03
3.391314433594419825e+04
7.256560053878256440e+03
2.294822412972080929e+04
5.001622290243482712e+04
4.528203436146795866e+04
2.604831141198557089e+04
4.863803150152977469e+04
5.063273389476333978e+04
7.964415080544687225e+04
3.826006375557816500e+04
4.299230566183442716e+04
4.072287652072743367e+04
4.130376176281842345e+04
4.767963094109791564e+04
5.186995153521172324e+04
4.228814616922778077e+04
5.522788785084345727e+04
5.565992560873524781e+04
7.431867249625736440e+04
3.477277444026198646e+04
6.978804631516666268e+04
5.109569949649518821e+04
3.351050433590194007e+04
4.192894703962655331e+04
4.140592549738963862e+04
3.470487347985775705e+04
4.909091863217857463e+04
3.827008675964166468e+04
5.474683695410680957e+04
5.166177392477227113e+04
4.708725023989492183e+04
4.430046994839695253e+04
5.288366318961521756e+04
6.947952811273768020e+04
3.919639099117467413e+04
4.508138227447935787e+04
5.600652132470111246e+04
4.120453739243662130e+04
5.860734904137351987e+04
4.141845246948661224e+04
5.311419358717183059e+04
2.959587886463848918e+04
2.818333575321230819e+04
5.792982862667588051e+03
3.499425960464662785e+04
4.827975875913201162e+04
1.223087099498894167e+04
3.839961972028881974e+03
8.262754373158570161e+03
2.383174537768074151e+04
8.619275348264032800e+03
1.488541146006132112e+04
3.198857462556482460e+03
8.695530781172931893e+04
7.783949238084803255e+03
3.797584851118239021e+04
7.271028325667038189e+03
2.735660061326638970e+04
4.525710720763935387e+04
2.122883908528605389e+04
9.548217790361550215e+03
7.792791926208692530e+03
2.484818788352795673e+04
2.677437165187882420e+04
1.328745217422421774e+04
5.508701452774309473e+03
3.825402367200476874e+04
1.768843436094851859e+04
7.577345616293649073e+03
6.601117152748275657e+03
5.153883231846543640e+04
5.484156792157813470e+03
9.702336422861138999e+03
1.759017373956578376e+04
2.084620169272486237e+03
2.967136210281688545e+04
3.524569247770833954e+03
1.753065661314770841e+04
3.476237459142522130e+04
3.687743915695780743e+04
5.917831351286461722e+04
4.696945834412593103e+04
2.381962202528714624e+04
2.479880158162571752e+04
2.828315870131432894e+04
3.245770631555058208e+04
1.629968699122731596e+04
2.549982964338095917e+04
2.666018882147355180e+04
6.218209084487699147e+04
3.824975741087167989e+04
3.880192039273458795e+04
2.393132442863198230e+04
5.677206105079059489e+04
4.220201326571740356e+04
2.999904276046398809e+04
3.312806996893533505e+04
2.773132358930324335e+04
3.189624795301063568e+04
2.750053437011898495e+04
1.714003809737017582e+04
3.726236906312934298e+04
3.205383764685791175e+04
3.498009995399480977e+04
2.715355452050647364e+04
3.634665542473612004e+04
3.756128296693865559e+04
2.754104497366051146e+04
3.031630070333094045e+04
3.695607161164272111e+04
2.541586150649979390e+04
4.387524609843669168e+04
2.607966941920025783e+04
4.176010399174220220e+04
2.532093298864869575e+04
5.220811475551725016e+04
6.765126727592932002e+04
2.398759920269142822e+04
2.191401333700151372e+04
2.269719599219883457e+04
3.345853672814911988e+04
2.753978634692553896e+04
3.914515005058323732e+04
2.292104030779283858e+04
5.092447996352115297e+04
2.446446328042177629e+04
6.291655062534604804e+04
1.966606277990200397e+04
4.434962634659836476e+04
5.303731727390661399e+04
2.068612383487015177e+04
2.419576861754321726e+04
2.353575468665960943e+04
3.302797306206912617e+04
2.175706338577780480e+04
2.549560898203274701e+04
2.371441514306125464e+04
4.840047717022807774e+04
2.461793025321794266e+04
2.680275889494212606e+04
2.360180641708010080e+04
6.036409153957059607e+04
2.346800979487693621e+04
3.214021788982986254e+04
3.822041266769097274e+04
1.921686900267315650e+04
4.370691983351903036e+04
1.967115262289751990e+04
3.702730673063354334e+04
4.164172061976964324e+04
5.937246823202077212e+04
1.577837540960968909e+04
5.492373966276431929e+03
9.007500778173376602e+03
2.571404315369264441e+04
1.522242875447164988e+04
2.393824727483608149e+04
6.207133700367073288e+03
9.043159199732063280e+04
6.687920490867376429e+03
5.059453500809094839e+04
7.240991701813657528e+03
3.088163715173943638e+04
5.256079318411174609e+04
2.293147683665846853e+04
1.069995203035082341e+04
9.914377264494818519e+03
2.847247843896811173e+04
2.779862913904579909e+04
2.018743840434921003e+04
3.299230739853127943e+03
4.471549195040851919e+04
2.045492496405863494e+04
1.234884605798668417e+04
4.360741053127429041e+03
6.101955582987213711e+04
7.414763817922428643e+03
1.597945328371987125e+04
2.431603338430432268e+04
4.888162700105212934e+03
3.415258381328862015e+04
6.154212374849806110e+03
2.484294980612233121e+04
8.832724760746378161e+04
2.512348413474537665e+04
2.417068254732388232e+04
2.943578998595014491e+04
5.128937928952838411e+04
4.437767830129338836e+04
3.389652288098639838e+04
3.383593993600530666e+04
8.903172253256678232e+04
5.003266476081607834e+04
7.946451385038162698e+04
3.625908521178546653e+04
5.452673865202512388e+04
4.915591756499778421e+04
5.807334139151684940e+04
3.513708358915618010e+04
2.474789648177873823e+04
5.266242355082814902e+04
5.471886457545933081e+04
3.486438152124961198e+04
4.786684004324353737e+04
5.103769080787694111e+04
3.444310061987226800e+04
2.758885068928702094e+04
4.875786077551293420e+04
9.155711465692463389e+04
2.716139641406047303e+04
2.340807028914341208e+04
5.248226213260971417e+04
3.353665338227775646e+04
5.299410885532756220e+04
3.091248640405559127e+04
3.941599517312654643e+04
5.817747890390994144e+04
5.107064490793384175e+04
5.601577789349427621e+04
4.318870234852128488e+04
4.600640384614442155e+04
5.273563442170935014e+04
5.080685537889305851e+04
9.813645941189044970e+04
6.204057891108169861e+04
8.814582633456164331e+03
5.264365067282816744e+04
7.445321029534637637e+04
9.015891707496347954e+04
6.290927748969866661e+04
5.286292982425617811e+04
5.355323174622743682e+04
5.103105689655119204e+04
5.148034746154880850e+04
5.719802282546186325e+04
5.854319274707345176e+04
7.873946094921974873e+04
5.214606962886461406e+04
5.039695046574526350e+04
5.941355378676507098e+04
2.888110981743261073e+04
5.161333676807359734e+04
5.463006330279972462e+04
4.164896785303340585e+04
4.907603456305582949e+04
5.114944770923897158e+04
4.906560648838380439e+04
4.854151036842463509e+04
5.313611654258170347e+03
7.665470024960246519e+03
3.150836674289292569e+04
1.216775867180256500e+04
1.598219939337717551e+04
1.013761845817993344e+04
6.280712599144606065e+04
1.965112124509742716e+04
4.683366665432990703e+04
1.125224655869058552e+04
3.470634058504978020e+04
2.751291021029344483e+04
2.654920396003361748e+04
1.396620210372950351e+04
7.477616701256863962e+03
3.415033168994334847e+04
2.357659552549725049e+04
8.215418118802102981e+03
1.806321912534811418e+04
3.129441910357829693e+04
1.759849035473659387e+04
9.265689868819239564e+03
1.688832110668632959e+04
5.018724527305884840e+04
8.359575187450180238e+03
9.821727136324852836e+03
2.609266558961343253e+04
8.438317385459729849e+03
3.485910417761294229e+04
8.678135348182227972e+03
2.668613061800289142e+04
5.394613510331166253e+03
2.134518470418679863e+04
7.369201751985194278e+03
1.285183768567652078e+04
3.796621299236290724e+03
8.224689476290771563e+04
6.916953296012980900e+03
3.913604760959816485e+04
6.344005011308770918e+03
2.557783125274465783e+04
3.436311756636848440e+04
2.203731387519771670e+04
7.647325871663110775e+03
4.133811831720169721e+03
2.661973352043222985e+04
2.121324314862385654e+04
9.293943847030150209e+03
5.306556868689593102e+03
2.970495732016129114e+04
1.202986924426979749e+04
7.047363123889927920e+03
5.150758171542949640e+03
5.151868926651561924e+04
4.332987938770914297e+03
8.173022582064852941e+03
1.737206408716064470e+04
2.319330022946471217e+03
2.626047444495388481e+04
2.695194832211735047e+03
1.667560109628616920e+04
2.661172613892539084e+04
1.027201093009209762e+04
1.641894189475691746e+04
5.584321830833077911e+03
7.536282928828994045e+04
1.187251823782752763e+04
4.777997661179687566e+04
7.667614265485546639e+03
3.077855581114781307e+04
3.739236034586159076e+04
2.541623592525167260e+04
1.035446758229706393e+04
3.658683252510338207e+03
2.938120338408194220e+04
2.396367100899268553e+04
1.317303193704254954e+04
1.066741137588453057e+04
3.272125668129924816e+04
1.376717909483220683e+04
7.625102355048940808e+03
9.836746791875088093e+03
5.784242332209632150e+04
6.041703736881906480e+03
9.458028581221944478e+03
2.449353738600208453e+04
4.970797588121575245e+03
3.055945683169397307e+04
4.018034470316230909e+03
2.157094022101543305e+04
2.229262024442602706e+04
3.641918532201603375e+04
2.430744505898205534e+04
7.841691489270451711e+04
2.537756382440021480e+04
3.942541728737294034e+04
2.443154281818007439e+04
4.829902150308029377e+04
5.877166521211687359e+04
3.380040379011197365e+04
2.689161223670210893e+04
2.640075011050350440e+04
3.128537672199594090e+04
3.323114694228550798e+04
3.251429548042245733e+04
2.468615984786609988e+04
4.766769388758095738e+04
2.942054077643284836e+04
2.940543734898373077e+04
2.484332362462733727e+04
5.367817070245642390e+04
2.599453194928431549e+04
3.407624284695225651e+04
2.899453772410238889e+04
2.248103340020794349e+04
4.304679329643487290e+04
2.301955881271134785e+04
3.479905043931399996e+04
1.329797958040557751e+04
8.507837740516712074e+03
6.678354664171452168e+04
1.613872008380332227e+04
3.793198841969601926e+04
8.706861900882071495e+03
3.379739122975825012e+04
2.987151778357835428e+04
2.862523382795161160e+04
1.479931757077606926e+04
9.880087252789046033e+03
3.235622691097432835e+04
2.686205444299920055e+04
6.921725170552934287e+03
1.482667264094070015e+04
2.064322889387049509e+04
2.170337872477946803e+04
7.177883672466699863e+03
1.423395576051203898e+04
4.243316398665003362e+04
1.020995424982238728e+04
1.134952857757063066e+04
2.352891250212760133e+04
7.247701890659025594e+03
3.650787399312663911e+04
7.857221693544766822e+03
2.546917751530154055e+04
1.484991304706252413e+04
9.253238824159826618e+04
2.813358455575672997e+04
4.379464033145228314e+04
1.600642017417464194e+04
4.685258732967865944e+04
4.920495197463039949e+04
4.331020388824707334e+04
2.187887732022042837e+04
1.393940376421405745e+04
4.156160666095458873e+04
3.087542576725457911e+04
1.800155131767153944e+04
2.395158566249406067e+04
4.000420269236201420e+04
2.971892085873898759e+04
1.103148453078083548e+04
2.407502420359301323e+04
5.625096496454260341e+04
1.229126277862810093e+04
9.761817749177092992e+03
3.187966584694501944e+04
1.326314340681346948e+04
4.536881281935838342e+04
1.283115760088757452e+04
3.395547195724045741e+04
7.767000565715362609e+04
6.982918902826518206e+03
4.009284928389351262e+04
3.466892406764102816e+03
2.683310386625519459e+04
3.993326690239951131e+04
2.110560660488152644e+04
8.408272139679433167e+03
5.836882935653535242e+03
2.759313546347483498e+04
2.373499935651759006e+04
1.311412605962582893e+04
6.334596620097208870e+03
3.383130937796735088e+04
1.605015573598037372e+04
7.308982151056758084e+03
4.816682814525795038e+03
5.137294950243424682e+04
4.364566067073965314e+03
9.470198254506703961e+03
1.847045952358378418e+04
2.103922569063421633e+03
2.742989346638743882e+04
2.848532854244037935e+03
2.051751686946740301e+04
9.069433892056465265e+04
9.438057242536883859e+04
6.929879696740611689e+04
8.678893377657105157e+04
6.241370262688091316e+04
5.787953155253865407e+04
7.418109299964141974e+04
7.697459463831326866e+04
5.875920042291242862e+04
7.233703233890242700e+04
5.598562067409216252e+04
9.484177639202304999e+04
6.108964743505296065e+04
7.841622057384806976e+04
7.318605057454934285e+04
8.813830358687350235e+04
7.012904572053567972e+04
7.916419367649679771e+04
7.922675918114086380e+04
7.526056731022313761e+04
7.695267447409090528e+04
7.654877094255405245e+04
7.668629263303180051e+04
8.240872161174153734e+04
5.344685281108764320e+04
9.524613910808819128e+03
3.295496671961354150e+04
5.468485140835222410e+04
2.404511445274868311e+04
9.531517447037298552e+03
1.341796646566961135e+04
3.203738561661051426e+04
2.753134409564786984e+04
2.330297099230521053e+04
4.614629909439589028e+03
4.378620638362731552e+04
2.137485968725113344e+04
1.468907781696307575e+04
3.219462293531896648e+03
6.226074362715598545e+04
1.039465072378629702e+04
2.086355110692658491e+04
2.558838578510701336e+04
6.360998474280025221e+03
3.629859968245519849e+04
7.258407359130134864e+03
2.659908111746248687e+04
4.030763110584716196e+04
6.347052659374525683e+04
8.368123437668997212e+04
5.660103973243891960e+04
4.488835193453991087e+04
4.506748417329997756e+04
4.539559115849613590e+04
4.452227314678188122e+04
4.806383137171217822e+04
4.672144638091539673e+04
7.453359739829335012e+04
4.907026715405832510e+04
4.085290887323324569e+04
4.947787018433221238e+04
2.261988168401938310e+04
3.942740312570762762e+04
4.408670520831050089e+04
3.333979297380679054e+04
3.830446870249908534e+04
4.665606174657361407e+04
3.834211867974943743e+04
3.934331530502589885e+04
3.066072448884276309e+04
3.928421955625279224e+04
2.075984781355140876e+04
1.035116410224271385e+04
8.902336720450355642e+03
2.676418655297115765e+04
2.131342944938072469e+04
1.235729497023779004e+04
7.011522062336962335e+03
3.188114382337088318e+04
2.025305333203199552e+04
9.294733916866913205e+03
6.758770805250228477e+03
4.565368310431229474e+04
5.325665290851884492e+03
1.191627035817484284e+04
2.035807636969773012e+04
3.805016753310223066e+03
2.973412262978081344e+04
4.125848901070045031e+03
2.365868049608870933e+04
6.599512209422355227e+04
4.710051671967354196e+04
2.288106224982921412e+04
2.638616501778668317e+04
5.535204217723803595e+04
5.869754774388073565e+04
3.632321225141063042e+04
3.265121620877654277e+04
6.129641895099930116e+04
3.069067276489512005e+04
3.124849234976410662e+04
2.986845296046325893e+04
7.977938752605314949e+04
2.760001701236510416e+04
3.289180344331326341e+04
2.302443253546302367e+04
2.655903975890610309e+04
2.994858220839058413e+04
2.654805607917491943e+04
4.212210037701031251e+04
5.297090172532056022e+04
4.120411626026289014e+04
3.560873379409970948e+04
4.870516428971284768e+04
4.973289830893083126e+04
1.293051272271386370e+04
5.727699268544947699e+04
2.291834570078290926e+04
4.042853616090086143e+04
3.692908878029914922e+04
5.311062828328709293e+04
7.813702211540113785e+04
3.914565306840164703e+04
4.082365853186332242e+04
6.064207509099549497e+04
3.892926963810573943e+04
6.993828764273565321e+04
3.878282087526847317e+04
5.084526427737576887e+04
2.543818206022087179e+04
2.556085511199624671e+04
1.758149069153147138e+04
3.174728098236719597e+04
2.808362214391052839e+04
2.309197752314768877e+04
4.512179957702880347e+04
2.329656535987905227e+04
3.150455109069283935e+04
2.398463154127324378e+04
5.210189805223842268e+04
2.459207566514963401e+04
3.545722022073968401e+04
3.595676266034790751e+04
2.165427636701508163e+04
4.398544164858319709e+04
2.217218672536844679e+04
2.859058070670628149e+04
9.407923780767174321e+03
3.182083517067260254e+04
2.552804417740679855e+04
1.711236177310091443e+04
1.091509064418419257e+04
3.403679228704095294e+04
1.706992544628219912e+04
1.248364220239905444e+04
9.012756424880439226e+03
5.831112940664769121e+04
9.384393327823147047e+03
1.545730104439471688e+04
1.928352141920930444e+04
7.523887539461000415e+03
2.859410277941405366e+04
8.151526548525707767e+03
2.319514064595196396e+04
2.715958206202062865e+04
2.356701798880092974e+04
1.128448388672464353e+04
1.255952460242575216e+04
3.118121328236426416e+04
1.157903663409896581e+04
6.903895925378626089e+03
1.159671530197530956e+04
5.559252029390242387e+04
6.058744338627190700e+03
6.893320827421799549e+03
2.399582200983325311e+04
5.890613282657945092e+03
3.067133963720532847e+04
5.247641067630194811e+03
1.832205452582695943e+04
3.674393605953139195e+04
3.209353537677844724e+04
3.001451917633199992e+04
4.205431724105878675e+04
3.032049870817084957e+04
3.478629550298959657e+04
3.189807882241874177e+04
4.828892030976690876e+04
2.909519134180544643e+04
3.560954523951141891e+04
4.079789915656217636e+04
2.727036942783538689e+04
4.532843567529522988e+04
2.561633335613643067e+04
2.600644333928016567e+04
2.579741916513127944e+04
2.675979413081122766e+04
4.112918197122967103e+04
3.205802427808766151e+04
2.660803580398046688e+04
2.512904392193745662e+04
4.670391071463083790e+04
2.432624127861712259e+04
3.125155950763478904e+04
4.128157165036693914e+04
2.110912569168830669e+04
5.322481924391697248e+04
2.105537650507291255e+04
4.647663505915830319e+04
2.225078973139089067e+04
1.490333614687924455e+04
2.089292921027545162e+04
1.159194617611572903e+04
2.142477044680875770e+04
4.485854986479759100e+04
1.355226487215858833e+04
1.430019978041965442e+04
2.866202589383215673e+04
1.160331015845519505e+04
3.745624530820744985e+04
1.222616188462978062e+04
2.860873966425750768e+04
4.714109944839401578e+04
2.190930653314079609e+04
1.360511472918834988e+04
3.215000602389529377e+03
5.921731015673841466e+04
7.178006114113664808e+03
1.884917831624779501e+04
2.174630201583334201e+04
4.227767843657359663e+03
3.472376920294531010e+04
4.927417194440698950e+03
2.638303244779383022e+04
4.414017060644160665e+04
3.388873542911852564e+04
4.233026335595024284e+04
7.032002718704524159e+04
3.603451166192667733e+04
3.995715947619795043e+04
5.509124137191122281e+04
3.348653744110019034e+04
6.146134167435664131e+04
3.175731706333638431e+04
4.624036553869533964e+04
1.646876398525288823e+04
2.222394610646626825e+04
5.784975521820405265e+04
1.529465097760007848e+04
1.779370611584706785e+04
2.595505156415544116e+04
1.485727286913717398e+04
3.024844738764304202e+04
1.353214941699232440e+04
2.242126987683267726e+04
1.369146890829912445e+04
5.403550942671735538e+04
7.652771546312677856e+03
3.149442208687300081e+03
2.280467649235107092e+04
6.116129071894771187e+03
3.161498033728326118e+04
6.344410694413040801e+03
2.578865880581533565e+04
5.861278078759275377e+04
8.210624763907950182e+03
1.925770905343683262e+04
2.288213332765298037e+04
4.073580756862120779e+03
3.617235890180636488e+04
5.344907336324387870e+03
2.719124476369361946e+04
5.226135661454669025e+04
5.759459023644061381e+04
4.424761846071346372e+04
4.984805322808345227e+04
5.912994772811986331e+04
5.121849025222317869e+04
6.422565841502900003e+04
8.350450886339276622e+03
1.802425624475780205e+04
3.126498372504242525e+03
2.755946941726373916e+04
3.188902944824211318e+03
2.282044477803371774e+04
2.628392976499929500e+04
8.420996531447761299e+03
3.319443203343161440e+04
8.330646431693257910e+03
2.677689617461041780e+04
1.661857415618164669e+04
1.340261386059437791e+04
1.712438688100312720e+04
3.613448548545275116e+04
2.822634080065333910e+04
2.186635755021494333e+03
1.945766330285165168e+04
2.648471125563805617e+04
3.585228887790224690e+04
1.507441481743453187e+04
