1.500000000000000000e+01 1.600000000000000000e+01 5.254790681006666091e+02 2.000000000000000000e+00
8.000000000000000000e+00 1.400000000000000000e+01 8.635013750640332546e+02 2.000000000000000000e+00
6.000000000000000000e+00 1.900000000000000000e+01 1.041828919109791059e+03 2.000000000000000000e+00
1.300000000000000000e+01 5.300000000000000000e+01 1.095147705664125169e+03 2.000000000000000000e+00
2.500000000000000000e+01 7.500000000000000000e+01 1.542911209119821706e+03 2.000000000000000000e+00
7.700000000000000000e+01 7.900000000000000000e+01 1.700435607471523326e+03 3.000000000000000000e+00
2.600000000000000000e+01 8.300000000000000000e+01 1.836264162562144975e+03 3.000000000000000000e+00
3.600000000000000000e+01 5.700000000000000000e+01 2.022535846058712195e+03 2.000000000000000000e+00
2.400000000000000000e+01 8.100000000000000000e+01 2.186000754952298848e+03 3.000000000000000000e+00
3.000000000000000000e+00 5.000000000000000000e+00 2.282726051644820018e+03 2.000000000000000000e+00
3.500000000000000000e+01 8.200000000000000000e+01 2.454672707007523059e+03 3.000000000000000000e+00
1.200000000000000000e+01 6.200000000000000000e+01 2.586066722987937737e+03 2.000000000000000000e+00
4.800000000000000000e+01 8.500000000000000000e+01 2.872311160438049228e+03 4.000000000000000000e+00
8.400000000000000000e+01 9.100000000000000000e+01 2.947226232327256184e+03 7.000000000000000000e+00
6.900000000000000000e+01 7.300000000000000000e+01 3.149442208687300081e+03 2.000000000000000000e+00
6.600000000000000000e+01 7.000000000000000000e+01 3.215000602389529377e+03 2.000000000000000000e+00
1.800000000000000000e+01 2.700000000000000000e+01 3.410266362733929782e+03 2.000000000000000000e+00
4.100000000000000000e+01 8.000000000000000000e+01 3.468488426416428410e+03 3.000000000000000000e+00
2.300000000000000000e+01 8.800000000000000000e+01 3.726803046118298425e+03 3.000000000000000000e+00
4.900000000000000000e+01 9.000000000000000000e+01 3.872509030769502260e+03 3.000000000000000000e+00
7.200000000000000000e+01 8.700000000000000000e+01 4.033261088757788912e+03 4.000000000000000000e+00
4.400000000000000000e+01 9.400000000000000000e+01 4.060613383101967884e+03 3.000000000000000000e+00
3.200000000000000000e+01 3.700000000000000000e+01 4.074357092832779927e+03 2.000000000000000000e+00
8.900000000000000000e+01 9.200000000000000000e+01 4.629114969447444309e+03 1.000000000000000000e+01
2.900000000000000000e+01 7.400000000000000000e+01 5.254890632907279723e+03 2.000000000000000000e+00
2.800000000000000000e+01 9.300000000000000000e+01 5.320283589509603189e+03 3.000000000000000000e+00
2.000000000000000000e+00 4.700000000000000000e+01 5.608350203734886236e+03 2.000000000000000000e+00
5.500000000000000000e+01 1.000000000000000000e+02 5.611400101246385930e+03 4.000000000000000000e+00
9.700000000000000000e+01 1.020000000000000000e+02 5.867201803472107713e+03 1.300000000000000000e+01
5.100000000000000000e+01 6.500000000000000000e+01 6.921725170552934287e+03 2.000000000000000000e+00
8.600000000000000000e+01 1.070000000000000000e+02 7.046897639809483735e+03 1.500000000000000000e+01
1.700000000000000000e+01 9.500000000000000000e+01 7.215389318658657430e+03 3.000000000000000000e+00
9.800000000000000000e+01 9.900000000000000000e+01 7.356946027655268153e+03 7.000000000000000000e+00
7.000000000000000000e+00 1.100000000000000000e+01 7.787558295837942751e+03 2.000000000000000000e+00
0.000000000000000000e+00 1.010000000000000000e+02 8.046178474540144634e+03 3.000000000000000000e+00
9.000000000000000000e+00 1.040000000000000000e+02 8.174298337237678425e+03 4.000000000000000000e+00
3.800000000000000000e+01 1.110000000000000000e+02 8.252680949308072741e+03 8.000000000000000000e+00
4.600000000000000000e+01 5.600000000000000000e+01 8.814582633456164331e+03 2.000000000000000000e+00
1.090000000000000000e+02 1.150000000000000000e+02 9.703375611242077866e+03 2.300000000000000000e+01
3.900000000000000000e+01 1.080000000000000000e+02 1.033302179874914691e+04 3.000000000000000000e+00
3.300000000000000000e+01 9.600000000000000000e+01 1.044738808871059882e+04 4.000000000000000000e+00
2.100000000000000000e+01 6.100000000000000000e+01 1.158856306519647114e+04 2.000000000000000000e+00
3.000000000000000000e+01 1.050000000000000000e+02 1.182905945091704234e+04 3.000000000000000000e+00
1.000000000000000000e+00 2.200000000000000000e+01 1.274276128335552130e+04 2.000000000000000000e+00
1.170000000000000000e+02 1.200000000000000000e+02 1.296605912148055359e+04 2.500000000000000000e+01
5.200000000000000000e+01 1.140000000000000000e+02 1.401134390429519408e+04 5.000000000000000000e+00
2.000000000000000000e+01 1.180000000000000000e+02 1.468802145112552716e+04 4.000000000000000000e+00
3.100000000000000000e+01 1.060000000000000000e+02 1.519181733808586432e+04 5.000000000000000000e+00
7.600000000000000000e+01 1.030000000000000000e+02 1.544525731946015367e+04 3.000000000000000000e+00
6.000000000000000000e+01 6.300000000000000000e+01 1.758149069153147138e+04 2.000000000000000000e+00
1.210000000000000000e+02 1.230000000000000000e+02 1.758533088005689569e+04 2.800000000000000000e+01
1.130000000000000000e+02 1.220000000000000000e+02 1.856111969308971675e+04 5.000000000000000000e+00
4.000000000000000000e+00 1.120000000000000000e+02 1.893450787709166252e+04 3.000000000000000000e+00
1.000000000000000000e+01 1.240000000000000000e+02 1.934976689396292204e+04 6.000000000000000000e+00
6.800000000000000000e+01 1.290000000000000000e+02 1.996954122392250429e+04 2.900000000000000000e+01
4.300000000000000000e+01 6.400000000000000000e+01 2.175706338577780480e+04 2.000000000000000000e+00
1.190000000000000000e+02 1.260000000000000000e+02 2.186903687722356699e+04 9.000000000000000000e+00
6.700000000000000000e+01 1.250000000000000000e+02 2.276554089121038851e+04 5.000000000000000000e+00
1.330000000000000000e+02 1.350000000000000000e+02 2.557876258112721553e+04 3.800000000000000000e+01
1.310000000000000000e+02 1.340000000000000000e+02 2.729389468656742974e+04 5.000000000000000000e+00
3.400000000000000000e+01 1.370000000000000000e+02 2.820383483223786243e+04 3.900000000000000000e+01
5.900000000000000000e+01 1.360000000000000000e+02 2.827215870957395236e+04 6.000000000000000000e+00
7.800000000000000000e+01 1.390000000000000000e+02 2.938457506089109302e+04 4.000000000000000000e+01
7.100000000000000000e+01 1.160000000000000000e+02 2.951755543383885379e+04 3.000000000000000000e+00
4.200000000000000000e+01 1.300000000000000000e+02 3.016514597446791959e+04 6.000000000000000000e+00
5.800000000000000000e+01 1.270000000000000000e+02 3.083727391948392324e+04 4.000000000000000000e+00
1.320000000000000000e+02 1.410000000000000000e+02 3.450276120267062652e+04 4.600000000000000000e+01
5.000000000000000000e+01 1.280000000000000000e+02 3.620946179792990006e+04 3.000000000000000000e+00
1.400000000000000000e+02 1.430000000000000000e+02 3.774789069069145626e+04 1.200000000000000000e+01
4.000000000000000000e+01 1.460000000000000000e+02 4.014514858948103210e+04 4.000000000000000000e+00
5.400000000000000000e+01 1.100000000000000000e+02 4.104420262354926672e+04 4.000000000000000000e+00
4.500000000000000000e+01 1.450000000000000000e+02 4.683806747516334872e+04 4.700000000000000000e+01
1.380000000000000000e+02 1.480000000000000000e+02 5.460129660512207920e+04 9.000000000000000000e+00
1.440000000000000000e+02 1.500000000000000000e+02 6.651521343948498543e+04 5.100000000000000000e+01
1.470000000000000000e+02 1.510000000000000000e+02 7.470600603169659735e+04 2.100000000000000000e+01
1.490000000000000000e+02 1.530000000000000000e+02 7.986836026710996521e+04 2.500000000000000000e+01
1.420000000000000000e+02 1.520000000000000000e+02 1.170011799911862327e+05 5.400000000000000000e+01
1.540000000000000000e+02 1.550000000000000000e+02 1.390519773886453186e+05 7.900000000000000000e+01
