4.300000000000000000e+01 1.060000000000000000e+02 1.859848066384447307e+01 2.000000000000000000e+00
9.400000000000000000e+01 1.020000000000000000e+02 2.009774056134313369e+01 2.000000000000000000e+00
9.900000000000000000e+01 1.240000000000000000e+02 2.285124481777388539e+01 3.000000000000000000e+00
1.800000000000000000e+01 5.000000000000000000e+01 2.341790712444830191e+01 2.000000000000000000e+00
8.000000000000000000e+00 3.500000000000000000e+01 2.729024833160112706e+01 2.000000000000000000e+00
6.800000000000000000e+01 1.270000000000000000e+02 2.794006815388691223e+01 3.000000000000000000e+00
5.500000000000000000e+01 1.250000000000000000e+02 2.907619848604341328e+01 3.000000000000000000e+00
6.000000000000000000e+00 6.500000000000000000e+01 2.972115977977860624e+01 2.000000000000000000e+00
1.000000000000000000e+01 1.260000000000000000e+02 3.230598950955348414e+01 4.000000000000000000e+00
7.800000000000000000e+01 1.300000000000000000e+02 3.275583396432773498e+01 4.000000000000000000e+00
3.800000000000000000e+01 1.310000000000000000e+02 3.333687628717074602e+01 3.000000000000000000e+00
3.100000000000000000e+01 3.700000000000000000e+01 3.563896112896654955e+01 2.000000000000000000e+00
3.400000000000000000e+01 1.290000000000000000e+02 3.673803590330236801e+01 4.000000000000000000e+00
8.000000000000000000e+01 1.080000000000000000e+02 3.674372835102298751e+01 2.000000000000000000e+00
5.200000000000000000e+01 8.900000000000000000e+01 3.721808852676658574e+01 2.000000000000000000e+00
3.900000000000000000e+01 8.500000000000000000e+01 3.783060809367007948e+01 2.000000000000000000e+00
1.400000000000000000e+01 1.700000000000000000e+01 3.978441744727643226e+01 2.000000000000000000e+00
1.330000000000000000e+02 1.380000000000000000e+02 4.234444042196629709e+01 6.000000000000000000e+00
2.300000000000000000e+01 7.400000000000000000e+01 4.625056246363039492e+01 2.000000000000000000e+00
9.800000000000000000e+01 1.130000000000000000e+02 4.638078699836333385e+01 2.000000000000000000e+00
1.160000000000000000e+02 1.360000000000000000e+02 4.659080328916151359e+01 5.000000000000000000e+00
1.100000000000000000e+01 1.440000000000000000e+02 4.701059802176288827e+01 6.000000000000000000e+00
1.140000000000000000e+02 1.370000000000000000e+02 4.735267820864955013e+01 3.000000000000000000e+00
7.600000000000000000e+01 9.600000000000000000e+01 4.758045662076141014e+01 2.000000000000000000e+00
1.300000000000000000e+01 4.900000000000000000e+01 4.770356548984790379e+01 2.000000000000000000e+00
9.700000000000000000e+01 1.390000000000000000e+02 4.913612488725115668e+01 3.000000000000000000e+00
1.030000000000000000e+02 1.450000000000000000e+02 5.092080534428371408e+01 7.000000000000000000e+00
5.800000000000000000e+01 1.430000000000000000e+02 5.192380540047382453e+01 3.000000000000000000e+00
3.300000000000000000e+01 5.400000000000000000e+01 5.263261811275727098e+01 2.000000000000000000e+00
6.400000000000000000e+01 1.000000000000000000e+02 5.400682636030623485e+01 2.000000000000000000e+00
1.010000000000000000e+02 1.410000000000000000e+02 5.508577674527586510e+01 7.000000000000000000e+00
3.200000000000000000e+01 1.280000000000000000e+02 5.547603261625199877e+01 3.000000000000000000e+00
3.600000000000000000e+01 1.220000000000000000e+02 5.737049901169915245e+01 2.000000000000000000e+00
1.000000000000000000e+00 8.400000000000000000e+01 5.925216871191539525e+01 2.000000000000000000e+00
1.340000000000000000e+02 1.400000000000000000e+02 6.062134482596420781e+01 5.000000000000000000e+00
7.700000000000000000e+01 1.460000000000000000e+02 6.102445904967935775e+01 4.000000000000000000e+00
1.900000000000000000e+01 8.700000000000000000e+01 6.186897803444448840e+01 2.000000000000000000e+00
1.480000000000000000e+02 1.520000000000000000e+02 6.409426528573069959e+01 4.000000000000000000e+00
2.500000000000000000e+01 1.420000000000000000e+02 6.444007417832969509e+01 3.000000000000000000e+00
2.000000000000000000e+00 1.500000000000000000e+01 6.689131786875502428e+01 2.000000000000000000e+00
8.100000000000000000e+01 1.540000000000000000e+02 6.756142991296457012e+01 8.000000000000000000e+00
2.100000000000000000e+01 1.170000000000000000e+02 6.907926840201568552e+01 2.000000000000000000e+00
6.700000000000000000e+01 9.200000000000000000e+01 6.911360283084653133e+01 2.000000000000000000e+00
9.000000000000000000e+00 1.210000000000000000e+02 6.965532844866754658e+01 2.000000000000000000e+00
9.000000000000000000e+01 1.120000000000000000e+02 6.965988484864010388e+01 2.000000000000000000e+00
4.500000000000000000e+01 4.800000000000000000e+01 7.112907015737498284e+01 2.000000000000000000e+00
1.320000000000000000e+02 1.580000000000000000e+02 7.236196611077893692e+01 9.000000000000000000e+00
3.000000000000000000e+01 5.700000000000000000e+01 7.540646001315840863e+01 2.000000000000000000e+00
7.000000000000000000e+00 8.200000000000000000e+01 7.541818033460711490e+01 2.000000000000000000e+00
5.000000000000000000e+00 1.600000000000000000e+02 7.561848213371013117e+01 3.000000000000000000e+00
1.470000000000000000e+02 1.510000000000000000e+02 7.587937515253018717e+01 5.000000000000000000e+00
2.400000000000000000e+01 1.570000000000000000e+02 7.836696264186055316e+01 3.000000000000000000e+00
9.100000000000000000e+01 1.610000000000000000e+02 7.840767280136360284e+01 5.000000000000000000e+00
1.200000000000000000e+01 5.300000000000000000e+01 7.864925985798782904e+01 2.000000000000000000e+00
1.200000000000000000e+02 1.490000000000000000e+02 8.062507538028258125e+01 4.000000000000000000e+00
4.700000000000000000e+01 1.700000000000000000e+02 8.072192278084786210e+01 1.000000000000000000e+01
2.000000000000000000e+01 2.200000000000000000e+01 8.412874181426090558e+01 2.000000000000000000e+00
1.620000000000000000e+02 1.760000000000000000e+02 8.654217319220381910e+01 8.000000000000000000e+00
1.500000000000000000e+02 1.730000000000000000e+02 8.745547368148307044e+01 1.000000000000000000e+01
7.900000000000000000e+01 1.150000000000000000e+02 8.787946655417836439e+01 2.000000000000000000e+00
1.750000000000000000e+02 1.780000000000000000e+02 8.799961139823450651e+01 7.000000000000000000e+00
1.100000000000000000e+02 1.720000000000000000e+02 8.852402963849286266e+01 3.000000000000000000e+00
9.300000000000000000e+01 1.630000000000000000e+02 9.022556093574014824e+01 3.000000000000000000e+00
8.300000000000000000e+01 1.070000000000000000e+02 9.072067776729394950e+01 2.000000000000000000e+00
1.590000000000000000e+02 1.790000000000000000e+02 9.156272274550904910e+01 1.400000000000000000e+01
1.350000000000000000e+02 1.740000000000000000e+02 9.325412966433898987e+01 7.000000000000000000e+00
7.200000000000000000e+01 1.180000000000000000e+02 9.674500573558700012e+01 2.000000000000000000e+00
1.600000000000000000e+01 5.600000000000000000e+01 9.676413712911603682e+01 2.000000000000000000e+00
6.100000000000000000e+01 1.550000000000000000e+02 9.955399900614773401e+01 4.000000000000000000e+00
1.530000000000000000e+02 1.890000000000000000e+02 1.034641730263435022e+02 9.000000000000000000e+00
3.000000000000000000e+00 4.000000000000000000e+01 1.053040902118362965e+02 2.000000000000000000e+00
1.640000000000000000e+02 1.670000000000000000e+02 1.072053143731322820e+02 1.000000000000000000e+01
6.300000000000000000e+01 1.710000000000000000e+02 1.079627959634809145e+02 3.000000000000000000e+00
4.600000000000000000e+01 1.690000000000000000e+02 1.110294138883937478e+02 3.000000000000000000e+00
2.800000000000000000e+01 1.950000000000000000e+02 1.122975007561039718e+02 1.100000000000000000e+01
1.770000000000000000e+02 1.880000000000000000e+02 1.178140447888533657e+02 1.600000000000000000e+01
7.000000000000000000e+01 1.830000000000000000e+02 1.183438798495756572e+02 3.000000000000000000e+00
7.500000000000000000e+01 9.500000000000000000e+01 1.205428717617666905e+02 2.000000000000000000e+00
2.900000000000000000e+01 1.850000000000000000e+02 1.218474086750125593e+02 4.000000000000000000e+00
1.820000000000000000e+02 1.930000000000000000e+02 1.219549146148974614e+02 1.900000000000000000e+01
1.840000000000000000e+02 1.860000000000000000e+02 1.264027575367209977e+02 1.000000000000000000e+01
4.000000000000000000e+00 6.600000000000000000e+01 1.306680412443519970e+02 2.000000000000000000e+00
6.900000000000000000e+01 8.600000000000000000e+01 1.311555906343361073e+02 2.000000000000000000e+00
6.200000000000000000e+01 1.040000000000000000e+02 1.327556271547537960e+02 2.000000000000000000e+00
4.400000000000000000e+01 2.020000000000000000e+02 1.397447097826292577e+02 5.000000000000000000e+00
5.900000000000000000e+01 1.900000000000000000e+02 1.403386364050323039e+02 3.000000000000000000e+00
1.970000000000000000e+02 2.010000000000000000e+02 1.419917878577595047e+02 5.000000000000000000e+00
1.650000000000000000e+02 1.810000000000000000e+02 1.448398841718628489e+02 1.000000000000000000e+01
1.940000000000000000e+02 2.040000000000000000e+02 1.473679782911620180e+02 1.200000000000000000e+01
1.110000000000000000e+02 1.230000000000000000e+02 1.489765921755864895e+02 2.000000000000000000e+00
2.000000000000000000e+02 2.120000000000000000e+02 1.512113816011093093e+02 1.500000000000000000e+01
0.000000000000000000e+00 1.870000000000000000e+02 1.539322233705703127e+02 3.000000000000000000e+00
1.980000000000000000e+02 2.030000000000000000e+02 1.598902087684965068e+02 3.000000000000000000e+01
2.600000000000000000e+01 1.560000000000000000e+02 1.602974506674414101e+02 3.000000000000000000e+00
5.100000000000000000e+01 1.660000000000000000e+02 1.615038887214373347e+02 3.000000000000000000e+00
2.070000000000000000e+02 2.130000000000000000e+02 1.702725539511578177e+02 4.000000000000000000e+00
2.700000000000000000e+01 4.100000000000000000e+01 1.708669417996376012e+02 2.000000000000000000e+00
4.200000000000000000e+01 2.170000000000000000e+02 1.825561766549434140e+02 4.000000000000000000e+00
6.000000000000000000e+01 2.100000000000000000e+02 1.881780365282018863e+02 6.000000000000000000e+00
1.990000000000000000e+02 2.110000000000000000e+02 1.926974251498930641e+02 2.600000000000000000e+01
2.050000000000000000e+02 2.190000000000000000e+02 1.944867241646022933e+02 6.000000000000000000e+00
1.920000000000000000e+02 2.060000000000000000e+02 1.998598440967368504e+02 6.000000000000000000e+00
8.800000000000000000e+01 1.680000000000000000e+02 2.064182511820085040e+02 3.000000000000000000e+00
1.960000000000000000e+02 2.150000000000000000e+02 2.075366549286142970e+02 6.000000000000000000e+00
7.300000000000000000e+01 1.910000000000000000e+02 2.110661158351443873e+02 3.000000000000000000e+00
7.100000000000000000e+01 1.090000000000000000e+02 2.241635168461186538e+02 2.000000000000000000e+00
2.090000000000000000e+02 2.160000000000000000e+02 2.252235945351832243e+02 3.300000000000000000e+01
2.220000000000000000e+02 2.230000000000000000e+02 2.393927460769893969e+02 3.200000000000000000e+01
2.080000000000000000e+02 2.310000000000000000e+02 2.493476811504912121e+02 3.700000000000000000e+01
2.260000000000000000e+02 2.280000000000000000e+02 2.513158018251946260e+02 6.000000000000000000e+00
1.800000000000000000e+02 2.320000000000000000e+02 2.720573924291978187e+02 3.900000000000000000e+01
1.050000000000000000e+02 2.140000000000000000e+02 2.981609350597815933e+02 1.600000000000000000e+01
2.240000000000000000e+02 2.270000000000000000e+02 3.012193551890306367e+02 1.200000000000000000e+01
2.200000000000000000e+02 2.290000000000000000e+02 3.173445110356517489e+02 4.000000000000000000e+00
2.210000000000000000e+02 2.250000000000000000e+02 3.303303482208002606e+02 1.000000000000000000e+01
2.300000000000000000e+02 2.340000000000000000e+02 3.388323841902738423e+02 7.200000000000000000e+01
2.350000000000000000e+02 2.360000000000000000e+02 3.781205300163508127e+02 2.800000000000000000e+01
2.390000000000000000e+02 2.400000000000000000e+02 5.071929412580403209e+02 1.000000000000000000e+02
2.180000000000000000e+02 2.380000000000000000e+02 5.111428253009776199e+02 1.300000000000000000e+01
2.330000000000000000e+02 2.410000000000000000e+02 5.260072573873684405e+02 1.060000000000000000e+02
2.370000000000000000e+02 2.430000000000000000e+02 6.767692423345037014e+02 1.100000000000000000e+02
1.190000000000000000e+02 2.420000000000000000e+02 7.903711670296768261e+02 1.400000000000000000e+01
2.440000000000000000e+02 2.450000000000000000e+02 1.116082552782327639e+03 1.240000000000000000e+02
