1.037403555704435712e+04
1.081554476795184019e+04
1.030257051894442338e+04
1.007630192142551459e+04
9.200774192506836698e+03
1.144205791351427251e+04
1.059993430616540718e+04
9.863535702572180526e+03
1.049876610713579066e+04
1.003614234283184851e+04
1.048517753383558738e+04
9.251760218635881756e+03
1.096957278425705226e+04
9.465077874392918602e+03
9.970461781997108119e+03
1.030734099319372763e+04
1.058655835598266458e+04
9.687449911419253112e+03
1.006752955673411634e+04
1.058858845608086449e+04
1.066904769287964155e+04
8.690303703736064563e+03
8.883426867497873900e+03
1.009601876648551115e+04
1.032683986528185960e+04
1.062787551134969362e+04
9.706724949687908520e+03
9.924659042762268655e+03
1.049612829088787839e+04
9.826556743853660009e+03
9.660194754543203089e+03
1.451537153492382276e+04
1.081516586925749834e+04
8.996332496558967250e+03
8.421140124517698496e+03
5.708768992466877535e+03
9.565984274248907241e+03
9.805208122322250347e+03
1.281327481519039793e+04
1.103287741678737075e+04
1.043528728222892096e+04
9.537615284009971219e+03
7.671175526204759080e+03
8.992098672529584292e+03
1.029013342363586162e+04
1.076407482018357769e+04
9.675531449707663342e+03
8.971518595009070850e+03
1.345731077548658141e+04
7.440744605890314233e+03
1.003185938393375181e+04
1.110861629300385175e+04
6.180643471201699867e+03
1.067861916228832706e+04
5.797793070600185274e+03
9.218563169179727993e+03
8.154639930465738871e+03
5.506952511010484159e+03
1.004308639256073002e+04
8.668545329940316151e+03
7.178093410236864656e+03
1.072417328504822581e+04
1.057452421274847075e+04
6.247593835518442575e+03
9.914245147220070066e+03
9.819892343031324344e+03
9.130208112839871319e+03
8.161590000716420036e+03
1.459429808317741163e+03
9.776045220906323721e+02
5.043250134053400870e+02
1.435209467213444896e+03
1.752853971880603240e+03
6.056560534090504007e+02
1.364369953749525848e+03
3.720936602082965692e+02
4.834311193973253467e+02
3.675554214061785387e+02
1.717402882153689006e+03
2.114914062968763119e+03
1.315937876718655389e+03
9.556452566611560542e+02
4.619831105057360219e+02
8.939473737753069145e+02
6.643318049191431783e+03
2.347430625489040722e+03
7.053563478184296400e+02
6.712361709571425763e+02
8.442254375265840736e+02
1.962286726629581381e+03
9.849433052164356468e+02
4.929911598945291189e+02
6.616267925897473106e+02
1.110563544486372166e+03
1.037664732724234909e+03
8.961377151039196178e+02
4.808025728354286912e+02
2.040088023287165470e+03
2.235127995294219545e+03
8.623146561893363469e+02
2.348529851938317734e+03
3.003961979803132635e+03
3.365359915362020729e+03
5.282094942230769448e+02
3.819768055764575365e+02
3.902949606753408261e+03
3.468565280489375255e+03
1.002288533534357157e+03
6.322865463993744015e+02
4.222304624899993541e+03
1.584375815136143046e+03
3.464948438070014163e+02
2.094635580158355879e+02
2.957321847118109417e+03
8.276773137494810726e+02
5.624255107183627842e+03
1.584790788169379812e+04
1.084579137913787463e+03
1.032200776143212806e+03
4.167108834407057657e+03
1.082207637406355843e+03
4.520399401913564361e+03
4.610050551547133182e+03
1.491139086226268546e+03
7.203267380772166689e+03
6.742054830317938467e+02
3.471287984387555753e+03
1.146087173811048888e+04
1.228208602666530624e+03
4.063804806427815492e+02
2.135646242930855078e+04
1.861704762530315293e+03
1.309111618317193461e+03
9.148163935247052905e+02
5.446240077646860300e+03
9.084180302975291852e+02
7.781423744568776328e+02
5.598542739778031319e+02
5.653197194486606350e+02
7.697844919119049791e+02
1.105855434709768360e+03
7.672201469177630315e+02
1.255213422799052751e+03
9.298148630383875570e+02
2.530120250518396460e+03
1.200707929111153135e+03
1.089599353884188304e+03
1.186870610862399190e+03
8.607649804154430058e+02
8.484329456454029241e+02
5.889383334791666130e+03
3.295064620039582223e+03
1.754625915903460509e+03
1.136922481156291269e+03
1.604209222714197494e+03
2.354492957419598497e+03
6.334061395389981044e+02
1.755824510501482564e+03
1.396002113736094088e+03
2.066159443872403244e+03
2.013831393136289080e+03
7.621608944320082628e+02
1.143597515318586375e+03
2.544446109988385615e+03
4.130294236053832719e+03
1.198076020267401418e+03
3.430058135386028880e+03
1.630486395557282776e+03
5.032175350802385765e+03
1.145474787720424047e+03
9.422971303798585723e+02
3.606506205383852830e+03
3.786526526460942478e+03
2.189289059075983005e+03
1.140505542365028305e+03
4.841916972750154855e+03
3.329200625934349773e+03
7.031118563987515699e+02
1.300038318010801049e+03
2.956474184734315713e+03
2.369603350465101357e+03
7.997674817375304883e+03
1.600382515059491561e+04
7.360016089668970380e+02
3.191315649921984914e+02
4.853817967565117215e+03
9.958913668538862112e+02
5.855744218597485087e+03
5.721860845397228331e+03
2.521219273805893408e+03
8.133984020572310328e+03
1.206231143727956578e+03
3.135168553832962971e+03
1.119187290294018385e+04
2.697459219355691403e+03
9.263152213412963647e+02
2.040640737646334310e+04
1.425933548466437514e+03
1.359128781520249504e+03
9.803573068101554782e+02
4.131785177765586923e+03
4.815815005623119305e+02
1.253823149216357706e+03
1.549970283771620416e+03
6.048215463955755240e+02
1.947154021419251649e+03
7.064590920065927548e+02
7.639907438899786030e+02
7.221800236970666447e+02
1.953176781015986990e+03
1.277885429745612782e+03
1.060169849890125306e+03
3.740565542998756428e+02
9.658764478379939646e+02
2.664888041796766629e+02
7.066207805138864387e+03
1.749124007154950505e+03
1.024034940734410384e+03
5.199036485283479578e+02
1.024708567460076438e+03
1.165321523750068081e+03
5.037025262699794439e+02
1.457587936716297008e+03
7.451617075702820330e+02
7.792017603613808205e+02
1.287040993762355811e+03
7.738551329907950276e+02
6.168422679707182397e+02
1.514872367983105960e+03
5.559849914055164845e+03
6.425442311552988031e+02
2.025260011857953941e+03
2.544640701014657679e+03
4.467016074478274277e+03
3.528056592471416479e+02
6.853423839391439287e+02
3.301725030506551775e+03
3.494363708324610343e+03
1.649084646068748498e+03
6.563433730329174978e+02
4.412908623579559389e+03
2.661867966540089583e+03
3.516215091640142418e+02
8.687255947451499196e+02
2.484160870137411621e+03
1.878276652393149561e+03
9.473193911127989850e+03
1.602540107036990412e+04
4.960229021019922584e+02
1.041925163099248948e+03
3.965470390739611503e+03
7.329347014748955189e+02
4.650887642893077100e+03
7.254922224654188540e+03
1.864625845830369599e+03
7.569736514232312402e+03
1.054115740752710963e+03
4.076908136138310510e+03
1.232491321497934769e+04
2.394222298095683072e+03
3.750368349326740827e+02
2.146703051614382639e+04
2.211709376829388930e+03
1.100148210925740386e+03
8.586409644080445105e+02
4.987890799375327333e+03
1.040965031680688753e+03
1.433393565706614936e+03
1.411030513608679939e+02
1.064502778865840355e+03
2.090802696093796840e+02
6.351198036711280110e+02
2.666533673783824270e+02
1.867083454088469125e+03
1.479952620708513223e+03
7.029357522904354028e+02
5.527432592497448240e+02
4.431970070063780440e+02
4.388884505328769592e+02
6.608017844702511866e+03
2.327442218811397197e+03
8.587146150722169295e+02
2.938402419995795753e+02
6.371836402049198114e+02
1.443072972743713535e+03
3.872190592365350312e+02
7.935314517100428020e+02
5.884335326937739410e+02
7.041143647676376531e+02
1.060393251982065067e+03
6.667618640973996662e+02
5.203404374780120634e+02
2.018026964348741785e+03
3.055565067625836036e+03
6.784534170823676504e+02
2.234564624424000158e+03
2.181978413033407378e+03
3.862183175972745175e+03
4.796451292983615531e+02
3.980442606066703775e+02
3.492619647738433287e+03
3.478043992843473006e+03
1.324214826421860380e+03
3.716582503960205486e+02
4.338806334030810831e+03
2.026226171866168670e+03
1.638492683912536449e+02
5.077391977493002742e+02
2.706612147327566163e+03
1.291917085181476068e+03
6.406779821463345797e+03
1.594794984945947363e+04
4.054887228526133640e+02
7.316770986676524444e+02
3.510877353593746648e+03
7.744137604871643816e+02
4.735519751340786570e+03
4.802443486923909404e+03
1.481821830459846069e+03
7.211099669340150285e+03
4.088821429669792451e+02
3.214739987319251668e+03
1.020499684207491919e+04
1.752248960305523269e+03
1.963144353130489890e+02
2.066095726235554685e+04
1.654072996623790004e+03
1.189227028148463887e+03
4.953299423255589318e+02
5.164665886940244491e+03
4.268794976541421420e+02
1.201134433780184509e+03
1.049278222381539763e+03
9.833830570781447022e+02
1.209696228498687105e+03
1.272265895995349638e+03
2.023198707974143417e+03
1.033601905098666066e+03
1.525288790201547727e+03
1.486113924629834401e+03
7.833055505676693429e+02
1.040942056549987683e+03
5.061823604642794635e+03
2.896006360817502809e+03
1.934300795128048094e+03
1.612848689100180763e+03
1.904999170892211851e+03
2.861346722200142722e+03
8.546346825888704188e+02
1.894183988259810121e+03
1.772379808700124613e+03
2.342417484952217819e+03
2.162979702383675431e+03
7.963068579067694372e+02
1.116032406271191576e+03
2.406541817249916221e+03
4.810906661661028011e+03
1.744243071581493041e+03
3.761456454451616082e+03
1.616091800607756795e+03
4.392252057674537355e+03
1.148021951235609777e+03
1.049068595310314322e+03
3.312709729424867419e+03
3.488940244647433246e+03
1.864989810898511223e+03
1.175023180710568795e+03
4.381405836594649372e+03
3.060503696725952523e+03
8.848793116535389345e+02
1.418983544780433022e+03
2.672191123099266406e+03
2.359541316296575133e+03
8.207321258093590586e+03
1.545349950445548711e+04
1.304434222824958397e+03
4.252685538994905983e+02
4.576941115893298957e+03
1.405697754003579121e+03
4.706093359293485264e+03
6.666208204496139842e+03
2.227883463765443139e+03
8.412406520964481388e+03
1.412555199600894184e+03
2.770581048130029558e+03
8.378454544927280949e+03
2.985636062577523717e+03
1.165472399791636462e+03
2.046569605019844312e+04
1.255733469704625350e+03
1.807347472277469933e+03
1.009330200185227568e+03
4.062209305072299230e+03
1.611784476711893149e+03
1.428663138785199862e+03
1.334936401869760630e+03
1.426716689732857503e+03
1.666137306350039353e+03
2.220164130013773047e+03
1.262547497716018370e+03
1.747452915131936152e+03
1.652417553282870813e+03
1.043776470861321286e+03
1.177761354510104411e+03
4.358272245427551752e+03
2.793450616580415044e+03
1.956409897630022897e+03
1.974947651275195085e+03
2.298611360009342661e+03
2.961613009116998001e+03
1.068763504605041817e+03
2.361132541130152276e+03
1.998884893669958274e+03
2.569011043464532122e+03
2.211066514340242065e+03
8.209752145991728867e+02
1.384800829091768719e+03
2.333064741461612812e+03
5.792460451296882638e+03
1.817970344692438175e+03
3.737366062057679301e+03
1.501701151274752192e+03
5.457183153915215371e+03
1.409901461639083664e+03
1.382870779009050693e+03
3.641087190507755167e+03
3.551475868182194063e+03
2.254570102436827710e+03
1.589412662545473268e+03
4.699994659684291037e+03
3.585808866396764643e+03
1.199298031597093086e+03
1.717653905357363328e+03
2.824615631830547500e+03
2.715701743407501908e+03
9.510708244803330672e+03
1.693823817544813573e+04
1.452298764596011551e+03
4.230162782097077070e+02
4.940506342407247757e+03
1.619504474711789044e+03
5.393241664674171261e+03
7.782284312881564802e+03
2.489672082543753277e+03
8.313194358327069494e+03
1.682403294919056862e+03
3.015543232143683781e+03
9.058732598311979018e+03
3.420518572083313302e+03
1.470574605771394999e+03
2.141273325648584796e+04
1.318980539744712132e+03
1.951672256285420644e+03
1.307080748078748456e+03
3.796050241175950305e+03
1.138525535781946701e+03
2.578646040430517132e+02
8.653525667876258467e+02
2.180762224301997776e+02
2.140190018673201394e+03
1.718848815671781949e+03
7.337829515578644077e+02
7.583975446458821352e+02
5.978470118379859741e+02
5.664300128113338815e+02
7.296847634531492076e+03
2.706249489343987079e+03
1.024835966701694815e+03
2.448193620472113707e+02
6.963855536324876994e+02
1.626183703080317173e+03
5.120840062967652102e+02
9.396249827452061254e+02
7.313782783352778551e+02
8.558361260470728666e+02
1.220053507910032977e+03
9.379979491110989329e+02
7.716702295672773744e+02
2.295253013353875758e+03
2.297648042369109135e+03
8.231066342837855245e+02
2.525798141338592359e+03
2.441375538933683401e+03
4.292436364630155367e+03
7.369511776150654896e+02
5.718943399596030304e+02
3.890904274627329869e+03
4.138236109705916533e+03
1.645907628036347887e+03
4.993261508571731611e+02
4.888162191361000623e+03
2.129202499909400558e+03
2.654326268353597698e+02
5.917513007855411615e+02
2.954964907928843331e+03
1.444208254453177688e+03
5.840334867391188709e+03
1.590458459394514648e+04
4.984703559520553426e+02
8.468027981959860426e+02
4.487843498159023511e+03
9.030837973233478806e+02
5.201998677342327028e+03
4.246366206502202658e+03
1.826775969981663820e+03
7.562123637602002418e+03
4.533879528392151315e+02
3.607576966877096311e+03
1.293609926327600624e+04
1.883846402774619719e+03
2.472200398047380077e+02
2.132140641711282296e+04
1.858295354315597251e+03
1.394459084923865021e+03
6.116528196439905969e+02
5.569086663797387700e+03
9.196311353126634458e+02
1.254398561768008676e+03
1.107137329385808016e+03
2.375510079907196996e+03
1.815638961306227884e+03
1.037842794528844479e+03
2.089928989543963326e+03
7.320542589145625243e+02
1.604741271143253243e+03
4.932836317391112971e+03
3.713483904599459038e+03
2.122621410761425068e+03
1.823756170290209411e+03
1.486737797806028766e+03
2.585855203025763331e+03
1.127991132241063951e+03
1.271493007159527224e+03
2.053659272528930160e+03
2.510187005850992591e+03
1.887796704687526017e+03
1.314981770672085986e+03
1.387828956263540931e+03
2.941523911788538953e+03
3.472474007754302875e+03
1.938763988788580036e+03
3.539099325015370596e+03
1.405122381469789161e+03
4.002371753148653625e+03
1.689614533527008916e+03
1.082229445429107273e+03
3.911741340317746108e+03
3.597360576609027248e+03
1.842150189439092173e+03
1.118721923504144343e+03
4.614630366147260247e+03
2.419576747075847379e+03
1.094906551933168430e+03
1.389183735244618219e+03
2.589809386749819623e+03
2.021768397546920824e+03
6.094901538247803728e+03
1.631309678749305385e+04
1.336976972918212596e+03
1.003479204608471719e+03
4.811964849712032446e+03
1.557731230742689149e+03
5.852936960552078745e+03
5.253507188678468083e+03
1.823564053913812131e+03
6.568807336853496963e+03
1.242725417662080417e+03
2.184617090130063389e+03
8.409508618479309007e+03
2.044672541501750402e+03
1.538018847856341836e+03
2.028215587186044650e+04
9.202905966931402872e+02
1.460465096410441220e+03
9.436002235848513919e+02
4.733521203604816947e+03
5.696396355812426009e+02
2.114370156348772980e+02
1.974863151538316743e+03
1.559072758892040383e+03
8.638490748805468229e+02
6.703976567054132829e+02
4.194250791572635535e+02
5.515583750505352327e+02
6.389424455138132544e+03
2.600442466048829829e+03
7.224354037699868059e+02
4.086464375242453571e+02
6.708143606865196489e+02
1.774877014034846525e+03
5.600757821990341654e+02
6.654279021126612861e+02
5.615334651938269417e+02
1.124387951433034232e+03
1.108800096106124329e+03
6.911795217767389659e+02
4.793780113253455966e+02
2.112373561789922405e+03
2.431457602163818592e+03
6.846927341003547554e+02
2.302611181852560094e+03
2.282414276036454794e+03
3.981077243944080692e+03
5.010874516900148592e+02
3.194297305136865361e+02
3.471321725685771526e+03
3.438311520375592409e+03
1.331271431827316064e+03
5.315864609340005700e+02
4.340127494689319974e+03
2.173101215982895610e+03
1.866883818905866974e+02
3.356058887995013720e+02
2.686556486374315682e+03
1.047032382758925905e+03
5.928206786796339657e+03
1.587089917494725159e+04
6.441284766608387145e+02
5.657893861346296944e+02
3.734161837636118889e+03
7.259543397975048720e+02
5.057450782441530464e+03
4.645343889301338095e+03
1.696118354895012089e+03
7.034433420981902600e+03
4.633792475747818571e+02
3.039571082724371990e+03
1.039798431403203540e+04
1.707636956452493905e+03
2.503907498601436146e+02
2.097788070778239126e+04
1.650878916407606994e+03
1.202020973435293854e+03
6.004329053390338231e+02
4.954808554488926347e+03
6.519030880787936439e+02
1.574721135815148500e+03
1.683164695303265944e+03
1.340708810419276233e+03
7.357387644693608308e+02
4.803252715456837905e+02
6.704641834609215039e+02
6.207638936561994342e+03
1.780664180067080451e+03
8.267039977187232580e+02
9.794166254918231971e+02
9.692620486547357359e+02
1.783819878920368410e+03
7.407571113070789579e+02
8.682663501720576278e+02
7.769068525955349287e+02
1.202446047614977033e+03
9.098914635594433094e+02
7.227893280361554389e+02
4.211497529686066628e+02
1.531769239905308950e+03
4.120642139409826086e+03
9.213633696090473677e+02
2.017213394323851844e+03
2.436568941819652991e+03
3.506334838707085510e+03
4.289640349802102719e+02
4.287945070847499665e+02
3.116928831226294278e+03
2.654777591769880019e+03
8.502299121358396405e+02
6.186412221394339213e+02
3.764327389968677380e+03
1.706420602129264807e+03
4.222607236727626514e+02
5.852711697610761803e+02
2.363321083216140778e+03
1.035118357684559214e+03
7.650351887158613863e+03
1.632075013975689581e+04
9.198281102679056858e+02
9.161905063793710724e+02
3.853851924380232958e+03
7.802155845623597088e+02
4.062543987979785015e+03
6.358216538899594525e+03
1.419564480426089631e+03
7.056208978113229023e+03
8.721839978406005685e+02
3.382798058401696835e+03
1.035872207653410260e+04
1.591424596042307257e+03
6.238665176644553867e+02
2.111883165434083639e+04
1.453985730658245757e+03
1.136251294086685903e+03
8.628928463577290131e+02
4.667603584346446951e+03
2.124122029262084652e+03
2.004100097037930482e+03
8.205308515851279481e+02
7.916467361092018109e+02
6.534300547868583635e+02
6.700928002006419320e+02
6.646095066438037065e+03
2.787868356534422674e+03
6.436415607866115351e+02
2.683783474212909823e+02
5.605067913887085069e+02
1.616690121229640681e+03
7.104672490135806129e+02
6.499997963613263892e+02
5.710489663885789469e+02
9.868572333918939421e+02
1.112251729856772272e+03
1.015261626874094873e+03
6.487272848408356367e+02
2.197534056258386045e+03
1.894571504924397686e+03
6.312705175314742974e+02
2.239433077057505216e+03
2.390224536401331534e+03
3.692962732085435164e+03
6.565362449887920775e+02
3.756792805908862647e+02
3.797762816711333471e+03
3.929996996587371541e+03
1.649098201616269080e+03
5.891323558794319979e+02
4.704738279419471837e+03
1.785390113509048206e+03
2.495265507117112520e+02
4.118584076707779786e+02
2.698374335464752676e+03
9.502774475459696077e+02
5.006272229206014345e+03
1.606434822103924125e+04
6.439503800564064022e+02
9.035174129870724755e+02
3.513965736975017535e+03
7.863436784726918631e+02
4.945579220470182918e+03
3.976474416782558365e+03
1.585165195052521767e+03
6.653766048790590503e+03
4.939697771546423155e+02
3.405942944242583508e+03
1.052818090522130660e+04
1.317574413242657783e+03
2.970599893846001578e+02
2.136315433651876810e+04
1.845375267052350637e+03
1.150645728870678795e+03
7.873670591803784191e+02
5.380970896637308215e+03
2.904694791683469703e+03
1.547331953449165212e+03
1.625078867253158478e+03
1.768538384849558042e+03
1.860634702428375931e+03
5.040760918440984824e+03
1.496033504043911307e+03
2.050397222512253393e+03
2.395679527042407244e+03
1.504300121807349569e+03
1.956820058564473584e+03
1.656714429719792861e+03
2.281724659860765769e+03
2.442442184883447226e+03
1.582208737994637886e+03
1.262861339075974684e+03
1.820756364383873006e+03
1.675155599973517383e+03
1.411502202582397331e+03
5.220104581983507160e+03
2.149611891791499602e+03
1.958415948085870241e+03
2.274620201126035226e+03
4.858458587283623274e+03
1.421155657693226658e+03
1.531698414261658399e+03
4.610113302951865990e+03
3.719773004761533230e+03
1.431645310990360031e+03
1.156348182472848748e+03
3.118104004605494993e+03
1.858826917072315155e+03
1.690068674220354751e+03
1.864094960376289237e+03
2.189460024259947204e+03
2.176505148098013706e+03
7.575335173744490021e+03
1.578090565939300723e+04
1.686742028647865482e+03
2.104746595043521211e+03
5.481854209868148246e+03
2.539678618364595422e+03
4.247480871696468967e+03
7.115289937014997122e+03
1.211605419706565954e+03
6.603659913394028990e+03
1.692124389813142443e+03
3.343653677446183792e+03
9.385311577095282701e+03
3.167707462809705248e+03
1.807588091789820282e+03
1.942254542412644878e+04
1.971548922777374173e+03
2.200806157234907005e+03
1.263085834253512530e+03
5.636219069329324157e+03
1.987622303403875776e+03
1.576259127235860888e+03
1.505689735360023406e+03
1.076855442822349232e+03
5.644671154904362083e+03
2.376967731596043450e+03
2.101863534674267612e+03
1.969605149064621401e+03
2.456857847775362643e+03
2.673128670183872146e+03
1.210560927474100936e+03
2.615237124645981567e+03
2.024453797139560265e+03
2.576070623171606712e+03
2.762451562994071082e+03
1.230105415533990708e+03
1.534881579902120848e+03
2.106682465588086416e+03
8.012102875341946856e+03
2.036042306387573717e+03
3.690108546588769059e+03
2.388218198820544785e+03
5.359489393239191486e+03
1.225113707234255344e+03
1.461825295143260519e+03
3.061561240510158768e+03
3.132284885898830908e+03
2.458026859867216444e+03
1.657639342647535614e+03
4.390766994457493638e+03
3.944118048501596604e+03
1.264306884302066010e+03
1.963661897284211136e+03
2.594376792740641577e+03
3.080700813128026766e+03
1.255975805092961309e+04
1.666681552114657825e+04
1.635953436528007842e+03
1.276794263297894759e+03
5.189993627486353944e+03
1.568094129429151963e+03
5.479367604289207520e+03
9.745897628565051491e+03
2.913961581395927169e+03
8.426847622764254993e+03
2.256313716563814523e+03
2.962404916555167802e+03
1.068671239457733827e+04
3.639331742922549438e+03
1.505964713984828904e+03
2.161075437796453116e+04
2.453564224739239762e+03
1.863954803310687566e+03
1.562720121780560476e+03
4.853022917897416846e+03
1.076989240283737217e+03
1.072956443859347928e+03
9.884553274585014151e+02
5.380024115727178469e+03
2.298035450822245366e+03
1.158700412089629708e+03
9.587711859308976727e+02
5.299033149585961837e+02
1.217206188955102562e+03
6.898967811385023197e+02
1.385986629513970911e+03
1.280468799096749080e+03
9.223891962801599220e+02
1.076370898757175382e+03
1.317910563552385611e+03
1.304476340968707746e+03
1.662430074450766824e+03
3.201891027497841151e+03
9.594841397350678562e+02
1.727721809418937028e+03
1.279823804433068290e+03
4.667037842942952011e+03
1.168513735564029048e+03
8.033972943768912955e+02
4.102936606443671735e+03
3.955765165465016253e+03
2.039669423088747635e+03
5.640631080851203478e+02
3.979254113256200071e+03
2.104363101307218585e+03
8.078965292635239166e+02
1.258037334821606692e+03
2.083222275443305080e+03
1.925161304948942870e+03
5.971034220877307234e+03
1.536132557212800566e+04
4.064454232572315959e+02
1.294396864608535907e+03
4.179502225533787168e+03
1.327133217537939345e+03
5.233702753397653396e+03
4.776306904309842139e+03
1.396283698671243883e+03
6.369666137453421470e+03
5.256677839070832761e+02
2.591457117336689862e+03
8.820395028542512591e+03
2.057255525763671358e+03
8.852810546383034307e+02
2.050807299633265211e+04
1.714323804129658583e+03
1.087871725624981536e+03
4.528626129772701461e+02
5.700488373377571406e+03
9.919333327567478591e+02
4.353118273283566850e+02
6.825216008830084320e+03
1.725304090552633170e+03
1.046418376069737405e+03
6.405964285093702983e+02
9.921395495329536516e+02
1.031857318099132044e+03
6.728507740346854007e+02
1.280748676739329767e+03
7.648095851898442561e+02
7.171637682332257100e+02
1.021344962253696849e+03
8.050972088997236824e+02
6.856792855394837716e+02
1.218292241312159149e+03
5.887315911488522033e+03
5.061802755873263777e+02
1.685517636026473610e+03
2.616828127084308107e+03
4.174317260808228639e+03
3.374561175147719041e+02
6.456219941392037072e+02
3.186683228480223079e+03
3.171187190215768169e+03
1.510297846574032064e+03
7.034202117640193137e+02
4.299874761212277008e+03
2.367043873350049580e+03
4.686754064402093718e+02
8.630039896249554658e+02
2.077008175787152140e+03
1.504945228011878498e+03
9.769476975686520746e+03
1.531764185861100486e+04
4.903188909773116393e+02
1.086975326859260804e+03
3.629220971893212209e+03
8.828795899829856353e+02
4.141533356927828208e+03
7.449159267419388016e+03
1.721617384174025574e+03
6.883437479772101142e+03
1.060459379167831003e+03
3.770665301203962827e+03
1.131034966982574406e+04
2.127536388378745869e+03
5.093393145550803638e+02
2.095654202975809312e+04
2.101896662507281690e+03
9.463194849591527600e+02
8.483248008280493195e+02
4.165031181354113869e+03
7.507975282326779052e+02
6.227441453493475819e+03
2.310705997436023608e+03
1.187156569300254887e+03
1.023020146135211689e+03
1.131744415946862091e+03
1.973849299869417564e+03
6.066913311864191201e+02
7.110972083041060614e+02
9.307045557604392343e+02
1.429802947805769236e+03
1.216189508717999615e+03
5.065364624340109003e+02
5.977493571746872476e+02
2.101665565695539954e+03
3.034613553248298103e+03
1.050140602339560246e+03
2.793769491092803037e+03
2.209664183441119803e+03
3.690692370792548900e+03
6.381690200403872950e+02
4.794849829848653826e+02
3.559822063597932811e+03
2.780717162880529941e+03
8.502736515784686162e+02
5.401503697536313666e+02
3.986972884894543313e+03
1.995389581048676973e+03
3.755086408156143989e+02
4.828095238561604674e+02
2.664085475138305810e+03
1.164091699937427165e+03
6.973236640342209284e+03
1.609538635786860686e+04
7.696961411698539450e+02
4.689979810863305829e+02
4.361170034973565635e+03
1.070127207640904999e+03
4.487243032720739393e+03
5.138275196158722792e+03
1.624064344116578013e+03
7.091961419712279167e+03
6.997639070893801545e+02
2.840323362240133065e+03
1.031428438955580714e+04
1.412773742666428461e+03
5.958120727373143382e+02
2.130888510171385497e+04
1.016969626524500200e+03
9.924068140066187880e+02
6.302202490401118666e+02
4.405207354169026075e+03
6.078010545723034738e+03
1.782592742987192651e+03
7.417283719618544637e+02
5.257644425183416388e+02
1.070291800195953783e+03
1.323324150359660507e+03
4.831439268872509274e+02
1.440324461592001398e+03
6.623420756089194583e+02
9.670149951014743692e+02
1.148508224820410760e+03
6.678113643559991033e+02
6.165138172629112887e+02
1.528924607345004915e+03
5.002906014143092762e+03
7.109655223397921873e+02
2.188640112126625354e+03
2.244648064348974458e+03
4.525619199775255765e+03
3.500429806019319585e+02
6.235681346929591200e+02
3.088079356012075550e+03
3.363568287269703887e+03
1.586743832629934332e+03
6.269767398589929144e+02
4.566379362517423033e+03
2.755048136936477931e+03
2.934024426453829619e+02
8.173579831927718260e+02
2.205570600106769689e+03
1.736181744938254724e+03
9.209178526110910752e+03
1.617492361195461672e+04
5.193126624195606382e+02
7.802788637746039058e+02
3.894676227058985205e+03
6.826603366471431400e+02
4.533304332965335561e+03
6.905837519208465892e+03
1.811981120126145925e+03
7.400557477476466374e+03
9.265170772635619869e+02
3.737257629649798218e+03
1.182752951095524986e+04
2.375751241568311798e+03
3.061300192414587400e+02
2.182677422707937512e+04
2.038971766420881067e+03
1.157260398275766420e+03
6.770265700099757851e+02
4.795138455462790262e+03
7.088288374665121410e+03
6.391747815412963973e+03
7.050873107642544710e+03
5.574209873574333869e+03
7.204718540671737173e+03
5.739185340216072291e+03
6.949568693345720021e+03
6.772248205162776685e+03
7.094452473581642153e+03
6.576441716706854095e+03
5.632251457104791371e+03
6.077592592791736024e+03
5.680567687014406147e+03
1.091803534618402409e+04
7.218543173746528737e+03
7.400620880402022522e+03
4.275472659604501132e+03
7.916517386652245477e+03
6.138213229559492902e+03
5.979474673244289079e+03
7.098615336847036815e+03
6.644828444377020787e+03
6.661076349732014933e+03
5.691287477337082237e+03
6.904929663736289513e+03
6.618927726179339516e+03
6.716705739154560433e+03
6.730651375817384178e+03
6.845115566242585373e+03
6.793371333579883867e+03
1.126169770749155396e+04
1.486941388538044703e+04
6.247585509324070699e+03
5.441780685925817124e+03
7.769568443666221356e+03
6.719931138286214264e+03
8.654490756278381014e+03
1.270625934864938245e+04
5.275304848078711075e+03
1.099535286662764702e+04
6.092476799411930187e+03
5.213343959532619920e+03
7.711901666240048144e+03
7.976656014111087643e+03
6.667856612061495980e+03
1.580139683930951287e+04
4.655208089168096194e+03
6.065239901888505301e+03
5.833704961651476879e+03
6.967402751599483054e+03
2.326195271499876981e+03
2.813302907432171196e+03
2.203191377198599184e+03
1.718003319052876577e+03
1.720515237641999647e+03
2.551451587649472003e+03
2.401535977723085125e+03
1.736857626427715786e+03
1.517816574653751559e+03
1.564173955596338601e+03
1.861446977395078648e+03
1.119657031398326581e+03
1.171191415188771498e+04
1.964220815210821911e+03
2.187749239079820654e+03
3.636314550074396720e+03
4.933838619608502086e+03
1.430984887821583925e+03
1.791212702226973306e+03
4.083876973512366931e+03
3.020450447185573466e+03
1.614419365579400619e+03
1.428353280470065329e+03
3.166020911400682962e+03
2.945607304776969613e+03
1.936491330415099128e+03
2.136558354004478133e+03
2.222340976749678703e+03
2.578913287494279302e+03
1.582681240591668757e+04
1.641175453269134960e+04
1.838701862812315085e+03
2.934578816061669841e+03
6.224060116825658042e+03
2.281001235339219420e+03
4.099241051384803541e+03
1.380907243603184179e+04
2.269096864531896699e+03
7.418586666015098672e+03
2.424814627398867287e+03
4.649323733384742809e+03
1.375212822883735498e+04
3.194317545056274412e+03
2.031767701922799006e+03
2.104823376375798398e+04
3.196900809010689954e+03
1.669949275978006881e+03
1.578174326150531215e+03
4.805296327504600413e+03
6.969163257280063135e+02
8.053373153687298327e+02
1.506881945640382355e+03
1.153747549921531345e+03
1.351567415496247577e+03
5.884311937856373333e+02
1.130420352115903370e+03
1.037507895686692336e+03
1.143002160813955925e+03
7.367527528125615390e+02
1.957576457240192667e+03
3.623100512670921034e+03
9.163753056017235394e+02
1.641884304652875471e+03
2.679595729978363579e+03
4.305880971656338261e+03
8.224702984735836253e+02
8.037950712555307291e+02
3.902776824841854250e+03
4.152050956806548129e+03
1.917668030821429966e+03
9.279767373289894294e+02
4.433052600471260121e+03
2.327195267628318106e+03
6.800200257615383634e+02
6.346812999321068673e+02
2.717930715693970342e+03
1.247827328898300948e+03
7.179000981183743534e+03
1.598024054154438272e+04
9.630887018957428154e+02
1.460158468066752448e+03
3.559728220136988966e+03
9.723512969416892702e+02
5.188785104214445710e+03
5.895680664777217316e+03
1.664064625364674839e+03
6.866328590736536171e+03
6.897205840928136240e+02
4.124766726615527659e+03
1.108080730502190272e+04
2.253175489075899350e+03
5.742622698896470865e+02
2.170034716966950145e+04
2.673350100471635415e+03
1.611513732751272073e+03
1.146280197817943872e+03
6.054226763476225642e+03
7.120920647278303477e+02
1.580374129605065264e+03
7.641268087383257352e+02
1.112675686193860429e+03
5.380487277958075083e+02
7.068548472559130005e+02
1.305149476940651311e+03
1.199268532502604785e+03
7.963592733406892421e+02
2.421726781253062654e+03
2.961325649229580904e+03
6.789025031230996774e+02
2.248072957900206802e+03
2.752971757554107171e+03
4.496102120112328521e+03
6.767354461685727074e+02
7.389609051470335999e+02
3.949877475338221757e+03
4.423054887366949515e+03
1.949437307639574101e+03
7.303859120169602193e+02
5.253621063280615090e+03
2.538034009817019069e+03
3.601263946260551165e+02
6.958235863044390044e+02
3.024364331849624250e+03
1.474864080359790023e+03
6.206309040422092949e+03
1.581757353811682697e+04
6.119227309355514990e+02
1.225187070342426068e+03
3.254311081775358161e+03
9.503862923656070052e+02
5.156457633722913670e+03
5.038289995231796638e+03
1.850586043739772322e+03
7.417702535357931993e+03
6.718778663832988514e+02
4.155923181583471887e+03
1.085067433321726458e+04
2.031678485693645371e+03
2.255591584400535794e+02
2.126304380355027388e+04
2.478910568464851167e+03
1.534644956383864837e+03
9.299263387817181865e+02
5.960182286000392196e+03
1.265335578689774820e+03
9.352186901260581635e+02
9.686238193844674242e+02
7.752213664217956648e+02
6.943229140740295406e+02
7.003328628316598952e+02
1.566246014654759392e+03
1.050673510231448745e+03
1.634532244014141270e+03
2.961720570753008815e+03
9.035237311144796877e+02
1.481298916497585651e+03
2.115408003114624535e+03
3.759749725689442130e+03
9.428754408272593537e+02
6.685733326428885448e+02
4.111415130483570465e+03
4.223480652074200407e+03
1.659395691715621524e+03
5.153495436243965742e+02
4.154684247869171486e+03
1.892856313639233804e+03
7.434358351128241793e+02
8.732434567461150436e+02
2.278594118785266801e+03
1.191776290589084056e+03
4.925301024621843681e+03
1.430877466925214139e+04
6.296189973650652973e+02
1.545852608917195084e+03
3.636195290290716457e+03
1.122211830532600288e+03
4.831655365332998372e+03
4.893513366847874750e+03
1.241424234900574220e+03
6.280510673222754122e+03
4.630485062342349920e+02
3.267418358538184293e+03
8.894068191317537639e+03
1.687473176927608620e+03
7.884687267380513731e+02
1.907393261082669051e+04
2.098015848372658184e+03
1.371891603642864993e+03
7.681256026298628967e+02
5.956856110865797746e+03
1.383550931723183794e+03
1.881164117594133586e+03
1.773012203586181386e+03
9.915719444381311405e+02
1.372666381107987036e+03
1.929733427961746202e+03
1.683650990437029350e+03
1.655672403479599325e+03
7.457875903934862436e+03
1.138652319036803419e+03
1.012842461933352297e+03
2.554511499165544137e+03
4.541463858114820141e+03
1.393731237408303059e+03
1.456316187049555538e+03
4.412558744087203195e+03
3.653760670368073079e+03
2.073792681227389039e+03
1.173768233067367419e+03
4.279349454451063139e+03
1.969138725490797697e+03
1.385799854714190360e+03
1.787663019709945729e+03
1.820191201471130626e+03
2.163723235226616907e+03
1.074300774320731944e+04
1.556395670525805326e+04
9.589733610426410451e+02
2.610121622412302713e+03
4.731933771739361873e+03
1.921893684856485606e+03
4.408324900469385284e+03
8.544811916280688820e+03
1.549254278355673705e+03
5.468699803380015510e+03
1.463032971815409383e+03
4.429287079148321027e+03
1.259636276616629402e+04
2.283519848252452448e+03
1.449808595310288865e+03
2.009601609447832743e+04
2.449810824137593954e+03
1.294776866258054270e+03
1.353540512362529626e+03
5.298169159960957586e+03
1.193001060221753050e+03
1.001998125168449405e+03
9.775980123969079614e+02
1.154560572504330139e+03
5.868192029395368081e+02
6.907461512133518227e+02
1.603480543403620231e+03
4.405446804751397394e+03
8.649585782654162358e+02
2.421752368301396473e+03
1.877004779764469731e+03
4.239166991001510723e+03
6.319898120346856558e+02
5.310021905859575782e+02
3.348609087934816671e+03
3.309321378327354068e+03
1.336952659532998950e+03
3.978919580404540284e+02
3.992465834581616491e+03
2.141096958371637811e+03
3.947362814299608544e+02
8.887533825793739197e+02
2.243145553433214900e+03
1.603395880906999992e+03
7.977188354397547300e+03
1.574525413444250262e+04
3.752073471515086567e+02
7.284811649866187508e+02
4.252316496215235020e+03
7.758372547718245187e+02
4.445902974515058304e+03
6.125988612196733811e+03
1.680013606966054567e+03
7.344151578829671053e+03
5.810905516043940224e+02
3.107259980812968934e+03
1.089550184084393914e+04
1.995530099936435818e+03
5.095772410844094793e+02
2.007033407675564740e+04
1.508466984104511084e+03
1.007368227419019149e+03
3.941310134662949167e+02
4.657922320281697466e+03
1.093665319601877854e+03
1.431155640740153331e+03
1.115806149193941565e+03
1.241819146666050074e+03
9.874573678005945112e+02
2.390140031291429295e+03
2.518447829483463465e+03
1.160934440622906095e+03
2.330431493333517210e+03
3.036650948200716812e+03
2.961926208231225246e+03
1.106261569325809432e+03
6.853279044869645986e+02
4.277952512748273875e+03
3.106409731973394628e+03
9.359337887670758391e+02
9.103000215471297452e+02
4.292835984220613682e+03
1.677877574611865839e+03
8.521590322231968457e+02
5.462140887785117229e+02
3.026204803580670159e+03
7.791436738081206386e+02
5.406258739379301005e+03
1.613108789880109907e+04
1.093042556568770578e+03
1.384353913783666030e+03
4.029266636816623304e+03
1.387894890808069704e+03
4.515791579603061109e+03
4.622516343166616934e+03
1.821291698604791463e+03
6.064328303582438821e+03
8.407664304032914515e+02
3.087231884080588770e+03
1.037598185790519892e+04
8.243891137108985276e+02
1.009065845040205659e+03
2.119204569709843781e+04
1.839594275313451817e+03
9.830918666012685208e+02
1.098076518866355855e+03
4.613799837790877064e+03
1.084430046102134384e+03
1.098123470684631229e+03
1.082179319595752077e+03
7.978761379705183572e+02
2.084620063843542084e+03
3.774754407298071783e+03
6.853762091708217667e+02
2.104292181111892660e+03
3.297215629385173088e+03
4.114088664176020757e+03
6.921873887054807710e+02
6.123461561286212600e+02
3.530363491637989682e+03
3.797195414269852336e+03
1.709261525525170782e+03
8.705868946770915500e+02
4.675469120240230950e+03
2.739820874747454582e+03
5.555521125394730007e+02
6.447522993871525614e+02
3.124029265656091411e+03
1.301903031156263296e+03
7.278387999068306272e+03
1.594612328714723844e+04
7.242640369619948615e+02
1.184276128339300612e+03
3.925286869518130061e+03
7.282083937943057208e+02
5.206424640137130154e+03
6.047196538632937518e+03
2.214932477142958760e+03
7.532222286577763953e+03
7.567621595081191117e+02
4.340183476728745518e+03
1.225130721362938129e+04
2.094550858629469076e+03
5.158815604586097834e+02
2.171258139416395352e+04
2.555267560268972375e+03
1.381319686340457793e+03
1.210931556456765975e+03
5.394729573750482814e+03
8.609389640336844423e+02
1.453809086431120932e+03
1.039436482692602112e+03
1.709855568412907814e+03
6.084342397222426371e+03
9.345110065454700816e+02
1.564479113434798819e+03
2.842194798011708826e+03
4.673341680329006522e+03
9.086583126034931865e+02
1.111173567698488569e+03
4.382698109319036121e+03
4.543273948918225869e+03
1.795599817641768823e+03
6.704446181473310844e+02
4.596956569568081250e+03
1.906494286850467461e+03
8.730923635912904501e+02
1.151354615325146597e+03
2.529756287496482855e+03
1.836029766872045911e+03
9.160607000493393571e+03
1.551446592885390965e+04
6.842257495791839119e+02
2.041211314202408175e+03
3.637193758195633109e+03
1.544284577322840505e+03
4.443199700028017105e+03
7.714065347592882972e+03
1.492978823804774038e+03
6.811593617807641749e+03
8.136782777323203391e+02
4.358783387345757546e+03
1.030932600323058068e+04
2.223751108601518354e+03
7.502855676322915315e+02
2.118960755339922616e+04
2.700197033596721212e+03
1.435611316746655575e+03
9.783125064931771249e+02
5.811019471482608424e+03
1.242668019138385716e+03
1.180464323919878098e+03
1.129311881157067546e+03
4.818916975219432970e+03
9.774336714535588726e+02
1.407020128884017140e+03
2.625798482308305211e+03
3.686724775600187058e+03
1.014573970198377083e+03
9.918867949446516832e+02
3.670561567452081363e+03
3.689561090339203020e+03
1.324326192247343897e+03
7.602612699500764393e+02
4.175133620181871265e+03
2.040385056438948595e+03
1.052950621539572239e+03
1.045572190467355085e+03
1.888974694160717263e+03
1.258244187714689360e+03
8.543905663950976304e+03
1.580578791782115695e+04
8.667728182890796234e+02
1.710502810940705785e+03
4.505541539933117747e+03
1.053830904756379823e+03
3.869824629902215293e+03
6.701315309553727275e+03
1.474059449264445448e+03
6.349853931961303715e+03
8.317288551885785637e+02
3.669569403938092819e+03
1.155960210155781169e+04
1.781595818134509500e+03
1.105412725812998360e+03
2.008856157074659859e+04
2.263893999516729309e+03
1.340559760125961475e+03
7.768744755850739239e+02
4.916971712349188238e+03
6.231126668094352681e+02
1.757857013829999232e+03
4.966468186775337927e+03
9.478907286640296661e+02
2.812142407473575076e+03
2.201744535921234728e+03
4.386358154894048312e+03
5.653916747701632630e+02
7.904968939553878045e+02
3.430378945175662011e+03
2.918402845790380525e+03
1.150211600281145820e+03
7.731684434707731270e+02
4.087716420599279445e+03
2.710949200565145475e+03
5.101235172480587607e+02
6.981180136369771390e+02
2.586980618826989485e+03
1.656663780419655723e+03
9.338237793953539949e+03
1.614847118497612428e+04
8.393314779188858665e+02
5.137769200773950615e+02
4.618892162175938211e+03
1.010920898932608907e+03
4.618654532924135310e+03
6.916601520767312650e+03
1.897738112438084499e+03
7.659538287618922368e+03
1.030769310154460072e+03
3.215054587163416272e+03
1.130975385040405490e+04
2.178558447235121093e+03
6.492570436141504615e+02
2.064005574028507544e+04
1.513647515970928453e+03
1.250747800531112716e+03
6.565508093194589492e+02
4.319810128287956104e+03
1.794558096905368075e+03
4.268799839661295664e+03
9.024222107030668667e+02
2.247020509139199930e+03
2.652928175385707164e+03
3.989692365287051871e+03
3.812355474207561201e+02
5.309720772355303779e+02
2.991802405384711619e+03
3.225481890278467745e+03
1.128397005062183780e+03
7.052521795627708343e+02
4.087374460929337147e+03
2.052705806095112621e+03
3.373559181383275245e+02
4.998058117497234889e+02
2.507716251003122125e+03
1.398405212477913665e+03
7.854892366300165122e+03
1.574644940848583428e+04
8.921263781222733087e+02
8.964885155060605939e+02
3.867256614729923513e+03
9.052632039933414489e+02
4.425613345695785029e+03
6.214217491742709171e+03
1.534590488470145374e+03
7.374538522024276062e+03
8.408136555656237761e+02
3.615998859232409814e+03
1.074031102780958827e+04
2.076177665463162612e+03
4.376467832181360791e+02
2.000760048037851811e+04
1.887549485084766275e+03
1.482846071147434486e+03
8.664001066729169906e+02
5.126231647296353003e+03
1.032875036829844612e+04
1.588016674329125635e+03
1.694743667032232224e+03
2.570543049784296272e+03
4.670331520440202439e+03
1.223640080660875810e+03
1.368727559576268959e+03
3.640863965303446548e+03
3.373980531679178966e+03
2.060123748319704646e+03
1.385688870950733872e+03
3.229723683765811074e+03
2.840253871382803482e+03
1.649838217649309627e+03
2.108184692978792100e+03
1.807304477028053952e+03
2.595071161391812893e+03
1.386188735939516300e+04
1.549704581413075721e+04
1.431420311541788578e+03
2.351362416448897420e+03
4.892969835471103579e+03
1.538026639291512311e+03
4.091744290911465214e+03
1.156439819504328443e+04
1.771169187467198753e+03
7.022851683131997561e+03
2.124431864318187309e+03
3.912239622649265129e+03
9.661348418192874306e+03
3.103232515645961939e+03
1.898037480996409158e+03
2.004109014625017153e+04
2.781292394482479267e+03
1.542659037626100599e+03
1.358802112641214535e+03
4.857973513133447341e+03
5.083076849018188113e+03
7.762707295384433564e+03
5.730249365071677857e+03
6.958675104388561522e+03
5.006306297144945347e+03
3.389271119754645497e+03
1.075261037807709727e+04
1.109539190433253134e+04
4.519400616770547458e+03
3.344422387693023211e+03
1.107205512032890329e+04
4.352011969681972005e+03
3.245057103580557850e+03
2.551918025006772041e+03
9.715677651340593002e+03
2.714722866359056752e+03
3.274848346864482210e+03
2.159643900221327567e+04
3.806652681536708769e+03
3.754313258774239330e+03
7.853272939362930629e+03
5.196322848396044719e+03
1.314183710564985449e+04
2.395480961324235068e+03
4.831414397781249136e+03
8.810108508641240405e+03
2.449982545634351482e+03
6.303876002718756354e+03
1.399115070142726836e+04
3.284592998368616009e+03
3.201752429107510579e+03
2.705860321836682124e+04
4.220862911267078744e+03
5.267599919956847771e+03
3.849133659677651849e+03
1.138008485390884380e+04
1.748359231896266010e+03
2.836902802363297269e+03
4.328265472149417292e+03
6.769300618604788724e+02
6.524914638878285587e+02
3.624213144151864071e+03
3.304023402685389101e+03
1.820199140159569652e+03
8.638244953031476143e+02
4.567318813674755802e+03
2.670217364892846490e+03
5.664617424449638747e+02
7.341705839917271987e+02
2.317926115686089361e+03
1.370113292851700407e+03
8.923219551465095719e+03
1.576988627103310682e+04
5.420033467577818556e+02
1.195478057149942742e+03
4.093991166115864871e+03
8.937161030909951478e+02
4.668384206286085828e+03
6.723967909227663768e+03
2.043263713568473349e+03
6.996024810462781716e+03
9.810510231582029519e+02
3.867297560198907377e+03
1.272100336353739294e+04
1.857369294961838477e+03
6.052605246687462568e+02
2.088561804024892263e+04
2.313796007258893496e+03
9.434716835786398406e+02
8.803184433409774101e+02
4.846901970030607117e+03
3.027292696787057139e+03
4.781151081522890308e+03
1.931687215739661042e+03
1.919612901751389018e+03
4.906683346339293166e+03
3.570982455177671000e+03
2.732788569811251818e+03
1.943464391015073716e+03
4.271862651945926700e+03
2.154957842450534372e+03
2.176622371017387195e+03
2.294182718888641375e+03
2.329089601798908461e+03
2.313851652965125140e+03
1.084723102561891574e+04
1.603905887152493597e+04
1.790864524119941052e+03
3.312063472368941348e+03
5.048855105628781530e+03
2.442324790685986954e+03
5.133167798977838174e+03
9.041376076755215763e+03
1.900511378777368918e+03
5.774605773306868286e+03
1.999787780795805247e+03
4.902869937486498202e+03
1.195507976563524790e+04
3.065948573818644036e+03
2.225328214989919616e+03
2.072367673657136766e+04
3.212628720777155650e+03
1.841950505648737817e+03
2.222786119641390087e+03
6.241309538736077229e+03
5.173103686667905095e+03
2.466273441939612894e+03
2.195139104994134868e+03
4.884248015824466165e+03
4.625217520600032003e+03
3.315980830174775292e+03
1.938171123940067673e+03
4.671828774456233987e+03
2.987519024327556508e+03
2.294415839371471975e+03
3.002922885763466184e+03
2.223288198668917630e+03
3.498404844955552562e+03
8.421433082920144443e+03
1.534803405577376725e+04
1.947727822856860257e+03
1.945517389256679962e+03
5.171477473953367735e+03
2.801977891610407823e+03
6.022502253649880004e+03
7.057597636406937454e+03
1.751349290528372421e+03
6.399633510505752383e+03
2.055967885741678401e+03
2.383160490256016601e+03
8.118656811152979571e+03
3.944179090400737095e+03
2.611767667304307906e+03
1.810942057571402256e+04
1.645330786766156962e+03
2.221686516923649378e+03
1.630526207725622953e+03
5.295035541102434763e+03
3.896658977461464929e+03
3.405338193046517972e+03
6.543550906821608805e+03
5.302923388648408036e+03
3.466727410382903599e+03
3.751184677787043711e+03
6.119246145094102758e+03
3.842006275623904003e+03
3.957605413998830045e+03
3.543990520794008717e+03
5.249325244252457196e+03
1.993206914261400925e+03
9.428887123566753871e+03
9.901641549217220017e+03
4.403442108684793311e+03
4.675141500239957168e+03
2.450588790530019651e+03
3.853836298204153536e+03
3.744228424932165581e+03
5.542795714438188952e+03
4.216996710302893007e+03
4.990978884361578821e+03
4.019170316502315927e+03
3.613020672011724855e+03
5.919767459478704950e+03
3.025047186335560582e+03
4.434142230077285603e+03
1.185255584040065514e+04
4.545367952587270338e+03
3.488797655445614055e+03
4.095929320687345353e+03
3.702445538200019655e+03
4.070348394585212191e+02
3.048101309854825558e+03
3.005149276375527734e+03
1.094892798358431264e+03
4.931736248742131465e+02
3.868292569639770136e+03
2.086219583258233342e+03
2.462593544369124174e+02
5.454853645087196128e+02
2.193669836091230081e+03
1.393223326534755415e+03
8.857738112886694580e+03
1.582223564615225223e+04
7.438581595567834484e+02
8.997859734519997801e+02
3.563388845086541096e+03
7.356637602202072230e+02
4.313384988889708438e+03
7.017485092470828931e+03
1.406707723369474934e+03
6.977670147234719479e+03
9.938625650499777748e+02
3.401718393054461103e+03
1.030104125478975038e+04
2.137486201386283483e+03
3.241922328702094092e+02
2.043253528235582780e+04
1.977510364393643158e+03
1.102870593349512092e+03
7.052357457657590203e+02
4.570005024771739045e+03
3.160398939035199874e+03
2.916105399029427645e+03
1.094988704472312293e+03
4.609877898712752540e+02
3.440867258756070896e+03
1.610488193294833309e+03
2.341795040385804896e+02
4.361004996041383492e+02
2.236800116188519951e+03
8.762954127868492833e+02
5.901037458315977347e+03
1.543973697107653425e+04
6.186378447959755249e+02
7.661490282673566981e+02
3.507528735761868120e+03
6.519245919480490556e+02
4.428057624814713563e+03
5.304298334493869334e+03
1.342489213933160045e+03
6.727314021897645944e+03
5.837215936119732760e+02
2.798883637987624297e+03
9.117014784897632126e+03
1.225054145801089817e+03
4.373632435038634867e+02
2.043772487910459677e+04
1.559162789884413996e+03
8.897283727496419488e+02
6.362993393440619911e+02
4.845547151287438282e+03
5.142134366098072860e+03
4.124261256185808634e+03
3.666371422985945628e+03
5.969099773520365488e+03
5.497225598819803963e+03
3.358206914247725308e+03
3.964063852425027562e+03
3.038882510162242397e+03
4.571082378498934304e+03
1.307348050526494808e+04
1.854029282844689442e+04
3.504750434338677678e+03
3.201306336435794037e+03
5.661585450396626584e+03
2.952941616718228488e+03
5.614884582542406861e+03
1.272888176562973604e+04
4.649695869686438527e+03
1.078891531175419550e+04
4.224253475982312921e+03
5.894545056777280479e+03
1.071341517703096906e+04
5.242428425185199558e+03
3.579845642023059099e+03
2.213746987694201380e+04
4.660779909559452790e+03
3.789188392969222150e+03
3.604088846707571065e+03
6.631825522884004386e+03
2.423587497213122333e+03
3.387910005054257908e+03
3.753447880785217421e+03
4.015529150706853216e+03
3.313122049137379690e+03
3.323835310965764620e+03
3.896766940312913903e+03
3.014987539969906720e+03
1.358559756616128288e+04
1.895678609707915894e+04
3.553646452581220728e+03
3.450250643878752271e+03
6.547329752224486583e+03
3.509973632156051735e+03
5.823218718801559589e+03
1.272429271408039131e+04
3.897598709845081885e+03
6.864067401685650111e+03
4.071823082845582121e+03
4.672258129862859278e+03
1.132785496488086210e+04
3.396151586030923681e+03
3.897714734107434197e+03
2.231385221683651616e+04
2.798540721697563640e+03
2.707594960304512824e+03
3.560592466531719310e+03
4.720127897063307501e+03
9.124693587964584367e+02
3.360899972954703571e+03
1.543675339373234692e+03
1.245641000218221052e+03
1.046323580706375196e+03
2.888642673265701433e+03
1.213825530887406785e+03
8.079291693601817315e+03
1.673924834143523549e+04
1.575126884870261620e+03
1.642173664322054265e+03
5.149669866841632029e+03
1.928590824405841431e+03
3.860692615846422541e+03
6.763234344618528667e+03
1.717407920109243605e+03
6.382289639602162424e+03
1.434705190888597372e+03
3.374879074297602529e+03
1.147037812660949203e+04
1.373530211881253308e+03
1.424296040081772389e+03
2.145244771712911461e+04
1.609264271231366365e+03
1.477713395598565512e+03
1.242408900127923971e+03
4.305721227944974089e+03
3.634297050748130914e+03
1.639978310699260874e+03
3.740076434998777586e+02
6.401126806427191696e+02
2.197261769685807394e+03
1.192729162793817977e+03
6.779366260744387546e+03
1.542037550970089433e+04
4.623061139064943745e+02
9.960091358230547485e+02
3.953399256772578156e+03
1.022880385620318066e+03
4.056111079715834421e+03
5.214583022089354017e+03
1.096786815483967530e+03
6.459583730337846646e+03
4.631405409146295824e+02
2.864306315581027320e+03
9.862717134376533068e+03
1.565909688535120040e+03
4.420857352585367153e+02
2.031321206979954150e+04
1.508303424128338520e+03
1.032307465220704216e+03
2.752595644439470561e+02
5.048480782959711178e+03
3.892133278577201963e+03
4.199565700709018529e+03
4.206891718556000342e+03
4.138165962537806990e+03
3.772241539178195126e+03
1.366639102310739872e+04
1.510327197346535468e+04
4.165738879505748628e+03
4.664316131263345596e+03
8.137193915653071599e+03
4.553382218590279081e+03
6.148773157548625022e+03
1.243233097613953942e+04
3.676517323582150311e+03
7.091798771331234093e+03
4.169243956930773493e+03
4.815325169296870627e+03
1.101927234466703158e+04
4.418477985916721991e+03
4.539314262422658430e+03
1.810165293169161305e+04
3.737856435237615187e+03
4.055281337755644927e+03
3.765757676389119752e+03
6.985746831240910069e+03
1.954272215576495455e+03
1.833057607348148395e+03
3.089873277347061048e+03
1.692412875933673149e+03
6.748920633959841325e+03
1.669089239695029755e+04
2.164996071169864990e+03
2.946464889856320951e+03
6.001309563692005213e+03
3.129089130287442458e+03
4.521801698077711990e+03
5.931241417890152661e+03
1.077231156131038915e+03
4.667484130867306703e+03
1.719447605873335988e+03
3.569586202759913704e+03
1.193005754435117524e+04
1.830311207091227971e+03
2.379613595814133987e+03
2.052814100854005665e+04
2.114912317330902624e+03
1.581747286906646877e+03
2.026674943510314733e+03
5.696568237248653531e+03
3.386019328304964802e+02
2.349716633276190805e+03
1.218235503183685523e+03
7.038484498090478155e+03
1.589733609953038285e+04
5.242721679952223894e+02
5.746373936442100785e+02
4.034265066882481278e+03
6.026642859862204205e+02
4.548438303802706287e+03
5.305227728675405160e+03
1.448519984587483805e+03
7.312982192551049593e+03
5.588027449820008314e+02
3.365899447766319099e+03
1.166871616026513584e+04
1.716723033367439029e+03
8.863199914853112205e+01
2.074617602540003281e+04
1.599755699927142814e+03
1.160766826904787195e+03
4.724258644069591355e+02
5.127562050230689238e+03
2.906653855916752946e+03
6.855291232231370486e+02
6.478868366225538011e+03
1.592093651767842675e+04
8.995548773024975162e+02
9.374924037296377719e+02
4.361624920269773611e+03
1.051618042346943184e+03
4.551982634715560380e+03
4.889290726316892687e+03
1.764716376972880653e+03
6.706031725194538012e+03
6.361142215190038769e+02
3.435893550108275122e+03
1.227211311819916955e+04
1.111972366002358285e+03
3.700541815259857685e+02
2.137941493402883498e+04
1.808150323618015591e+03
1.196345780665770235e+03
8.230476761807121875e+02
5.174166488954769193e+03
3.133865691842683191e+03
1.367182476844678604e+04
1.712291973461637463e+04
2.263440481713719237e+03
2.810961739866331754e+03
5.915542954160507179e+03
2.613561217381271490e+03
4.059149450476436868e+03
1.121445191700815121e+04
2.132805935817177215e+03
6.417170451262088136e+03
2.771110426458596521e+03
3.703876213589039708e+03
1.143337576361247557e+04
3.422832992541812018e+03
2.695955855919932219e+03
2.077573695275146747e+04
2.777927914488650458e+03
2.381157186742952035e+03
1.853521746211195477e+03
5.632721611521442355e+03
5.631282246775901513e+03
1.627944900865028467e+04
1.537246990250526551e+03
1.914484250559946759e+03
3.355445047780649475e+03
1.827416021099340469e+03
4.230689801659455952e+03
3.904009555255278883e+03
1.925486261619892957e+03
5.247466634346650608e+03
1.162067288968340108e+03
2.956165047856051842e+03
9.104606798379103566e+03
1.060677291375665845e+03
1.360627462548184667e+03
2.143539706404745084e+04
2.048122629654996217e+03
1.353537897577155491e+03
1.521032098401298754e+03
4.409551112760887918e+03
1.553470824655190154e+04
7.326641603313526502e+03
8.041350422726835859e+03
8.393669875619445520e+03
8.957911188529211358e+03
1.650352234950871207e+04
5.138249760120653264e+03
7.012761320362844344e+03
1.182669615800619613e+04
5.943865596295750038e+03
8.304207355203454426e+03
1.395335197669377885e+04
6.147984347075380356e+03
7.197863036190294224e+03
1.649341972634326521e+04
7.275078062698270514e+03
8.161898923553460918e+03
7.564622159077680408e+03
1.384304191556185469e+04
1.503942710276925573e+04
1.669291605297923161e+04
9.848108965558914861e+03
1.626946266066341923e+04
8.955906690841073214e+03
1.069439550213983239e+04
1.513285814997829038e+04
1.122027314675712114e+04
1.551418515571685020e+04
1.644993264137057122e+04
1.098639720978200967e+04
1.648088444186284323e+04
1.569410716608686198e+04
5.571413779008854362e+03
1.718643877236967455e+04
1.584767185870049252e+04
1.544599064962015109e+04
1.250192752215861401e+04
9.393347252434482471e+02
4.114484586008983570e+03
8.021421612281678790e+02
4.528112261318976380e+03
5.226387180385503598e+03
1.750923317775683245e+03
6.679911430398676202e+03
4.368193020493608856e+02
3.224444966088060937e+03
1.141156912510217444e+04
1.721080373774078453e+03
5.756499395338476006e+02
2.025258788016011022e+04
1.627518903927731571e+03
7.343772228860320865e+02
5.597348314697355818e+02
4.456756240167536816e+03
5.247994396154485003e+03
1.081844531891455063e+03
5.124883374841982004e+03
5.747202997144760957e+03
2.333487817185214226e+03
8.164847743174621428e+03
1.057518386512071629e+03
3.055752211712939697e+03
1.177825057295031729e+04
2.522060186458962562e+03
7.808606654822033306e+02
2.159092132012383081e+04
1.157836038890083273e+03
1.465981462486711735e+03
8.672529376346151366e+02
3.835764502607008126e+03
4.617621015425113910e+03
3.474747448773137421e+03
5.480244434394831842e+03
4.637244285833177855e+03
5.371265272151442332e+03
4.245914350959670628e+03
4.774143783660518238e+03
5.220740309466390499e+03
5.147727688955288613e+03
4.310041672129707877e+03
1.084476295671590560e+04
5.467845316331393406e+03
4.297807187942783457e+03
4.478237203497057635e+03
3.431087804721427347e+03
5.122289319577756942e+03
7.037211380916993221e+03
2.280130354763747164e+03
7.770557291503031593e+03
1.164110913626916044e+03
4.033531053942100243e+03
1.289584579870506423e+04
2.292591608356983670e+03
7.353197355817565040e+02
2.062909618131834941e+04
2.442448747518055370e+03
1.430296951561605511e+03
1.008178593383438965e+03
5.163270472998303376e+03
1.241827846246943045e+04
4.635127153916539100e+03
5.330261919281792871e+03
4.986571484592662273e+03
5.788255352765085263e+03
7.026762095704870262e+03
4.512827595425412255e+03
4.807356803786161436e+03
1.148446137603562056e+04
5.027463489793185545e+03
4.068331996393330428e+03
3.884245209000055183e+03
4.092641558393544983e+03
6.281184203656647696e+03
6.684369547185293413e+03
4.423107571770235154e+03
6.983179324439495758e+03
9.710350745478082899e+03
5.017366141353930288e+03
5.338156192159225611e+03
1.200990445500927126e+04
6.018051485886182491e+03
6.762642367445036143e+03
5.507992731391771486e+03
1.093319117506182374e+04
5.282286973211661461e+03
1.371531559036805675e+03
3.252736961212786355e+03
1.002715400573094121e+04
2.513433577353807777e+03
1.660873058838331417e+03
1.901415203918566112e+04
1.825952421764451628e+03
2.087999252463246194e+03
1.307873753223394033e+03
6.363561849930756580e+03
6.521233944322022580e+03
5.927652162074137777e+03
7.849073435016496660e+03
5.899972823687962773e+03
7.609600547070073844e+03
1.150418659987864157e+04
5.570511211851860935e+03
6.096743372327475299e+03
6.592283548697124388e+03
6.798636601813372181e+03
3.259955981285210328e+03
1.099398806676100867e+04
1.506648416042419285e+03
5.590826203717717817e+02
2.012584590663982817e+04
1.728920138177631543e+03
1.313451244557284099e+03
5.667931533317801041e+02
5.432129449703528735e+03
5.891070670240973413e+03
3.668838803523168281e+03
3.814127082568415517e+03
1.995453317036174121e+04
2.580469731497183147e+03
2.946617362882205271e+03
2.560538709041528364e+03
4.384307802966613053e+03
1.324236969568673521e+04
1.299580842313355788e+04
1.049549707553235021e+04
9.164641382727351811e+03
1.052156765372872178e+04
1.013722461966260926e+04
5.440306271908480085e+03
1.964250678090978681e+03
2.119719978284926765e+04
2.201093770322794626e+03
1.305850654531798227e+03
1.803359193732629592e+03
4.724873260247160943e+03
2.103073501645588840e+04
2.134028242520472304e+03
1.338492809814594239e+03
5.828299247770476086e+02
5.583893509744483708e+03
2.132102824445852821e+04
2.047670313426277426e+04
1.975216550616135282e+04
1.352554936626557901e+04
1.531101923742342024e+03
1.440631655822047378e+03
3.551343776140708087e+03
1.094720003097980680e+03
3.448684536859246236e+03
5.015376408046450706e+03
