4.500000000000000000e+01 6.300000000000000000e+01 8.863199914853112205e+01 2.000000000000000000e+00
4.000000000000000000e+00 7.000000000000000000e+00 1.411030513608679939e+02 2.000000000000000000e+00
1.000000000000000000e+00 4.600000000000000000e+01 2.094635580158355879e+02 2.000000000000000000e+00
9.000000000000000000e+00 1.100000000000000000e+01 2.114370156348772980e+02 2.000000000000000000e+00
3.000000000000000000e+00 1.700000000000000000e+01 2.664888041796766629e+02 2.000000000000000000e+00
4.200000000000000000e+01 6.700000000000000000e+01 2.752595644439470561e+02 2.000000000000000000e+00
7.000000000000000000e+01 7.200000000000000000e+01 2.865783379792828214e+02 4.000000000000000000e+00
6.900000000000000000e+01 7.500000000000000000e+01 3.068986233579908571e+02 6.000000000000000000e+00
2.000000000000000000e+00 5.200000000000000000e+01 3.191315649921984914e+02 2.000000000000000000e+00
1.500000000000000000e+01 3.700000000000000000e+01 3.374561175147719041e+02 2.000000000000000000e+00
2.100000000000000000e+01 7.600000000000000000e+01 3.551550159708793331e+02 7.000000000000000000e+00
2.400000000000000000e+01 5.100000000000000000e+01 3.752073471515086567e+02 2.000000000000000000e+00
1.000000000000000000e+01 3.000000000000000000e+01 4.211497529686066628e+02 2.000000000000000000e+00
5.000000000000000000e+00 6.000000000000000000e+00 4.268794976541421420e+02 2.000000000000000000e+00
7.300000000000000000e+01 7.800000000000000000e+01 4.424498278284702906e+02 4.000000000000000000e+00
3.800000000000000000e+01 7.100000000000000000e+01 4.576406411767841860e+02 3.000000000000000000e+00
2.200000000000000000e+01 5.900000000000000000e+01 4.630485062342349920e+02 2.000000000000000000e+00
1.600000000000000000e+01 2.900000000000000000e+01 5.065364624340109003e+02 2.000000000000000000e+00
1.400000000000000000e+01 8.500000000000000000e+01 5.476721541695146698e+02 3.000000000000000000e+00
7.400000000000000000e+01 8.000000000000000000e+01 5.586317702166019217e+02 4.000000000000000000e+00
2.000000000000000000e+01 2.600000000000000000e+01 5.884311937856373333e+02 2.000000000000000000e+00
7.700000000000000000e+01 8.200000000000000000e+01 5.952933086147783115e+02 4.000000000000000000e+00
8.100000000000000000e+01 8.400000000000000000e+01 6.336120007504453042e+02 5.000000000000000000e+00
3.300000000000000000e+01 8.300000000000000000e+01 7.595947500918081232e+02 5.000000000000000000e+00
2.500000000000000000e+01 4.800000000000000000e+01 7.791436738081206386e+02 2.000000000000000000e+00
8.700000000000000000e+01 8.800000000000000000e+01 8.508231581791166036e+02 7.000000000000000000e+00
2.700000000000000000e+01 2.800000000000000000e+01 8.609389640336844423e+02 2.000000000000000000e+00
8.600000000000000000e+01 9.100000000000000000e+01 8.646844945947037786e+02 7.000000000000000000e+00
8.000000000000000000e+00 6.500000000000000000e+01 9.202905966931402872e+02 2.000000000000000000e+00
5.400000000000000000e+01 8.900000000000000000e+01 9.318901489434158520e+02 3.000000000000000000e+00
6.200000000000000000e+01 9.300000000000000000e+01 1.000373695185105021e+03 3.000000000000000000e+00
2.300000000000000000e+01 3.400000000000000000e+01 1.012842461933352297e+03 2.000000000000000000e+00
4.400000000000000000e+01 5.700000000000000000e+01 1.077231156131038915e+03 2.000000000000000000e+00
7.900000000000000000e+01 9.800000000000000000e+01 1.090196889264122319e+03 1.000000000000000000e+01
1.900000000000000000e+01 3.100000000000000000e+01 1.119657031398326581e+03 2.000000000000000000e+00
9.200000000000000000e+01 1.020000000000000000e+02 1.159384318020837327e+03 1.500000000000000000e+01
9.400000000000000000e+01 9.500000000000000000e+01 1.161505731365020893e+03 9.000000000000000000e+00
4.100000000000000000e+01 9.600000000000000000e+01 1.267112709439414857e+03 8.000000000000000000e+00
6.600000000000000000e+01 9.900000000000000000e+01 1.360123926903265783e+03 4.000000000000000000e+00
1.300000000000000000e+01 9.000000000000000000e+01 1.471739054553721417e+03 5.000000000000000000e+00
1.200000000000000000e+01 1.030000000000000000e+02 1.549976081350290769e+03 3.000000000000000000e+00
3.500000000000000000e+01 9.700000000000000000e+01 1.684837264863081600e+03 3.000000000000000000e+00
1.040000000000000000e+02 1.050000000000000000e+02 1.954458691852398033e+03 2.400000000000000000e+01
1.060000000000000000e+02 1.070000000000000000e+02 2.134973264250096690e+03 1.200000000000000000e+01
4.700000000000000000e+01 1.000000000000000000e+02 2.341627561728965247e+03 3.000000000000000000e+00
3.200000000000000000e+01 5.600000000000000000e+01 2.395480961324235068e+03 2.000000000000000000e+00
3.600000000000000000e+01 5.300000000000000000e+01 2.450588790530019651e+03 2.000000000000000000e+00
1.080000000000000000e+02 1.100000000000000000e+02 2.498608019305559537e+03 8.000000000000000000e+00
1.090000000000000000e+02 1.130000000000000000e+02 2.501127770949495698e+03 6.000000000000000000e+00
1.010000000000000000e+02 1.120000000000000000e+02 2.947508756137894125e+03 1.400000000000000000e+01
1.110000000000000000e+02 1.180000000000000000e+02 3.423757016371473583e+03 3.800000000000000000e+01
6.000000000000000000e+01 1.160000000000000000e+02 3.510512441849285551e+03 9.000000000000000000e+00
4.000000000000000000e+01 4.300000000000000000e+01 3.753447880785217421e+03 2.000000000000000000e+00
6.800000000000000000e+01 1.150000000000000000e+02 3.871069944852425579e+03 3.000000000000000000e+00
5.500000000000000000e+01 1.220000000000000000e+02 4.021663044513413752e+03 4.000000000000000000e+00
4.900000000000000000e+01 1.140000000000000000e+02 4.778917434894471626e+03 3.000000000000000000e+00
1.170000000000000000e+02 1.190000000000000000e+02 4.897246447478839400e+03 4.400000000000000000e+01
3.900000000000000000e+01 1.250000000000000000e+02 5.215062264266032798e+03 4.500000000000000000e+01
0.000000000000000000e+00 5.800000000000000000e+01 5.506952511010484159e+03 2.000000000000000000e+00
5.000000000000000000e+01 6.400000000000000000e+01 5.571413779008854362e+03 2.000000000000000000e+00
1.200000000000000000e+02 1.260000000000000000e+02 6.251089463708510266e+03 5.400000000000000000e+01
1.210000000000000000e+02 1.290000000000000000e+02 6.330135500415436582e+03 5.600000000000000000e+01
6.100000000000000000e+01 1.230000000000000000e+02 7.005424276775351245e+03 5.000000000000000000e+00
1.270000000000000000e+02 1.310000000000000000e+02 8.459757149418566769e+03 7.000000000000000000e+00
1.800000000000000000e+01 1.300000000000000000e+02 8.599331307728072716e+03 5.700000000000000000e+01
1.240000000000000000e+02 1.330000000000000000e+02 1.618841961178944803e+04 6.000000000000000000e+01
1.280000000000000000e+02 1.320000000000000000e+02 1.693895731102181526e+04 9.000000000000000000e+00
1.340000000000000000e+02 1.350000000000000000e+02 3.657493718778852053e+04 6.900000000000000000e+01
