7.000000000000000000e+00 1.000000000000000000e+01 2.308432747937708029e+00 2.000000000000000000e+00
2.200000000000000000e+01 3.300000000000000000e+01 3.835825517423407049e+00 2.000000000000000000e+00
4.000000000000000000e+00 7.600000000000000000e+01 4.493098732714731369e+00 3.000000000000000000e+00
2.100000000000000000e+01 7.700000000000000000e+01 4.601769071097729480e+00 3.000000000000000000e+00
1.000000000000000000e+00 4.900000000000000000e+01 4.867168236989492414e+00 2.000000000000000000e+00
1.100000000000000000e+01 8.000000000000000000e+01 5.759600750663460111e+00 3.000000000000000000e+00
2.500000000000000000e+01 5.500000000000000000e+01 5.949801095287685193e+00 2.000000000000000000e+00
2.900000000000000000e+01 3.600000000000000000e+01 6.026821621939523865e+00 2.000000000000000000e+00
5.900000000000000000e+01 6.800000000000000000e+01 6.201515293802364326e+00 2.000000000000000000e+00
1.800000000000000000e+01 4.000000000000000000e+01 6.609564709775053615e+00 2.000000000000000000e+00
7.900000000000000000e+01 8.400000000000000000e+01 6.776416275680393397e+00 5.000000000000000000e+00
3.000000000000000000e+00 8.500000000000000000e+01 7.194254416457813051e+00 3.000000000000000000e+00
2.000000000000000000e+00 6.000000000000000000e+00 7.333364443800752142e+00 2.000000000000000000e+00
1.200000000000000000e+01 4.100000000000000000e+01 7.601747883398438432e+00 2.000000000000000000e+00
5.600000000000000000e+01 8.800000000000000000e+01 7.816543975573442715e+00 3.000000000000000000e+00
2.300000000000000000e+01 7.400000000000000000e+01 8.275887881164251780e+00 2.000000000000000000e+00
5.000000000000000000e+01 8.900000000000000000e+01 8.436182353853272531e+00 3.000000000000000000e+00
1.500000000000000000e+01 6.400000000000000000e+01 8.601629449793636084e+00 2.000000000000000000e+00
3.100000000000000000e+01 3.400000000000000000e+01 8.632243782647464059e+00 2.000000000000000000e+00
2.400000000000000000e+01 3.700000000000000000e+01 9.023774046216175293e+00 2.000000000000000000e+00
1.600000000000000000e+01 8.700000000000000000e+01 9.582875929165050266e+00 4.000000000000000000e+00
4.600000000000000000e+01 6.200000000000000000e+01 9.838822394337860544e+00 2.000000000000000000e+00
5.000000000000000000e+00 9.000000000000000000e+01 9.916738071926355147e+00 4.000000000000000000e+00
3.200000000000000000e+01 7.800000000000000000e+01 9.974142033276573116e+00 4.000000000000000000e+00
8.100000000000000000e+01 9.200000000000000000e+01 1.021902450673693430e+01 6.000000000000000000e+00
2.800000000000000000e+01 5.200000000000000000e+01 1.124765650505304926e+01 2.000000000000000000e+00
8.200000000000000000e+01 8.600000000000000000e+01 1.227756648034319831e+01 7.000000000000000000e+00
8.300000000000000000e+01 1.020000000000000000e+02 1.350475550806145364e+01 9.000000000000000000e+00
1.700000000000000000e+01 9.900000000000000000e+01 1.389235464525084396e+01 5.000000000000000000e+00
4.400000000000000000e+01 9.700000000000000000e+01 1.410985731109498964e+01 3.000000000000000000e+00
3.800000000000000000e+01 9.800000000000000000e+01 1.468825703173088115e+01 5.000000000000000000e+00
6.700000000000000000e+01 1.010000000000000000e+02 1.529296715366233350e+01 3.000000000000000000e+00
9.100000000000000000e+01 1.050000000000000000e+02 1.556982861303467125e+01 5.000000000000000000e+00
2.000000000000000000e+01 9.400000000000000000e+01 1.589890948982584007e+01 3.000000000000000000e+00
4.800000000000000000e+01 7.300000000000000000e+01 1.766252428373081784e+01 2.000000000000000000e+00
1.300000000000000000e+01 1.090000000000000000e+02 1.919223077940553424e+01 4.000000000000000000e+00
1.070000000000000000e+02 1.100000000000000000e+02 2.003009349357916236e+01 5.000000000000000000e+00
1.400000000000000000e+01 1.030000000000000000e+02 2.009535149588394631e+01 1.000000000000000000e+01
4.500000000000000000e+01 1.080000000000000000e+02 2.032878437407751804e+01 6.000000000000000000e+00
3.000000000000000000e+01 1.110000000000000000e+02 2.037550721614732296e+01 5.000000000000000000e+00
9.300000000000000000e+01 1.040000000000000000e+02 2.088342694893583840e+01 7.000000000000000000e+00
9.000000000000000000e+00 7.200000000000000000e+01 2.346039663991520641e+01 2.000000000000000000e+00
9.600000000000000000e+01 1.130000000000000000e+02 2.368193453576742513e+01 1.400000000000000000e+01
4.700000000000000000e+01 1.140000000000000000e+02 2.461212455953790368e+01 7.000000000000000000e+00
9.500000000000000000e+01 1.150000000000000000e+02 2.681357689630715413e+01 7.000000000000000000e+00
1.000000000000000000e+02 1.160000000000000000e+02 2.873927442369457097e+01 1.300000000000000000e+01
3.900000000000000000e+01 5.700000000000000000e+01 2.893114480659824039e+01 2.000000000000000000e+00
1.060000000000000000e+02 1.170000000000000000e+02 3.110103539781238169e+01 7.000000000000000000e+00
5.100000000000000000e+01 7.000000000000000000e+01 3.547719033087639673e+01 2.000000000000000000e+00
7.500000000000000000e+01 1.220000000000000000e+02 3.756048233165071082e+01 3.000000000000000000e+00
1.190000000000000000e+02 1.200000000000000000e+02 3.792481777286037214e+01 1.400000000000000000e+01
5.400000000000000000e+01 6.900000000000000000e+01 4.094333763949745020e+01 2.000000000000000000e+00
0.000000000000000000e+00 2.600000000000000000e+01 4.184972075685403325e+01 2.000000000000000000e+00
1.180000000000000000e+02 1.210000000000000000e+02 4.201112758267891678e+01 2.700000000000000000e+01
4.200000000000000000e+01 1.240000000000000000e+02 4.714612314904996992e+01 3.000000000000000000e+00
8.000000000000000000e+00 6.500000000000000000e+01 4.839073263382553591e+01 2.000000000000000000e+00
3.500000000000000000e+01 5.300000000000000000e+01 5.356995821267678082e+01 2.000000000000000000e+00
6.300000000000000000e+01 1.280000000000000000e+02 5.805613066264173483e+01 3.000000000000000000e+00
1.120000000000000000e+02 1.260000000000000000e+02 6.320908607557448988e+01 1.900000000000000000e+01
1.250000000000000000e+02 1.310000000000000000e+02 6.534982653764733129e+01 5.000000000000000000e+00
2.700000000000000000e+01 6.000000000000000000e+01 6.599601336021295594e+01 2.000000000000000000e+00
6.600000000000000000e+01 1.330000000000000000e+02 7.199721795027808469e+01 4.000000000000000000e+00
1.290000000000000000e+02 1.340000000000000000e+02 7.319997476024683181e+01 4.600000000000000000e+01
1.900000000000000000e+01 1.230000000000000000e+02 7.834242749152146246e+01 8.000000000000000000e+00
6.100000000000000000e+01 1.320000000000000000e+02 8.283482189255380490e+01 3.000000000000000000e+00
4.300000000000000000e+01 7.100000000000000000e+01 9.341273408978229043e+01 2.000000000000000000e+00
1.360000000000000000e+02 1.370000000000000000e+02 9.433380248983988281e+01 6.000000000000000000e+00
1.380000000000000000e+02 1.390000000000000000e+02 1.087213414809254317e+02 5.400000000000000000e+01
1.350000000000000000e+02 1.420000000000000000e+02 1.138733213222507175e+02 1.100000000000000000e+01
1.300000000000000000e+02 1.430000000000000000e+02 1.141070337920393314e+02 5.700000000000000000e+01
1.270000000000000000e+02 1.410000000000000000e+02 1.919750753825244658e+02 4.000000000000000000e+00
1.400000000000000000e+02 1.450000000000000000e+02 2.197539734394549384e+02 6.000000000000000000e+01
5.800000000000000000e+01 1.460000000000000000e+02 2.689124758266875119e+02 5.000000000000000000e+00
1.440000000000000000e+02 1.470000000000000000e+02 3.823005380633348409e+02 7.100000000000000000e+01
1.480000000000000000e+02 1.490000000000000000e+02 5.956069911197658939e+02 7.600000000000000000e+01
