3.200000000000000000e+01 8.200000000000000000e+01 5.976732648542624204e+00 2.000000000000000000e+00
2.300000000000000000e+01 1.000000000000000000e+02 6.186038592922044721e+00 2.000000000000000000e+00
1.200000000000000000e+01 1.600000000000000000e+01 7.218531142838088499e+00 2.000000000000000000e+00
3.800000000000000000e+01 4.000000000000000000e+01 8.085683434986034257e+00 2.000000000000000000e+00
1.000000000000000000e+00 1.020000000000000000e+02 8.087784413584422794e+00 3.000000000000000000e+00
5.000000000000000000e+01 6.000000000000000000e+01 9.171871140753262708e+00 2.000000000000000000e+00
1.400000000000000000e+01 1.030000000000000000e+02 9.636026406504972996e+00 3.000000000000000000e+00
1.500000000000000000e+01 6.700000000000000000e+01 9.980924267697366403e+00 2.000000000000000000e+00
2.400000000000000000e+01 8.900000000000000000e+01 1.056212156890974185e+01 2.000000000000000000e+00
7.100000000000000000e+01 1.070000000000000000e+02 1.115130719436872475e+01 3.000000000000000000e+00
1.080000000000000000e+02 1.090000000000000000e+02 1.126108083978063767e+01 5.000000000000000000e+00
0.000000000000000000e+00 1.100000000000000000e+01 1.140304235676202360e+01 2.000000000000000000e+00
3.300000000000000000e+01 5.800000000000000000e+01 1.223901563319606289e+01 2.000000000000000000e+00
6.600000000000000000e+01 9.200000000000000000e+01 1.274718437920609659e+01 2.000000000000000000e+00
3.900000000000000000e+01 1.040000000000000000e+02 1.274849310510897205e+01 3.000000000000000000e+00
1.700000000000000000e+01 8.800000000000000000e+01 1.364449333706681067e+01 2.000000000000000000e+00
4.900000000000000000e+01 1.060000000000000000e+02 1.398374663242065630e+01 4.000000000000000000e+00
3.100000000000000000e+01 5.500000000000000000e+01 1.542740490178063339e+01 2.000000000000000000e+00
4.000000000000000000e+00 2.600000000000000000e+01 1.566546461346940333e+01 2.000000000000000000e+00
9.000000000000000000e+00 1.110000000000000000e+02 1.597908073132991369e+01 4.000000000000000000e+00
1.300000000000000000e+01 1.180000000000000000e+02 1.636161390457648324e+01 5.000000000000000000e+00
7.400000000000000000e+01 1.100000000000000000e+02 1.714220920618543786e+01 3.000000000000000000e+00
7.000000000000000000e+01 1.120000000000000000e+02 1.846668250420619017e+01 6.000000000000000000e+00
1.050000000000000000e+02 1.130000000000000000e+02 1.913068611024527144e+01 4.000000000000000000e+00
1.000000000000000000e+01 5.300000000000000000e+01 2.012760043755858774e+01 2.000000000000000000e+00
4.300000000000000000e+01 1.160000000000000000e+02 2.120182926622893760e+01 4.000000000000000000e+00
9.100000000000000000e+01 1.190000000000000000e+02 2.147195641587971338e+01 3.000000000000000000e+00
1.800000000000000000e+01 1.170000000000000000e+02 2.234224096932965509e+01 3.000000000000000000e+00
1.210000000000000000e+02 1.240000000000000000e+02 2.252359914440544486e+01 1.000000000000000000e+01
2.100000000000000000e+01 5.900000000000000000e+01 2.312368145849690748e+01 2.000000000000000000e+00
4.200000000000000000e+01 7.500000000000000000e+01 2.416893552701860770e+01 2.000000000000000000e+00
3.400000000000000000e+01 8.700000000000000000e+01 2.433320607968019189e+01 2.000000000000000000e+00
1.150000000000000000e+02 1.280000000000000000e+02 2.440867955545602186e+01 5.000000000000000000e+00
1.220000000000000000e+02 1.270000000000000000e+02 2.568566987363201548e+01 9.000000000000000000e+00
3.700000000000000000e+01 6.900000000000000000e+01 2.916210111997150989e+01 2.000000000000000000e+00
2.500000000000000000e+01 1.330000000000000000e+02 2.925073214453260562e+01 3.000000000000000000e+00
1.140000000000000000e+02 1.250000000000000000e+02 2.958437630953453024e+01 6.000000000000000000e+00
8.500000000000000000e+01 9.800000000000000000e+01 3.085619645610942285e+01 2.000000000000000000e+00
9.500000000000000000e+01 1.260000000000000000e+02 3.163265594090399802e+01 3.000000000000000000e+00
1.200000000000000000e+02 1.300000000000000000e+02 3.234139525296497908e+01 1.200000000000000000e+01
5.700000000000000000e+01 6.300000000000000000e+01 3.505465072277955585e+01 2.000000000000000000e+00
5.000000000000000000e+00 9.000000000000000000e+01 3.530552862310939588e+01 2.000000000000000000e+00
4.700000000000000000e+01 8.000000000000000000e+01 3.564840008330752852e+01 2.000000000000000000e+00
9.900000000000000000e+01 1.320000000000000000e+02 3.804724133809448716e+01 3.000000000000000000e+00
6.000000000000000000e+00 1.390000000000000000e+02 3.819549454899141239e+01 3.000000000000000000e+00
1.230000000000000000e+02 1.380000000000000000e+02 3.866120059643955642e+01 9.000000000000000000e+00
5.200000000000000000e+01 1.400000000000000000e+02 3.953527907743820435e+01 4.000000000000000000e+00
8.100000000000000000e+01 1.290000000000000000e+02 3.956845642073338354e+01 4.000000000000000000e+00
6.400000000000000000e+01 1.010000000000000000e+02 4.028171822466191543e+01 2.000000000000000000e+00
4.600000000000000000e+01 9.400000000000000000e+01 4.054447141772167384e+01 2.000000000000000000e+00
5.100000000000000000e+01 1.460000000000000000e+02 4.134633989356500905e+01 4.000000000000000000e+00
3.600000000000000000e+01 7.300000000000000000e+01 4.156409343327926820e+01 2.000000000000000000e+00
2.000000000000000000e+01 8.400000000000000000e+01 4.187051684961313214e+01 2.000000000000000000e+00
7.700000000000000000e+01 9.300000000000000000e+01 4.488065082709361775e+01 2.000000000000000000e+00
9.700000000000000000e+01 1.410000000000000000e+02 4.522369909129446341e+01 1.300000000000000000e+01
4.100000000000000000e+01 7.200000000000000000e+01 4.629448531264148414e+01 2.000000000000000000e+00
7.000000000000000000e+00 4.500000000000000000e+01 4.647280319466307219e+01 2.000000000000000000e+00
6.500000000000000000e+01 1.490000000000000000e+02 4.751996471846160119e+01 5.000000000000000000e+00
1.350000000000000000e+02 1.360000000000000000e+02 5.043756037284215665e+01 1.100000000000000000e+01
1.900000000000000000e+01 1.530000000000000000e+02 5.408710706066047180e+01 3.000000000000000000e+00
2.900000000000000000e+01 1.580000000000000000e+02 5.493981552289500314e+01 3.000000000000000000e+00
2.700000000000000000e+01 1.500000000000000000e+02 5.578191153346156739e+01 3.000000000000000000e+00
2.800000000000000000e+01 1.370000000000000000e+02 5.580827041158487845e+01 4.000000000000000000e+00
1.420000000000000000e+02 1.480000000000000000e+02 5.645845308489786873e+01 6.000000000000000000e+00
5.400000000000000000e+01 1.560000000000000000e+02 5.757066290543695430e+01 1.400000000000000000e+01
6.200000000000000000e+01 1.470000000000000000e+02 5.770626717483682455e+01 1.000000000000000000e+01
1.510000000000000000e+02 1.650000000000000000e+02 6.739667962925092581e+01 8.000000000000000000e+00
2.000000000000000000e+00 1.430000000000000000e+02 6.754118212786163156e+01 3.000000000000000000e+00
1.340000000000000000e+02 1.670000000000000000e+02 6.843270162459748462e+01 1.500000000000000000e+01
5.600000000000000000e+01 8.600000000000000000e+01 6.879992357194788610e+01 2.000000000000000000e+00
8.000000000000000000e+00 9.600000000000000000e+01 7.030590052136027168e+01 2.000000000000000000e+00
4.400000000000000000e+01 1.310000000000000000e+02 7.193515249231388964e+01 3.000000000000000000e+00
6.100000000000000000e+01 1.440000000000000000e+02 7.277660489686658707e+01 3.000000000000000000e+00
1.520000000000000000e+02 1.600000000000000000e+02 7.515394921084397595e+01 1.500000000000000000e+01
1.450000000000000000e+02 1.700000000000000000e+02 7.551530840675540901e+01 1.800000000000000000e+01
1.570000000000000000e+02 1.630000000000000000e+02 7.769510367782650917e+01 5.000000000000000000e+00
2.200000000000000000e+01 7.800000000000000000e+01 7.867618343438252282e+01 2.000000000000000000e+00
7.900000000000000000e+01 1.680000000000000000e+02 8.567016593136168012e+01 9.000000000000000000e+00
1.590000000000000000e+02 1.760000000000000000e+02 8.724545884252849248e+01 2.300000000000000000e+01
1.620000000000000000e+02 1.690000000000000000e+02 8.803703259254989177e+01 6.000000000000000000e+00
1.540000000000000000e+02 1.610000000000000000e+02 9.346230301583594269e+01 5.000000000000000000e+00
3.000000000000000000e+00 1.730000000000000000e+02 9.375028185146847193e+01 4.000000000000000000e+00
1.660000000000000000e+02 1.750000000000000000e+02 9.835215866598062462e+01 2.900000000000000000e+01
3.000000000000000000e+01 7.600000000000000000e+01 1.054997270851065707e+02 2.000000000000000000e+00
6.800000000000000000e+01 1.770000000000000000e+02 1.058091708611497808e+02 6.000000000000000000e+00
1.550000000000000000e+02 1.810000000000000000e+02 1.108259814716857647e+02 8.000000000000000000e+00
1.720000000000000000e+02 1.820000000000000000e+02 1.125592623435779984e+02 7.000000000000000000e+00
1.740000000000000000e+02 1.800000000000000000e+02 1.231732975203666456e+02 2.600000000000000000e+01
1.640000000000000000e+02 1.790000000000000000e+02 1.417793465679858684e+02 1.300000000000000000e+01
4.800000000000000000e+01 1.780000000000000000e+02 1.427666628768149906e+02 3.000000000000000000e+00
1.850000000000000000e+02 1.860000000000000000e+02 1.427748435437220280e+02 8.000000000000000000e+00
1.710000000000000000e+02 1.910000000000000000e+02 1.733501256562018966e+02 5.000000000000000000e+00
3.500000000000000000e+01 8.300000000000000000e+01 1.896900693555296300e+02 2.000000000000000000e+00
1.830000000000000000e+02 1.900000000000000000e+02 1.912432968769227841e+02 1.700000000000000000e+01
1.880000000000000000e+02 1.920000000000000000e+02 1.937192482275531233e+02 1.500000000000000000e+01
1.870000000000000000e+02 1.950000000000000000e+02 2.240169068553252316e+02 2.500000000000000000e+01
1.930000000000000000e+02 1.970000000000000000e+02 3.395960294052425752e+02 3.000000000000000000e+01
1.960000000000000000e+02 1.980000000000000000e+02 3.990279815583173217e+02 4.500000000000000000e+01
1.840000000000000000e+02 1.990000000000000000e+02 6.416979510316318738e+02 7.400000000000000000e+01
1.940000000000000000e+02 2.000000000000000000e+02 7.411434273286205325e+02 7.600000000000000000e+01
1.890000000000000000e+02 2.010000000000000000e+02 7.876190146585626053e+02 1.020000000000000000e+02
