3.429656403583653173e+03
1.265090768260521600e+03
1.895371050200953960e+03
2.008171526447947599e+03
2.272837274894568509e+03
1.965636211117897574e+03
2.477600845423801729e+03
1.949597359298766150e+03
1.989005666076210900e+03
1.244976316471102109e+03
2.147274586930880105e+03
2.076908553843043137e+03
2.936888148605546576e+03
4.706957159641051476e+02
2.412112460056980126e+03
1.601222568835023594e+02
2.208625744332770410e+03
2.054232972733752831e+03
1.341254316920903875e+03
2.169511058933971526e+03
2.519967964927648609e+03
4.735956221846272456e+02
2.393824392048185018e+03
2.179836458403286997e+03
2.393291676501478833e+03
4.336770965832624825e+02
2.301749525102644384e+03
1.782553027658857445e+03
2.517438360049161474e+03
2.118201711099066415e+03
2.925568047300784201e+03
2.238835127843753526e+03
2.016623219367806314e+03
2.324854575967847722e+03
4.889015053408475069e+02
2.222419357622191001e+03
2.037409932759155254e+03
2.522145603488172128e+03
2.279785397678483150e+03
6.133300384847085297e+03
2.277450784538223616e+03
2.183750899740289242e+03
3.812662449038916748e+02
3.477400741467996340e+03
2.977316822238994519e+03
1.848334871239785571e+02
1.261752815507532887e+03
1.469988296799184809e+03
5.618805844232547315e+02
1.729651701091042696e+03
2.171926999324479311e+03
2.181953111886361967e+03
2.434950884441944709e+03
2.403401286191203326e+03
1.084738915493639524e+03
1.186259783790317670e+03
3.005008697513524112e+03
7.808753271621972090e+02
1.210086177830763063e+03
2.735013368326876844e+02
2.293178519551376212e+03
1.333320635624748093e+03
2.462979528069328808e+03
3.121726347121843901e+02
1.549658250639445214e+02
4.365447883595064013e+03
9.732859204044427770e+02
2.322111765769738213e+03
3.360428449958023521e+03
3.254780048044550313e+03
6.537514331605920233e+03
6.185414259529893570e+03
7.754885815834276400e+03
8.240609728100573193e+03
6.238376986819971535e+03
7.980524776000262136e+03
6.773623807247937293e+03
7.374597140937094991e+03
5.478176831800739819e+03
6.963108361972559578e+03
7.578837117583839245e+03
6.521511973921707977e+03
3.541846891487118683e+03
7.600792615274330274e+03
3.728907491832685082e+03
7.711895292786804021e+03
7.045322234831808601e+03
2.058407415506988400e+03
5.628291866967461829e+03
8.512158702476895996e+03
3.757802959475510306e+03
5.018809620517470648e+03
5.436488678244772018e+03
7.380270709501544843e+03
3.667762955753784809e+03
5.631917502902024353e+03
7.010078476680387212e+03
7.725612064546088732e+03
7.487109474455923191e+03
7.204762220211719978e+03
6.880416604464009652e+03
7.851641870347388249e+03
5.943588119374638154e+03
4.213815289212254356e+03
6.642516677146608345e+03
7.738312308865512023e+03
7.546567291759185537e+03
8.557764029705782377e+03
4.187234054141784327e+03
6.484886157416131937e+03
5.051443428411294917e+03
3.862706557975973283e+03
4.106263298326978656e+03
7.515453729906077569e+03
3.778234642427366452e+03
4.121121328498720686e+03
4.453806913520046692e+03
3.523058429125054317e+03
3.757962007504233497e+03
7.098105960359800520e+03
8.166175046382048095e+03
7.653214117204237482e+03
7.393236081444782030e+03
4.108480397533625364e+03
6.203587103743795524e+03
5.923098557039129446e+03
4.205943756483258767e+03
5.736251467627555030e+03
3.561683895898521769e+03
7.857462712818588443e+03
2.535322515665373430e+03
5.574969444987125826e+03
3.825859920029361092e+03
3.456127567628331690e+03
5.178788516237970725e+03
4.335300885473795461e+03
5.698754692004824392e+03
7.580352577541848405e+03
6.611524081204416689e+03
3.282394948499348175e+03
3.679414711053888823e+03
3.834894170530091742e+03
3.847836870037926928e+03
4.144847100684592078e+03
3.403694512562695309e+03
3.498180694148939438e+03
1.526537895231999073e+03
3.723813737998418674e+03
1.995662712466495805e+03
3.295467974499400952e+03
1.234355759252691996e+03
4.198129809475809452e+03
1.034019163869062368e+03
3.588886691413294102e+03
3.670624039565445855e+03
2.634834205215158818e+03
4.382541733459795068e+03
4.298717665490004947e+03
1.184985110571736641e+03
4.548554801763519208e+03
4.083418557993558352e+03
1.690701217408969114e+03
1.344077067487879049e+03
4.573937206367760155e+03
1.768060600314513067e+03
3.912365493763201812e+03
3.390085272695928779e+03
4.815978887939454580e+03
3.969074461744923610e+03
3.763159192381714547e+03
3.899527439548883194e+03
1.169314400613029875e+03
3.944307106328526061e+03
3.609734927184095795e+03
4.126196391762761777e+03
4.004438230717991246e+03
9.930443823123609036e+03
3.831270626762414395e+03
4.324847184537658904e+03
1.427314797883060010e+03
6.004083481631499126e+03
5.083575299161730982e+03
1.264174189756708984e+03
1.882168203727109812e+03
2.520213970055018763e+03
1.739852611693102517e+03
3.247088557256744480e+03
3.755845170745686573e+03
3.669962023106896595e+03
3.742212650726642096e+03
4.019838426952776899e+03
1.932102508069116766e+03
9.881209384401286115e+02
5.137926973897638163e+03
1.183622687981139734e+03
9.508017957060239951e+02
1.083157992764782648e+03
4.075847962021882722e+03
2.258258203164205952e+03
4.634264168728203003e+03
1.368869405229793074e+03
1.335075654368010646e+03
6.597364399710001635e+03
1.583811213414842996e+03
4.251770646024984671e+03
5.919618611997064363e+03
5.226911458317562392e+03
2.077472421212555673e+02
1.381384264520627312e+02
2.500458073007605435e+02
1.945574947136882429e+02
4.001313291873634626e+01
1.080015231454275408e+02
2.422670706810106367e+03
1.619519768729958287e+02
3.062565580678766764e+03
4.387670265810967976e+03
4.440532088637793095e+03
4.300810945887046728e+02
2.225014407441080039e+03
1.056656026025351593e+02
1.215793613950366989e+02
9.426914164841223283e+02
3.538216449766291589e+02
2.252226727105035025e+02
4.217341337517817010e+03
2.669636818800800029e+02
2.344863413156808747e+02
2.712786245483299354e+03
2.668015728931343347e+03
2.734204804974349372e+02
2.882071816893155301e+03
8.157507807182014403e+01
1.724461262674935824e+02
2.918811610629065854e+02
1.925473881633782867e+02
2.511832605415471562e+02
2.787312960314757220e+02
1.966282090260083123e+03
1.495345353043436489e+02
9.253928005542684332e+01
3.808128047757661534e+02
3.628231352700264551e+02
1.792696752255458023e+03
9.960355722174313087e+01
1.758131486214072083e+02
3.011353980677199615e+03
1.006495240986113231e+03
5.365894468068631795e+02
2.922160033321670653e+03
6.986312657469914484e+03
9.625358454911794979e+03
4.776675752041537635e+03
4.030815016832059428e+02
1.733263435156698051e+02
1.687427234046413105e+02
1.142446298391159871e+02
4.168651970546552548e+02
6.797031637215613955e+03
1.954900511992464317e+03
4.138454375715884908e+02
3.195500994591685867e+03
3.259979271961894483e+03
2.802441677517244898e+03
4.657238621963865626e+02
1.476960998224425794e+03
2.906310398813955089e+02
2.253702898793732402e+03
2.246209941110640102e+03
5.534801272086643621e+03
2.910246687568735524e+03
2.110524084411192689e+02
9.694831343239856096e+02
6.041957043888120324e+02
1.535748420890106445e+02
2.778953903571352839e+02
1.784134635843802243e+02
1.206145361971427974e+02
1.440288773964196025e+02
2.564068627251568614e+03
7.572400319825010229e+01
3.396900439232374993e+03
4.855494813889992656e+03
5.170375019453304049e+03
2.366286065426506866e+02
2.552953647101040588e+03
2.070702023282225355e+02
7.533429962190075457e+01
1.195222280365608640e+03
3.142963669629318701e+02
2.958728352299485778e+02
4.438484989211014181e+03
3.551047230380052042e+02
3.173822739971606097e+02
3.296894655824372421e+03
3.055601732763956534e+03
3.021091092925994417e+02
3.213200516280337979e+03
2.143473679186495247e+02
3.394432637674059379e+02
3.331392648211417509e+02
3.494121902648436162e+02
1.147666482243655537e+02
3.146053920001363622e+02
2.281361412345308054e+03
2.228046775731980915e+02
1.420383238157107826e+02
3.851652856709263233e+02
2.685862534478192174e+02
1.999122966006177649e+03
1.337633298045238917e+02
2.782571586911974464e+02
3.110314872581398959e+03
1.310022678236953197e+03
3.124136013673430625e+02
3.010710582259413968e+03
7.933361671074526384e+03
9.675187222640730397e+03
4.675171208306346671e+03
5.038068171727404660e+02
2.630960192069262575e+02
2.054553241292810526e+02
2.656226806910570986e+02
6.740900965659388930e+02
7.797683038724389917e+03
2.477080299900213959e+03
7.170880805520454260e+02
3.692545594722902933e+03
3.513519645963651328e+03
3.317985914558096283e+03
3.159456942665212864e+02
1.845915638487132128e+03
3.729373124849621490e+02
2.341854585167262030e+03
2.459889719473783771e+03
5.617845330158868819e+03
3.090652788587620307e+03
3.625755142512522298e+02
9.994039399312796377e+02
7.393986936532818390e+02
2.807802825962562565e+02
1.585726365552879997e+02
8.940940067524979895e+01
8.805331501712953468e+01
2.871279822911373685e+03
1.535565897333765406e+02
3.552017388585775734e+03
5.036734025439136531e+03
5.381006191758732712e+03
4.482402460516175324e+02
2.661185142195010940e+03
1.028300289160632701e+02
1.691601056813415198e+02
1.243795193403533403e+03
3.552109593315049096e+02
2.056170981405580278e+02
4.582838995235691982e+03
2.476682175132173143e+02
2.860150588870367301e+02
3.241586262889396494e+03
3.111424831377732062e+03
2.307273270044208857e+02
3.450706244595609405e+03
8.937845244290247138e+01
2.373866631503173039e+02
3.754618322046871981e+02
2.852163027302564160e+02
2.199416871028474816e+02
3.229212350678574239e+02
2.422019468559809866e+03
1.471777051764257749e+02
1.084453481035732239e+02
2.595268226522664463e+02
3.266869114987134708e+02
1.944379124977221863e+03
1.142463847348615218e+02
2.252925530898344277e+02
3.403564777018976201e+03
1.195752973707199544e+03
4.088196130397532215e+02
3.230350196396667343e+03
7.993846076624653506e+03
1.011424964438893039e+04
4.941062102880378006e+03
4.332634815327376145e+02
1.458461503654866647e+02
1.090270859624934019e+02
1.140384185859072659e+02
4.985959186136045673e+02
7.869170526076250098e+03
2.521541688412761687e+03
5.864746351968977933e+02
3.951055098174371778e+03
3.620128491754130664e+03
3.389307643102646125e+03
3.437549260302223502e+02
2.073490823837642893e+03
4.214063258202306770e+02
2.684102745853696433e+03
2.615879982426153219e+03
6.051234807365381130e+03
3.324458322149517699e+03
2.478832363207561684e+02
8.777174648469710974e+02
7.209719052522062839e+02
2.618469684188276005e+02
2.065937785686714960e+02
2.295045112944810626e+02
2.640239770349481205e+03
3.054708271264837549e+02
3.235753721186777511e+03
4.942961841795458895e+03
4.593525725181956659e+03
4.300860491099817864e+02
2.404519378620026146e+03
4.113996481881342788e+02
3.168090745394388250e+02
1.111104264611473127e+03
4.564126324754054167e+02
2.994796849948297677e+02
4.387534510164588937e+03
3.200009298860945819e+02
4.429277418683611813e+02
3.018587322074999520e+03
2.946197122441600641e+03
2.854598358736345745e+02
3.013256469049550105e+03
3.303780896350824605e+02
4.415404996844262087e+02
3.753960288019488871e+02
3.852863915763161913e+02
2.968036319893287782e+02
5.312658824151335466e+02
2.059775460151653078e+03
3.107321694377933454e+02
3.450603438986277069e+02
4.878566617847432099e+02
2.071813363440899138e+02
2.000632015704895139e+03
3.373662798159191425e+02
3.551864257152583377e+02
3.022341574269734338e+03
1.329377870142445545e+03
5.047190005884162929e+02
3.035075622376473802e+03
7.187633568586834372e+03
9.736307524066756741e+03
4.712172337581203465e+03
2.931639018447885974e+02
1.351478367256670481e+02
2.274528104356224958e+02
4.387619732434224034e+02
7.515780610188263609e+02
6.804520783103378562e+03
2.410344249821215726e+03
7.841697226665404514e+02
3.616525053578909592e+03
3.584359781541526900e+03
3.062414689952498065e+03
6.506758855496777869e+02
1.428821735784358452e+03
3.364380070684098882e+02
2.404188045438962945e+03
2.376216849830944739e+03
5.704810196419054591e+03
3.077758441537605449e+03
4.608362521206981910e+02
9.679999463475871835e+02
7.498582291992639739e+02
1.202903774336125480e+02
1.355431674243458247e+02
3.080196414043831282e+03
1.776699102498500906e+02
3.812022296146445569e+03
5.292143073976603773e+03
5.844336537949147896e+03
2.499020981751048112e+02
2.975560426352659306e+03
2.885813894650436850e+02
1.700882641411598115e+02
1.188565524762494306e+03
3.068366909177102571e+02
1.693167609044171513e+02
5.015889405956939299e+03
2.810079061720243772e+02
4.215399739453441725e+02
3.576745555212454292e+03
3.634593219431670150e+03
2.405620164496833695e+02
3.376272172019609570e+03
1.540831841277215517e+02
2.704984284648077164e+02
2.253482543027553220e+02
2.707831003614618339e+02
1.166480668556895353e+02
5.880816800106464370e+02
2.565076387562463879e+03
1.133158913607770728e+02
1.720863755216277013e+02
5.471512186411084713e+02
1.779550860439062490e+02
1.617865754552173030e+03
2.185955260634417527e+02
3.228328126753287961e+02
3.761101897080708113e+03
1.105278749589851714e+03
4.910355461967042174e+02
3.518234260449898557e+03
8.810386189829829164e+03
1.068169647352123684e+04
5.411910465245485284e+03
4.864617190533192570e+02
1.769531620551090327e+02
2.299289882811781354e+02
2.312225807737618197e+02
6.939027484419677876e+02
8.403465845518907372e+03
2.932327754647960319e+03
6.625260071946785274e+02
4.244575799571754942e+03
4.132151505696118875e+03
3.824742151334468417e+03
5.535035538423188655e+02
1.709166476822207187e+03
2.735926660615109540e+02
2.961443105016647678e+03
3.003299650261268653e+03
6.268239623074370684e+03
3.605144721075491361e+03
3.724368555528754996e+02
1.065445222021122390e+03
4.323878839225953925e+02
6.291650325716670977e+01
2.468161990064491874e+03
9.886075007891565747e+01
3.153426381334316829e+03
4.718762891331996798e+03
4.816926468268276949e+03
3.414392399191299319e+02
2.350856192160992123e+03
9.930903528414285120e+01
8.890836431368211379e+01
9.822135904048825523e+02
2.508783341688097153e+02
1.933105781467907036e+02
4.402063136843329630e+03
2.305180356308082992e+02
2.175646867823243156e+02
2.867615474505365000e+03
2.839688790089023314e+03
2.072639247946128762e+02
2.953832185009517616e+03
8.405891509954960839e+01
2.021086671209827728e+02
2.622092667805509336e+02
2.386367215479568813e+02
1.534666548429104296e+02
2.854211594922483073e+02
2.029960133001317899e+03
1.223951399935535846e+02
7.342791234811761569e+01
3.571308951752030225e+02
2.611645916536797358e+02
1.814095386971072003e+03
8.004179746532770423e+01
1.710116999697008850e+02
3.107348578702000850e+03
1.055125344989593259e+03
4.458506202429769019e+02
2.978735436401083462e+03
7.558802862390092741e+03
1.006690241606465133e+04
4.803858585843487162e+03
3.789565429913682237e+02
1.387514047387542178e+02
1.520502010768088894e+02
1.378062287781373243e+02
5.362581101855301995e+02
7.383653178861217384e+03
2.116062607468399165e+03
5.261294856148499548e+02
3.451494336618596208e+03
3.408027328618475622e+03
2.984267713713353260e+03
4.550892970913474755e+02
1.539714253785073197e+03
2.914011958118438770e+02
2.305242713581783391e+03
2.316518416390198126e+03
5.592391229616721830e+03
2.975360852023394273e+03
2.262811555555510949e+02
1.075184287706536907e+03
5.856788126674988462e+02
2.618709814904912491e+03
1.326787076520704431e+02
3.254964811765572449e+03
4.731506636756379521e+03
5.162223325586519422e+03
4.585636203729245608e+02
2.427957505068561204e+03
1.538941502907028962e+02
1.189177410869324376e+02
1.131843077197749153e+03
3.637259089832620020e+02
1.938469109182753982e+02
4.429526045034363051e+03
1.915576306843142902e+02
3.152427288545504780e+02
3.143798582629945940e+03
2.918270837565616148e+03
2.427806105314236902e+02
3.182375407649521549e+03
1.200153288557337419e+02
1.945209379586341356e+02
4.145023901470815417e+02
2.656206695297377109e+02
2.217174399106562532e+02
3.440391586638836543e+02
2.064673344793317483e+03
1.194562453915518745e+02
1.000974080556433137e+02
2.894398566196987304e+02
3.196211301810609484e+02
1.921437498835982296e+03
1.245297000412474517e+02
2.274602035131081266e+02
3.230041591451460590e+03
1.125326856383254153e+03
4.472621115714887310e+02
3.019232848940640906e+03
7.837874655130997780e+03
9.711178525134766460e+03
4.633893063447203531e+03
3.580782055400798072e+02
1.026032067561161512e+02
1.035948772891363205e+02
1.365370744548647508e+02
5.855835937278347956e+02
7.735020218833223225e+03
2.266788734557831503e+03
5.918639238225676991e+02
3.683001424797830623e+03
3.440671901802704724e+03
3.141426517362163395e+03
3.795272034243992039e+02
1.967059677805791807e+03
4.136291530182490987e+02
2.371836103751304108e+03
2.348710371297419897e+03
5.840210041021649886e+03
3.037473850158251935e+03
2.665338750745587504e+02
7.857106389192211964e+02
7.214456458277938964e+02
2.556144952043316152e+03
5.368533104009943600e+02
1.694145409120299064e+03
1.555310960269199086e+03
2.982935820405310551e+03
1.116633190126667159e+03
2.577707134661218333e+03
2.581908104662832557e+03
2.860546741514903260e+03
3.065373961995558602e+03
3.238048892767897087e+03
1.514851977305595938e+03
3.547724129908132454e+03
2.934932083817577222e+03
2.081645804966776268e+03
1.265234711024309490e+03
3.306041248296987760e+03
5.151908948622403841e+02
2.967867735812238607e+03
2.633096880339260679e+03
3.470179815816438349e+03
2.867827181739216940e+03
2.602859165202492477e+03
2.775633419988315836e+03
1.184081958608765035e+03
2.821651215900647003e+03
2.595629804062779840e+03
2.981051270528014811e+03
2.833396628688181863e+03
7.190823114160359182e+03
2.683353935873401497e+03
3.169599689589978880e+03
1.470290643662652656e+03
4.733471798106512324e+03
3.566429871683539659e+03
1.235945747931553342e+03
2.659336941852277050e+03
2.584738552404078291e+03
1.998950157228352282e+03
2.913842484349343522e+03
2.799998343827163808e+03
2.819147739122256098e+03
2.838084143277173098e+03
2.601276155899599871e+03
2.454904084974004945e+03
1.488470892099037201e+03
3.607542087494805855e+03
1.232654201664588072e+03
1.289633331021135291e+03
1.316718831831910620e+03
2.528584341652428066e+03
2.778958314711444018e+03
3.255813357864970385e+03
1.102378806309023503e+03
1.190271605910410017e+03
3.665851829510354037e+03
1.696212656487678260e+03
3.121625822530832465e+03
4.211733400842262199e+03
3.863825317159188671e+03
3.369080982595643945e+03
4.713954212553938305e+03
5.018968696010914755e+03
3.488480731005752205e+02
2.623692277537628343e+03
1.394455751186673069e+02
5.893740162184235487e+01
9.656137170584829619e+02
2.515709433535459993e+02
3.409990405541457221e+02
4.356811834989916861e+03
2.493490955585743905e+02
2.364805390572089436e+02
3.254400750452085958e+03
3.100463322128492564e+03
2.249394477447008285e+02
3.226530456439874797e+03
1.499068919972667118e+02
2.781114743021389586e+02
2.895787722749557815e+02
3.715151988187631105e+02
1.671377905357447844e+02
2.953353790367254987e+02
2.348963171811871689e+03
1.719272916502249018e+02
1.281131109518280482e+02
4.658555896158677569e+02
2.767006622658157085e+02
1.862462733835546260e+03
8.875592340560865523e+01
1.611407499061415365e+02
3.233931083760834554e+03
1.047574483545661678e+03
3.325852431497046382e+02
3.060318820165975012e+03
7.746938391470460374e+03
9.600430971225163375e+03
4.769080459194431569e+03
4.672576333344127306e+02
2.862577960553652474e+02
2.433104278056709973e+02
2.529392212116823657e+02
5.854999063460784328e+02
7.683664218458088726e+03
2.516685184411043792e+03
5.214139502134579516e+02
3.651658997057062152e+03
3.492048301361239282e+03
3.264441648574833380e+03
2.893904302718199233e+02
1.855948559970018550e+03
3.115848948055470373e+02
2.401689014136299193e+03
2.571519355024932793e+03
5.729195836273134773e+03
3.165958785616378009e+03
2.775677616039927216e+02
1.017281608602953725e+03
5.412885140805714173e+02
1.954508213820220362e+03
2.115572223244685119e+03
3.914163580009319958e+03
1.708728506079080262e+03
3.303330551926062071e+03
3.379148326087438363e+03
3.661621028888158435e+03
4.018214196935219661e+03
3.926095482924145472e+03
2.155456507085685189e+03
4.287971496109986219e+03
3.748426467329647949e+03
1.870972602522133457e+03
1.852781983228644549e+03
4.016717323292791662e+03
7.158287274937133589e+02
3.579888538724355385e+03
3.267948361907366689e+03
4.227960463703517235e+03
3.524418551893032145e+03
3.483583624749024239e+03
3.384429013662826037e+03
1.631291899197314706e+03
3.522158594382353385e+03
3.361615353270870401e+03
3.472436947852259436e+03
3.630064890987577655e+03
8.997715810878060438e+03
3.423700586676236981e+03
3.959967518518728866e+03
1.938324306493758058e+03
6.429154868664396417e+03
4.353152802752854768e+03
2.062319475412394240e+03
2.930077742107853283e+03
3.203444558001124278e+03
2.468400882710691803e+03
3.496402482957252232e+03
3.331942631077256465e+03
3.440711974174968873e+03
3.453815755039403484e+03
3.384342099454727304e+03
2.794770754785521149e+03
1.619312558016418279e+03
4.397991876530767513e+03
1.881185161168312106e+03
1.595660005469113230e+03
1.875335690263277002e+03
3.328084920414847147e+03
3.570525475839463979e+03
4.007381950045685699e+03
1.789285289222683787e+03
1.851226778081957264e+03
3.861079638912681730e+03
2.022035397575981960e+03
3.821315344107703822e+03
5.085795643344914424e+03
4.724727000017172031e+03
3.282189422304270010e+03
5.307397558687106539e+03
2.762721198454007208e+03
4.674801050603438853e+03
4.764877786872985780e+03
5.088235989961256564e+03
5.490934103421222972e+03
5.400968090104128351e+03
3.186699604014239412e+03
5.636211409002868095e+03
5.244422427022943339e+03
3.712314880143811934e+03
3.031289762023179719e+03
5.657843081441704271e+03
1.863585028591400715e+03
4.960161200248536261e+03
4.630208512156123106e+03
5.878199484026531536e+03
4.956364125305413836e+03
4.930232360883997899e+03
5.025951985853044789e+03
2.691958979212411577e+03
4.913172898878702654e+03
4.748616241861558592e+03
5.025343332824666504e+03
5.122945562196004175e+03
1.137266874814569928e+04
4.821481046991675612e+03
5.366612184784040437e+03
3.353404179815453972e+03
6.970426410727051916e+03
6.167214579162280643e+03
2.942824292342148510e+03
4.339143699241194554e+03
3.923468249882786495e+03
3.565684843269186331e+03
5.227054354152982341e+03
4.815451560506302485e+03
4.776749507212916797e+03
4.798776957276227222e+03
4.826343751533455361e+03
3.967893672252728265e+03
3.236663059808528942e+03
5.738516653463600960e+03
2.424902626633653199e+03
3.084068962888811257e+03
2.845550704600858808e+03
4.822251785287500752e+03
4.946789586757067809e+03
5.417785610096303571e+03
2.980088592212254298e+03
2.929664883041808480e+03
4.047127649417458997e+03
3.420105930226294731e+03
5.235799840369126287e+03
6.620158416911273889e+03
6.082288543189330085e+03
5.551153169264451208e+03
3.736297343265905511e+02
5.283702133878925451e+03
5.110554162621450814e+03
2.155126746564868427e+03
4.791526425258140080e+03
6.001338081359430362e+03
3.993285145062982338e+02
4.966694170094753645e+03
4.710247659711803863e+03
2.499830781412133547e+03
5.103680993911357291e+02
5.105112966751567001e+03
2.157512837327151829e+03
5.677030931045086618e+03
5.017876929974100676e+03
5.840608259528111375e+03
5.356232634075795431e+03
5.320126183003190818e+03
4.812224591699060511e+03
9.409895869075405699e+02
5.001052723601397702e+03
5.314251232300665833e+03
5.461534226330624733e+03
5.521512643159693653e+03
7.310028444097801184e+03
5.019432511641431120e+03
4.816157823806652232e+03
4.550782592117502645e+02
5.579460762734213858e+03
6.196215118984431683e+03
3.498282665454335074e+02
7.833101486385867247e+02
1.148482108017214159e+03
5.798463775823638571e+02
3.076895347953498458e+03
5.005790867268161492e+03
5.184842121652320202e+03
5.562431613495204147e+03
5.205483817512284077e+03
5.866426771033925434e+02
1.508157221097123283e+03
5.686947017863292785e+03
8.643322559192852168e+02
1.055912172457639372e+03
2.532326237645361289e+02
5.124226135614485429e+03
2.500438878118851790e+03
5.249586823205649125e+03
3.996613120691686163e+02
3.933592821587594699e+02
4.586961049085306513e+03
8.525000358603469977e+02
4.973527853798897013e+03
6.573379972081654159e+03
5.871854402752351234e+03
3.064052246453992666e+03
5.483204847240593836e+02
2.689593220059471150e+02
1.478823683803709628e+03
2.916744529091499771e+02
3.699195546006221775e+02
4.816848352488063028e+03
6.457690909104368302e+02
4.961828294725264641e+02
3.684412746505838186e+03
3.739010160530642679e+03
4.452129533817389984e+02
3.297340761224350899e+03
5.404718110048125936e+02
6.587098403016325392e+02
3.291006883763941460e+02
3.880608899292346905e+02
9.878097704428319048e+01
6.675166621548387411e+02
2.707180230082738490e+03
3.606471412224632331e+02
3.137652166305344963e+02
7.220558969755816179e+02
2.568386836228785342e+02
1.922220659008968596e+03
4.294752917552842746e+02
5.024536676155275927e+02
3.432495278070643963e+03
1.419668965854166345e+03
4.351912786441810113e+02
3.371793611833526029e+03
8.401197558964464406e+03
9.994594810949442035e+03
5.176937019096945733e+03
7.746972089941875765e+02
5.001203243895083688e+02
4.927286462133574787e+02
5.495272322686449797e+02
8.154224404904938410e+02
7.985335834445648288e+03
3.007898870974615875e+03
9.359696193466728573e+02
4.079759718871362566e+03
4.177446711238365424e+03
3.961880800745068882e+03
8.814887186643064751e+02
1.536495672173323555e+03
3.309819638328483506e+02
2.802951837912935389e+03
3.011853369834252589e+03
5.824027407942470745e+03
3.665865691426831290e+03
6.272553752526318931e+02
1.077372989552905437e+03
7.968770693602792790e+02
2.604229208245543305e+03
2.572404776049284010e+03
1.649751474118071656e+03
2.695658415636889913e+03
3.008821755388856218e+03
3.185673622347371747e+02
2.979784754409211928e+03
2.655537637542334778e+03
2.084983305694133833e+03
3.118288718605595022e+02
2.826259931092099123e+03
1.583152688862978721e+03
2.872628159457248330e+03
2.513483343647017136e+03
3.589074080595737541e+03
2.752326629477972347e+03
2.596361669052603247e+03
2.783092690727961781e+03
4.821141143772965734e+02
2.646652697995450580e+03
2.532242965301230470e+03
2.887745441329226196e+03
2.820682876269440385e+03
6.439430579594163646e+03
2.691885429954772917e+03
2.823729209461314895e+03
5.070920225905720145e+02
3.875465766299688767e+03
3.581360550835287995e+03
2.173736759851035458e+02
1.119032580233340013e+03
1.388668875387301341e+03
6.192040361143185692e+02
2.011001224115864261e+03
2.565680743571846506e+03
2.620652394741648095e+03
2.788650900056651153e+03
2.755330347452932529e+03
9.445803627998921002e+02
1.099145531068609898e+03
3.464973009831621766e+03
7.441161456960567193e+02
1.013202238605540742e+03
1.578555561304638104e+02
2.701374898130820839e+03
1.757518881621859691e+03
3.133179283924732772e+03
3.255642743634030012e+02
1.832876217721109242e+02
4.218803191946623883e+03
9.445012551639033518e+02
2.762064818835394362e+03
4.048713610238367437e+03
3.664827416699350124e+03
1.333109897308642076e+02
1.213094615454252562e+03
4.009906774762469013e+02
3.029381169427633722e+02
4.553006434105418521e+03
3.406348336826016521e+02
2.458762805848386961e+02
2.931808034407784362e+03
2.941589703715721953e+03
3.443899907727375194e+02
3.328071849006634693e+03
1.019175745565692068e+02
2.792816085525313383e+02
3.871834443758350517e+02
3.087638238989388810e+02
3.050444769742882727e+02
2.588213941699145835e+02
2.375045557012317204e+03
1.880654145640680781e+02
1.148952602825892200e+02
3.451562417208226634e+02
4.820830765310021206e+02
1.939899822620866871e+03
6.782510818335788372e+01
1.743719359829160567e+02
3.395641948331492586e+03
1.026245645146046172e+03
5.123222910288077401e+02
3.188729897099995469e+03
7.977764092449453528e+03
1.011514278580386599e+04
5.033936297583389205e+03
5.719701095808142099e+02
2.974479448958784360e+02
2.278586849886423806e+02
1.235142958070318855e+02
4.041789502696126419e+02
7.930064559052129880e+03
2.187109978657892952e+03
4.070164723013610910e+02
3.688480106124411577e+03
3.352965895489554896e+03
3.307342291008372740e+03
3.532203431246250602e+02
2.169585771638982806e+03
4.356666869822930721e+02
2.546174769076515531e+03
2.554700633149895111e+03
5.778198034459212067e+03
3.122405102046120192e+03
1.516628495623942854e+02
8.656642467909591687e+02
7.021179426925436928e+02
1.064759983012267412e+03
2.901358605903296848e+02
2.409004179329272120e+02
4.394031186775806418e+03
2.848223649363446839e+02
2.173046658189623486e+02
3.211918299373361151e+03
3.014734226458679586e+03
2.697040973798195864e+02
3.186412009215232047e+03
1.584628017294070332e+02
2.472279546358405469e+02
2.743216143093764003e+02
2.287705613744155926e+02
1.541763313781482339e+02
2.346953382379188042e+02
2.302931613861042933e+03
1.501465204903176982e+02
7.560037656333861378e+01
3.779164515392267276e+02
3.255233231632510069e+02
1.793400558335780033e+03
6.394855252825868774e+01
1.536381843426790965e+02
3.152226700061657539e+03
9.700360337015526966e+02
3.454617287096220934e+02
3.017377154711774438e+03
7.759170337271574681e+03
9.596841458587781744e+03
4.696988790297473315e+03
4.757391014051345337e+02
2.686255102387258376e+02
2.005140819994842332e+02
1.730697948576969338e+02
4.869110914927248359e+02
7.715696404790855922e+03
2.328465020565792656e+03
4.504725307500096960e+02
3.531434111103554642e+03
3.492877595077359729e+03
3.291233512156798497e+03
3.416773288921137919e+02
1.789936916352122353e+03
2.802875691301494498e+02
2.416580188786477720e+03
2.501494031018325586e+03
5.652128689339236189e+03
3.124703274319158481e+03
2.179410262566068468e+02
6.806239190849228180e+02
6.276440194802859196e+02
9.127730637955063457e+02
1.428748645610824724e+03
2.427035843942033807e+03
8.409683609292123947e+02
9.527822884945389887e+02
3.304570579562956482e+03
2.107007186385837485e+03
9.546630668298233786e+02
3.318851749717025996e+03
1.135031966872383464e+03
1.247974254268987579e+03
1.148157902428075886e+03
1.248287762389616091e+03
1.285753604645674841e+03
1.119582548334057719e+03
2.132870980976414103e+03
9.627951305222886731e+02
1.220322089285169113e+03
1.487206051770526528e+03
1.415936543549884846e+03
1.755967114712393595e+03
9.654915940966009202e+02
8.594827896347659362e+02
2.358729271278746637e+03
1.412095905370285209e+03
1.448549056852433750e+03
2.209350209552978868e+03
3.697912095673123076e+03
4.034358949000246866e+03
2.899300802531176032e+03
4.815570630684208027e+02
1.060306738768664900e+03
1.289206478715184403e+03
1.340447970345827116e+03
1.471612173358565769e+03
3.380752860196384518e+03
2.172094954728955145e+03
1.193984677051655353e+03
2.491326143734457219e+03
2.221409142760501709e+03
1.833349523882131280e+03
1.361801213784664924e+03
1.009268668670484999e+03
1.042694545176440897e+03
1.938337441374331320e+03
1.714155212007247883e+03
6.283558898950265757e+03
2.611140967251491475e+03
9.877718312862759831e+02
2.104937009611599478e+03
1.136088128645797497e+03
4.506959303149292282e+02
4.738715845147009532e+03
3.474666284303191333e+02
1.986136299051318019e+02
3.744757662384700780e+03
3.232086186680609899e+03
1.814361314619081895e+02
3.535568932408921683e+03
4.040709769992006386e+02
6.197017361800988056e+02
3.730898198140780551e+02
4.684255335943460068e+02
2.459859728364483544e+02
4.751181883422657393e+02
2.673321768602073917e+03
3.312447452460902468e+02
2.920117195607861049e+02
6.511763873617621812e+02
3.777597777573794247e+02
1.796792063398374921e+03
3.227451957353241596e+02
2.554952400701347415e+02
3.296874008718474670e+03
9.569956687857122688e+02
3.894248909590019139e+02
3.262679613868785509e+03
7.520998185875330819e+03
9.850836335017304009e+03
5.073783540101278959e+03
5.317857410564415659e+02
4.655752349972271986e+02
4.374922208873663294e+02
5.295448950224214286e+02
7.455630853776106051e+02
7.070884426625256310e+03
2.962262932576441017e+03
7.148987804804294228e+02
4.047030957690691139e+03
4.112203407045677523e+03
3.362322842345060963e+03
7.365346794626336759e+02
1.286677542330519373e+03
3.667143358187040576e+02
2.623487331041318157e+03
2.672320827281905622e+03
6.041681707420257226e+03
3.448672854960771929e+03
4.316851334012142161e+02
1.112536494173876690e+03
7.292317109504688233e+02
5.038915045212402219e+03
3.437702105319315251e+02
4.053064031141375381e+02
3.675580469168945910e+03
3.507334459352086924e+03
3.408330970421645816e+02
3.617602661668583551e+03
2.480146809493961655e+02
3.154466023945299185e+02
3.523426718371740662e+02
1.565340509731372549e+02
2.564913369868565951e+02
4.232593763986697013e+02
2.643403101940914894e+03
1.922041403586405295e+02
1.733960647612955199e+02
3.328155027654281639e+02
2.949561206858920741e+02
1.796457669365880520e+03
2.701434938135341781e+02
3.255499413032630400e+02
3.755833043557239762e+03
1.104973297731189177e+03
5.412900771667364097e+02
3.583686358420844044e+03
8.574990418355633665e+03
1.054035345261380280e+04
5.258362894163672536e+03
5.516663536417772775e+02
2.397190031906011427e+02
2.357782022980932197e+02
1.898394276599622117e+02
5.809931382822262549e+02
8.561681078856252498e+03
2.876546944495872594e+03
6.298409999922735096e+02
4.295797778678185750e+03
4.217951630919977106e+03
3.829258125597822072e+03
6.980044655227210342e+02
1.902505121356178506e+03
3.445700372223200247e+02
3.084524428429205727e+03
2.968207482860895652e+03
6.364002437447064040e+03
3.692981506445888499e+03
3.054038231316496876e+02
6.656277997073409551e+02
7.985865758732443282e+02
5.029082159318520098e+03
4.751544944950908757e+03
2.452960834292031905e+03
6.637901909023171356e+02
5.079864601790746747e+03
1.847948887507024438e+03
4.861050806128218937e+03
4.552741987467736180e+03
5.492439766430255986e+03
4.690521532946637308e+03
4.486502752704368504e+03
4.631308912973201586e+03
9.064802389229662367e+02
4.747833901385432910e+03
4.478448023448585445e+03
4.853620967209420996e+03
4.654815800739254883e+03
8.055878170766140101e+03
4.615223739499894691e+03
4.881731707381679371e+03
6.340051135717367288e+02
5.666173362301189627e+03
5.483793084019047456e+03
3.548556691887797570e+02
8.546885847233606910e+02
1.110306066790293698e+03
6.248514568188043086e+02
3.520763479073224516e+03
4.568953454262869855e+03
4.391972450917701281e+03
4.800202559096329423e+03
4.811550458607490327e+03
8.009608023379960287e+02
1.363115121855061716e+03
6.031170311611076613e+03
1.018535394706820398e+03
1.179773694734794844e+03
4.157325366622389993e+02
4.593373968841393435e+03
2.001571750344793600e+03
5.118017272843058890e+03
5.592918301431345753e+02
5.427395610000367014e+02
4.691592010815485992e+03
1.214012570989894812e+03
4.996777220677972764e+03
6.100430096400948969e+03
6.246186452960841052e+03
3.175918721221923988e+02
3.928660211429976698e+03
3.303303013509962511e+03
1.532977440479610323e+02
4.034547416195055575e+03
2.325915075198380464e+02
3.319639148434969229e+02
3.800349419744256920e+02
3.703640829567077617e+02
4.462429326606891209e+02
3.574412629766291047e+02
3.002489824024929021e+03
2.525072600608169751e+02
2.982580200746749597e+02
4.472989213288808514e+02
5.040476130132778962e+02
1.595382802311667092e+03
2.316217999790910653e+02
1.495624701280280533e+02
3.727427064275389966e+03
8.274954121505733156e+02
4.714614298357907956e+02
3.667627678583895431e+03
7.509521670593038834e+03
9.746489882438751010e+03
5.284685440807706982e+03
3.310973583534300815e+02
2.244397096952861830e+02
2.661314589106061703e+02
3.635167915295888861e+02
6.523859537170307021e+02
7.112743026980867398e+03
3.134672775479910797e+03
5.202615647682998770e+02
4.208405041915150832e+03
4.120928931113438921e+03
3.466936248667962900e+03
5.227047234930257673e+02
1.688874527778536276e+03
3.828868385322416543e+02
3.174000105465396700e+03
2.863036072777310437e+03
6.751660263843048597e+03
3.714674039581824218e+03
3.045726484645451819e+02
8.595645998830125336e+02
5.737014810206576385e+02
3.350081604950848487e+03
2.968794459721002568e+03
1.965664294488033192e+02
3.665037101260625604e+03
2.973145177759402031e+02
4.382859162683498653e+02
3.782644435952197455e+02
4.049510820335501649e+02
4.202774182943601318e+02
1.626923331779814816e+02
2.688970128969753659e+03
3.760884875742231088e+02
2.432869229594682565e+02
4.414215737505871857e+02
5.574448536055128898e+02
1.792205024600471461e+03
2.030692473608939963e+02
1.265042836852740038e+02
3.239174889191922375e+03
8.266362312484072845e+02
3.526707901378806582e+02
3.331727892136134415e+03
7.277800187607714179e+03
9.897189961301608491e+03
5.001795263941334269e+03
4.493343927269220330e+02
4.165132421938671996e+02
2.875672593701226560e+02
3.346929163923791748e+02
5.091529544454344887e+02
6.987275448186286667e+03
2.625528068812070160e+03
4.248485562688736081e+02
3.741360304241824906e+03
3.853186989026533865e+03
3.236049776930185544e+03
5.082824604178608752e+02
1.618324839095884045e+03
4.213948574113867380e+02
2.680727786062828727e+03
2.575916728878999493e+03
5.900541435084518525e+03
3.346462390430464893e+03
2.387269305089109821e+02
8.557609205153391940e+02
8.045365670778808180e+02
2.246783013120302712e+03
3.739078321272012090e+03
1.999748950537956944e+03
3.244960188689484312e+03
2.968887790247425073e+03
3.910871209287298825e+03
3.167942380125607087e+03
3.292556362984934367e+03
3.171278624763300741e+03
2.290166580498012991e+03
3.262622410066404882e+03
3.187872654175650496e+03
3.456297878312862849e+03
3.595962324958146382e+03
9.628737872008014165e+03
3.107368016064063795e+03
3.564290923045615273e+03
2.339028555643676100e+03
5.855372902023178540e+03
4.049941518371609163e+03
2.657525053564497284e+03
2.928211798323456605e+03
4.163467589938676610e+03
2.986962337428364208e+03
3.281518425597206260e+03
3.062200250189504459e+03
3.229809126602152901e+03
3.255884373553144542e+03
2.985134720303411541e+03
3.004389123862044471e+03
1.041586745879357750e+03
4.040804232867367318e+03
2.465319921635100854e+03
1.297333735861852347e+03
2.192516373374118757e+03
3.667523308866424031e+03
3.009268271495076533e+03
3.807713409360341302e+03
2.327409684797524278e+03
2.401640131573957660e+03
5.571152258984066975e+03
2.089965942265960621e+03
3.375215917508970506e+03
4.599447180649814982e+03
4.292569360354507808e+03
3.285607069720058462e+03
1.961307713179326129e+03
3.339347444659744724e+03
3.024357177739133476e+03
4.119845970275935542e+03
3.139655881978987054e+03
3.194918433304771497e+03
3.091140434839788213e+03
6.727065088836718587e+02
3.116139444733911205e+03
2.992211772720863337e+03
3.249022471991892871e+03
3.502081966298225780e+03
6.734238656646764866e+03
3.073700523511255142e+03
3.040560569955562642e+03
5.813899196953952924e+02
3.954521371242552959e+03
3.986366613745196901e+03
4.613485970480871856e+02
1.042175267148438252e+03
1.646605560978412086e+03
8.723189351371438534e+02
2.489501195945922063e+03
3.075851736298845935e+03
3.040373474358490512e+03
3.270903270209594666e+03
3.000753287024334895e+03
1.040440349902508387e+03
1.448497890646478027e+03
3.675403427973215003e+03
8.331679108773025746e+02
1.323948855615652974e+03
2.884666501963179144e+02
2.980379231659232573e+03
2.341173196469518189e+03
3.642499938704631859e+03
5.849892102450257880e+02
3.014923974135058415e+02
4.324844099972147887e+03
9.947041010661373548e+02
2.972730884656559283e+03
4.165584266298326838e+03
4.235461237113591778e+03
3.759844429734896949e+03
2.498206977220154386e+02
4.266617406971689661e+02
3.092519224630898407e+02
3.698468591133446353e+02
3.367374404226482056e+02
3.699422965023347842e+02
2.723769230039251397e+03
2.560692633902135640e+02
2.658899522428796445e+02
4.313554806073259442e+02
3.467519653627825846e+02
1.732389081336390518e+03
2.506503546853737134e+02
1.474954958483315295e+02
3.496222024534531556e+03
9.468995256146741895e+02
3.309599512331990354e+02
3.512961077206648042e+03
7.925085114369615440e+03
1.033781632329477361e+04
5.207794859509951493e+03
2.943281467557387714e+02
2.410805460856629452e+02
2.193458204223743451e+02
3.926264962455088607e+02
6.163012878472236480e+02
7.397975485716794537e+03
3.049638970902892197e+03
5.258851255065601435e+02
4.212643085539923959e+03
4.200535650191406603e+03
3.482996789095259373e+03
5.299033561982475931e+02
1.509550746905144024e+03
3.082037190632231614e+02
2.889513112743550664e+03
2.783328166451827201e+03
6.057062113209369272e+03
3.546878889929007983e+03
2.737711184512365890e+02
1.098923579072176835e+03
5.741159709801507915e+02
3.465774972138556222e+03
3.092592253005519524e+03
3.789414159240678600e+03
3.171672113932942466e+03
2.975257787584801008e+03
3.543532933675604909e+03
1.405525819656676731e+03
3.176000142057459470e+03
3.117621473864571271e+03
3.764743270223479612e+03
3.166601232210328817e+03
7.910137902524711535e+03
3.351974450581008568e+03
3.779020186783758618e+03
2.027324625580299653e+03
5.722788298136084450e+03
4.294160431757719380e+03
1.682258041188618336e+03
3.086293198001553719e+03
3.039501745808331634e+03
2.499691966471556952e+03
3.389937571776328241e+03
3.158619351606239434e+03
3.423154119789242941e+03
3.507515178517278400e+03
3.039899346108826649e+03
2.874215954115648856e+03
1.681989911502120776e+03
4.393743165940496510e+03
1.801581022792525118e+03
1.623308428088533219e+03
1.825668657409242769e+03
3.439212210682541809e+03
2.656798401162336177e+03
3.587240274967816276e+03
1.806102015706931979e+03
1.795624564258260762e+03
3.785682769972453571e+03
2.014482377872323468e+03
3.696422440607982026e+03
5.097926666886198291e+03
4.130385957827870698e+03
1.744217097951519690e+02
2.847705043306161770e+02
2.672991935348832158e+02
3.061533482602178537e+02
3.258013334126876543e+02
2.537576534942373655e+03
1.296341145535309352e+02
1.471464207643049349e+02
3.548610996865850211e+02
3.939178429855513741e+02
1.740606636305104985e+03
7.719454098559378963e+01
2.002015400792161017e+02
3.744037841878577638e+03
1.006252602330564969e+03
5.249426070861186417e+02
3.505746379141328362e+03
8.408851250734136556e+03
1.057008441395875343e+04
5.359915748987694315e+03
4.630357832173733641e+02
1.744686937884918052e+02
1.673859120295185221e+02
8.254287828092139989e+01
4.790098057442650088e+02
8.296479425118393920e+03
2.568057451175074220e+03
3.605614605157549022e+02
3.965937700635673536e+03
3.772070838947141965e+03
3.602925676663105151e+03
4.197889965316707048e+02
2.031668467554572544e+03
3.290004216943473239e+02
2.943252939737099950e+03
2.924761659774795589e+03
6.110861317429260453e+03
3.534919339235855659e+03
1.889071028237915471e+02
1.048744337497417973e+03
4.290629052030700450e+02
4.761203864869801237e+02
3.155418877934065449e+02
4.222764480277081702e+02
4.309711860364236600e+02
2.161931812282122792e+03
2.385493514528918695e+02
2.061323003114180210e+02
4.842311887970878388e+02
5.011851584745721766e+02
1.928915238277692652e+03
2.403562558971499357e+02
3.507325849876282291e+02
3.408185382534930795e+03
1.046086841535839085e+03
6.773302057036887618e+02
3.132547531652174257e+03
7.637506917581596099e+03
9.486947661994472583e+03
4.870085577862442733e+03
5.391052002909615339e+02
2.654030238171711744e+02
2.843898202963301856e+02
1.468919819034994134e+02
4.496454188446484750e+02
7.361365379086957546e+03
2.168194881241061012e+03
5.099181326713254521e+02
3.234307753308031806e+03
3.395225650231911459e+03
3.206905157341754602e+03
4.939936978682027302e+02
2.183451934242966217e+03
5.599745071839865886e+02
2.592093157521941066e+03
2.506211351702130742e+03
5.946621824845851734e+03
3.103868061568154189e+03
3.010707050165709688e+02
9.117312400400969636e+02
6.265703279130011651e+02
3.605580407406425820e+02
3.022203831091560460e+02
5.010972096680318373e+02
3.171850445419730477e+03
3.612301840705828226e+02
3.247154095034204602e+02
6.949606338490245889e+02
3.710726014658575878e+02
1.391594851483437651e+03
3.050837743552197026e+02
2.942893966079930124e+02
4.177323422704812401e+03
9.041971505247144023e+02
5.069531817571917145e+02
4.057313197748662787e+03
8.829925777366679540e+03
1.068947841270357458e+04
6.131401944437984639e+03
6.399003194367139713e+02
4.344560552583548088e+02
4.443709632903558031e+02
3.813803048929980832e+02
6.985457776772043417e+02
8.386389722433514180e+03
3.261862601791355246e+03
4.085461687194087972e+02
4.313846060723642040e+03
4.590531292443591155e+03
4.355172037373602507e+03
8.107372014120722952e+02
1.546709724237690807e+03
1.166205027054154471e+02
3.553816996543967434e+03
3.512158986057048878e+03
6.419852857879388466e+03
4.163262663379242440e+03
3.552531015971130728e+02
1.157157520464928893e+03
3.133240996883071148e+02
3.093445977208571094e+02
3.791633548592926672e+02
2.201493786958067631e+03
1.246411347435981725e+02
1.427562417672454558e+02
2.850600731466738580e+02
4.803184835180014716e+02
1.878948660403121721e+03
2.182343105124339218e+02
2.795289196606545374e+02
3.356149371043392421e+03
9.411730757091128226e+02
5.928426848227709343e+02
3.280056113451922101e+03
7.904158101101979810e+03
1.005315354909907910e+04
4.977301946877078080e+03
5.541584176497933640e+02
3.001448362810610888e+02
2.831817154682410091e+02
2.186596833152966610e+02
3.338998579394938133e+02
7.795049279570149338e+03
2.362309735993292634e+03
4.219089282287500282e+02
3.674422505728493888e+03
3.845737216988281034e+03
3.369057344161489709e+03
6.305912910333695436e+02
1.607098494336559725e+03
2.497676739655655638e+02
2.735610913477680242e+03
2.606783966735603371e+03
5.847971871978606941e+03
3.370798617828855640e+03
2.402931253675455991e+02
5.633942673615861167e+02
6.589689745112101491e+02
5.758958132134267771e+02
2.238932699669261183e+03
1.671624451426670248e+02
1.507546097139152153e+02
5.738851929518070847e+02
1.618280420523162775e+02
1.858253781444572269e+03
2.428424461245679140e+02
3.632598720835908352e+02
3.140900054898261715e+03
1.288129090095042784e+03
4.518220571318286147e+02
2.979690638368672808e+03
8.164800584196957971e+03
9.921136961796677497e+03
4.817409364568758974e+03
6.037234435375630710e+02
3.023574867008134106e+02
3.416220168234474386e+02
3.481606983543402976e+02
7.154743658490905318e+02
7.882743794934382095e+03
2.557071724715125583e+03
8.356492661545185001e+02
3.802129094137877019e+03
3.659175681504677414e+03
3.422866495480182948e+03
5.616225544821368203e+02
1.550334026972973106e+03
2.871878890141210832e+02
2.429366971537927839e+03
2.518209503471012795e+03
5.663991409533903607e+03
3.167469981294841091e+03
4.793301403314927711e+02
1.137497325572396676e+03
6.705973553926517070e+02
2.551666481938537345e+03
4.649716266352154435e+02
2.771773892898766007e+02
2.952731388868896829e+02
7.503702188657191527e+02
2.096988553368357316e+03
1.868787798168166319e+02
1.657629633124513475e+02
3.282704927114661587e+03
9.921222243393498275e+02
3.702715945071413444e+02
3.292422794910237826e+03
7.279422582724024323e+03
1.025102371597715137e+04
4.849319098481667424e+03
5.256273706429226422e+02
4.659288135036742915e+02
3.050102411070588460e+02
3.111220403231029650e+02
5.438064038921891097e+02
7.185905622646885604e+03
2.494413570749514292e+03
4.717334323005372880e+02
3.576378315821693832e+03
3.636763384505341037e+03
3.289048501362385650e+03
3.416975543199084768e+02
1.970623812128686495e+03
5.419600852228650183e+02
2.519660040083558215e+03
2.668660183479098123e+03
6.040117022674940017e+03
3.072041031076655599e+03
2.679752457187694290e+02
6.796886656874264645e+02
9.948405643596973960e+02
2.197440900604502986e+03
2.141243579962540480e+03
2.308793580150044818e+03
2.462276446711494373e+03
6.266747467006842271e+03
2.405023942392679601e+03
2.803726020845148014e+03
7.840922224114160599e+02
3.791143425222628139e+03
3.341195993907893808e+03
6.325084405765946940e+02
1.679026096570547907e+03
1.738695292062130875e+03
9.914755340949755009e+02
2.026255348007639213e+03
2.084440615034477560e+03
2.271379972837486093e+03
2.430015068823822276e+03
2.291262031295462748e+03
1.375458238789460211e+03
1.377332704206352446e+03
3.389851069490688133e+03
8.702426290149905981e+02
1.495375562597137559e+03
4.866569379493128054e+02
2.347785863331720066e+03
1.968197647423939088e+03
2.879167785502731476e+03
6.648974924059630212e+02
4.108839349168504214e+02
4.242664584847969309e+03
1.245181178971472946e+03
2.698961046657879251e+03
3.726945464415408878e+03
3.545303454273422176e+03
9.211626644246859996e+01
3.822720783565955571e+02
2.807627327543666524e+02
1.694877976416191814e+03
1.250304674544698855e+02
2.279855027771527602e+02
3.409877247506761705e+03
9.582597207856836121e+02
5.456471356789299989e+02
3.311070707148215206e+03
7.813448387062195252e+03
1.021850538942280764e+04
5.199525444949138546e+03
4.565742537391867018e+02
1.841389486637773416e+02
2.316185885485322160e+02
1.768214081903373653e+02
4.097556916702773151e+02
7.457251154709781076e+03
2.542795048304281863e+03
4.669065153874786347e+02
3.790568913757991140e+03
3.856414250239887679e+03
3.206100361749440708e+03
4.251929496767103274e+02
1.529000353662853740e+03
2.553533009242644312e+02
2.595608897275516483e+03
2.539298069566856157e+03
6.001993785808867869e+03
3.258315062647403920e+03
2.405787610744472431e+02
7.250543178243053717e+02
4.859914935649603649e+02
2.889737231622380023e+02
3.393211398558599967e+02
1.917987924024075710e+03
9.071939896729418251e+01
1.702012461091742352e+02
3.248127137586505796e+03
9.619185096388486045e+02
4.504664623700866741e+02
3.071667214683481234e+03
8.008507877700222707e+03
9.666596378620308315e+03
4.839172791677276109e+03
4.803185639462012659e+02
2.310078477999338702e+02
1.745944871436472567e+02
1.139790374301013571e+02
3.854817707601517895e+02
8.014532266868383886e+03
2.271754299229370190e+03
4.867540768989003936e+02
3.588973760862774725e+03
3.579094919023968032e+03
3.314883246865163528e+03
3.572467023488566156e+02
1.835042746728205657e+03
3.193096147749403144e+02
2.461350469927888753e+03
2.410364963330477167e+03
5.700342269273214697e+03
3.117790142473856577e+03
2.227419164847008233e+02
6.691685277673263954e+02
7.361099992885619940e+02
7.227873619492079342e+02
2.646556143485988741e+03
2.785116936223871562e+02
4.106359672422374842e+02
3.495269334076491759e+03
1.537055651646719980e+03
5.502991142755211058e+02
3.468079553561995453e+03
8.168730582776503070e+03
1.002018706780851426e+04
4.926269492141986120e+03
6.174063908786895354e+02
3.164070891190815473e+02
2.155147122500161458e+02
2.970384119171533257e+02
6.091893159445173751e+02
8.071840367469563716e+03
2.556540183518640333e+03
6.602813164714248160e+02
4.089388827919511186e+03
3.771091814240489839e+03
3.442721526816442747e+03
4.529335893000259148e+02
2.299674433486152793e+03
6.546550031423303153e+02
2.712998077377691516e+03
2.661321281506455307e+03
6.099000483472802443e+03
3.397946799372793066e+03
3.554602548484158433e+02
7.421329446344086591e+02
1.252392267173927848e+03
1.916478190876009876e+03
4.257577344766802980e+02
4.870137440165863154e+02
3.494776734943618976e+03
1.524488130585875297e+03
4.979763971850386497e+02
3.245665192584214310e+03
8.320310345499452524e+03
1.005938844897424860e+04
4.957130763943792772e+03
5.808712198460339096e+02
3.058836154520140553e+02
4.042597989430494181e+02
5.169798429520837999e+02
8.730454919424325908e+02
8.099349119879158934e+03
2.932634220049269516e+03
1.010922004479337488e+03
4.120226690137122205e+03
3.953745883311793477e+03
3.684985592289837768e+03
7.065043587096090505e+02
1.707424370316395198e+03
3.387695024709241807e+02
2.701422783711753254e+03
2.876025729058518664e+03
6.030574841192906206e+03
3.447693853198232318e+03
5.906525360471314343e+02
1.403585211270784157e+03
6.852488660384427703e+02
1.785285383249932920e+03
1.600835831469293908e+03
7.309797206220997396e+03
1.049921056307482786e+03
2.091944262610776605e+03
7.004543509742436072e+03
9.467035059944608292e+03
9.963520308887062129e+03
8.084912062002752464e+03
2.000070273798336984e+03
1.943643946150876900e+03
2.026204033852140356e+03
1.899322264844528263e+03
2.200778833322075570e+03
8.903143261510325829e+03
9.638100683872493391e+03
1.771281936719114356e+03
6.717643146953265386e+03
8.911811546022690891e+03
6.726008598727770732e+03
2.285976547752698934e+03
2.283207358872483383e+03
1.445857987953288330e+03
6.874314599604976138e+03
6.430242862496010275e+03
7.956618596785871887e+03
7.343953590375775093e+03
1.787035483388607872e+03
2.907937981451931137e+03
1.283914929805309384e+03
1.177974562467748001e+02
3.392089936958996987e+03
9.557494872756532232e+02
4.105575463484187821e+02
3.277287807978414094e+03
7.783143232026319311e+03
1.006270160249520995e+04
5.063520902312913677e+03
4.658769282471721453e+02
2.304355240807389009e+02
1.895875565973469747e+02
1.200896571366621401e+02
4.263106548971545635e+02
7.606679174932558453e+03
2.370807585232523707e+03
3.344778881873040746e+02
3.643763324128735803e+03
3.539847988113220708e+03
3.261672576961947925e+03
3.107304988412545299e+02
1.839147721711026179e+03
2.883603739329080327e+02
2.557565873292003744e+03
2.566048953668911963e+03
5.805956707049939723e+03
3.257317116197585165e+03
1.512431178816771080e+02
8.133008612259909569e+02
5.545409826890868317e+02
3.451879635745561700e+03
7.049342081294018953e+02
3.361716614684232809e+02
3.496914683952273208e+03
7.339233326689313799e+03
9.717941542632266646e+03
5.119857615600249119e+03
3.711765362168562206e+02
3.162048906846714544e+02
2.467118631574608116e+02
2.717408302390807648e+02
3.876938228662361325e+02
6.994162110838104127e+03
2.744867010876297172e+03
3.091497228570735842e+02
3.828723328962824780e+03
3.861881955766803912e+03
3.341856887951136287e+03
3.912992689744139625e+02
1.640915303011755896e+03
2.864139076425105941e+02
2.857843657849511146e+03
2.668632848127299894e+03
6.168511471891249130e+03
3.466744038359564001e+03
1.566134000082249713e+02
6.448497727956771541e+02
6.321076884919458507e+02
4.628532561425359745e+03
3.825095995238908927e+03
3.383431383421548162e+02
1.094375998774372420e+03
1.487822250798179539e+03
6.191768050622317787e+02
2.681116631590404268e+03
3.355646261999650051e+03
3.336393036499298887e+03
3.669973300415230369e+03
3.394566925770686339e+03
8.232766490017370415e+02
1.477888077320321372e+03
4.329585949706268366e+03
1.059058567886702576e+03
1.314948959538413874e+03
4.690973370057072316e+02
3.219236662369171881e+03
2.045751143235055451e+03
3.699780906865518318e+03
3.757331813358114232e+02
3.997278759381742930e+02
4.372206161569857613e+03
7.122726562518873834e+02
3.576639849960663923e+03
4.360707336197681798e+03
4.607197385695093544e+03
1.319928743059904264e+03
4.315108214693656919e+03
7.711000242416981564e+03
9.697695493498522410e+03
5.760361619170918857e+03
1.321346012840621825e+03
1.360236473792573861e+03
1.251193297397243441e+03
1.119448125400938807e+03
1.103792492447095128e+03
7.542280920985102057e+03
5.143686286993106478e+03
6.865224236666367688e+02
4.370463800463567168e+03
5.847902793296970231e+03
4.260192305525266420e+03
1.345339549360024193e+03
2.186575544630242803e+03
9.269009898000872454e+02
4.217313130685141005e+03
3.849720645532700019e+03
5.607909901066871498e+03
4.626147043907481020e+03
7.206269232280957340e+02
1.209328816370861659e+03
9.756842024794974577e+02
4.023181669290072932e+03
9.141914491582523624e+03
1.117919976838717048e+04
5.650525256625341171e+03
5.618089873868668747e+02
5.221103418972998043e+02
3.623398098664458757e+02
5.658619141630090326e+02
8.016636456193862159e+02
8.705119213260330071e+03
3.444430260720379010e+03
8.001975335770168840e+02
4.892040704219623876e+03
4.696539930426884894e+03
4.385718846638055766e+03
4.520288739773898214e+02
2.098950893459223153e+03
5.469902011461399525e+02
3.148940539080187591e+03
3.434708904748324130e+03
6.491773651527494621e+03
4.040580636966021302e+03
4.779068029269731142e+02
6.974650417490142900e+02
1.046427616033918639e+03
1.150200261075518938e+03
1.413285544691128962e+03
6.230733836085710209e+02
2.667968749123625457e+03
3.259438677963932605e+03
3.192070500456856280e+03
3.381806812321584403e+03
3.325563788551283324e+03
9.997532642899159327e+02
1.652389996035703462e+03
4.390973272260279373e+03
7.878082595968346595e+02
1.322290213718895075e+03
2.866445881028453186e+02
3.104661764927377135e+03
1.863523611065310433e+03
3.701498745902668816e+03
3.449741601366918076e+02
3.055424167041510373e+02
4.490069899923319099e+03
8.968750738107819416e+02
3.539123246296228899e+03
4.626264186678574333e+03
4.488925087570561118e+03
1.434915356626001085e+03
9.964208733245454823e+02
5.140317928661154838e+03
7.791187475149991769e+03
7.760235068978264280e+03
8.293761508882971611e+03
7.817751051668544278e+03
7.035257506552243285e+02
2.239150171978800245e+03
8.732933257967557438e+03
1.479340258222722241e+03
1.934085737554251409e+03
8.473828479651069756e+02
7.790481482467845126e+03
3.732364048841232034e+03
7.924885262497552503e+03
1.368459596331470948e+03
1.102467723361372919e+03
5.649560247358591369e+03
1.284111098591622977e+03
7.467033854407165563e+03
9.217234081024304032e+03
9.330277775836908404e+03
1.219439666788751310e+03
5.845621684015049141e+03
9.969518890222203481e+03
9.426144755404047828e+03
1.018113165586229297e+04
9.781844253168055729e+03
1.133987549616924298e+03
2.849887596484124970e+03
1.104156005999991612e+04
1.724056299715277419e+03
2.441922125958182278e+03
1.446145562674071243e+03
9.810763347280482776e+03
3.500353592857856256e+03
9.940018404799742711e+03
1.521422179708242766e+03
1.333302518330207477e+03
5.850740974599638321e+03
2.246381251364376112e+03
1.018625713183312837e+04
1.133119540992063594e+04
1.085575779674176374e+04
3.467295974719729202e+03
4.892020446479220482e+03
4.670726881082344335e+03
5.147602819844122678e+03
5.080818073174579695e+03
7.695613934200432595e+02
2.176493991464574719e+03
6.350748371389689055e+03
1.371048311461798221e+03
1.725577714902892239e+03
6.100880692937034837e+02
4.494052264484403167e+03
2.828099938710303832e+03
5.542272529640627909e+03
6.601193322052545227e+02
5.303955072818885128e+02
4.840696367840990206e+03
1.186998458485338233e+03
5.318161099288530750e+03
5.884420118920377718e+03
6.832386397899619624e+03
2.696307869641843808e+02
3.088013307633193563e+02
5.430889355356187025e+02
7.785959088174838598e+02
4.542992077491672717e+03
2.308049913374510197e+03
8.251551815644446606e+02
2.971037878335214828e+03
2.923798291871570655e+03
2.380528352675080441e+03
6.296880485222200150e+02
1.230210464200080651e+03
6.024433668235158166e+02
2.147764453674339165e+03
1.993231937560954975e+03
6.078499529612843617e+03
2.805456643538611388e+03
4.873062643508017118e+02
9.923346895469369429e+02
1.011819331601422164e+03
1.018764524646248901e+02
2.301331810406218210e+02
6.742624811452011500e+02
7.455992974913984654e+03
2.410331740548765538e+03
6.991017163995421697e+02
3.719050875822263151e+03
3.635853697925946108e+03
3.163630855787480868e+03
5.163269127379303427e+02
1.622130021698511428e+03
4.128073396719353241e+02
2.579276623932372786e+03
2.467698308906722559e+03
5.936474271944351131e+03
3.217062947462434749e+03
3.570373611681011425e+02
1.124379371835949769e+03
7.087787522894003587e+02
1.665166349296746375e+02
5.610050761181541930e+02
7.745460453624440561e+03
2.481978525530731986e+03
6.300972837328341711e+02
3.859306181720486165e+03
3.559389422951418055e+03
3.362472777781125842e+03
3.344949887486079660e+02
2.099252970794913381e+03
4.721380657088488988e+02
2.609590989441185229e+03
2.537980022603439465e+03
5.956942457165936503e+03
3.278461675122331599e+03
2.722179549844320263e+02
8.781619823417584030e+02
8.570067286322830569e+02
4.393676057303206335e+02
8.080867694746157213e+03
2.398008796460278518e+03
4.020582177253284044e+02
3.840555963900035749e+03
3.628846801201010749e+03
3.458698484615452344e+03
3.998144985579435797e+02
2.180181759502791920e+03
4.454396985527555444e+02
2.734869680241488368e+03
2.704009460673109970e+03
6.125989411408188971e+03
3.371466735917969345e+03
2.278015738845115266e+02
8.070114064927286108e+02
7.083508281294800781e+02
7.553423745617939858e+03
2.355447951171782734e+03
4.537804935806066169e+02
3.283801864245907836e+03
3.697291978088258020e+03
3.272242454927625204e+03
5.264854950173817087e+02
2.086823739476317769e+03
6.164439292707363620e+02
2.729313204680704985e+03
2.645465817264479938e+03
5.199436220297789987e+03
2.941473428298702402e+03
3.220248595288967408e+02
8.022481325233086409e+02
9.046927064997605612e+02
2.374346727219326567e+03
8.283810448492793512e+03
1.473271510637080155e+03
1.897161656212275375e+03
7.252010789116757223e+02
7.577627787236406220e+03
3.341068578083864395e+03
7.385127560614986578e+03
1.048728276730486414e+03
8.915387862828351899e+02
5.701150367211968842e+03
1.136452634559689159e+03
7.281194048076729814e+03
9.286914236200162122e+03
8.605730481089089153e+03
3.289788183225180546e+03
1.609785122233552102e+03
4.140414223529805895e+02
1.276429491857431913e+03
2.700188650134886302e+03
1.793613946202663101e+03
3.073704807493737462e+03
1.320499893323608603e+03
1.270105718292384609e+03
5.825753695543866343e+03
1.524887639741501062e+03
2.686934358920209888e+03
3.771498418421672795e+03
3.833980689221323701e+03
4.314453996205840667e+03
4.532179169676190213e+03
4.022707594978339330e+03
6.834190996254748143e+02
2.127110455398051727e+03
4.110246256449547673e+02
3.662986312961092608e+03
3.368469645661344657e+03
6.681626314547878792e+03
3.938999907002537384e+03
2.404539900054810460e+02
8.849662710918812536e+02
5.081071264537155230e+02
1.532520761142627180e+03
6.861583270576616087e+02
3.744615660359426329e+03
2.635619615293088827e+03
4.161296687651211869e+03
1.078365761283303982e+03
7.851192150786050661e+02
4.463093958774940802e+03
1.245518967721750187e+03
3.829268905881787759e+03
5.022715104408965090e+03
4.671760282828841810e+03
1.067418680638838396e+03
3.598418897475296944e+03
2.393184159904260468e+03
4.202506058701239454e+03
1.128035472826846672e+03
1.185300686448115357e+03
4.750027783759431259e+03
1.231741547405535584e+03
3.871973303932660201e+03
5.296329712747174199e+03
4.816863696256178628e+03
3.321849846370761043e+03
2.175301374756359564e+03
3.821581199381035731e+03
3.585134558589206790e+02
1.594455432586610186e+02
4.643355299038921657e+03
7.449076395098504690e+02
3.327037539035883128e+03
4.674511921213858841e+03
4.305291686846176162e+03
3.052196915024077498e+03
7.803973546354174005e+02
2.432440132921605709e+03
2.497347499522335966e+03
5.880092705328142983e+03
2.747614959554056895e+03
4.486004872153923770e+02
7.236257503776721478e+02
1.006134365058205731e+03
1.262586938167735752e+03
2.093073961324005268e+03
1.911838892378606715e+03
5.810992172769945682e+03
2.872938321682604965e+03
1.860746050209275154e+03
2.723673345369335948e+03
1.739906377432847194e+03
3.134877818056093929e+03
3.099983508872507173e+03
6.253261522922228323e+03
3.829325280860577550e+03
4.012097196359532063e+02
9.801846202212718708e+02
3.447785630904427308e+02
2.985854726071424921e+02
4.096000202070486921e+03
9.776414173779990051e+02
2.902857987856852560e+03
3.660965208715918834e+03
3.920289257280142010e+03
4.268401126467846552e+03
8.733894786190746800e+02
2.694933781194639323e+03
3.633347844016499039e+03
3.788821235399757825e+03
4.459876749874698362e+03
6.178682182316828403e+03
7.178882805201279552e+03
6.997352039974461150e+03
3.408916805375662534e+03
4.358496394755568872e+03
4.335056378442684036e+03
6.585069081361612007e+02
6.580261456482185167e+02
1.794562765659748948e+03
