3.000000000000000000e+00 8.000000000000000000e+00 4.001313291873634626e+01 2.000000000000000000e+00
1.100000000000000000e+01 1.800000000000000000e+01 5.893740162184235487e+01 2.000000000000000000e+00
1.700000000000000000e+01 4.100000000000000000e+01 6.782510818335788372e+01 2.000000000000000000e+00
4.000000000000000000e+00 7.200000000000000000e+01 8.030181693637130991e+01 3.000000000000000000e+00
2.900000000000000000e+01 5.300000000000000000e+01 8.254287828092139989e+01 2.000000000000000000e+00
5.000000000000000000e+00 9.000000000000000000e+00 8.805331501712953468e+01 2.000000000000000000e+00
3.600000000000000000e+01 3.700000000000000000e+01 9.211626644246859996e+01 2.000000000000000000e+00
1.500000000000000000e+01 3.300000000000000000e+01 9.878097704428319048e+01 2.000000000000000000e+00
5.100000000000000000e+01 5.200000000000000000e+01 1.018764524646248901e+02 2.000000000000000000e+00
3.100000000000000000e+01 6.300000000000000000e+01 1.166205027054154471e+02 2.000000000000000000e+00
7.100000000000000000e+01 7.300000000000000000e+01 1.248073834135483935e+02 4.000000000000000000e+00
2.400000000000000000e+01 4.200000000000000000e+01 1.265042836852740038e+02 2.000000000000000000e+00
7.600000000000000000e+01 7.900000000000000000e+01 1.346943277105828543e+02 4.000000000000000000e+00
7.500000000000000000e+01 8.100000000000000000e+01 1.370905422439892902e+02 6.000000000000000000e+00
3.200000000000000000e+01 7.700000000000000000e+01 1.453089897701448479e+02 3.000000000000000000e+00
2.300000000000000000e+01 2.700000000000000000e+01 1.532977440479610323e+02 2.000000000000000000e+00
0.000000000000000000e+00 6.500000000000000000e+01 1.549658250639445214e+02 2.000000000000000000e+00
1.600000000000000000e+01 6.000000000000000000e+01 1.578555561304638104e+02 2.000000000000000000e+00
7.000000000000000000e+00 2.100000000000000000e+01 1.693167609044171513e+02 2.000000000000000000e+00
3.400000000000000000e+01 8.200000000000000000e+01 1.750133107045637928e+02 3.000000000000000000e+00
6.000000000000000000e+00 3.900000000000000000e+01 2.071813363440899138e+02 2.000000000000000000e+00
8.500000000000000000e+01 8.900000000000000000e+01 2.321093517634534464e+02 5.000000000000000000e+00
8.700000000000000000e+01 8.800000000000000000e+01 2.350814416533687847e+02 4.000000000000000000e+00
5.700000000000000000e+01 6.800000000000000000e+01 2.404539900054810460e+02 2.000000000000000000e+00
3.000000000000000000e+01 8.400000000000000000e+01 2.589332248812702915e+02 7.000000000000000000e+00
4.600000000000000000e+01 9.300000000000000000e+01 2.862432443872399972e+02 5.000000000000000000e+00
2.000000000000000000e+01 7.800000000000000000e+01 3.062724762900232349e+02 3.000000000000000000e+00
8.300000000000000000e+01 9.500000000000000000e+01 3.071009157552081206e+02 1.100000000000000000e+01
7.400000000000000000e+01 9.800000000000000000e+01 3.399927934823904252e+02 1.400000000000000000e+01
5.000000000000000000e+01 8.600000000000000000e+01 3.507177588091695952e+02 3.000000000000000000e+00
7.000000000000000000e+01 8.000000000000000000e+01 3.743831176629689708e+02 3.000000000000000000e+00
4.300000000000000000e+01 6.400000000000000000e+01 3.757331813358114232e+02 2.000000000000000000e+00
1.400000000000000000e+01 2.200000000000000000e+01 3.993285145062982338e+02 2.000000000000000000e+00
9.200000000000000000e+01 9.900000000000000000e+01 3.995464043582215368e+02 1.900000000000000000e+01
5.600000000000000000e+01 5.900000000000000000e+01 4.140414223529805895e+02 2.000000000000000000e+00
4.500000000000000000e+01 9.000000000000000000e+01 4.190302074627376214e+02 4.000000000000000000e+00
5.400000000000000000e+01 9.400000000000000000e+01 4.325950268276991437e+02 3.000000000000000000e+00
2.600000000000000000e+01 9.600000000000000000e+01 4.393937641969523611e+02 6.000000000000000000e+00
3.800000000000000000e+01 6.100000000000000000e+01 4.529335893000259148e+02 2.000000000000000000e+00
9.100000000000000000e+01 9.700000000000000000e+01 4.683114778104477409e+02 5.000000000000000000e+00
1.000000000000000000e+01 2.800000000000000000e+01 5.151908948622403841e+02 2.000000000000000000e+00
1.060000000000000000e+02 1.090000000000000000e+02 5.333937769848840844e+02 6.000000000000000000e+00
1.020000000000000000e+02 1.080000000000000000e+02 5.732485150907684783e+02 8.000000000000000000e+00
1.030000000000000000e+02 1.130000000000000000e+02 6.192478977824030153e+02 1.000000000000000000e+01
1.000000000000000000e+02 1.120000000000000000e+02 6.535679779219226475e+02 9.000000000000000000e+00
1.200000000000000000e+01 1.110000000000000000e+02 6.672887505517120417e+02 3.000000000000000000e+00
4.700000000000000000e+01 5.500000000000000000e+01 7.035257506552243285e+02 2.000000000000000000e+00
1.040000000000000000e+02 1.150000000000000000e+02 7.634508531887854588e+02 2.800000000000000000e+01
4.900000000000000000e+01 1.140000000000000000e+02 7.806349782982634906e+02 1.100000000000000000e+01
1.010000000000000000e+02 1.100000000000000000e+02 8.495816981114903683e+02 8.000000000000000000e+00
3.500000000000000000e+01 1.190000000000000000e+02 8.637270305655255243e+02 1.200000000000000000e+01
1.070000000000000000e+02 1.180000000000000000e+02 8.905358825002768981e+02 3.100000000000000000e+01
1.900000000000000000e+01 6.200000000000000000e+01 1.009268668670484999e+03 2.000000000000000000e+00
4.000000000000000000e+01 4.400000000000000000e+01 1.049921056307482786e+03 2.000000000000000000e+00
2.000000000000000000e+00 1.050000000000000000e+02 1.093828717240367041e+03 3.000000000000000000e+00
6.900000000000000000e+01 1.220000000000000000e+02 1.147458122923503424e+03 3.200000000000000000e+01
5.800000000000000000e+01 1.210000000000000000e+02 1.170003434437088117e+03 1.300000000000000000e+01
6.700000000000000000e+01 1.270000000000000000e+02 1.257390820262987745e+03 1.400000000000000000e+01
1.200000000000000000e+02 1.260000000000000000e+02 1.305704807680070644e+03 4.000000000000000000e+01
4.800000000000000000e+01 1.170000000000000000e+02 1.436995848393404685e+03 3.000000000000000000e+00
2.500000000000000000e+01 1.250000000000000000e+02 1.572021405214174820e+03 4.000000000000000000e+00
1.280000000000000000e+02 1.300000000000000000e+02 2.148660741925481489e+03 1.700000000000000000e+01
1.300000000000000000e+01 1.160000000000000000e+02 2.214478744145357268e+03 4.000000000000000000e+00
1.230000000000000000e+02 1.240000000000000000e+02 2.544663665385043259e+03 4.000000000000000000e+00
1.290000000000000000e+02 1.340000000000000000e+02 3.038624733641192506e+03 4.400000000000000000e+01
1.310000000000000000e+02 1.330000000000000000e+02 3.921236533714115922e+03 8.000000000000000000e+00
1.000000000000000000e+00 6.600000000000000000e+01 5.178788516237970725e+03 2.000000000000000000e+00
1.320000000000000000e+02 1.360000000000000000e+02 5.367993241027579643e+03 2.500000000000000000e+01
1.370000000000000000e+02 1.380000000000000000e+02 7.527787942064886010e+03 2.700000000000000000e+01
1.350000000000000000e+02 1.390000000000000000e+02 2.581216671600626069e+04 7.100000000000000000e+01
