6.700000000000000000e+01 8.100000000000000000e+01 1.574679202439171632e+01 2.000000000000000000e+00
8.000000000000000000e+00 1.140000000000000000e+02 3.087371805530205293e+01 2.000000000000000000e+00
4.500000000000000000e+01 9.100000000000000000e+01 3.421532768731594842e+01 2.000000000000000000e+00
2.900000000000000000e+01 4.200000000000000000e+01 3.423839612569255308e+01 2.000000000000000000e+00
7.200000000000000000e+01 1.150000000000000000e+02 3.977620396215001364e+01 3.000000000000000000e+00
2.200000000000000000e+01 6.000000000000000000e+01 5.068041211778391641e+01 2.000000000000000000e+00
7.400000000000000000e+01 1.170000000000000000e+02 5.216923508984181979e+01 3.000000000000000000e+00
5.900000000000000000e+01 1.130000000000000000e+02 5.267631156558971384e+01 2.000000000000000000e+00
1.190000000000000000e+02 1.210000000000000000e+02 5.651963403773114436e+01 6.000000000000000000e+00
1.160000000000000000e+02 1.180000000000000000e+02 5.735722483294087937e+01 4.000000000000000000e+00
1.400000000000000000e+01 5.300000000000000000e+01 5.865246888996059482e+01 2.000000000000000000e+00
8.400000000000000000e+01 9.800000000000000000e+01 6.154083867902136973e+01 2.000000000000000000e+00
4.100000000000000000e+01 7.800000000000000000e+01 6.247290240815516427e+01 2.000000000000000000e+00
3.600000000000000000e+01 4.000000000000000000e+01 6.443533845054408005e+01 2.000000000000000000e+00
1.200000000000000000e+01 9.200000000000000000e+01 7.465978912821185531e+01 2.000000000000000000e+00
4.700000000000000000e+01 1.220000000000000000e+02 7.631531277404599223e+01 3.000000000000000000e+00
3.100000000000000000e+01 6.100000000000000000e+01 7.932419625182956224e+01 2.000000000000000000e+00
1.240000000000000000e+02 1.270000000000000000e+02 7.993603465650620876e+01 6.000000000000000000e+00
5.000000000000000000e+00 8.000000000000000000e+01 8.598493785612596696e+01 2.000000000000000000e+00
1.230000000000000000e+02 1.260000000000000000e+02 8.612454772766032818e+01 8.000000000000000000e+00
4.600000000000000000e+01 1.200000000000000000e+02 8.961541588525919622e+01 3.000000000000000000e+00
2.000000000000000000e+01 1.020000000000000000e+02 9.000052464749822434e+01 2.000000000000000000e+00
9.500000000000000000e+01 1.330000000000000000e+02 9.645583416315216141e+01 3.000000000000000000e+00
1.280000000000000000e+02 1.350000000000000000e+02 9.681627962691176492e+01 5.000000000000000000e+00
8.600000000000000000e+01 9.000000000000000000e+01 9.992935639861335062e+01 2.000000000000000000e+00
5.600000000000000000e+01 1.340000000000000000e+02 1.033359945164033462e+02 9.000000000000000000e+00
1.000000000000000000e+01 1.050000000000000000e+02 1.113185932841103210e+02 2.000000000000000000e+00
9.400000000000000000e+01 1.110000000000000000e+02 1.126087697151703111e+02 2.000000000000000000e+00
2.700000000000000000e+01 1.030000000000000000e+02 1.158611500309888811e+02 2.000000000000000000e+00
1.320000000000000000e+02 1.360000000000000000e+02 1.193191679198107806e+02 8.000000000000000000e+00
6.200000000000000000e+01 7.600000000000000000e+01 1.198844374773621695e+02 2.000000000000000000e+00
7.900000000000000000e+01 1.390000000000000000e+02 1.220485882374762951e+02 3.000000000000000000e+00
1.080000000000000000e+02 1.300000000000000000e+02 1.270493460184799090e+02 4.000000000000000000e+00
1.310000000000000000e+02 1.440000000000000000e+02 1.329066488989547565e+02 1.000000000000000000e+01
7.000000000000000000e+00 1.900000000000000000e+01 1.354543063098734592e+02 2.000000000000000000e+00
5.400000000000000000e+01 9.700000000000000000e+01 1.387760106772187214e+02 2.000000000000000000e+00
1.290000000000000000e+02 1.480000000000000000e+02 1.407252315956726818e+02 1.200000000000000000e+01
6.000000000000000000e+00 1.070000000000000000e+02 1.415463306972481234e+02 2.000000000000000000e+00
2.100000000000000000e+01 8.500000000000000000e+01 1.448665109230667269e+02 2.000000000000000000e+00
1.250000000000000000e+02 1.380000000000000000e+02 1.468461736090528973e+02 7.000000000000000000e+00
6.900000000000000000e+01 8.900000000000000000e+01 1.522493314482162248e+02 2.000000000000000000e+00
7.000000000000000000e+01 1.010000000000000000e+02 1.567663858141299045e+02 2.000000000000000000e+00
1.100000000000000000e+02 1.500000000000000000e+02 1.570023496570547934e+02 3.000000000000000000e+00
1.420000000000000000e+02 1.460000000000000000e+02 1.594878073049690670e+02 5.000000000000000000e+00
3.400000000000000000e+01 9.300000000000000000e+01 1.596006757258382436e+02 2.000000000000000000e+00
1.700000000000000000e+01 1.560000000000000000e+02 1.658516493204912479e+02 3.000000000000000000e+00
9.600000000000000000e+01 1.040000000000000000e+02 1.698388215271682782e+02 2.000000000000000000e+00
3.300000000000000000e+01 6.800000000000000000e+01 1.744181862159655907e+02 2.000000000000000000e+00
1.530000000000000000e+02 1.620000000000000000e+02 1.881903404804687625e+02 4.000000000000000000e+00
4.900000000000000000e+01 6.300000000000000000e+01 1.893158210323780111e+02 2.000000000000000000e+00
5.200000000000000000e+01 5.700000000000000000e+01 1.912991084708896210e+02 2.000000000000000000e+00
1.470000000000000000e+02 1.490000000000000000e+02 1.974488456501982228e+02 6.000000000000000000e+00
4.000000000000000000e+00 2.400000000000000000e+01 1.983899311591887624e+02 2.000000000000000000e+00
1.800000000000000000e+01 1.120000000000000000e+02 2.007985481345311882e+02 2.000000000000000000e+00
9.000000000000000000e+00 5.800000000000000000e+01 2.016747573921635137e+02 2.000000000000000000e+00
1.000000000000000000e+02 1.590000000000000000e+02 2.031302241304865106e+02 3.000000000000000000e+00
5.500000000000000000e+01 1.060000000000000000e+02 2.068718502801365560e+02 2.000000000000000000e+00
2.800000000000000000e+01 4.400000000000000000e+01 2.095441823321824586e+02 2.000000000000000000e+00
1.370000000000000000e+02 1.510000000000000000e+02 2.173049694502546174e+02 1.500000000000000000e+01
3.200000000000000000e+01 1.520000000000000000e+02 2.195127835900091213e+02 3.000000000000000000e+00
1.600000000000000000e+01 1.670000000000000000e+02 2.311104905163980732e+02 3.000000000000000000e+00
6.500000000000000000e+01 8.800000000000000000e+01 2.315351189099590101e+02 2.000000000000000000e+00
3.800000000000000000e+01 1.400000000000000000e+02 2.348854979164276244e+02 1.000000000000000000e+01
3.500000000000000000e+01 7.500000000000000000e+01 2.352653362164529653e+02 2.000000000000000000e+00
1.550000000000000000e+02 1.610000000000000000e+02 2.407477883392103593e+02 4.000000000000000000e+00
1.570000000000000000e+02 1.630000000000000000e+02 2.464725521396907482e+02 7.000000000000000000e+00
2.000000000000000000e+00 3.700000000000000000e+01 2.469650924719385330e+02 2.000000000000000000e+00
0.000000000000000000e+00 1.760000000000000000e+02 2.478700698406362619e+02 3.000000000000000000e+00
1.450000000000000000e+02 1.600000000000000000e+02 2.631405184088841906e+02 5.000000000000000000e+00
3.900000000000000000e+01 9.900000000000000000e+01 2.778981369688933682e+02 2.000000000000000000e+00
1.660000000000000000e+02 1.700000000000000000e+02 2.787600188565816666e+02 9.000000000000000000e+00
1.410000000000000000e+02 1.430000000000000000e+02 2.798571688665840043e+02 4.000000000000000000e+00
5.100000000000000000e+01 1.640000000000000000e+02 2.908775499551846906e+02 3.000000000000000000e+00
1.650000000000000000e+02 1.730000000000000000e+02 3.021021778268377602e+02 1.700000000000000000e+01
2.500000000000000000e+01 1.800000000000000000e+02 3.051399424577317632e+02 8.000000000000000000e+00
1.680000000000000000e+02 1.720000000000000000e+02 3.162261994734403743e+02 4.000000000000000000e+00
7.700000000000000000e+01 1.790000000000000000e+02 3.196019545060191831e+02 5.000000000000000000e+00
1.300000000000000000e+01 1.780000000000000000e+02 3.203280879358126754e+02 3.000000000000000000e+00
6.400000000000000000e+01 1.890000000000000000e+02 3.240631539681933191e+02 9.000000000000000000e+00
1.540000000000000000e+02 1.770000000000000000e+02 3.268031864725081164e+02 1.700000000000000000e+01
1.740000000000000000e+02 1.850000000000000000e+02 3.291479117486667860e+02 1.200000000000000000e+01
1.090000000000000000e+02 1.690000000000000000e+02 3.298888201017891788e+02 3.000000000000000000e+00
1.750000000000000000e+02 1.810000000000000000e+02 3.543863203600552083e+02 5.000000000000000000e+00
2.300000000000000000e+01 1.870000000000000000e+02 3.548916072170786720e+02 4.000000000000000000e+00
1.100000000000000000e+01 1.960000000000000000e+02 3.588563396138353596e+02 4.000000000000000000e+00
4.800000000000000000e+01 1.830000000000000000e+02 3.734162626431103149e+02 6.000000000000000000e+00
8.300000000000000000e+01 1.980000000000000000e+02 3.875884540058499397e+02 5.000000000000000000e+00
1.000000000000000000e+00 2.000000000000000000e+02 4.109957596822774235e+02 7.000000000000000000e+00
1.580000000000000000e+02 1.950000000000000000e+02 4.218705495328288748e+02 1.700000000000000000e+01
1.710000000000000000e+02 1.900000000000000000e+02 4.229660034024468587e+02 6.000000000000000000e+00
3.000000000000000000e+00 2.020000000000000000e+02 4.498328607150332914e+02 8.000000000000000000e+00
1.910000000000000000e+02 1.930000000000000000e+02 4.537729076792393812e+02 1.400000000000000000e+01
1.840000000000000000e+02 1.990000000000000000e+02 4.565234573025373379e+02 6.000000000000000000e+00
2.600000000000000000e+01 3.000000000000000000e+01 4.582687014821743219e+02 2.000000000000000000e+00
1.820000000000000000e+02 1.970000000000000000e+02 4.648236508263089490e+02 8.000000000000000000e+00
7.100000000000000000e+01 8.200000000000000000e+01 5.040814468847304397e+02 2.000000000000000000e+00
1.880000000000000000e+02 2.030000000000000000e+02 5.165723466673425719e+02 3.400000000000000000e+01
1.860000000000000000e+02 1.940000000000000000e+02 5.175448507402566065e+02 2.100000000000000000e+01
1.920000000000000000e+02 2.070000000000000000e+02 5.327939188140151145e+02 9.000000000000000000e+00
1.500000000000000000e+01 7.300000000000000000e+01 5.919865213462692282e+02 2.000000000000000000e+00
2.010000000000000000e+02 2.050000000000000000e+02 5.980426338592242246e+02 1.300000000000000000e+01
2.040000000000000000e+02 2.060000000000000000e+02 6.551344622062152894e+02 2.000000000000000000e+01
8.700000000000000000e+01 2.090000000000000000e+02 6.909702598478502296e+02 9.000000000000000000e+00
4.300000000000000000e+01 2.150000000000000000e+02 7.596344506644983312e+02 1.400000000000000000e+01
2.100000000000000000e+02 2.170000000000000000e+02 8.966570038280528934e+02 1.100000000000000000e+01
2.130000000000000000e+02 2.160000000000000000e+02 9.082464247136947506e+02 2.900000000000000000e+01
2.110000000000000000e+02 2.180000000000000000e+02 1.015052951718292206e+03 4.800000000000000000e+01
6.600000000000000000e+01 2.120000000000000000e+02 1.088631134305264368e+03 2.200000000000000000e+01
2.140000000000000000e+02 2.190000000000000000e+02 1.264340208770325717e+03 1.300000000000000000e+01
2.080000000000000000e+02 2.220000000000000000e+02 1.372238570301056143e+03 2.400000000000000000e+01
2.200000000000000000e+02 2.230000000000000000e+02 1.515746370706574453e+03 4.200000000000000000e+01
2.210000000000000000e+02 2.240000000000000000e+02 1.884933983876858520e+03 7.200000000000000000e+01
2.250000000000000000e+02 2.260000000000000000e+02 2.867767888486904667e+03 1.140000000000000000e+02
5.000000000000000000e+01 2.270000000000000000e+02 3.835328162598735162e+03 1.150000000000000000e+02
