2.978031500786516261e+01
1.618019074763797676e+02
1.015856110932344905e+02
8.533087243854227211e+01
9.027285307696818961e+01
7.902246427130295103e+01
1.524401212096202869e+02
5.326532998769373251e+01
1.045317373769756699e+02
7.236385143099289508e+01
5.873335720896753287e+01
1.614490003090525860e+01
6.691683960977421464e+01
9.291965930886151170e+01
8.698599812683440291e+01
2.691050342395259776e+01
8.978959668612694145e+01
7.104304304857004126e+01
1.197519539888198068e+02
4.031647512005231704e+01
1.840277381847776894e+01
1.143331384037736882e+02
7.503996169121046478e+01
2.808125205081578883e+02
1.421742611506653589e+02
1.312570467694704917e+02
1.504114346588884814e+02
7.702870265832368091e+01
7.811685673719060219e+01
1.623549101084015263e+02
8.355277760015773936e+01
9.256218785280388772e+01
7.442895976741191078e+01
8.009554744026448247e+01
2.803144466250999400e+01
6.710114701727874831e+01
9.904047156178090461e+01
1.719115936844773103e+02
4.970850519770836229e+01
5.210577833745264087e+01
1.280023845445608117e+02
9.517284150741309645e+01
7.581635831550184434e+01
6.565547656290108591e+01
9.120601832027747946e+01
4.409167315850213242e+01
5.069370256657713725e+01
1.019805699730818276e+02
6.806289070653369322e+01
9.134830333334066665e+01
8.069722071899631999e+01
6.133671099360237378e+01
9.599765982146158194e+01
3.652908243528295174e+01
6.734449441310147222e+01
1.212743944782288850e+02
8.069484760480976604e+01
6.404846063055573779e+01
6.882253087564947691e+01
9.743084027851367068e+01
1.657325845752444593e+02
1.050894196010826391e+02
1.660656225022361525e+02
1.030610783574452682e+02
1.415144051295952750e+02
2.081266092104214138e+01
2.120314535331440453e+01
6.865160060111918483e+01
6.528909056145243994e+01
1.619298343006001062e+02
1.073965275698682831e+02
8.242734855664346583e+01
8.586055997348159963e+01
6.456215953366036331e+01
1.618949284030253182e+02
6.063577820018048214e+01
8.511699719382723117e+01
5.932097624480147147e+01
3.925302894417477972e+01
2.238090458915189274e+01
6.790973235579204470e+01
7.889444682806393416e+01
7.162602832252287044e+01
1.914702652534236549e+01
7.239560131228878959e+01
6.033959914513236100e+01
1.081201320256823237e+02
3.324396931640037423e+01
1.927523053575887246e+01
9.796073159973504119e+01
7.196154073498468051e+01
2.692070288638083184e+02
1.481240974970708635e+02
1.186135334562838182e+02
1.381517140610341983e+02
6.896385103015072104e+01
8.175571526614075424e+01
1.463347851270692956e+02
7.022397686295845176e+01
7.903760808232372881e+01
5.990148800713506461e+01
7.093106321421277016e+01
2.007040160823910568e+01
6.639192268911865824e+01
9.341716403622362463e+01
1.723617404707487424e+02
3.263599812617478335e+01
4.533449285673210483e+01
1.305805562089883836e+02
8.776571179895715602e+01
6.495632449420034504e+01
6.082434556651845270e+01
7.977860090762175105e+01
3.075978159104800724e+01
4.748651480697589022e+01
8.652943230279599618e+01
6.148929426529414854e+01
7.805060016295929870e+01
7.337254760264038111e+01
5.888567595281462275e+01
8.492499722790050498e+01
3.790420371898811425e+01
5.964420673882025170e+01
1.137070027331556901e+02
7.035945320216008270e+01
7.122388551892041164e+01
5.482352062694278061e+01
8.987829133744159549e+01
1.581656616360447174e+02
8.988928208079290982e+01
1.413514283838547385e+02
8.806432422620341072e+01
1.372929480490601577e+02
2.156593053025432383e+01
1.565080617061424206e+01
5.721956858648337629e+01
6.013913942811405633e+01
1.136637412983597102e+02
1.043291362591513547e+02
9.539007166657580683e+01
1.826314201731702838e+02
4.656122498323512104e+01
1.565980602227809584e+02
1.991583200815987027e+02
1.437051429199288179e+02
1.447641645971015691e+02
1.709243607592717638e+02
1.711463229946423610e+02
1.262738787765399735e+02
1.896768738687557061e+02
1.542131056991281639e+02
1.229279846549142405e+02
1.409958248359069444e+02
2.288925813004084091e+02
1.595963462053628348e+02
1.734326913731201500e+02
2.085106210923820242e+02
1.924374565255193943e+02
3.846712053699532134e+02
7.058135068233343645e+01
1.456092954363139427e+02
2.725826768212093043e+02
1.857882250191746039e+02
1.282028744946294410e+02
2.683032967582843753e+02
1.164441872321582849e+02
2.016660407694193964e+02
1.651877699336137368e+02
1.271338749082475204e+02
1.649773749954995310e+02
1.434801138400547984e+02
2.263067116273116142e+02
4.311381727690043419e+01
1.431276247262398158e+02
1.766751061309906277e+02
3.803810999777325463e+01
1.861896125837565705e+02
1.759916010642695028e+02
1.618340755952468442e+02
1.940182254750856430e+02
1.532408553514430878e+02
1.418370282816961208e+02
2.010700910947503246e+02
1.801162287359277343e+02
2.012928518394175796e+02
2.068905302376020359e+02
1.374157500868847990e+02
1.941930731472474179e+02
1.364162390207421254e+02
1.861131450297395702e+02
2.263204393686753804e+02
1.970064736068505340e+02
1.167374153949026265e+02
1.714735893266655182e+02
2.084099852917831868e+02
2.891511385461930672e+02
2.136625541117872160e+02
2.983277771875755207e+02
2.247657603776164592e+02
2.629447798745811156e+02
1.448868348564926123e+02
1.511794493097027043e+02
1.587940029167413627e+02
1.506768390913224778e+02
7.117719912794049719e+01
3.401252111558287083e+01
1.489747794771459724e+02
1.236136242559616250e+02
8.153059752988843911e+01
1.725465268963093877e+02
9.741830908103680997e+01
1.009606442437652589e+02
1.048642335432022179e+02
1.157040294862917733e+02
1.194295046959755666e+02
1.606109363100168537e+02
1.063839592055062724e+02
1.242821001739178541e+02
9.440424736322049171e+01
1.886398313285895938e+02
9.918605908408062533e+01
1.050135521455866581e+02
1.831103827665209849e+02
1.537138730692728359e+02
3.378690637756413935e+02
1.105298709521456573e+02
1.466026380546632595e+02
2.230672608222479312e+02
1.508247102424715820e+02
8.171562326698045808e+01
2.323287910376312482e+02
1.209683025435768400e+02
1.611563515519515022e+02
1.045578595991320157e+02
1.145168322658154096e+02
1.026412429419386854e+02
9.628089689180703203e+01
1.730929472506389573e+02
1.153806109472401005e+02
1.053630130448555349e+02
1.297671605349691220e+02
9.435911762226224653e+01
1.200232721876451762e+02
1.491819978381840315e+02
9.069224641300269241e+01
1.622948677312954544e+02
1.111428411431631815e+02
8.858724862717525639e+01
1.730411725912738632e+02
1.445745362567041070e+02
1.514854964664338581e+02
1.508022326208246966e+02
9.998002660149265353e+01
1.608652610322846215e+02
8.072818735593145334e+01
1.440766604806091209e+02
1.934978433681521892e+02
1.590397811089931679e+02
5.333318578086421269e+01
1.180066432987921416e+02
1.674087423537030759e+02
2.326739714368201533e+02
1.739465920700816639e+02
2.534450068364826905e+02
1.707558307675889182e+02
2.080782353739818404e+02
1.026080527775946933e+02
1.027698904290829205e+02
1.040050611982176179e+02
9.119555078226689204e+01
4.607855051561639925e+01
1.087639789621220388e+02
1.123512900213017502e+02
8.976705892750641169e+01
1.215479693553436960e+02
7.058248203619258732e+01
6.374274264522068023e+01
9.376860808423514015e+01
9.474640762939253591e+01
1.015022481420295719e+02
1.152086785441390901e+02
7.896990326211849265e+01
8.744110404697202910e+01
7.516190914747350860e+01
1.625257508644687903e+02
8.072125505595263917e+01
9.358076039565411008e+01
1.355790737749233017e+02
1.242629685764732557e+02
3.182359920860561715e+02
1.201328254271649314e+02
1.345608684478431769e+02
2.003505229614261793e+02
1.204980219487245705e+02
4.726744263168508553e+01
1.961362003468045430e+02
8.566099747960568322e+01
1.446334840748390889e+02
8.926305746243822625e+01
9.352381754205350717e+01
8.928114161337390442e+01
7.061920184612951346e+01
1.600571418591570136e+02
1.308408392712435102e+02
6.075636660899132835e+01
1.054653942749796727e+02
9.668054195062984491e+01
1.172123337500658522e+02
1.125680205266388896e+02
9.158153028294404407e+01
1.255772518416643777e+02
8.090619957693070319e+01
6.916104186132234588e+01
1.433077926841713179e+02
1.116972087795422084e+02
1.357400016712331023e+02
1.372070621962227790e+02
5.300248852754608464e+01
1.340234803541169128e+02
5.424929966976129947e+01
1.178007833664006654e+02
1.638605495229379585e+02
1.258612239156133370e+02
4.389696563053995959e+01
9.421261332530015409e+01
1.458950525772850710e+02
2.149994681991173309e+02
1.469675956259935390e+02
2.434471050364676046e+02
1.486803535780376535e+02
1.972472557813850074e+02
6.929376744224094864e+01
7.310072699025869269e+01
8.160763233157234708e+01
6.587773371890710905e+01
1.214633383932980166e+02
1.151069759619633857e+02
7.794119327094431071e+01
1.393182025553514336e+02
7.793806575404190085e+01
7.614060958730613038e+01
9.715746852829133218e+01
1.152020227706849624e+02
9.768867186607526776e+01
1.307443373620702971e+02
8.417432786186610372e+01
9.484063124006964074e+01
6.895419173499647059e+01
1.749524753912475035e+02
8.731065481970173892e+01
9.470034663778848483e+01
1.569059820086384320e+02
1.355685658124754980e+02
3.328911030929131698e+02
1.160039199710078037e+02
1.290664563428312022e+02
2.099262986510734947e+02
1.252625505792856160e+02
6.201106741237825304e+01
2.122115831209333976e+02
9.396294272064865538e+01
1.558583756231079462e+02
7.847888583803427309e+01
1.060128555935876022e+02
9.464083853975847660e+01
7.923910774182388650e+01
1.648708093348270438e+02
1.059910385238911914e+02
7.573995902154381099e+01
1.192816402109790488e+02
7.882333633265172068e+01
1.132286551733773052e+02
1.182496201011379497e+02
8.954080561634727076e+01
1.366168048060819444e+02
9.894562643181509998e+01
6.869339073357484438e+01
1.461828559541133927e+02
1.234223956440827124e+02
1.441285967899613070e+02
1.467234326874756789e+02
7.477413813712699664e+01
1.438325624755911747e+02
6.712550538554951629e+01
1.258114372951285844e+02
1.735098984269823177e+02
1.340841483285396691e+02
5.391223138299056927e+01
1.028816407669987427e+02
1.533187897625317078e+02
2.296079959566369837e+02
1.600025446077968638e+02
2.147690641704892585e+02
1.607016682074003029e+02
2.079851593203324001e+02
7.704420423756667446e+01
7.912705462334335493e+01
8.984742565474792286e+01
9.052171266348341305e+01
2.048883782003036060e+02
9.309043028468632031e+01
1.882896323193258326e+01
8.704722265825675720e+01
7.156588915889024349e+01
7.785124372099772927e+01
1.064479424198469530e+02
9.713691803668427838e+01
1.501874335857062093e+01
6.583755879395009458e+01
9.412701498559643198e+01
8.814247289141418662e+01
6.694396116686439768e+01
7.356844532139066928e+01
7.122227066955494479e+01
5.738446659207002654e+01
2.065119345097971149e+01
2.119509855987292326e+02
1.927687928833769604e+02
1.484816348750068187e+02
9.702268982435572298e+01
2.171776155642777439e+01
1.174831834848086913e+02
1.080921011377893137e+02
8.577255581182001265e+01
6.863496639899669560e+01
1.009768242914056913e+02
1.062461174055370918e+02
6.980622401200389504e+01
1.027505465140745287e+02
4.693796914261391606e+01
2.108859165883741298e+02
6.932507405332344774e+01
7.650677443895217777e+01
1.621667329458751112e+02
1.186615851464803910e+02
1.715953135864731749e+01
9.554637997872596600e+01
3.679608125020352816e+01
6.680922311240122724e+01
7.733493826495690371e+01
4.141496101088686288e+01
1.582052612168654093e+01
3.131866809916984451e+01
3.919466646569019730e+01
9.370547087636430206e+01
2.900848545887735952e+01
8.815241716616424128e+01
2.643762792055840904e+01
5.270517938996422913e+01
2.007135866949922587e+01
1.090247380261517520e+02
9.248722960029900264e+01
3.502340047236527454e+01
1.145645495006316992e+02
5.340169718250972153e+01
1.396814773484345835e+02
5.036197106965123993e+01
1.087692006233069009e+02
6.362979932846202757e+01
6.352369437184319878e+01
1.071889306271439324e+02
9.840173720931690582e+01
1.506456377272648126e+02
2.260293089052858591e+02
1.556426930778942790e+02
1.467549818914455386e+02
1.642319143527001302e+02
1.677466462237977112e+02
1.328569687917018598e+02
2.102134688275868086e+02
1.536331543073765999e+02
1.243949989306302797e+02
1.516743181097932620e+02
2.404585442585836859e+02
1.547554005032723694e+02
1.659118744344807794e+02
2.315632509386295510e+02
2.034849349665423688e+02
4.049008551971695056e+02
3.979340423618149458e+01
1.480083596902744034e+02
2.838772046801234978e+02
2.031382879389528568e+02
1.319028911053057982e+02
2.848212945741498174e+02
1.168914432405394450e+02
2.120955088020055257e+02
1.613120979840165603e+02
1.191176850767050297e+02
1.640380602393157972e+02
1.499007526148895124e+02
2.364976388867822550e+02
5.808506346892239236e+01
1.549725634248811446e+02
1.824626308076084626e+02
4.501464061731611821e+01
1.818108920045394825e+02
2.014530517544719714e+02
1.594721616876322514e+02
2.138601686849649752e+02
1.636373953468352624e+02
1.382608803582322423e+02
2.234178628275344920e+02
1.967244284863391499e+02
2.187775752951300205e+02
2.141017911326689784e+02
1.442701950420270691e+02
2.154098105859486054e+02
1.289578257371976520e+02
1.998119383516613823e+02
2.433791645897407818e+02
2.095507912422018819e+02
1.115284539041620206e+02
1.711371215800826917e+02
2.190632465954798533e+02
2.980655428685374773e+02
2.261562570177547684e+02
3.124667802717647191e+02
2.353737810286391721e+02
2.721329573825540251e+02
1.445045437255461707e+02
1.509646696587617498e+02
1.532805580352112997e+02
1.524945909120032752e+02
1.181869657897300385e+02
4.456903058274825469e+01
3.718185735029967987e+01
5.202709757001655788e+01
9.999322532621881976e+01
5.928421803946044122e+01
1.019469565028546896e+02
5.665384257666443091e+01
6.003106452866065723e+01
3.882168484242047413e+01
1.354740553230174385e+02
3.314605460861713482e+01
5.132131573273608183e+01
1.289533652408444482e+02
9.516607312783622774e+01
2.930320468829395963e+02
1.300109431084552511e+02
1.001615676323912680e+02
1.677033887184076946e+02
9.408267187056029002e+01
1.148193232783064843e+02
1.769781971486480927e+02
5.647436936657439333e+01
1.068967354775460734e+02
3.653937173755376477e+01
5.381251603824701846e+01
5.408916009782906542e+01
6.104847477752280582e+01
1.125836984415458630e+02
1.563160961368226367e+02
5.786205428326873346e+01
7.995661190470738688e+01
1.196661762119261709e+02
5.656543727058136994e+01
9.364164783113096746e+01
3.165202559958854778e+01
1.090407130980590154e+02
7.291012175474499202e+01
2.277673388233840512e+01
1.158012870992810832e+02
8.594933008389746476e+01
1.048767208258887536e+02
9.747840144998647816e+01
8.292319180749176155e+01
1.094543630355346409e+02
5.819109735282391682e+01
8.497970300644617225e+01
1.380837658916188673e+02
9.611708711976476138e+01
8.426177689941997073e+01
5.234171841152627991e+01
1.148708220613054749e+02
1.806829932302340751e+02
1.206036977197367293e+02
2.194309888530491719e+02
1.164496080464868868e+02
1.567771826666784705e+02
5.968569527348633130e+01
5.502895506305897300e+01
5.628854479313702797e+01
9.232443970362864150e+01
1.041057662510095838e+02
9.117486869892229606e+01
1.024726621053701479e+02
1.236817690395364195e+02
1.109997377138691945e+02
1.645110695348339291e+01
8.881439590020578123e+01
1.065420055338472736e+02
1.073230164501009511e+02
7.530588799172267045e+01
9.572271281847176283e+01
9.636391179908349613e+01
6.362078188638536602e+01
2.885144276232110627e+01
2.082254637309100929e+02
2.118023310255928209e+02
1.641467461198591877e+02
1.011855431456577321e+02
3.751608789484910744e+01
1.334987818894982183e+02
1.081103061661330145e+02
1.030391524254022926e+02
8.818992519356878290e+01
1.209051541667698757e+02
1.229855510039382409e+02
9.139274169448960095e+01
1.190551412136330640e+02
4.916831650229138972e+01
2.284206361692124858e+02
8.312733972357452217e+01
9.824267889796402642e+01
1.803465938829068591e+02
1.413202275943846189e+02
2.392650840157124748e+01
1.134378570702867535e+02
4.177916005836733859e+01
8.094099722995385093e+01
9.772361716507207063e+01
4.799834189655489070e+01
2.929307897844243058e+01
4.324964385844489811e+01
5.383406662283586286e+01
1.075605560412202948e+02
3.684816025685965712e+01
1.117170878389593014e+02
3.524663180645935512e+01
5.524511311203841046e+01
2.457657953574610943e+01
1.240996925676100489e+02
1.137366211867934425e+02
4.022348716724332718e+01
1.091454221307111254e+02
5.694061231623524577e+01
1.753725174971635852e+02
5.780504238679044704e+01
1.178736883281975025e+02
8.661799587614542872e+01
8.690030368563682828e+01
1.274314472326419008e+02
1.117368719927753489e+02
2.973173046249705820e+01
6.731812635954413793e+01
9.477278399239517626e+01
6.207216591238474024e+01
9.306266826955747717e+01
6.069014621001344523e+01
5.812957886320822354e+01
4.223544956571095810e+01
1.236231177350191786e+02
3.856062566694925664e+01
6.402151957153969875e+01
1.162177008134993628e+02
9.586725683786832519e+01
2.838414488800536901e+02
1.498462798943603218e+02
1.006177263625882858e+02
1.714289856208539220e+02
8.907510231613804308e+01
8.462022781701415397e+01
1.694616317359761695e+02
5.174835791631666382e+01
1.094101526244210447e+02
5.218618735592728086e+01
5.246044714485385896e+01
5.289379713165518382e+01
3.302479423518266799e+01
1.240173418590753442e+02
1.572087359557733350e+02
3.932919548110572805e+01
8.480305358616453759e+01
1.208703593769561877e+02
7.768836912992954069e+01
8.015270859890799215e+01
4.868046228537958342e+01
9.867242565499434193e+01
6.455591102928666203e+01
3.497970977491508648e+01
1.088804054066441296e+02
8.505026515883818661e+01
9.700827447920137558e+01
1.013017315957121127e+02
5.785216056010273178e+01
1.033114886111629005e+02
5.749271230776170682e+01
8.689757248589565108e+01
1.356545204357467753e+02
9.837342622085880350e+01
8.035484160445312796e+01
5.759257785037219435e+01
1.128957642457063031e+02
1.817933774280334376e+02
1.162788885738500397e+02
2.160858621593773137e+02
1.180754512930293174e+02
1.596912465512941992e+02
5.617360135285081668e+01
5.663784346396506919e+01
6.429395460992347466e+01
8.366087224205143968e+01
5.525274428078014921e+01
7.958435768295163371e+01
5.541530675043824061e+01
7.765149616979967107e+01
3.802011489063464467e+01
4.613494899943195549e+01
4.171745898526810947e+01
1.132007213514080064e+02
2.771906799263318888e+01
5.071070270021542115e+01
9.786120231414683701e+01
7.985851559251752008e+01
2.785578884678486702e+02
1.400866209158158995e+02
9.945500485098175147e+01
1.560301239485420695e+02
7.913678755438795065e+01
9.143277702453818279e+01
1.535113976413235548e+02
4.195882566249000689e+01
9.175121956577454796e+01
4.586412264511311321e+01
4.724039028354587799e+01
4.565208131374716061e+01
5.048015164180025494e+01
1.102686671434371135e+02
1.591144623454624423e+02
2.979986850194971737e+01
6.714394558356946163e+01
1.206347592888317877e+02
6.406942538546800847e+01
7.290353906111617732e+01
4.420977364266386900e+01
8.695919558424131424e+01
5.110479142052382429e+01
2.664268016814104811e+01
9.640941230216772340e+01
7.029231801328300833e+01
9.041780964823159650e+01
8.850911827075789517e+01
5.844939943457852394e+01
9.004513721716998020e+01
4.366939178822287460e+01
6.819597431286263145e+01
1.221741471680654882e+02
8.163422521878874250e+01
7.412226206604512413e+01
3.652177538966492421e+01
9.864423650188328452e+01
1.717633875036378015e+02
9.798365572675213286e+01
1.804385588234731586e+02
1.025260660589777046e+02
1.470291822148169274e+02
4.076608357371578961e+01
3.976099369860143895e+01
5.093770491513367915e+01
7.366981005120076986e+01
7.274854657541358449e+01
9.147068677229860612e+01
8.535866402334474401e+01
2.930814425065486972e+01
8.807667873967041317e+01
7.100998753670523911e+01
1.160546007565889823e+02
3.297605318948110664e+01
1.092814391788107642e+01
1.120938728188601345e+02
7.534466153561631074e+01
2.768052859457966974e+02
1.464567538435309757e+02
1.254537720839909696e+02
1.464465507282624230e+02
7.872220866088065350e+01
8.727700521255053445e+01
1.562429335215069841e+02
8.400721952011302562e+01
9.054247162730743526e+01
7.287873729411350610e+01
7.485682419854617820e+01
1.879792429425248201e+01
6.761438077118640422e+01
9.724123691696620142e+01
1.801347837360545157e+02
4.395063004998484502e+01
5.013367942830090840e+01
1.367331451649278904e+02
9.190280172224341015e+01
7.598063929749012857e+01
5.915591163996786861e+01
9.109660687295796322e+01
3.957259891798033635e+01
4.931269991526848173e+01
1.024216854787274116e+02
6.908768552889009129e+01
8.426546708748190895e+01
7.486821858940444940e+01
6.765048526403741391e+01
9.529442688131946682e+01
4.298363749769031017e+01
6.532435389547789839e+01
1.232480969029927849e+02
8.082090647251956739e+01
6.937260541799004443e+01
6.426501884247271335e+01
9.467070811670869546e+01
1.579160125591049564e+02
1.018067728167895041e+02
2.098443128835084792e+02
9.490388232083815012e+01
1.380807552812811707e+02
2.828244953340096757e+01
2.273610660290903240e+01
6.906665073897214313e+01
6.723241757796796492e+01
1.067693128194194543e+02
1.120572511618018439e+02
6.448642881660153137e+01
1.093143655985485481e+02
1.056238011309684879e+02
1.348330823016481190e+02
7.883295417137168215e+01
7.085810333882169232e+01
1.264671732258573940e+02
1.094876771812784426e+02
2.841458654319523589e+02
1.441101727101996346e+02
1.375010862429020335e+02
1.732559149333928019e+02
1.149818406989405872e+02
8.793474286931049733e+01
1.680207940319859290e+02
1.035125497796096852e+02
1.021583856795692071e+02
1.158905624167375095e+02
9.060187350330416223e+01
6.992377431026548606e+01
9.175263636475638407e+01
1.336858718819732701e+02
1.812838278937920506e+02
7.269476017703181014e+01
7.482055131243663482e+01
1.518188557290614824e+02
1.046299201922207942e+02
1.086227958332596586e+02
8.877307256385653034e+01
1.119411678294397774e+02
5.153550320954883546e+01
8.693496248115056346e+01
1.336822836283376148e+02
1.021814550672763744e+02
1.112256072869214449e+02
1.082506006135317307e+02
7.358228466424255032e+01
1.035722876246602766e+02
6.256918753948353640e+01
9.778888440668598037e+01
1.463577697454886390e+02
1.167283006733769781e+02
7.923795201140563904e+01
8.895671988344943770e+01
1.258215061798098304e+02
1.831348239795002542e+02
1.181836635706480507e+02
1.830709849846992370e+02
1.251612210293491643e+02
1.443607418664950330e+02
6.494737335814622270e+01
6.699515439678098971e+01
8.660048052482859759e+01
3.884449255879961527e+01
1.041417138960813276e+02
7.883944599649352369e+01
3.291096849207033870e+01
5.255683343687391584e+01
1.380984337900019341e+02
6.506266766675327062e+01
8.534614747270123303e+01
1.245149954765228131e+02
1.086003264088413829e+02
2.973207774209506624e+02
1.050949545305133057e+02
4.410577669570216131e+01
1.818331002428263332e+02
1.010892177848122060e+02
1.244672803890055945e+02
1.794503197576160858e+02
3.517936114936829739e+01
1.077313086900578440e+02
5.876601704833390016e+01
4.309024750639530765e+01
8.094212915239828021e+01
8.270676143153082194e+01
1.326228391158839770e+02
1.151985771008341146e+02
6.815140287017385390e+01
9.854391453192427264e+01
8.771754140962640633e+01
8.404138415102973170e+01
9.343331719074025443e+01
6.543840018102906697e+01
1.122824333471579621e+02
7.876131066278048820e+01
5.768808971591681711e+01
1.163360449996280153e+02
9.693133068254789464e+01
1.115607960381999391e+02
1.163885427579879348e+02
8.977775223588909626e+01
1.122721127760652280e+02
8.490905865545555287e+01
9.546331697432540864e+01
1.392978135431040414e+02
1.076204774274370095e+02
1.148771660246074475e+02
8.112830930941345287e+01
1.183513501994390396e+02
2.004804572732086001e+02
1.230945118720036930e+02
1.606711685635447679e+02
1.306824612877070422e+02
1.653164279840513302e+02
7.765077968409072184e+01
7.788218986605672001e+01
8.487639197237929523e+01
1.036253453834607114e+02
7.398617888795330089e+01
9.886015986694179958e+01
9.663804556147290725e+01
6.960650466412582205e+01
8.034161594339185797e+01
8.056725739680398135e+01
6.355065505314853880e+01
2.034419032000045391e+01
2.033069015221928453e+02
1.987966853316837899e+02
1.555012417965325255e+02
9.842100595805440832e+01
3.103747314075919306e+01
1.244265829752423116e+02
1.065010001350430429e+02
9.200096918571162519e+01
7.567365843251948831e+01
1.076181203854141160e+02
1.098299284910696372e+02
7.628960191919395584e+01
1.111193436674524833e+02
3.730948595375518551e+01
2.149289797741843131e+02
7.531163839901782353e+01
8.477218535082103301e+01
1.697641868952854054e+02
1.272701389234056393e+02
2.360284612017537142e+01
1.025547235879670183e+02
3.617002083633302334e+01
7.216500734623947722e+01
8.396886708751560491e+01
3.986516084796004122e+01
2.332538309798395204e+01
3.621544192823816388e+01
4.595698934742907937e+01
1.000139007720565303e+02
3.288285690466719302e+01
9.666089126513919894e+01
2.900840990685392029e+01
4.356022847844841550e+01
1.168529193088340357e+01
1.155434117682840736e+02
1.004295194963418396e+02
2.999326830769438601e+01
1.031927340756672749e+02
4.949697383353956326e+01
1.559445684278670683e+02
5.150856887591623234e+01
1.052521086252934026e+02
7.083448257155845340e+01
7.153287366842637596e+01
1.150931803640704771e+02
1.059807654132619490e+02
7.092855573435511474e+01
5.930394727673944999e+01
1.129143099961607390e+02
4.207844907588228978e+01
2.998713548115207672e+01
9.858820927125111666e+01
7.349877428241731536e+01
2.763799523523626931e+02
1.436649537293892536e+02
1.186334629680733315e+02
1.485857727850447532e+02
6.697065322398789533e+01
7.730219245694327412e+01
1.525037241775722521e+02
6.902335204437436289e+01
7.806066896050441528e+01
6.244977651449920586e+01
7.420996935287595875e+01
3.275741462989991248e+01
6.509826750029688469e+01
9.737698997406239698e+01
1.660388176321959861e+02
3.506511906261722089e+01
4.238346389270716230e+01
1.265314560761206906e+02
8.131676424359700661e+01
6.671625316471821066e+01
6.535032780903324579e+01
8.172440251923688947e+01
3.561115507380866063e+01
5.009239658992415656e+01
8.639748122340488123e+01
6.123718135369450977e+01
8.972432096175359106e+01
8.377389295937099689e+01
5.994816861135885944e+01
8.283887063906010439e+01
3.916513429613397790e+01
6.438310148458201354e+01
1.132959655961639527e+02
6.909444905497211664e+01
6.957689864499602095e+01
5.446187423207256728e+01
9.206834072137719716e+01
1.673932517812334879e+02
9.485101105061015403e+01
1.411647118959337774e+02
1.002471236956448024e+02
1.440426805468704856e+02
1.736895125788812422e+01
1.474501254728591171e+01
5.727877879664020355e+01
6.282891245011697379e+01
5.862673317330336431e+01
1.374520897205528911e+02
6.300991486587189883e+01
8.299365940776560535e+01
1.164314083073573869e+02
1.043014268642768343e+02
2.980158015628865655e+02
1.223726710353881373e+02
6.810426218345035920e+01
1.784448114527732514e+02
9.959455806995904936e+01
1.146084730331092771e+02
1.733732655877255127e+02
1.698099320149812641e+01
1.141717656197845088e+02
6.147690554131009577e+01
4.046867148082717591e+01
8.055995672310598366e+01
7.326994569018550862e+01
1.347218647156944940e+02
1.337746775715691570e+02
5.843054600020133194e+01
1.027456765371573653e+02
1.026542460975020248e+02
9.155529701842155532e+01
9.245669838375164318e+01
7.060226979631103461e+01
1.042956422463224015e+02
7.507185365755192663e+01
4.900125862925228404e+01
1.132673322794052382e+02
9.313667934586709407e+01
1.141248863125618414e+02
1.146652406811980143e+02
8.178521292345841687e+01
1.093411035840043013e+02
8.036582278207369257e+01
9.372504844979991390e+01
1.405220238139353626e+02
1.045187123411716499e+02
1.067242991626062860e+02
7.487093263039052715e+01
1.198637311299543029e+02
1.933189137885259754e+02
1.192777152421340361e+02
1.683537886302444520e+02
1.284265711082390737e+02
1.652925011384675429e+02
7.249145460301834021e+01
7.483156206763629825e+01
8.104797979943492692e+01
1.010003116306197768e+02
1.401804529840551652e+02
5.337646360325121009e+01
6.959605753834149766e+01
1.225159535538682718e+02
1.004366086951144439e+02
3.004822403084369853e+02
1.366682685214362607e+02
7.487504344243305354e+01
1.798693104027926779e+02
9.235719162817123618e+01
1.045518528227776045e+02
1.808066908689444858e+02
5.503756977273774709e+01
1.197364143715153659e+02
2.658609075957591372e+01
6.780074124271169467e+01
6.181380826807953355e+01
5.875979654499165150e+01
1.314049565448887336e+02
1.424089522577189939e+02
4.672679077387666524e+01
8.612773214128228005e+01
1.009157940555171535e+02
5.616252226998445707e+01
8.917833339362070433e+01
3.480325296826826076e+01
1.034620188442901281e+02
6.889836000492574897e+01
3.283931152756881033e+01
1.128218295319628197e+02
8.709400579544941934e+01
1.120632985718363273e+02
1.121691516184607451e+02
6.777491396434218984e+01
1.092698160980652631e+02
6.148817839870208957e+01
9.224926049735708489e+01
1.356609428888914124e+02
9.999602166988373142e+01
9.396119274252525599e+01
6.613986022745680771e+01
1.190517897068391449e+02
2.008717679213143867e+02
1.266553381343428413e+02
1.903097723549313969e+02
1.305932494144054488e+02
1.769495397206811163e+02
5.075889483291176418e+01
5.510469659788390828e+01
6.396240683982629349e+01
9.766740536383609594e+01
1.080704700926572599e+02
1.101535240212715365e+02
7.159628989654576969e+01
6.313547765740367623e+01
2.022604610070914077e+02
2.204354656823032599e+02
1.831936877198577918e+02
5.445555227797102305e+01
6.873701605490938960e+01
1.635883320099309230e+02
9.974932892864626410e+01
1.314102176177806882e+02
1.094179865906954205e+02
1.495258243837971008e+02
1.343679168339460830e+02
1.048498215061053997e+02
1.405503123296795138e+02
8.254185637447049828e+01
2.464540553240253473e+02
1.171432847250541300e+02
1.153336423413280158e+02
2.074327075100783873e+02
1.573263845071093385e+02
6.569960645813287670e+01
1.272513323671059311e+02
5.887822862990397255e+01
1.071963937357440102e+02
1.214573553716927989e+02
7.548000652738178928e+01
6.462210654898541407e+01
6.756369279068461253e+01
7.246391236533541758e+01
1.368004954096779500e+02
6.409076289383892799e+01
1.287252586755371908e+02
6.880070117235820248e+01
7.093441902560716983e+01
7.213397826331519980e+01
1.444448115961396866e+02
1.325673441432261370e+02
5.938952700499061876e+01
9.867793324270985522e+01
4.554334414392149455e+01
2.116920368323703201e+02
6.075960865600757188e+01
1.250769291793204445e+02
1.097645638370047294e+02
1.094479612901591707e+02
1.527578759378495192e+02
1.316343833743293317e+02
2.812658713932992427e+01
1.060741999675158098e+02
7.278165577444441681e+01
2.711134274016886820e+02
1.398589047732188817e+02
1.088135805227395991e+02
1.447655142912292376e+02
7.808065852242327765e+01
9.180454613005892384e+01
1.479883264210937455e+02
5.528842360087345753e+01
8.725738129188303560e+01
5.105459991937361508e+01
4.655008710324516841e+01
2.412144685730948268e+01
5.290746339861887293e+01
9.757540626065679135e+01
1.687848717701282624e+02
3.540674259024775949e+01
6.662527418413279179e+01
1.268127325859557288e+02
7.219078940137272582e+01
6.962012020790298550e+01
4.062287915108461078e+01
8.443980487831458959e+01
5.246780019981358834e+01
2.930755585666375751e+01
9.851632289186699154e+01
6.519933090573033496e+01
7.613685627336639072e+01
6.925106025669293786e+01
6.095930643631162127e+01
8.903013360244061403e+01
3.686866438001622015e+01
6.243605990400907757e+01
1.200221352167129112e+02
8.071799528380751099e+01
6.747673413200736547e+01
3.997284638546177149e+01
9.218876711999342888e+01
1.562578120465695406e+02
9.631701757303611089e+01
1.567800699203390877e+02
8.855516571485449617e+01
1.334556767766783878e+02
3.977992079562273631e+01
3.514672246240639453e+01
6.167887680337433665e+01
7.123256330227070521e+01
1.070829669663659871e+02
7.034795264371268786e+01
2.703726546703808253e+02
1.476032208446017648e+02
1.248663196775071640e+02
1.386954869516058295e+02
7.666245970316042246e+01
8.808146497295500410e+01
1.508825161440564671e+02
7.910049122478513084e+01
8.514200999563578875e+01
7.082490356878594184e+01
7.151654473958586777e+01
1.554634683451242871e+01
6.796916086424911896e+01
9.278483922602472944e+01
1.794413096389397140e+02
4.265805594237177445e+01
4.708074962128618779e+01
1.342318940614445353e+02
8.884521804327215477e+01
6.953054773577103731e+01
5.578864746076243364e+01
8.386843892207517115e+01
3.617830263825021575e+01
4.498926241942095317e+01
9.845337568305146192e+01
6.335684932605060737e+01
7.907599081928343310e+01
7.020819655488656963e+01
6.891886362624472895e+01
8.993024810686071646e+01
4.395038704417285658e+01
5.862337823667224512e+01
1.168674926558907288e+02
7.581595274989062716e+01
6.834969370633231733e+01
5.878154039339717940e+01
9.031017086383906189e+01
1.517823871067805612e+02
9.655252520069838340e+01
1.573766102765692381e+02
8.905925383691953812e+01
1.287755006157117634e+02
2.998144795237643478e+01
2.306946089096516417e+01
6.871716996374006214e+01
6.583808987340938756e+01
6.514547629588774669e+01
2.111159284390907374e+02
2.179385487844568274e+02
1.732614472937901837e+02
1.188796893044825538e+02
5.928934533501517734e+01
1.478851717407871718e+02
9.886318352149760358e+01
1.164633216879376221e+02
1.011791678919649939e+02
1.346443066858532802e+02
1.306112496648206900e+02
1.013918672239090313e+02
1.308516789372742437e+02
9.364491475111569230e+01
2.322709537389739864e+02
9.674363837066250937e+01
1.063886483352605836e+02
1.958189102860518176e+02
1.436456773355318717e+02
6.023978581752674444e+01
1.257044919267738976e+02
5.907670777690884734e+01
9.110046963698565037e+01
1.116961150012876232e+02
7.076867934500734236e+01
6.024274221916394367e+01
8.154129840265490259e+01
8.516719868111351843e+01
1.191088521649435705e+02
6.313206976313792040e+01
1.220638331102679217e+02
6.515109510190127651e+01
7.580389043526918158e+01
6.811937137661254837e+01
1.365485139118501934e+02
1.239706386673137359e+02
6.390429754069456436e+01
1.298527624287825404e+02
5.992189267458432056e+01
1.704578864345204465e+02
7.163474623330586155e+01
1.308281281117108676e+02
9.633916982439471610e+01
9.761289087910914475e+01
1.375422111646855399e+02
1.167544470654209192e+02
2.068376134568640623e+02
1.864072195368277107e+02
1.563507007242298243e+02
9.778162597472308448e+01
2.900917791804007351e+01
1.268016973172337032e+02
1.040850307370794781e+02
9.452006959368520711e+01
6.907186456463038837e+01
1.087011122638054985e+02
1.054747715762952680e+02
7.005922940387620201e+01
1.107608992240035093e+02
3.750945089227188589e+01
2.129913685331597719e+02
8.166543948943048292e+01
8.065386451555350789e+01
1.721604270728862502e+02
1.227591015100829708e+02
2.384929237986033712e+01
9.586921559378293978e+01
4.292095672863177924e+01
7.422151616838394261e+01
7.962607316532545099e+01
4.606974430430707201e+01
1.844536834002656178e+01
3.668969063931128716e+01
3.792716262712938402e+01
1.047830994433395801e+02
2.845212478214760665e+01
9.168720823319659985e+01
2.087604834244531560e+01
4.843586269526942090e+01
2.018498831664651760e+01
1.119477674713290725e+02
9.759091475433343987e+01
2.840052572550709442e+01
1.016194107853410742e+02
4.260975783205187639e+01
1.542863960844794065e+02
5.208918820207525613e+01
9.610504650544861249e+01
6.855947578886249971e+01
6.982919465475337972e+01
1.139322434128947918e+02
1.087893384418186002e+02
3.841182630513003460e+02
3.452038470035724913e+02
1.825097324046313076e+02
2.092686939214160020e+02
3.165075457249823785e+02
1.818748960091523941e+02
2.927021651760343843e+02
2.666550161250768838e+02
3.129150332295777730e+02
2.978492461034931580e+02
2.659264413877519360e+02
2.912982525367011704e+02
1.918823132797881215e+02
4.094080149862456324e+02
2.732244353619064441e+02
2.782327409179508777e+02
3.655857814851945022e+02
3.078767746221403172e+02
2.138175756509061216e+02
2.868442380656579189e+02
1.873618038505577488e+02
2.611378436869442794e+02
2.819260151442259144e+02
2.044368777659044554e+02
2.119743193915536494e+02
2.055068954859020494e+02
2.184149224470341153e+02
2.942108740796037978e+02
2.039577689825769937e+02
2.914369235158967513e+02
2.132659868615365610e+02
1.720668358026140083e+02
2.090441517036704226e+02
3.020365055650004251e+02
2.958053672597854984e+02
1.975708688604678969e+02
1.379669714201312729e+02
1.902551948571937430e+02
3.716704512945143506e+02
1.904193225108063814e+02
2.421834050344485547e+02
2.740612834288710928e+02
2.717672644718822994e+02
3.131390899293752454e+02
2.820661188940223951e+02
1.147101275454351708e+02
2.597495509622749523e+02
1.940054849851757695e+02
1.329559461543687462e+02
2.660260906296046528e+02
1.219199175389294538e+02
1.868307720192488262e+02
1.433344533921980997e+02
1.114022927973628327e+02
1.500774130048307029e+02
1.455908620864888405e+02
2.139800747895666859e+02
4.969145599620037501e+01
1.491240462054684031e+02
1.597964458138576731e+02
4.454782963630223236e+01
1.583069173039955899e+02
1.885585098166802709e+02
1.309903466851813789e+02
2.047017616567506479e+02
1.507839764832276899e+02
1.282195294154710155e+02
2.105562176465289781e+02
1.815037358096951152e+02
1.986939907946984931e+02
1.928032974668244037e+02
1.443835673434597311e+02
1.989167350214513874e+02
1.234212822017777995e+02
1.819615507480350516e+02
2.278352419868531626e+02
1.968338489895649843e+02
1.128615872384607570e+02
1.555072678565310014e+02
1.988258901699612977e+02
2.720848602126629885e+02
2.009269674327004793e+02
2.651462675815944294e+02
2.139664744270464496e+02
2.421926917557534864e+02
1.414511091220111325e+02
1.447230109330016603e+02
1.426166720301360158e+02
1.414849862214794314e+02
2.319150859743268711e+02
1.520231119253361953e+02
1.541413706166181328e+02
2.297703113905002397e+02
7.266525893781296475e+01
1.600505353858467004e+02
9.323237031565072641e+01
7.238166635498349422e+01
1.154795491318675573e+02
1.066730968448741521e+02
1.877854633086079730e+02
1.203989277503603006e+02
1.024504494626973354e+02
1.342230332709065408e+02
8.785306500596421131e+01
1.050888984593029534e+02
1.413801356923217156e+02
8.087618694682728915e+01
1.628983770197229717e+02
1.130285037555544250e+02
8.976020461283758323e+01
1.678664352345018074e+02
1.464385924749559820e+02
1.580396032971735565e+02
1.655963393850728096e+02
1.233477578445940708e+02
1.623842947331977484e+02
1.189131967715038201e+02
1.497558899870522282e+02
1.915855509012241953e+02
1.626250792436439951e+02
1.428220510827475493e+02
1.256175648180675353e+02
1.673686515889336306e+02
2.462664787218465960e+02
1.671638062928297472e+02
2.638750044822438667e+02
1.824616905541912217e+02
2.184160165190454563e+02
1.142542586150829322e+02
1.172396241243449140e+02
1.205865043536290244e+02
1.386091722512975650e+02
9.891170536066137231e+01
2.078374338944070985e+02
1.483101860306311437e+02
1.747402624559080948e+02
1.402833348856675855e+02
1.741424252959313890e+02
1.769450705741053298e+02
1.415305557521808453e+02
1.931884235964149354e+02
9.867304428467841149e+01
2.903431465881099030e+02
1.595558495316157348e+02
1.461390408480852727e+02
2.491848663342067880e+02
1.925425357191532498e+02
1.055933003859215376e+02
1.573288388811433549e+02
8.737834804490340446e+01
1.502274946169060001e+02
1.589590480968776376e+02
8.976952436813894565e+01
9.072633184746905499e+01
9.034423687023578964e+01
8.104530099659878317e+01
1.865008503409033267e+02
1.027376419401813621e+02
1.702363950840231155e+02
9.937886107091807730e+01
8.506109413639049421e+01
9.626345822437217237e+01
1.867708087759084208e+02
1.625086070139682874e+02
9.275952476164175664e+01
8.100158627405986067e+01
9.936094245597453778e+01
2.458433242431810299e+02
6.747968850543892927e+01
1.683444525991809542e+02
1.483789456857398363e+02
1.453884965767522885e+02
1.783295022484380752e+02
1.671494170804271278e+02
1.200353619267275320e+02
1.125753383235653331e+02
9.049732228387745181e+01
6.721864922267548081e+01
1.027091087594160115e+02
1.099440933815258461e+02
7.229508074656833116e+01
1.029651756090099468e+02
5.146947052961311186e+01
2.076487368024936870e+02
7.731831450803048256e+01
7.889846164595667233e+01
1.640770310484488448e+02
1.185736959404602260e+02
2.419540927023456334e+01
1.012919323275394561e+02
3.300262518109693843e+01
7.343513049781073221e+01
8.497157908425539574e+01
3.178374596182031553e+01
2.141221717785408885e+01
4.314608020712585557e+01
5.055352850375072649e+01
1.017617463447624573e+02
3.079910435185089668e+01
9.182415962041822866e+01
3.423609936919887531e+01
4.927581299917540036e+01
2.884148161822946221e+01
1.169354079566993931e+02
9.529917305080876133e+01
2.952989873073752491e+01
1.159847399692594223e+02
5.269273145298973304e+01
1.614764102264949486e+02
5.417148364322611798e+01
1.206401472674845365e+02
6.219200559509869208e+01
6.326715948223232289e+01
1.119891140407947177e+02
1.100380056655179430e+02
1.993544745834606999e+02
1.151871779146573829e+02
1.437152569540053264e+02
1.165911092182186053e+02
1.184303881162710752e+02
8.209538300878783446e+01
7.276246754858085808e+01
1.603268337782045592e+02
1.408017178746972036e+02
7.639063694581693653e+01
1.100388586844736523e+02
1.093113891811167377e+02
1.440213810828094552e+02
1.152057501889764382e+02
1.166279103702900528e+02
1.290698159864241177e+02
8.450676387194276629e+01
9.346636434648205238e+01
1.425075780085433905e+02
1.203589505367737331e+02
1.365903034468630608e+02
1.361888740792646217e+02
4.912173641881096842e+01
1.355617873873820827e+02
5.701566722179875057e+01
1.215366028846683832e+02
1.692752099602249416e+02
1.329219344022939708e+02
4.402989850794030957e+01
1.161608293514492232e+02
1.438300634633470452e+02
2.136963107417862204e+02
1.490330920976627169e+02
2.660881975116073477e+02
1.545929373646894760e+02
2.006383884368177632e+02
6.900106543434657169e+01
7.289817284374827011e+01
1.088994932021198849e+02
5.922616185000329381e+01
1.729262536388275748e+02
1.479413983100617429e+02
1.849193631608524981e+02
1.772321281484689734e+02
1.465339076966373852e+02
1.821130214461365142e+02
1.108680962811371842e+02
2.878694444232646106e+02
1.510615755110559064e+02
1.394006666565626631e+02
2.507352624092694953e+02
1.894013644318084175e+02
1.041406816714050336e+02
1.715693554419739826e+02
1.047904525887531975e+02
1.451552067124834764e+02
1.625104869253049742e+02
1.214901775838415006e+02
1.122258205842576615e+02
1.164655856203514617e+02
1.133583642058783312e+02
1.680290705367115152e+02
1.071935358937899423e+02
1.724073514190962726e+02
1.008012110298447226e+02
1.173516846998729193e+02
1.108184460450101625e+02
1.855559581663833626e+02
1.402705563276909402e+02
1.054685203116294048e+02
1.343233397241812668e+02
7.806609731559940712e+01
2.277820515732164495e+02
1.019966160558614803e+02
1.359172056992785258e+02
1.536917877130591705e+02
1.513181981643526512e+02
1.654935116053977140e+02
1.626750715074150264e+02
1.049280875409685194e+02
6.131954653375121467e+01
2.969086053970451999e+01
7.300152595046020565e+01
6.943688901727783502e+01
1.280831611744256122e+02
1.370280726892345342e+02
5.701915136108995341e+01
9.565856277712680367e+01
1.010740654519367752e+02
8.674027707259519104e+01
8.545500784174163300e+01
6.560330819229032784e+01
9.869771949262047883e+01
7.373406596416620573e+01
4.487136289464353922e+01
1.112357687429531552e+02
8.293238134848735399e+01
1.048482095200916291e+02
1.068082569945995459e+02
7.998276780472149028e+01
1.062781599054966648e+02
7.391374529537931437e+01
8.839646326187855152e+01
1.332578954857834503e+02
9.795877693135538777e+01
1.016055434971509470e+02
7.067362629189541678e+01
1.147533094575381654e+02
1.907052542852889587e+02
1.172871089968158174e+02
1.682398044129243431e+02
1.235900697602887703e+02
1.622193422677881074e+02
6.466347952042974612e+01
6.814594865858764194e+01
7.703037645291061608e+01
9.969566260856899476e+01
1.211763100365487560e+02
1.075391662182752839e+02
7.927074143916323123e+01
1.302224997935787201e+02
9.095377403486338608e+01
2.171488501268807170e+02
9.620581598317801308e+01
9.224807943889300077e+01
1.856062673305037833e+02
1.276546699984127713e+02
6.403302896464460048e+01
1.080905701861337747e+02
6.738409709896198763e+01
7.825409758027656437e+01
1.058814697046628623e+02
8.189379242973384976e+01
6.210448641370966527e+01
7.567892798155422440e+01
7.091059947503329397e+01
1.271294552930222466e+02
8.076609761307832969e+01
1.088693923072183480e+02
5.700885367156661943e+01
1.039371291352734659e+02
7.055534594802958281e+01
1.298257782046645445e+02
1.065065839385521826e+02
7.955719941552806063e+01
1.575834682714244366e+02
8.787638850643106991e+01
1.736552279229705675e+02
9.180889349843231173e+01
9.604241199117601013e+01
8.527040750650877499e+01
8.183006744161914980e+01
1.178426944302175627e+02
1.075719253967815945e+02
6.957860768141826213e+01
6.708618957938183769e+01
7.851089079767729118e+01
1.332872970130088675e+02
1.560056004297204595e+02
6.078253366265794000e+01
9.427629971484790872e+01
1.098055544259353127e+02
5.646874100612471636e+01
9.754773528580398079e+01
3.471235539367710743e+01
1.128643632897664588e+02
8.439608217608801510e+01
3.697640705128264926e+01
1.220397057485031382e+02
9.658578148899459848e+01
1.194099183162603310e+02
1.136653637075879999e+02
9.073009113966270434e+01
1.230631654406163591e+02
7.085883710981418915e+01
9.752740566424022006e+01
1.514252504093438176e+02
1.048061531867581522e+02
1.032429445282149061e+02
6.456863916416722304e+01
1.273651699810498883e+02
1.993823453974297024e+02
1.330199231861110718e+02
1.893805852881692431e+02
1.301328921379435428e+02
1.786212541619694889e+02
6.355113820605259889e+01
5.861233202636181261e+01
6.564208626932320101e+01
1.054083126055532773e+02
6.490495012634038119e+01
6.700803607611067036e+01
1.332462861544383657e+02
1.400861316972677457e+02
6.260248078435742514e+01
8.814592946359189796e+01
1.078285000814403958e+02
8.453013659517526435e+01
1.028231633923783619e+02
5.577654977030836392e+01
1.164276220038427425e+02
6.858210386316659424e+01
4.711776759043132756e+01
1.291287220302195635e+02
9.785171258543364559e+01
1.070539007569016121e+02
1.035687404064222505e+02
8.559662721285960174e+01
1.158989221420309121e+02
7.237358208188842923e+01
9.608705539898011239e+01
1.483112772041576193e+02
1.137156398817383831e+02
9.420609665122260878e+01
6.947298267774728231e+01
1.218868246593072229e+02
1.884720769571536039e+02
1.181439885913275702e+02
1.944648917536277679e+02
1.215580435339324765e+02
1.615689685834879867e+02
7.214252342142626162e+01
7.178842484156407977e+01
7.203125246838077089e+01
9.403668502335973756e+01
6.279372287554055987e+01
9.449001861831062854e+01
1.785139669452859437e+02
3.563230501022260910e+01
5.172642586916159502e+01
1.353406092248496009e+02
8.739192742829138183e+01
6.623666291421280050e+01
5.459698159792689864e+01
7.955956741279680955e+01
3.707990074024908722e+01
4.482894880852508379e+01
9.308080892016343455e+01
6.165529398970026875e+01
6.855886177822918626e+01
6.564188272507688282e+01
6.003403160676411687e+01
8.519775125309094221e+01
4.049540437021611439e+01
5.875479245450242161e+01
1.134824445192674744e+02
7.614067586831716028e+01
6.840099441145099490e+01
5.944895049195962144e+01
8.731983457760425438e+01
1.529136986346673837e+02
9.399533027363366955e+01
1.620457200542862211e+02
8.488521387535638496e+01
1.286387465284453526e+02
2.668775222438292971e+01
2.259469743404455500e+01
7.108438722521589170e+01
6.147253830521244566e+01
1.391483074165453218e+02
1.546699376860969721e+02
4.655619004202889499e+01
9.270608603122185798e+01
1.222851122873614287e+02
9.556166433546458450e+01
9.630563895658093543e+01
6.396848747257878642e+01
1.179988727242833022e+02
6.852293122613052390e+01
4.804058673770505550e+01
1.283737284582348650e+02
1.023123709415038434e+02
1.142031377764726301e+02
1.164103046109626831e+02
5.370227144810147735e+01
1.198202118580191780e+02
5.545734942733323436e+01
1.058490719347737468e+02
1.541381562874168765e+02
1.192065177166921188e+02
7.366290946903039583e+01
7.787427584551960535e+01
1.246978227614171288e+02
1.894320556535840581e+02
1.303904739082029494e+02
2.436272632216180227e+02
1.361540956119004875e+02
1.753061441257026445e+02
5.928710688298524900e+01
5.948396749163137542e+01
6.683142155255515604e+01
8.357537533670789287e+01
2.426466533338812326e+02
1.128970147531137229e+02
1.009885761694300896e+02
2.001176548193811868e+02
1.459073386073372944e+02
4.683794129260993344e+01
1.204689113464806240e+02
5.780443240501668356e+01
1.020188077339837491e+02
1.147930957712112274e+02
5.238059555529520850e+01
4.390908041493357672e+01
4.658868051425267964e+01
5.121812135210089423e+01
1.395439492549865292e+02
5.287990501860581105e+01
1.186144211892588061e+02
4.225505470510108808e+01
5.564486601683014300e+01
3.202468965556806069e+01
1.421966964664084969e+02
1.208002529074697406e+02
4.150366000446487647e+01
8.296997054898956492e+01
5.572764830327609786e+01
1.983887226017489809e+02
5.200190955865792830e+01
1.002661365290379791e+02
9.848347619844709300e+01
9.493165068809783236e+01
1.384461539670239745e+02
1.299529520736285519e+02
1.618578737630144815e+02
1.936947218952452090e+02
1.894187775161874754e+01
1.805371387583815306e+02
2.003986975987259882e+02
1.560014739375323529e+02
2.226525035866297060e+02
1.705579439749930657e+02
1.518522124251713308e+02
2.185908764910980153e+02
2.044436976132171537e+02
2.217103504551195954e+02
2.217011133474192093e+02
1.576183495012739684e+02
2.133087399977391385e+02
1.501300444620460155e+02
2.077621571642567062e+02
2.524723105625532469e+02
2.185454877744691657e+02
1.288321129674788779e+02
1.846045155903910882e+02
2.223473356507290930e+02
3.043645493863560318e+02
2.288258253104697815e+02
2.968035702567266867e+02
2.431338602539705676e+02
2.771292796680290280e+02
1.624122868942180844e+02
1.665796282893060720e+02
1.691674143735887981e+02
1.663131177062266204e+02
6.501326507946441779e+01
1.212173518029768360e+02
8.710421497901940313e+01
6.887353792307625611e+01
5.875299122620138803e+01
8.149802124735919051e+01
3.566022347029891648e+01
3.812467169905374220e+01
9.563984027807458688e+01
7.020795249968745111e+01
8.869506218145308196e+01
9.128360395423486295e+01
3.761598336882622817e+01
9.014986514992273214e+01
3.710699942490428072e+01
6.948348617642551517e+01
1.203907858442111944e+02
8.295175917502892560e+01
6.007934962233606058e+01
5.608772647196701655e+01
1.021608164484286050e+02
1.695136922741043577e+02
1.015016973181744220e+02
1.921804221064718377e+02
1.061317718308560245e+02
1.506004855343653617e+02
3.152967311744001933e+01
3.112134063237136417e+01
6.095004507304605568e+01
5.995292041582620612e+01
1.590730425009962801e+02
8.662435543775380609e+01
7.759888314245202423e+01
8.218851808125617708e+01
9.748695522134600822e+01
5.155725035480664786e+01
8.104201810474282297e+01
1.052083535299219932e+02
7.015281163093824546e+01
9.084882243129854373e+01
7.773019398984975226e+01
9.042453650890435313e+01
8.825965113948869600e+01
7.077271839770430972e+01
7.283223616220411145e+01
1.216700786943687405e+02
7.839868828134349599e+01
9.390859734476470067e+01
6.005009596772225677e+01
9.315953966503164452e+01
1.682704768734711536e+02
9.781731257368065258e+01
1.532334813085358576e+02
1.020940929117793843e+02
1.442570401330131062e+02
4.789487092958701453e+01
4.140183471545213223e+01
5.836883960163279994e+01
7.793096472806850272e+01
1.406021333118518442e+02
1.606073697039966248e+02
1.208052602081708642e+02
1.740235420691918478e+02
1.352891792271244071e+02
1.142930044484047158e+02
1.829962776325666880e+02
1.619504969803931544e+02
1.800075794713253288e+02
1.818899924308832681e+02
1.184154004410932401e+02
1.797316912434319249e+02
1.102851097328523196e+02
1.630298422869909700e+02
2.061793471450262132e+02
1.733283381465962236e+02
1.031258059463347649e+02
1.462935823827675392e+02
1.866073745324461299e+02
2.661516644119722059e+02
1.955056233218556372e+02
2.278383913843228754e+02
1.971678469567661125e+02
2.336097184426258195e+02
1.182866597597762421e+02
1.222075063490110409e+02
1.337416565294415705e+02
1.313201997486296477e+02
1.170541980519268179e+02
5.155014359132350421e+01
1.359818396406429031e+02
9.889504947642861055e+01
6.581046254213684676e+01
1.403250394484105641e+02
1.116031154741076961e+02
1.304962885855593129e+02
1.219316037293642694e+02
1.137458275518152675e+02
1.110206647566831322e+02
9.267058293581004591e+01
1.159323166444109887e+02
1.636485912198185702e+02
1.224132182561118753e+02
1.234629065169829971e+02
6.515966005188560928e+01
1.387975920019055138e+02
2.108567569781896793e+02
1.437704419720676015e+02
1.998770816229310014e+02
1.446546464740904128e+02
1.842654285035851558e+02
8.610087967687987032e+01
8.284493609929172919e+01
6.706749553113677109e+01
1.076072126710542136e+02
9.775652111880127393e+01
4.102298115432400749e+01
6.919328783163371099e+01
8.207811164999483822e+01
3.940875936917498024e+01
2.369088299440471701e+01
3.431177681167947213e+01
4.456130194606432582e+01
9.251620742702021971e+01
3.096053551252110481e+01
8.841221944277454270e+01
2.489664245560091160e+01
5.557378610051497958e+01
2.646794857563803305e+01
1.124217095405993661e+02
9.299436377605179871e+01
3.335378377255118920e+01
1.177425556824640580e+02
4.745670711913557938e+01
1.273647647595788186e+02
5.661597749904451859e+01
1.042318418445810835e+02
6.249593448280479890e+01
6.251307126974028705e+01
1.092961956495390012e+02
1.031569009494944567e+02
1.113082136069196508e+02
6.941359460612356713e+01
3.317402713538043457e+01
1.210167658665864252e+02
8.883513862901143909e+01
9.432306577499099376e+01
8.814053410137016442e+01
8.111000241917049891e+01
1.094475454114441391e+02
6.415258694859547006e+01
8.732558421871107157e+01
1.409002747110571363e+02
1.041089686909629535e+02
8.829098467477504641e+01
6.254274570624339447e+01
1.169646209016828209e+02
1.711683225012915557e+02
1.138280016183288978e+02
1.718685079317678799e+02
1.049716582396949462e+02
1.494002188328097418e+02
6.409413383573709666e+01
6.343733108591208492e+01
6.815536982720874448e+01
8.925800924393561786e+01
7.829707449564291721e+01
9.107958902147672120e+01
3.485992632931331059e+01
3.792350584785445022e+01
4.836407402807302702e+01
6.244318219945909476e+01
1.066221956222516809e+02
4.975520471553262780e+01
1.016260410895159794e+02
4.603711334252965059e+01
3.832201833853030593e+01
4.139166452209618541e+01
1.220880730012036253e+02
1.084069200055925251e+02
3.976678094088078552e+01
8.773827912052266242e+01
4.910741066455902626e+01
1.427323031383241982e+02
3.877207698270161274e+01
1.190002779109290287e+02
7.632714584807811775e+01
7.816957577997945350e+01
1.252538962736366699e+02
1.091034559212877753e+02
6.007686714428156449e+01
9.353690456554993204e+01
6.382707032636346867e+01
8.082370887982199292e+01
8.252615273449609390e+01
5.980877999857408156e+01
8.294721258870532665e+01
5.296767627548044999e+01
6.365991470353102955e+01
1.066541023037384832e+02
7.664251628216484846e+01
6.876444696496369602e+01
7.036373442775746412e+01
9.304951066757560341e+01
1.606341825263714611e+02
9.072252107661090292e+01
1.576033160630578038e+02
9.683771350530197708e+01
1.301073531355692126e+02
3.329365100664904986e+01
3.245967212484024600e+01
7.281002436918950593e+01
5.315677081931784187e+01
1.075035080486219385e+02
7.267302122662916020e+01
9.226461252737755103e+01
9.162028481965521109e+01
6.315641853076060386e+01
9.937315845530338265e+01
4.748200752585054119e+01
7.617649528632320255e+01
1.264281328596610905e+02
8.892670843430170180e+01
7.359478874763435385e+01
5.251600399202904157e+01
1.062838151145972461e+02
1.720216893658673030e+02
1.080090778490186096e+02
1.842647709603430144e+02
1.074060192850965052e+02
1.510418033674417870e+02
4.590515102042380846e+01
4.651769503053674981e+01
5.371980624672993088e+01
8.089924177764481783e+01
3.460595797027689713e+01
5.044152945811487854e+01
6.076951489124648731e+01
1.200156783275808152e+02
4.646819720118242003e+01
1.138157769187748443e+02
5.478039590455816210e+01
4.530489073093191621e+01
4.077878837906706622e+01
1.367640276794446095e+02
1.136867152840573851e+02
3.386072571628876204e+01
1.049368305197729256e+02
6.333245768662507658e+01
1.822420555527313866e+02
5.053544846196957252e+01
1.394730481626897927e+02
8.390561446407863855e+01
8.800652978263372006e+01
1.318849208495107064e+02
1.246230822774231655e+02
2.856172140022447081e+01
3.256175262791997937e+01
9.402305778205555953e+01
2.811472741410270970e+01
8.219099793111358565e+01
2.980487775251322091e+01
5.229306517752392836e+01
2.334325021747485707e+01
1.031389648623858477e+02
8.972033140054222144e+01
3.345665978606042756e+01
1.120757693911921251e+02
5.216589621848805081e+01
1.356963972934609899e+02
4.697833567903595053e+01
1.048472012397135416e+02
5.768333316367123587e+01
5.786403765663936838e+01
1.038939655961403901e+02
9.885478191796649128e+01
2.771316036918943482e+01
1.114265769209899304e+02
4.331568325396545305e+01
1.021909523012803191e+02
3.837387738493875133e+01
6.821626654865055173e+01
3.955275903609870625e+01
1.150290890934705601e+02
1.061947536087790525e+02
4.135077616453599347e+01
1.032107004179163425e+02
6.104336300268404614e+01
1.915528670218901084e+02
3.980152024428295476e+01
1.043445357491069103e+02
8.520174710918297478e+01
8.242801863866498024e+01
1.285706686208652059e+02
1.042694669667709064e+02
1.130065197445485978e+02
4.872202527488087753e+01
9.768965723292988912e+01
3.724432942089077159e+01
7.600632012028661677e+01
4.367445452951228191e+01
1.187682870668517126e+02
9.618892939522929453e+01
4.556926784851714274e+01
1.068511485608912182e+02
6.535811203104098865e+01
1.596478892005907255e+02
3.531269651635684426e+01
1.054057677403515498e+02
8.063795179360462839e+01
7.761406240683440672e+01
1.143163835870394962e+02
1.036373126056521130e+02
1.140056858724367572e+02
3.430809748806130699e+01
9.698971625528110962e+01
1.445303920381621765e+02
1.118894579934746787e+02
4.982649874295935888e+01
8.506306533456564978e+01
1.257631146138386669e+02
1.921806926237084667e+02
1.250084560097982376e+02
2.440505501728349884e+02
1.303597378561815958e+02
1.722511312450251921e+02
4.778224054223518635e+01
5.214696666268518044e+01
8.278240818127632394e+01
5.472135930026155393e+01
1.063834838725568233e+02
3.990123864021048661e+01
5.713659320060902758e+01
3.540354001485774660e+01
1.239193506060503012e+02
1.036975159705403087e+02
3.536618133348592607e+01
1.133351207035425148e+02
5.232744384357790324e+01
1.600443065912068903e+02
5.813316629036462047e+01
1.115662472223672665e+02
8.108794696974712224e+01
8.405027687491134714e+01
1.221010563121678416e+02
1.038426016967156329e+02
8.378588663179387197e+01
1.329341757317164365e+02
9.656622550772831914e+01
4.715397533755705695e+01
6.223272481430313263e+01
1.110455998498242991e+02
1.841487230320595359e+02
1.134237264299502499e+02
2.149253861687725475e+02
1.162541581950107741e+02
1.600111494680284920e+02
3.151182943043056639e+01
3.178589374112030796e+01
5.998204859314466830e+01
4.969506390782753869e+01
5.548492399715873091e+01
2.596551106749660320e+01
1.059866645557205800e+02
8.862877565275188374e+01
4.061191274839728749e+01
1.091406190062444352e+02
4.643751528941010065e+01
1.339513810634754236e+02
4.874360487121445829e+01
9.076174023113443923e+01
6.248061527307360308e+01
6.153201018647612841e+01
1.015686203962427641e+02
9.251133350769548258e+01
4.389971506972434412e+01
1.552792512420040794e+02
1.397429560031060021e+02
4.343973327065538115e+01
7.417346491931516539e+01
5.873759357581639051e+01
1.943886744809500158e+02
5.271034640386191938e+01
1.324923789935388072e+02
1.071463302876134946e+02
1.100999720237476964e+02
1.567082174082858614e+02
1.451611301424684655e+02
1.203483081083840602e+02
9.820563103651349479e+01
2.888707223775718447e+01
1.067419321063690205e+02
5.323465770285411480e+01
1.457398143429113020e+02
5.151864376736330797e+01
1.061441195860701328e+02
6.867488801625840722e+01
6.772430562324386472e+01
1.109639232764583028e+02
1.112537283444410008e+02
9.521450117555642123e+01
1.339777124514686193e+02
1.931821499561311839e+02
1.324205156859918588e+02
2.111745402496330826e+02
1.349516228949136973e+02
1.737913205965737689e+02
6.453544854225098959e+01
6.590346550664582992e+01
9.234918605939077452e+01
5.655083625233122291e+01
1.174916805067085193e+02
1.852605743937896534e+02
1.180677430870158702e+02
1.654302874941208756e+02
1.176992549441696383e+02
1.621093794773850334e+02
5.909781031464214607e+01
5.707406420517255441e+01
3.834908967079181252e+01
8.459990957168287196e+01
9.521780838402750646e+01
4.559712826206760639e+01
1.851753298474785367e+02
4.287629845596001843e+01
1.139740067818899547e+02
8.827297522417944720e+01
8.920502310802817192e+01
1.323214334454817447e+02
1.234310857935325600e+02
8.275318023540957313e+01
2.490112776326696462e+02
7.900863110412373658e+01
1.540797647756024276e+02
1.677405874486756829e+02
1.649387501645850591e+02
2.061263196296774822e+02
1.800189275174548982e+02
1.719437803364695014e+02
5.456025834399989094e+01
1.035456191566759401e+02
9.291642062427858662e+01
9.429484398937560741e+01
1.305800648630416561e+02
1.197443905138568994e+02
1.780687183851211159e+02
2.116399911202985038e+02
1.536323600964880427e+02
1.421536457516058363e+02
2.107092868371563270e+02
1.764422107119171130e+02
1.197206483827392276e+02
1.002037812632914182e+02
9.588367456903658592e+01
1.349343616383997926e+02
1.179383384381259390e+02
1.425593099773719246e+02
1.409293803220907364e+02
1.836972523513375108e+02
1.495272357887689054e+02
1.011714596996818294e+01
6.024530332543972122e+01
6.147329128375551477e+01
5.509389217717128417e+01
6.140703607114649287e+01
8.089677696238139504e+01
