5.513698362084217661e+04
2.150799936251732652e+04
2.312405024621537450e+03
3.029607257935146481e+04
1.065043208639133081e+04
1.456512015630571659e+04
4.996744665856657957e+04
2.009214874486111512e+04
2.615476754786641322e+04
2.106863892786026918e+04
1.924584003622931777e+04
1.536929857382679256e+04
1.740670795077920411e+04
9.091647756996022508e+03
1.422574717493469507e+04
2.119984784123846111e+04
4.375976115742792899e+03
3.857162838683573500e+04
1.583614912327162892e+04
2.165188773147304528e+04
3.708453696090236190e+04
2.008064624612562693e+04
2.249080594241684594e+04
1.979537276162026683e+04
8.833521301251545083e+03
2.070316835288719449e+04
1.776402093813645843e+04
2.031027326943666412e+04
1.579861784621581319e+04
1.745139882949207094e+04
2.078477907296695776e+04
3.479862828316452942e+04
1.413252397257280245e+04
2.724068900937963190e+04
2.636267489192118228e+04
2.132670007639723917e+04
3.532311267528920143e+04
2.107144019665040105e+04
1.712373931071013067e+04
1.710827330653693571e+04
4.445789183267838962e+04
1.914679143017214665e+04
1.584636633685898960e+04
1.565479902937540464e+04
2.083684434509479615e+04
2.751470287005529099e+04
2.021961170566773217e+04
1.806625920412988489e+04
3.225591368342703572e+04
1.336176226848717488e+04
3.521235840971146536e+04
4.088489126336823392e+04
2.083776255360066716e+04
2.847024593449796521e+04
2.765663340467193848e+04
2.695893399972905172e+04
2.698381945809581521e+04
2.578493266197416597e+04
2.561041693176290210e+04
1.540484499670037985e+04
1.723319135790624568e+04
2.472929584877645902e+04
3.318208215297869174e+04
1.897682584286798374e+04
1.912947768301020187e+04
2.169484267620487662e+04
3.125287689455052168e+04
2.046161852504801936e+04
1.082632927221418504e+04
1.675926308696640626e+04
4.637812084769553621e+04
2.076774749079211688e+04
2.129273841244303912e+04
1.734479621819156455e+04
1.488596900925399495e+04
2.834416216318026636e+04
4.721015163401749305e+04
5.925136485402263497e+04
3.661010074699381948e+04
2.278987494959805190e+04
3.162767949450301967e+04
2.866585917959432845e+04
2.435043835228116586e+04
3.974566479000890104e+04
5.357467814117495436e+04
2.609278331003356288e+04
2.851731690217868163e+04
5.575633008509247156e+04
3.780301710025159264e+04
2.936845660282242170e+04
5.667283356994936184e+04
7.047540056178017403e+04
2.577021582630022021e+04
3.142609021014196333e+04
4.787601839974789618e+04
4.396334465162345441e+04
1.432166088661646609e+04
4.391648256629024399e+04
6.186901063883095048e+04
2.790297893047622347e+04
3.023857262783101032e+04
6.589241316119582916e+04
4.273390580728471105e+04
2.829160867588609835e+04
5.022054552939251880e+04
5.798417298632828170e+04
4.185498879341124120e+04
6.395634375977826130e+04
6.614527813670250180e+04
3.613027486609762127e+04
5.259314024335428257e+04
3.655201201845236210e+04
4.338225985311693512e+04
6.570445615143325995e+04
3.142969158791351947e+04
3.935071077774037258e+04
4.905725712231620855e+04
5.335093498027154419e+04
2.737801401596462529e+04
5.113591421568159421e+04
3.609452227994319401e+04
2.219965037710339675e+04
7.484795695037260884e+04
4.761909930751279171e+04
3.957197154970125121e+04
7.460873150488559622e+04
5.748139081352349604e+04
5.241540444700553053e+04
4.531801513546062051e+04
1.253266635258191855e+04
7.710273232447543705e+04
3.751221115574533906e+04
2.935439738013833266e+04
3.668455297841775609e+04
3.326187941620367201e+04
3.432057371442820295e+04
5.941513915691271541e+04
5.517367690807489271e+04
4.925243218853013241e+04
5.905473779984589783e+04
5.955185978491119749e+04
3.508662823682992894e+04
3.451671201526178629e+04
4.159787213913591404e+04
7.700193450063216733e+04
4.535548672407537379e+04
3.848371016736465390e+04
5.429521650908955780e+04
3.639236752654593147e+04
1.793864480745279798e+04
3.046622443932363967e+04
1.631007964117083247e+04
1.877520408656482687e+04
1.854478272060283052e+04
2.572546989236523223e+04
2.882541573156524828e+04
2.856743277139478960e+04
2.354604093129040848e+04
2.144051820321039122e+04
2.361787809049640782e+04
1.693619169892377613e+04
2.728056220844079508e+04
2.500728839927521039e+04
1.707270647666371224e+04
4.449527164407739474e+04
2.111468388883249281e+04
2.468476768879235897e+04
3.294896314560760220e+04
2.407716597478072072e+04
2.064233581760321977e+04
2.529364001003102021e+04
2.643388494367531530e+04
2.614664303883734101e+04
2.270882808221493906e+04
3.752070231954314659e+04
2.109149369724478674e+04
2.281364615259904895e+04
2.793827788825084281e+04
4.316956842316557595e+04
2.064804904394688492e+04
3.293666525460164121e+04
3.128751505345246915e+04
2.594167055087238259e+04
3.443107495994491183e+04
2.075035446449294614e+04
3.185621465006911603e+04
3.214154870306820521e+04
3.937460686075903504e+04
2.190868562029944587e+04
2.482467475523325993e+04
2.555215191006574241e+04
2.837278321984448121e+04
3.427523404022125760e+04
2.007702573703467351e+04
1.666643248874014535e+04
3.637817006295189640e+04
2.184811247292337794e+04
3.505916555528849130e+04
4.083343811902344169e+04
2.764777833493012440e+04
3.622559934668809001e+04
3.228732787528214249e+04
1.912674076566221629e+04
5.110190671275765635e+04
3.373998558318475989e+04
2.907621492684623081e+04
2.047622297569478542e+04
2.077007873362241662e+04
2.136770568396381350e+04
3.566075549479048641e+04
2.447953418895911818e+04
2.489698761539023690e+04
3.693480335869248665e+04
3.264872627787694728e+04
2.771003261892974479e+04
2.315745212643139894e+04
2.346646479949740387e+04
4.452462008997442899e+04
2.759412264787202730e+04
2.750624493675634585e+04
2.528251360950930757e+04
2.055950360027972783e+04
2.811029829990752842e+04
9.006836304037773516e+03
1.354423661508700388e+04
4.431354765968590073e+04
1.615238094443801674e+04
2.020841556625251178e+04
1.999018538684618761e+04
2.036565982912655818e+04
1.154315718283527895e+04
1.341539199576298597e+04
7.431942925160114100e+03
1.125416257332236637e+04
1.780379128567979569e+04
2.097489808400103357e+03
3.808511852748828824e+04
1.120632177826504449e+04
1.931580239461323799e+04
3.337564237195369788e+04
1.992723737884106231e+04
2.256093038460378739e+04
1.995514477166218421e+04
1.036149898855520769e+04
1.560736373971535977e+04
1.587165273852409155e+04
2.001167170292448645e+04
1.534775855586849866e+04
1.284929511994928180e+04
2.167630076822666160e+04
3.114214031636539585e+04
1.253223284600915940e+04
2.630991677805951622e+04
2.739204374390311568e+04
2.070108586736538200e+04
3.257408672521811241e+04
1.865566541046569910e+04
1.478450466290152144e+04
1.877867541581936894e+04
3.456215259469566809e+04
1.770556352767919816e+04
1.822779752393965464e+04
1.672132525653934863e+04
1.750537577884373968e+04
2.780585166604929691e+04
1.664929099221422439e+04
1.454190374563130172e+04
3.033830558257071243e+04
1.687464514716129634e+04
2.854642889622765870e+04
3.854440523519773706e+04
1.885351398228419566e+04
2.949594030439235212e+04
2.601782484483737790e+04
2.285783643695373758e+04
2.412671633387450856e+04
1.980909609534704214e+04
1.922618185366858597e+04
1.431396445691536246e+04
1.637655947871604076e+04
2.377790179154113139e+04
2.981652732043522701e+04
1.776129656188399895e+04
1.975103442776876545e+04
1.674629906008973194e+04
2.810203250052306248e+04
2.170024393954806146e+04
8.071654576977295619e+03
1.699040315472441216e+04
4.763245567075752479e+04
1.881323374362337927e+04
1.955467595002798043e+04
1.636195393891561253e+04
1.320745730939675195e+04
2.633454081388863051e+04
2.637575791927317186e+04
4.204832597237003938e+04
2.986024720039503518e+04
3.348909217262289894e+04
4.678247418634414498e+04
3.982816060845869652e+04
2.786726406267982748e+04
3.177019831540960877e+04
3.322819858851303434e+04
3.845533649741447152e+04
4.006108222923013091e+04
2.575777147129138757e+04
1.437538497271212691e+04
2.607017417282325914e+04
3.152565649846851738e+04
2.610077800541374017e+04
5.048082092566633946e+04
3.557227113313885638e+04
2.111865962099339959e+04
3.513299027805442165e+04
3.269582065750250331e+04
3.328540781866004545e+04
3.568149344956638379e+04
1.982642991624019487e+04
2.975764543055741160e+04
4.992023268734405428e+04
1.883955482701502115e+04
2.502311428805426840e+04
3.647017941234844329e+04
3.773235041437050677e+04
2.345524653185259740e+04
4.388813291679725808e+04
3.153840290576614643e+04
4.236525951265418553e+04
4.964387325757061626e+04
4.542804687429314072e+04
4.046387135404766013e+04
3.126855707144800181e+04
3.685249484433078032e+04
3.197966932226020072e+04
4.629121604179751739e+04
3.002351625112415786e+04
2.528434538009527023e+04
3.769302020170229662e+04
3.700586198598050396e+04
3.790772026799600280e+04
1.445752326723402803e+04
3.064834542975202203e+04
1.873932787016089060e+04
3.132230565871735598e+04
2.712444714907874004e+04
4.764437530412161141e+04
3.337062545819897787e+04
3.936547265010748379e+04
4.073395741139506572e+04
3.053149913409144938e+04
3.657098402003524825e+04
4.717233475816789723e+04
3.573306951282423688e+04
4.697664934626661852e+04
3.073449839098396478e+04
2.598800510867739649e+04
4.330825940354180784e+04
2.804763175873619912e+04
3.980153091935243719e+04
1.859981046734342817e+04
2.238140035861433716e+04
1.877345474625470524e+04
2.970159283064928968e+04
3.025922906908467121e+04
6.691736328963716005e+03
2.859819618857269234e+04
1.768199733349105372e+04
2.708816018596436334e+04
4.331315948839773228e+03
1.265865802216811790e+04
1.081263766606014360e+04
1.363382231553912061e+04
1.190429016718336243e+04
1.615372115412853600e+04
1.010243815947304029e+04
1.104516285803482606e+04
3.208570237671174982e+04
1.117340330912683567e+04
1.252490723030673144e+04
2.988078019155073707e+04
6.784415762820425698e+03
1.548456582956271450e+04
1.376032739700914499e+04
1.226049314466652322e+04
1.719263637923561328e+04
7.860936531864485914e+03
2.062435997224436869e+04
9.441296714392858121e+03
1.304241426886967201e+04
7.982058138589240116e+03
2.661451917262939969e+04
3.480609656345058283e+03
2.039643682417160744e+04
2.135455266168629896e+04
2.006136738217770471e+04
2.891580459855308436e+04
7.578138365018723562e+03
2.039495509156493426e+04
1.868415874723523302e+04
3.853523820298039209e+04
7.421046126761410051e+03
1.392591950293471382e+04
1.225515343893345926e+04
2.073044409889339295e+04
1.707437673391868884e+04
1.014456298520061137e+04
5.887234197468967977e+03
2.282992701294040307e+04
5.450808221068242347e+03
2.698110137231932458e+04
3.430160376234660362e+04
9.239415759254992736e+03
2.670726676005781337e+04
1.795659197832087011e+04
1.454170006741495490e+04
4.412914212941938604e+04
2.046246446765936344e+04
1.991709274800447383e+04
5.093021344681823393e+03
1.074248770567272004e+04
1.467148343677461889e+04
2.712108375443284604e+04
6.545393980194526193e+03
7.096696334463191306e+03
2.638125909068624242e+04
2.772903626824480307e+04
1.335626240909420085e+04
1.205338971630388005e+04
4.943969513937637203e+03
4.141781847774345806e+04
1.983493710443723830e+04
1.686169568494483610e+04
6.097399987416230033e+03
4.858532635409103932e+03
3.236188700381099625e+04
7.862797206372524670e+03
1.808507268001208286e+04
1.243055584571178406e+04
1.954083244123081386e+04
5.087991104095683113e+03
5.364101946509645131e+03
1.518491015093822898e+04
1.367898988233500313e+04
3.227689926532057143e+03
1.400247966960763188e+04
2.849448576125191175e+04
4.434472076122679937e+03
4.847905533345922777e+03
3.046881666342938115e+04
1.708347506372139833e+04
1.123629089904515422e+04
1.384125702312996873e+04
1.471994355458168866e+04
7.174092340308983694e+03
1.982224196670606716e+03
1.627577780182426250e+04
8.237858401411029263e+03
5.410471047032842762e+03
2.010932104324402826e+04
2.233392591133642782e+04
7.703126836528634158e+03
2.415085412614076267e+04
2.587296567258497453e+04
1.796515951375897566e+04
3.548433680069783441e+04
1.477274925234469265e+04
2.098055321860926779e+04
2.395414011916430536e+04
2.087125822353017429e+04
1.783538911627516791e+04
1.629106891618098962e+04
1.501491940411858923e+04
9.461610934777479997e+03
1.836732761103341909e+04
1.355740717490670431e+04
3.968435844466235721e+03
3.781650009238906205e+04
1.235288001046826139e+04
1.672849034280452179e+04
3.241356325830762216e+04
1.774738205635009945e+04
2.354353112119258003e+04
1.861808910377156644e+04
9.345998360623918416e+03
5.533269719620296382e+04
1.224990790541556271e+04
8.977043432896922241e+03
1.243627664770080446e+04
5.802923612544616844e+03
1.927472804940747665e+04
2.895275980807704036e+04
1.734335618961857472e+04
1.701712877100325932e+04
2.770342709604062838e+04
2.733455727766943892e+04
5.371592918664841818e+03
9.254041984539293480e+03
1.270113814391316555e+04
4.163085891579405143e+04
1.898761846274878917e+04
1.221808608037637168e+04
1.197828034592906261e+04
9.474823346261182451e+03
4.019580425081347494e+04
4.249650389306777652e+04
4.034489609174006910e+04
3.550837164941834635e+04
3.858636660102145106e+04
4.175643119560705964e+04
3.646092054012168956e+04
4.462790283128050942e+04
4.028706430369671580e+04
4.382065748489876569e+04
5.416061916953114269e+04
3.626691068345248641e+04
3.706089363193657482e+04
3.505426444951452140e+04
4.252896341392166505e+04
3.209426624654242187e+04
3.654020936581824208e+04
4.791596658874220884e+04
3.952962530892825453e+04
3.928674509913233487e+04
5.995402630750551180e+04
4.263043392000241874e+04
3.969271484035372123e+04
4.264378164306867984e+04
5.661768637302636489e+04
3.541520350673783832e+04
4.390970441459489666e+04
4.553683450163522502e+04
3.296530154850467807e+04
4.329599077602052421e+04
2.992324176531642297e+04
4.308063523645373061e+04
4.657620725633215625e+04
4.379325210663005419e+04
3.192010967152906960e+04
3.521671905501195579e+04
3.967011075960488961e+04
4.298964060449624958e+04
4.070799422668649640e+04
3.558213138062523649e+04
2.975908011766796699e+04
4.846162114691803436e+04
4.090739673230142944e+04
3.969584986906869744e+04
4.967120426201356167e+04
4.483140349989764218e+04
4.998231595704401116e+04
3.773855436946013651e+04
2.612975983931543306e+04
6.647410780938928656e+04
4.218005742116381589e+04
4.147914796607911558e+04
3.592082889281881216e+04
3.840636926669438981e+04
2.859598712670643727e+04
4.643194702562518069e+04
3.926738310381783231e+04
4.007279781935521169e+04
5.408697287338395836e+04
4.115711054277578660e+04
4.452244207372872916e+04
4.608871997848361207e+04
3.820120555119303754e+04
4.804303978160185216e+04
3.052790740927158186e+04
3.942617466013680678e+04
4.210422362146641535e+04
3.807700153743000556e+04
1.337786656179095189e+04
2.848209996819408479e+04
3.204894079082906319e+04
3.976211090961201990e+03
2.210387071355620719e+03
2.502648358835922409e+04
8.099047929873539033e+03
1.277452287086299293e+04
1.908270507343249483e+04
3.673723126547779248e+04
1.147718922751396349e+03
1.030951948209336842e+04
2.279243908318168178e+04
3.011061565663888905e+04
1.945867110700299963e+04
2.517313149253256415e+04
2.461036713400061126e+04
1.114845563016248889e+03
1.208440613526407833e+04
2.546341673205894040e+04
1.798473039455941762e+04
1.171278011158301524e+03
3.772837539194367127e+04
2.128385844719981833e+04
1.783666874663448107e+04
3.573783481011811091e+04
3.844174782737202622e+04
2.150917032622091938e+04
3.327413627463309967e+04
2.557997456580662401e+04
1.251321046850155471e+04
3.253091785505269945e+04
1.130657050721636188e+04
3.209331504220745046e+04
2.603235777964684166e+04
2.805288653843213979e+04
3.424356268005613401e+03
3.549224452813108655e+04
2.123843118660516848e+04
1.097765587616522680e+04
5.004410084817733150e+04
2.474652326317434199e+04
1.460328551555859667e+04
3.953492906474199117e+04
2.783626258937382954e+04
2.840796312491818389e+04
2.844465258025627918e+04
1.721905424349162058e+04
4.062445925088699732e+04
4.277892340260232231e+03
2.435898801697211184e+03
2.637404788880937485e+04
1.214988716589114483e+04
3.618193389562659286e+04
3.744409351016122673e+04
3.016126497959037442e+04
3.242714318322858526e+04
2.267454207501691417e+04
2.855557684761676501e+04
1.652908688192930276e+04
6.957091840893619519e+03
2.737828965930828417e+04
4.243832820152636850e+04
1.961893845120527112e+04
2.029834065885876043e+04
2.375360404630031189e+04
1.914198882117193716e+04
3.925820575644011842e+04
3.582652156821799872e+04
1.460681929699440843e+04
1.409976462827010255e+04
3.046729381800060946e+04
1.774476236141929257e+04
2.528736953266768978e+04
2.343928712468358208e+04
4.671640100295084267e+04
1.095225683488944924e+04
2.351852444337590714e+04
2.870202597150717702e+04
4.083211967836957774e+04
2.502689399165631767e+04
3.120891454072939450e+04
3.567248567282583099e+04
1.233957367038684242e+04
2.466012410204980551e+04
3.804060521888193034e+04
2.435490745726750174e+04
1.212554620563979188e+04
4.620476865009195171e+04
2.703318102325353902e+04
2.904925851743949170e+04
4.236881478894246538e+04
4.559136887135542202e+04
2.205970698659621121e+04
3.600635336934009683e+04
3.443852836134300014e+04
2.542643566106632352e+04
4.314433764469648304e+04
1.230077288684683117e+04
4.155657029669354233e+04
3.452845509034208953e+04
3.548039793886419648e+04
1.395192163297094157e+04
4.038958158946007461e+04
2.572436383898196436e+04
2.064506376545844614e+04
5.716410193520356552e+04
3.626957540732221241e+04
1.917158041086867161e+04
4.975853830728578760e+04
4.374585442635601066e+04
3.308191530075966875e+04
3.566819675728006405e+04
2.296783018450122472e+04
3.992714603023643576e+04
1.468146889909821039e+04
1.643455036235901935e+04
3.251464581910669222e+04
1.899095339604275068e+04
3.953355981688505562e+04
4.073124701488994469e+04
4.263742015147542406e+04
4.201252961087438598e+04
2.303486311992634728e+04
3.056843586914899061e+04
2.833705321684686351e+04
1.294948694398010775e+04
3.481366506602568552e+04
5.314562497124281072e+04
1.915033929710556549e+04
2.098132710546077942e+04
3.911687194683254347e+04
2.808621367001988983e+04
2.108684940840124182e+04
2.201649214388660403e+04
2.515488716502025272e+04
3.144827369515276223e+04
2.658676045164102834e+04
1.591322522901051343e+04
2.830599379334521655e+04
4.735140819149296294e+04
2.222805820775241591e+04
1.923206149035515409e+04
4.446828611166214978e+04
1.020088232534425333e+04
2.121740949330405419e+04
2.273471033950913261e+04
2.188274256065432564e+04
2.849139217774930148e+04
1.345609744496566782e+04
3.104125561613075843e+04
1.874561922311917806e+04
2.425894355820331839e+04
1.161064749754885270e+04
4.777525085483326257e+04
6.025044024271805029e+03
2.770982320558774518e+04
2.992709918148940415e+04
2.974610034639663354e+04
4.466441917957481928e+04
1.540379063306136231e+04
3.075987851338158362e+04
2.850961231741469601e+04
5.061817292028885277e+04
1.254502779977022146e+04
2.249309157959522054e+04
2.296611246618766017e+04
3.258439799743139520e+04
2.162526935689294623e+04
1.500001316490376848e+04
1.086430371907585140e+04
3.150144350664916419e+04
9.601335097898909225e+03
4.165090660497814679e+04
5.205942931009938184e+04
1.279853262424217610e+04
3.609451877651844552e+04
2.531058444546483952e+04
2.056029569456360332e+04
5.900067339847534458e+04
4.229335403719895839e+04
3.134563084754638840e+04
8.283016150826681042e+03
2.136410060385716497e+04
2.000834928547214804e+04
3.243125700455361948e+04
1.097150035781326187e+04
1.162160801192785220e+04
4.003138975789790857e+04
4.524138019615947996e+04
1.811663069379242734e+04
2.345816573940950911e+04
7.493586660522621969e+03
5.490259824684867635e+04
3.964803492845965229e+04
3.004994995226294850e+04
1.080284453867721641e+04
1.086890108577879073e+04
2.484382818330968803e+04
2.735595452462190588e+04
1.596472009922650614e+04
2.833510695516488340e+04
2.388590999017800641e+04
1.768163395929199760e+04
5.123939236015923234e+04
2.502622633919618602e+04
2.387253120617999230e+04
4.060247133376682905e+04
1.754730180106698390e+04
2.907414748117874115e+04
2.683142524810237228e+04
2.120676762714680081e+04
3.139163443744646793e+04
1.987150443742714197e+04
3.842469504369194328e+04
2.591892724155924589e+04
2.642518021502428746e+04
1.882504620771211921e+04
4.376738579390609812e+04
1.538217759035800191e+04
1.867608730131906123e+04
1.766736402446755528e+04
2.730620217496450641e+04
3.798275234091688617e+04
1.846714126885683072e+04
3.264248466677541001e+04
2.887030724560231101e+04
4.812280690824073099e+04
2.588084802748728544e+04
2.343383292891422025e+04
2.098135038343189080e+04
3.674700671903366310e+04
2.442231065341214344e+04
2.138721983358309080e+04
2.283458908410714503e+04
3.536288732052166597e+04
1.769831771805165772e+04
3.803588127015317150e+04
5.320024433481493907e+04
2.648270521738920434e+04
4.534308655511825054e+04
3.846446378705748066e+04
2.833374096595157607e+04
5.571795748664376151e+04
3.326767769402942940e+04
3.414257366001539049e+04
1.466015266648001852e+04
1.935482090340926152e+04
2.237274951173197041e+04
2.838831560852339680e+04
1.990000185186794988e+04
1.592616650307839882e+04
3.311518024240704108e+04
3.059600184093710413e+04
2.591523371162500553e+04
2.543104855542994119e+04
1.472035351468991576e+04
5.505267528304558073e+04
2.120850879517609792e+04
3.178482294216391165e+04
2.345807872610581398e+04
1.804816013485304575e+04
3.068767456800441323e+03
1.819092894445188358e+04
9.645959083407502476e+03
7.727742398958124795e+03
1.420707540813890228e+04
3.122878798712688877e+04
2.257115808858763558e+03
9.592590070538628424e+03
2.942986714375699739e+04
2.182759571330352628e+04
1.510694514816776609e+04
1.827302816035380238e+04
1.882303561660530977e+04
3.230782276953844757e+03
7.358197118673786463e+03
1.727824299905744556e+04
1.036832330186060062e+04
2.845131506632604214e+03
2.903983491367914394e+04
2.254118324985349318e+04
1.083719395640819857e+04
2.985988272613913068e+04
2.912296934624509595e+04
2.019451062199747685e+04
3.224325053934390598e+04
1.852387839970226923e+04
1.620177912729516902e+04
2.867006655003360356e+04
1.660381831219247761e+04
2.396719841831563826e+04
1.875378015422425233e+04
2.361351751666711789e+04
3.114112313645311588e+03
2.968160963278443523e+04
1.612356505311979890e+04
7.060534766831777233e+03
4.466276592120551504e+04
1.911842395499347913e+04
1.472298022130236131e+04
3.563130230222923274e+04
1.770936139125380214e+04
2.359241530342975602e+04
2.056394551138672614e+04
1.496291749567049919e+04
4.331008426300576684e+04
6.911869533186772969e+03
4.534663179813467650e+03
1.920683865874587354e+04
9.158908606890665396e+03
2.789027653637293770e+04
3.260758785839544726e+04
2.153947151117104659e+04
2.442113443103267491e+04
2.369647055806664139e+04
2.830286513335666314e+04
1.217330298800017226e+04
7.369744653653668138e+03
2.013295451799537113e+04
4.308136164806374290e+04
1.917747831247257272e+04
1.509488992784497168e+04
1.464911335049314221e+04
1.200413305043967557e+04
1.985016556268426211e+04
7.555673798591647937e+03
1.009536991946411217e+04
1.551556314355372160e+04
3.673378105668577336e+04
8.823223669675521705e+02
1.051646887273063112e+04
2.920179477473494990e+04
2.439019572216058077e+04
1.728475495836920163e+04
2.272152676332115880e+04
2.084111541787981332e+04
1.297518303768907117e+03
8.685555414981678041e+03
2.275956722033315236e+04
1.417138984555239585e+04
4.514188791577553275e+02
3.175627906034504122e+04
2.454762807434419665e+04
1.533178397918604605e+04
3.426869912501756335e+04
3.582560363266884087e+04
2.340803086412174162e+04
3.548048511970116670e+04
2.097357681916425645e+04
1.380746837037880687e+04
3.071127868772346847e+04
1.133501839715945971e+04
2.695902696931955870e+04
2.159784052165442336e+04
2.678715674065412168e+04
3.402328116218890500e+03
3.354475655955728143e+04
1.890601900970986026e+04
9.296154683219408980e+03
4.749914012732959964e+04
2.278808709824499965e+04
1.532176128329191124e+04
4.024938347329164390e+04
2.529938897878518765e+04
2.704782847418230085e+04
2.885628394114642288e+04
1.616565733362773426e+04
4.524705751515504380e+04
4.480765399441216687e+03
1.892568171186041127e+03
2.170320123732753927e+04
1.120947294660669650e+04
3.067635022535282042e+04
3.732596177739970153e+04
2.644123064100453485e+04
2.707999683347757673e+04
2.433808445723104160e+04
2.939361937989603030e+04
1.506657107190466013e+04
6.600057179017657290e+03
2.224665494553697863e+04
4.629997680765960104e+04
2.024261639270124942e+04
1.885331514131464428e+04
1.969759341228423727e+04
1.512646808514277291e+04
1.977680829985795208e+04
2.037105641849538370e+04
4.744349541614597001e+03
4.687535657533702761e+04
1.751375288172088040e+04
2.460315137505681560e+04
3.915652282632680726e+04
1.900562389219509350e+04
2.612869306783809225e+04
2.235195467246541375e+04
9.155577899560710648e+03
2.384340329778384694e+04
1.750848216326995316e+04
3.045480067362300179e+04
2.020556653998652109e+04
1.947265708281660409e+04
2.048121820054153068e+04
3.912953263642495585e+04
1.687910804938013825e+04
3.030068290504774632e+04
2.897804900318005821e+04
2.228714420499905827e+04
3.164552403604832216e+04
2.035215885850949780e+04
2.514453459376701358e+04
1.213589561289106496e+04
4.491047998702542100e+04
2.363016950836404430e+04
1.776873347077298240e+04
1.631504788055665085e+04
2.798070459970704178e+04
2.450923362657676989e+04
1.895169253942900832e+04
1.969711153129043669e+04
3.264196971968220896e+04
1.682909227671387634e+04
3.182684383949697803e+04
4.526344492451375118e+04
2.724620593313180507e+04
3.985121924914325791e+04
3.370485996288982278e+04
2.757084600761015463e+04
4.050262573278557102e+04
2.693913171558243994e+04
2.831244498589545765e+04
1.487243078153350871e+04
1.316519855493709656e+04
2.643539002088033885e+04
2.824090794742669823e+04
2.167997287210657669e+04
2.047921897284020815e+04
2.381965661698513577e+04
3.004932632711171027e+04
2.400125118424715038e+04
1.611841158406652175e+04
1.717937759605760948e+04
5.229083828380220075e+04
2.156919020918318711e+04
2.430205225404314479e+04
2.298255186155137199e+04
1.634998597991483257e+04
1.740820106384590326e+04
1.378352198495488119e+04
4.922311220961492654e+04
7.177717995254575726e+03
1.763535885271344887e+04
2.832782370575138339e+04
2.460582525265911681e+04
2.590705167985851585e+04
3.084956036504943768e+04
2.089433638668693675e+04
8.052423510786122279e+03
1.649176671465212712e+04
3.191350018440609711e+04
2.518668387328367680e+04
6.966518671897918466e+03
3.000768074669188354e+04
3.165444651837593483e+04
1.872844443278453400e+04
3.869404978004330042e+04
3.815990812713109335e+04
2.854332842286720552e+04
3.232732398957176702e+04
2.301096292787074344e+04
3.473597146033936951e+03
2.667828718197911076e+04
1.816601100626109837e+04
2.925573112318911808e+04
2.647178776279892190e+04
2.925762344391614897e+04
1.029447961998600658e+04
3.626262625356398348e+04
2.320249174290714291e+04
1.716250617752201288e+04
4.755780475553193537e+04
2.237203498349075744e+04
2.087372134243075197e+04
5.208333188490121393e+04
3.038341399920752156e+04
3.934029150714895513e+04
3.284893974521210475e+04
2.736407500601244828e+04
3.566758843011549470e+04
1.069593125688152031e+04
9.053162683587612264e+03
2.209040368341382054e+04
1.718954977494697596e+04
3.543840776417636516e+04
3.742061787005397491e+04
2.991427525523259828e+04
2.685333648836374050e+04
2.246035595611190365e+04
3.015031871346698608e+04
2.199773249269285589e+04
3.378158904579118371e+03
2.296007238050573505e+04
5.386189837508717028e+04
2.046895320115279173e+04
3.019924663421447258e+04
2.478878745673628873e+04
1.919344219302413694e+04
2.151527980034347638e+04
4.386310265904893458e+04
9.486627729243988142e+03
9.809931462544156602e+03
3.884100076759815420e+04
1.643968764914320855e+04
1.629467087699743752e+04
2.374099777488978725e+04
2.133075027359967862e+04
1.198599386613176466e+04
2.133232196874168494e+03
2.627847694766992572e+04
1.792439265410459848e+04
1.049472666612583998e+04
2.410287290297293657e+04
3.556384300572418579e+04
1.204994219404863179e+04
3.207190372747468791e+04
3.174484101813935195e+04
2.447120164469466545e+04
3.835924805239967827e+04
1.981522174119586998e+04
2.655002748697315837e+04
2.865481430373818148e+04
3.274185290430943132e+04
2.104775761452648658e+04
2.377507264975834187e+04
2.068297240306871754e+04
1.365381321606097845e+04
2.475458074027503608e+04
1.774138831186316384e+04
8.604336250220276270e+03
4.453761836452569696e+04
1.558829396616405393e+04
2.456669721009184286e+04
4.821193057429773762e+04
2.213445152186386986e+04
3.500255930557332613e+04
2.596143648053370998e+04
1.564585030486052165e+04
6.457296642429309577e+04
1.874744540239356138e+04
1.259659571515919561e+04
1.576435564458079534e+04
7.422922912396501488e+03
2.576433944758623693e+04
3.112368817955893974e+04
2.224321791586978361e+04
2.014477069200967162e+04
3.468844961167396832e+04
3.710773849872974097e+04
5.923770450363987948e+03
1.389159360227719117e+04
1.594375257236191646e+04
5.355334585642381717e+04
2.774415218846385687e+04
2.305794201569756842e+04
1.675929846171663667e+04
1.439055720455678966e+04
3.496832400356039579e+04
1.303341086883817297e+04
2.255525730192109768e+04
3.491396826784918085e+04
2.394930710224482027e+04
2.774182435221480046e+04
1.739387762949394528e+04
1.060997881108051661e+04
1.840986544037790009e+04
1.616993378624089746e+04
2.354341148062270076e+04
1.285798998718373696e+04
1.485334358574211365e+04
2.401891071091864433e+04
3.035748989963036365e+04
1.424182639054434912e+04
2.658924941295172175e+04
2.717061902233267756e+04
1.868231175862444434e+04
3.167280029128499518e+04
1.906079517792201659e+04
1.686253837277195998e+04
1.959457208179107693e+04
3.824908467389444559e+04
2.427524522667076235e+04
1.950279544614971383e+04
1.706426205098073842e+04
2.232553250609962197e+04
2.649485931115761923e+04
1.643019888253696990e+04
1.690907172952415567e+04
2.842267732444929425e+04
1.829436083844770837e+04
3.078284925669866061e+04
3.680884916376435285e+04
2.318426846060010212e+04
2.758998814081655291e+04
2.802082267877113554e+04
2.454610227139660856e+04
2.748576612085915622e+04
2.262521901643223464e+04
2.217061847835792287e+04
1.714623630813346244e+04
1.663290411226195283e+04
2.508899703339179541e+04
3.018499278228709591e+04
2.043822098417343659e+04
2.330994776915491821e+04
1.764031059883742273e+04
2.591904707649785269e+04
2.779660062224711146e+04
1.006178785732023607e+04
1.892245008722476996e+04
4.537825237311312230e+04
1.772956496045710082e+04
1.695256777225648693e+04
2.029924421394572710e+04
1.427814035887661521e+04
3.034488260407243069e+04
3.060527106444611854e+04
3.206432110817585635e+04
6.340657948196624784e+04
4.426374609576349030e+04
2.267827470931507196e+04
4.177650403049196029e+04
4.093911744634346542e+04
3.609233620467205765e+04
3.100335344943203381e+04
2.020247134272686890e+04
3.501153214155236492e+04
6.252962084991560550e+04
1.332414220309446682e+04
2.704698687417381007e+04
3.746042810124600510e+04
4.182141217425975628e+04
3.172411485770297440e+04
5.907277749314488028e+04
4.065731268337662186e+04
5.441598105976988154e+04
6.192382751113670383e+04
5.831016694598562754e+04
4.960259616845844721e+04
3.681098605303368822e+04
4.430189618948903080e+04
4.209502089136393624e+04
5.146099326655315235e+04
3.659075357296795846e+04
2.714665160712356374e+04
3.927538903319324891e+04
4.641679110640968429e+04
4.494252011535486963e+04
1.061851538176273789e+04
3.008178059529082384e+04
1.497116427496576398e+04
2.481163817670827120e+04
3.219663892930391739e+04
6.331967530215749866e+04
4.237238343877813895e+04
4.710964275869064295e+04
5.409312468608355266e+04
3.897449739386465808e+04
4.435742130046481179e+04
5.795090352011089999e+04
3.854712596474707243e+04
5.676565119284061802e+04
3.944291875405056635e+04
3.058217049494642561e+04
4.895622144225185184e+04
3.520583288797407295e+04
5.058765083027037326e+04
1.265586026662348195e+04
2.967662217845726991e+04
2.231834972672678487e+04
2.972037563489514650e+04
3.831146899899718119e+04
8.405377498553087207e+03
2.218142804777860874e+04
2.341627277801051241e+04
1.601062631136880736e+04
1.760796725537191014e+04
1.830792402185122046e+04
6.674581204733458435e+02
8.174386439591067756e+03
1.916547262594661152e+04
1.004803116028016666e+04
3.535055171832891574e+02
2.979363563233020977e+04
1.860179790417558252e+04
1.222753291859363890e+04
3.026231118311322643e+04
3.287127646785268735e+04
1.825765840628443402e+04
3.233742832975309284e+04
1.826029273906915842e+04
1.263447487279471898e+04
2.888239929222784849e+04
9.529345559728855733e+03
2.390818114516722562e+04
1.925163002522385068e+04
2.332005891731369775e+04
3.052684697592556404e+03
2.865656477277332306e+04
1.615935117028673449e+04
7.364851438154979405e+03
4.279742436269050086e+04
2.101065634178282926e+04
1.209519189124778313e+04
3.262404826009609678e+04
2.190631621932237613e+04
2.170393199697593809e+04
2.446716506221887903e+04
1.338195970554689120e+04
4.010927550186168810e+04
2.764564475802174911e+03
1.707750817305889541e+03
1.955448190432531192e+04
9.023886110426956293e+03
2.765452457503601909e+04
3.391844161613554752e+04
2.308000636645346822e+04
2.532215474460875339e+04
1.969848321086922806e+04
2.579983624557697476e+04
1.466392014753588592e+04
5.203499357342785515e+03
2.038145098827076799e+04
4.074835465424054564e+04
1.661638023091395735e+04
1.315186556074253349e+04
1.693397838415628212e+04
1.252132874887934304e+04
3.178614800186058710e+04
2.606257671613812272e+04
2.111199024270907830e+04
2.115440005052569177e+04
2.280602159232404665e+04
1.107937324011755481e+04
6.927875416240798586e+03
2.305498191813545418e+04
1.567026486134138759e+04
9.919085678332216048e+03
3.213538821586237827e+04
2.645364281629703328e+04
1.025554786715121372e+04
2.229252027563440788e+04
2.963322203253021871e+04
2.268945112816757319e+04
3.831694270949739439e+04
1.941032756057016013e+04
2.183828948320535346e+04
3.073951913343973138e+04
2.632859630874110007e+04
2.605246990366885439e+04
2.475748815722706786e+04
2.521296329471392528e+04
1.311186367193178921e+04
2.569795001887102990e+04
1.525480404185217049e+04
7.322552417689081267e+03
3.584944531485145853e+04
2.316263527488903492e+04
2.107243711326858102e+04
3.242317268329067883e+04
1.919023677367513301e+04
2.674176238201912929e+04
2.068967981926649372e+04
1.446486827532799725e+04
5.074036610919355007e+04
1.890292844477682229e+04
1.347946606363131286e+04
2.301368990516823033e+04
1.104881179378856905e+04
2.377222513395364513e+04
2.994833558210259071e+04
1.964852411777902671e+04
2.217964540383592248e+04
2.885111891387991636e+04
3.029727707489622844e+04
1.607025360163572259e+04
1.346140772776422091e+04
2.170410978008879829e+04
3.822847582696100289e+04
2.576100514722867956e+04
2.044888993143531479e+04
1.503903194258684380e+04
1.529772020968269680e+04
4.643663855823087943e+04
3.829029039628043392e+04
3.011414022605676291e+04
3.756918278451825608e+04
2.500937917144364474e+04
3.717859143545081315e+04
3.831571891214152856e+04
2.809867632744476577e+04
2.532141727776232801e+04
5.015709621462252835e+04
1.871860994729456070e+04
3.015309484192078162e+04
3.770969622013351182e+04
3.956407692749420676e+04
3.156930293513208380e+04
3.724201574336861086e+04
3.705116575078939786e+04
2.392642564311878596e+04
5.082106267672377726e+04
2.419163782525976785e+04
4.149705316716188099e+04
3.605666030738970585e+04
4.082955060955615045e+04
2.890482396838843488e+04
4.920766238416812848e+04
3.441404230394698970e+04
3.005640382575555122e+04
4.527739294388910639e+04
4.016518749708692485e+04
2.962571903363691672e+04
3.597953561536634516e+04
3.369106342052510445e+04
3.189358075296814059e+04
3.352067545058066753e+04
3.241677067210343012e+04
4.082960499832841015e+04
2.253773018960060290e+04
2.564442528894077986e+04
4.224308725608835084e+04
3.623171157256890001e+04
3.563904320823038142e+04
4.099814916729473771e+04
3.481546254765868071e+04
4.343936594870492991e+04
2.689214132516158134e+04
2.152915529837022405e+04
4.187974793093414337e+04
2.587456011592259165e+04
4.244199831058896962e+04
3.413063664175252779e+04
1.658765999889231898e+04
3.155551388749873149e+04
3.171993238868101980e+04
3.727739928704594786e+04
2.180195997447609989e+04
3.054553530920117919e+04
2.334617391165136360e+04
2.948860623413893336e+04
1.598526048058359811e+04
4.183631430823238770e+04
2.621890786238293367e+04
2.431295483891775439e+04
3.423557826577155993e+03
5.625286653798589396e+04
1.297422106400197663e+04
3.924975436109273869e+04
3.397525752325408394e+04
3.589294286440104770e+04
3.849857101054111990e+04
1.253083357985240582e+04
3.052963767145072052e+04
2.774796843909410745e+04
4.816655219119135290e+04
1.139129315219656200e+04
2.448887250430198765e+04
2.429472355654244166e+04
3.334562580455906573e+04
3.124941519749711733e+04
2.043436299650455840e+04
1.733959232028477345e+04
3.969496271745199920e+04
4.324131129562627393e+03
4.258673473717682646e+04
6.629809075987296819e+04
2.275844029252946348e+04
5.373011961688035080e+04
3.825211632502875000e+04
2.735575847681365849e+04
7.083814703791460488e+04
3.205254899000431760e+04
3.052298035890866959e+04
3.719829240164236126e+03
1.871185091719081174e+04
2.260395509098251205e+04
3.936808546914995532e+04
1.866648700308841944e+04
6.482576453677673271e+03
4.342604822646809043e+04
4.202073444381442823e+04
1.927214653509207710e+04
2.244553514303175689e+04
3.566130928748214046e+03
7.088681970900890883e+04
3.290728511429598439e+04
4.048911476578557631e+04
1.914930351746811721e+04
1.114709209702326189e+04
1.752045664602711622e+04
2.739618820196186425e+04
1.988756834778921257e+04
1.336205530620300124e+04
3.128216647475932041e+04
1.723402029130542360e+04
1.721766094672694089e+04
2.580918648464375292e+04
4.110901628173760400e+04
1.870971060087428486e+04
3.905177461596377543e+04
4.049206262805132428e+04
2.583930060382660304e+04
4.746422882010696776e+04
1.611016805821633898e+04
3.709042994738702691e+04
4.064449945652412134e+04
3.626016689741022128e+04
2.063018617626524065e+04
2.120644168260027072e+04
2.485024076885152681e+04
2.208698333778679807e+04
3.237385333878421079e+04
2.233292499321502328e+04
1.425298050757618694e+04
5.298092137703586195e+04
1.940412944779896134e+04
3.643247462180200091e+04
4.926173264609387115e+04
3.132229590915350855e+04
3.202189644373194460e+04
3.040743739367495073e+04
6.210363093429587934e+03
7.497616128835803829e+04
2.707302778040721387e+04
2.378812242555934790e+04
1.542923620787898290e+04
1.554964912640064358e+04
1.767892123997713861e+04
4.265584610466152662e+04
3.179995085758912319e+04
2.427247929539362667e+04
4.341858498426907317e+04
3.919921057731639303e+04
1.403594736410734913e+04
2.060326072566922085e+04
1.868942930173605419e+04
5.302323012071011908e+04
3.170706267503494382e+04
2.072666947910695308e+04
2.736755321546023333e+04
1.588998913155830815e+04
2.273460278351059605e+04
2.686091493611876649e+04
1.729808402753734845e+04
1.681773502305645161e+04
7.273639248111042434e+03
2.096763593152335307e+04
2.631334853691290482e+04
2.453042211031094484e+04
1.303280057204244804e+04
2.770775981308769769e+04
3.258080460389097425e+04
1.408467243732695351e+04
4.544514979510543344e+04
1.627226437957203598e+04
3.869441713970449200e+04
4.154536923306521930e+04
4.594097517967814929e+04
1.880391511103775338e+04
1.563233772198750012e+04
1.801149162100786998e+04
2.915491931470392956e+04
2.267169026686148572e+04
1.518087089903756168e+04
1.379826320291270531e+04
2.804860709760386817e+04
2.128866591944115498e+04
3.851196505038977921e+04
2.348868566963555713e+04
1.977823154923100083e+04
1.350419079301699276e+04
2.075018633652323479e+04
1.333664497193595162e+04
6.386189436542009935e+04
2.768232929887886712e+04
3.226628841328562339e+04
2.273068287182184577e+04
1.934290737813257147e+04
1.752441203191554814e+04
3.272455606177882873e+04
2.046862643108409247e+04
2.703716922738753055e+04
3.368066347696556477e+04
2.951190202791120100e+04
2.844569881191661989e+04
1.968728642044553635e+04
1.993610030071511574e+04
2.970277588668461249e+04
2.384450108643042040e+04
9.325262839624367189e+03
1.935463430595003592e+04
1.337884960285702255e+04
2.516649212336010532e+04
1.652145429966025404e+04
1.896201351243937825e+04
1.959503079320661709e+04
2.081089643543289276e+04
2.152021950721999019e+04
3.422567594963589363e+04
1.552269442752540817e+04
2.668389369066670042e+04
2.937682821977298227e+04
2.608477137676100392e+04
4.077890840011797991e+04
2.135671648910038493e+04
2.347737457325010837e+04
1.135961039663525662e+04
4.389524423123140150e+04
2.098124681242564475e+04
1.422560851302800438e+04
1.575878737157418800e+04
2.746011768776824465e+04
2.413377926953885617e+04
2.255592592559923651e+04
1.978171522936909241e+04
3.371234226914112514e+04
1.795069989512769826e+04
3.584877927281876327e+04
4.464505124205996981e+04
2.223452574178776558e+04
3.459827977920446574e+04
3.080830295475116145e+04
3.012904007512286262e+04
4.070093338282778132e+04
2.783923731934823445e+04
2.981071446086638025e+04
1.796097476561376243e+04
1.885732398293230654e+04
2.512667802279992247e+04
3.445114373682894075e+04
1.980714792920046966e+04
2.121393128138859174e+04
2.566527923727927555e+04
3.091678570001696789e+04
2.037096998729978441e+04
1.767753627762276665e+04
1.842818441471849655e+04
4.987896594725178147e+04
2.210886715926208853e+04
2.519641274426010204e+04
1.766799757622023390e+04
1.842330358558838998e+04
1.130567820076001590e+04
2.775380646255178726e+04
1.802296110849579054e+04
5.519248439063339902e+02
3.697383745804708451e+04
2.153062742878132849e+04
1.800936357276227864e+04
3.754293081491043267e+04
3.911598046610330493e+04
2.329583196581950324e+04
3.379491588829863758e+04
2.536600822963982500e+04
1.330657059471856701e+04
3.231609791892647991e+04
9.713235836879644921e+03
3.213004060229471361e+04
2.733125459138255974e+04
2.848583564510812721e+04
3.246439552119220025e+03
3.549988350589138281e+04
2.130382665549460216e+04
1.110459096876936928e+04
5.340961732686236792e+04
2.525370117669482352e+04
1.299404962862390130e+04
4.355641011751868791e+04
2.946027173557442438e+04
3.197873837656651085e+04
2.998293378568001572e+04
1.822200194051398648e+04
4.170134939963556099e+04
2.623175454784191516e+03
1.557721945615625827e+03
2.563551568869058246e+04
1.140106203295376872e+04
3.557458078339263739e+04
3.734424723160223948e+04
3.033478593649769755e+04
3.244500467832950744e+04
2.274784156446641282e+04
2.908006486523310014e+04
1.666068217970755359e+04
6.821528576410744790e+03
2.679152535191113566e+04
4.740419684739768854e+04
2.006428710327235967e+04
2.057467353321434712e+04
2.344449179350001214e+04
1.875926557705874438e+04
1.926139837419871401e+04
1.118058259846501096e+04
8.948339010406114539e+03
1.906528706189906370e+04
2.781554942993418081e+04
8.338530333506067109e+03
2.546961720085691195e+04
2.889168367772727652e+04
2.141877704244839697e+04
3.968227662921298179e+04
1.542985752787340425e+04
2.595897811457126227e+04
2.678263056529907772e+04
3.132427874716258884e+04
1.942204530954828078e+04
1.895518613408270176e+04
1.527900028950732485e+04
1.397518977925313084e+04
1.879791102561166190e+04
1.379997262076568586e+04
6.972981207512997571e+03
4.004574212888090551e+04
1.276399387668368036e+04
2.256065681601267715e+04
4.074217345669413044e+04
1.869966332203272759e+04
2.838029570901193074e+04
2.249186405940271652e+04
1.241445603406293776e+04
6.321979133815833484e+04
1.695578543044852267e+04
1.220668581529780022e+04
1.303643964322020656e+04
5.124342713138524232e+03
2.023061475905554835e+04
2.738317449597719315e+04
1.923853721824765671e+04
1.531979779889354722e+04
3.214755458274589910e+04
3.149144263234581013e+04
5.218927683635707581e+03
1.283497497039177870e+04
1.195026026581265069e+04
4.828379899443803151e+04
2.317528755664655182e+04
1.687598473064668360e+04
1.386999529294005879e+04
9.868840049654731047e+03
1.120151526400545845e+04
2.215653851500427118e+04
4.194544102378126991e+04
2.936483923030380538e+04
1.958064544998087513e+04
3.309792410275763541e+04
3.645145008043792041e+04
2.256900117381844757e+04
5.134942081054521259e+04
3.140625703620527929e+04
3.869404140919023484e+04
3.894053009769636992e+04
5.037266346682250150e+04
3.196650008119336053e+04
1.945135242478409418e+04
2.020532081412000116e+04
2.686083571712388948e+04
3.355150619506457588e+04
2.250911078271380757e+04
1.963696006249256970e+04
4.431505229643167695e+04
2.865595105837955998e+04
3.779653835436135705e+04
3.656760438208373671e+04
2.358430095112725394e+04
2.171981300859693511e+04
2.738920109514346768e+04
2.889222791270954622e+04
5.766407380437376560e+04
3.729172589781450370e+04
3.328596836024787626e+04
3.421293241838439280e+04
2.297865806451422395e+04
3.736171319880001829e+04
3.731309648630021547e+04
2.908483690867519545e+04
3.973869305018016894e+04
3.217334418746949450e+04
3.471071828092634678e+04
2.590575987447781154e+04
2.030136823408367854e+04
3.250861008715278513e+04
4.442086848808275681e+04
2.893991688250274456e+04
2.017797659375205694e+04
2.141734288950194605e+04
2.280769581258629478e+04
1.316793569648373523e+04
2.543322038367734422e+04
1.614760295703614611e+04
9.970478276681393254e+03
2.574560068669424436e+04
2.853924613113359737e+04
1.309884111952221065e+04
3.878948785787851375e+04
1.625443778049843422e+04
3.459121592917732050e+04
3.974283987180664553e+04
4.049488073071176768e+04
1.583275242312011869e+04
1.360386290400438702e+04
1.527564360802833471e+04
1.980248968407108987e+04
2.112165310811985546e+04
1.491422792662354550e+04
8.759682081792110694e+03
3.900663694865192520e+04
1.515039383847968020e+04
2.830401529534747169e+04
2.681430975514467718e+04
1.692866365472254984e+04
1.306919343755613227e+04
1.872397266932918865e+04
1.367231128377950154e+04
5.485968915448724874e+04
1.926159820174600827e+04
2.353765051386862615e+04
1.991484344211993084e+04
1.212544720076597878e+04
2.108735353549594583e+04
3.594927901727444259e+04
2.071796758825687721e+04
2.403004001107875229e+04
2.521210096856685414e+04
2.595460386944589118e+04
2.017303542114877928e+04
1.309152865525351626e+04
1.822153044758756369e+04
3.586491380700480659e+04
1.761340556582679710e+04
5.978802898602611094e+03
1.318032259903654449e+04
1.018134491947351671e+04
3.152907828587462427e+04
2.131412672374083559e+04
1.447588871484517767e+04
3.379885624786332482e+04
3.544416010182573518e+04
2.112311661468766761e+04
3.410682803497774876e+04
1.991632338656257343e+04
1.294017971060920900e+04
3.069930958306772663e+04
9.628369164275120056e+03
2.661266753441935725e+04
2.198722133326949552e+04
2.633564621452090796e+04
3.536273222724975312e+03
3.184181022507776652e+04
1.864927493322583177e+04
9.054984458291855844e+03
4.610238951337537583e+04
2.286184812119563867e+04
1.329480888123697878e+04
3.784760463829647051e+04
2.527527363079413772e+04
2.522734847590618665e+04
2.735539195940624631e+04
1.507745367890184207e+04
4.201308470517640671e+04
2.741243359689038698e+03
1.604091192360763216e+03
2.114489023530694976e+04
1.020093021305868388e+04
3.009656599335686042e+04
3.572446923147050984e+04
2.564104488099222363e+04
2.689447469350328174e+04
2.124282116324571689e+04
2.749704246516933199e+04
1.533696178161659191e+04
5.917721464674203162e+03
2.181272587268822463e+04
4.386526784088777640e+04
1.833687606308742397e+04
1.675824937499735097e+04
1.969370877133666363e+04
1.458497283814198090e+04
5.808220880226897134e+04
1.436968560866245025e+04
3.598824489132400049e+04
3.477942692979911226e+04
3.574885627651285176e+04
4.352586973731390026e+04
1.274978191507850534e+04
3.619453200237012061e+04
2.901073412059846305e+04
5.500240025991846051e+04
1.120241593933755939e+04
2.138138098973246815e+04
2.167093284563980706e+04
4.188321624673841143e+04
2.682865556619841664e+04
1.992421363297489006e+04
2.059644430921955063e+04
3.659298134211880097e+04
6.043403958576716832e+03
4.887220957543118129e+04
6.546705963643099676e+04
2.298374874467369955e+04
5.228349521888874006e+04
4.100440830765994906e+04
2.803376407215403015e+04
7.816811591012260760e+04
3.890838929374878353e+04
3.884630296902304690e+04
4.167205006623044937e+03
2.302628535225497399e+04
2.000443637764015148e+04
4.127630844331505068e+04
1.610169519954745192e+04
5.603628292454865004e+03
4.674243371416790615e+04
4.494377148104533262e+04
2.545994385515584872e+04
2.848057634562910243e+04
1.922859962500926486e+03
7.087223033825300809e+04
3.673911500431852619e+04
3.942413058477443701e+04
1.974680367592420225e+04
1.087317003856456904e+04
2.361978943470901868e+04
4.055283329211179080e+04
4.289571354780950060e+04
2.686260299515570659e+04
4.620560286645973974e+04
3.737358620278981107e+04
3.599776170630710112e+04
5.120770725256182050e+04
2.910704087527388401e+04
4.921446513659239281e+04
3.348771836484772939e+04
3.883097085263038753e+04
2.470995394304685033e+04
4.614352693106985680e+04
3.419263602719866321e+04
2.247637139996539918e+04
4.775892457710416056e+04
4.041953473650955129e+04
2.516782865957499234e+04
2.009537699421204161e+04
3.189796584766343585e+04
1.819877694918201450e+04
2.714721937430616526e+04
3.064983204481193752e+04
4.292116809851046128e+04
2.176414211240539589e+04
2.556219406781094949e+04
4.550671655125914549e+04
2.825614364513144756e+04
4.820742594518063561e+04
5.277850464681715675e+04
4.085500605037571950e+04
5.216676029738140642e+04
2.253647537822458253e+04
2.376492738077857211e+04
3.944185107061630697e+04
2.401344416610165354e+04
4.295522208402543038e+04
2.569144199629968352e+04
1.615254820729000130e+04
1.867727395621846517e+04
2.821602818400573597e+04
3.157604866419265818e+04
1.954024109360517468e+04
1.987191057192791413e+04
2.056387594243323838e+04
3.160169234900629090e+04
9.663200606390861140e+03
2.163592364003086550e+04
2.488669866614002967e+04
3.985717029279892449e+04
1.457311989441596961e+04
1.759942554125944662e+04
1.721694239785619357e+04
2.177636340329875384e+04
2.043368879163243400e+04
9.825643744108097962e+03
6.330658201472439941e+03
2.464207828061484179e+04
8.657055167670732772e+03
2.742781183614453766e+04
2.934840313738099576e+04
4.178252379663609645e+03
2.342473570023140201e+04
1.719704002959699574e+04
1.581672807182689758e+04
4.445229266825393279e+04
2.220548395411824458e+04
2.153347430249469471e+04
1.034406360186343954e+04
1.156696414828874913e+04
1.927795002868659139e+04
2.600339458154965178e+04
6.329222971048484396e+03
1.181221267421830635e+04
2.746982844636821756e+04
2.635421914712369471e+04
1.518140467126317890e+04
1.396415171151173490e+04
7.768426612831221973e+03
3.681926067598647205e+04
2.187424844668503283e+04
1.717382985830432517e+04
3.784767326907549887e+03
5.572432188214374946e+03
1.848164873218929642e+04
3.234995468930929201e+04
5.243304648936606100e+04
3.066498344945217832e+04
4.152559414430125616e+04
3.798934097523114906e+04
5.684590259888822038e+04
3.729361303555924678e+04
3.079264587986395418e+04
2.845646887279906150e+04
4.084121286773127213e+04
2.914654588604499440e+04
2.443666212365288084e+04
2.635376713571143046e+04
3.107878243715378630e+04
3.146799134995692657e+04
4.441659382895776071e+04
3.926116290044899506e+04
2.342100872303168580e+04
3.227595294571655904e+04
2.866090491441875201e+04
3.333882748242019443e+04
5.327386664531308634e+04
4.340413407963905047e+04
4.190996774410939543e+04
3.333496107549845328e+04
3.055232955590964411e+04
2.523873588756969548e+04
2.808220087008592964e+04
2.117971355458795006e+04
2.680927924776045984e+04
3.834142118048797420e+04
3.282398989028829237e+04
3.469572146106097352e+04
3.343717739215609618e+04
3.116787199777167189e+04
3.972063373056707496e+04
3.063531628180150074e+04
3.221830481210297148e+04
2.118829569352496401e+04
2.806221043587590975e+04
3.444668483759257651e+04
4.557965507102641277e+04
3.020042685165612784e+04
3.955513377960794605e+04
3.863177367984387820e+04
5.728108350776882435e+04
3.699073219887896994e+04
3.335773230849040556e+04
3.220568660367672055e+04
4.091299957112062839e+04
4.132076782272948913e+04
2.765812923431766831e+04
2.727409731981947334e+04
3.873832099571837171e+04
2.576671627299400279e+04
4.735329784139436379e+04
4.437615661866097798e+04
2.402499829006550863e+04
4.205974015710798267e+04
3.068223730915487977e+04
3.654330644759188726e+04
5.654702482302370481e+04
4.312016495824245067e+04
4.202089099140706094e+04
3.164182343093084637e+04
3.045749351106614631e+04
3.502693912341565738e+04
2.989539778014593321e+04
2.486782472507744387e+04
2.870937646168548963e+04
4.161878231472485641e+04
3.113070600370019019e+04
3.375961335944135499e+04
3.511073366162819730e+04
2.970992290695590782e+04
4.246981339965994994e+04
2.997523454447541735e+04
3.892141427031708008e+04
1.970041366063259193e+04
2.708261251265349711e+04
3.213911010436078141e+04
2.629998859719896427e+04
3.496482938889526122e+04
3.652979534298826911e+04
3.636350342346304387e+04
2.522898341957492812e+04
1.862009661692519148e+04
1.809043620803815429e+04
2.322583864577612258e+04
1.971695425623210031e+04
1.782564593258686364e+04
2.009921902831362968e+04
3.820108942658678279e+04
2.747415213961216068e+04
2.715357462013563782e+04
3.350522554559828131e+04
2.988038452933348890e+04
2.243991821040699142e+04
2.471044249013790250e+04
2.121393203266326600e+04
4.522330525732397655e+04
2.459209749905650824e+04
2.826943253279427881e+04
2.841386723786812217e+04
1.702996652660548716e+04
2.615520227799229906e+04
3.216625384566996945e+04
2.987175897460290798e+04
3.413370754524001677e+04
2.575838652908761651e+04
2.519867858267021802e+04
2.572925714016757411e+04
1.997000350089642961e+04
2.790752753885938000e+04
4.081077970680000726e+04
2.080210569075342210e+04
6.864606684605129885e+03
2.785812285346023054e+04
2.090863477999227689e+04
4.010147756546948222e+04
3.287186888654661016e+04
4.384670260968296498e+04
3.988730421711372037e+04
3.548858124128709460e+04
4.177294261511676450e+04
3.756321337129556196e+04
3.307926002963517385e+04
4.492784448553512630e+04
3.460198518826455984e+04
3.152268874253983813e+04
5.036483617334504379e+04
3.821233478702124557e+04
2.856920893751707627e+04
5.387372674817380903e+04
3.887587210966357088e+04
5.477901870748412330e+04
4.298981417382127256e+04
4.451874596857235883e+04
4.345396520494726428e+04
3.470129447018787323e+04
3.554534322651923867e+04
3.628656986694085936e+04
3.515190738522738684e+04
4.523249730561752222e+04
4.890421873301114829e+04
3.780310303388415923e+04
4.173421946720969572e+04
2.968764135449771129e+04
3.796453536391316447e+04
4.468103129429162800e+04
2.952021828883603303e+04
3.858066594562533282e+04
6.237885495492074551e+04
2.643932396787433754e+04
3.935332271966463304e+04
3.687637164754613332e+04
3.293640659555009188e+04
2.583474180073197931e+04
2.948619980697509163e+04
4.193715769676646596e+04
1.390470172348493179e+04
2.255623750063491389e+04
2.405836641690088800e+04
3.098885763028923247e+04
2.833635298207108644e+04
1.443845312747873504e+04
1.378830583922341611e+04
3.057487256649201299e+04
1.179248799474978659e+04
3.510176175698859151e+04
4.345617143414322345e+04
1.786107632718594323e+04
3.439508721522009000e+04
2.707577311411995106e+04
1.553034639016611618e+04
6.366118058427194046e+04
2.676725295511906734e+04
2.882069498223742994e+04
1.020221657916375261e+04
1.736392446799396566e+04
1.431870738118054032e+04
3.419798252095976204e+04
1.614434198347057645e+04
1.313682012996290723e+04
3.746824165655897377e+04
3.429160003417587723e+04
2.392557725225638569e+04
1.955018467061302727e+04
9.162951693159009665e+03
4.809796988004037121e+04
2.758289352754325228e+04
2.502726200454846185e+04
1.657043281974926867e+04
7.846189536625710389e+03
2.943421179675214080e+04
1.868549065057593907e+04
3.275168503092780156e+04
3.275976149013113172e+04
3.305169569028278056e+04
1.538297358086311215e+04
4.446542000987090432e+04
2.818723465751680487e+04
2.285374565995625744e+04
4.579907835518666252e+04
2.822706436192488036e+04
2.610551904464655672e+04
5.565806748414378671e+04
3.164840936766376399e+04
4.549497894489931787e+04
3.491532784284351510e+04
3.668525041506823618e+04
3.392170323647699843e+04
1.726547058673584979e+04
1.516099233376609664e+04
2.914077999998611631e+04
2.764436951071836666e+04
3.881660018605404184e+04
3.858911014108284144e+04
3.210624440908750330e+04
3.209025337691052118e+04
2.288961162078046618e+04
2.986034720263096824e+04
3.136032548805752594e+04
5.335537943247582916e+03
2.988118955914381149e+04
5.695747185225492285e+04
2.105482355422056571e+04
3.956718746199530869e+04
2.723656648325585411e+04
2.500644062794299680e+04
5.098099940203514416e+04
2.619549981688620392e+04
2.284934872381008972e+04
2.263672854631011069e+04
3.422217869105633144e+04
2.944012412632609994e+04
3.216834373259283166e+04
2.845147594164515613e+04
3.765218112327114795e+04
2.394547252593748271e+04
3.964229088000411866e+04
5.651683734374949563e+04
3.261069745563976903e+04
5.883758209637628170e+04
3.860778228948941978e+04
4.224569854008653783e+04
4.074986903080069169e+04
3.429917855627326935e+04
3.575274522482794418e+04
2.208024005167916403e+04
2.672988746369550790e+04
4.075483335016795900e+04
4.207695865034534654e+04
2.752888723352328816e+04
2.868887282365087231e+04
3.085319818393868627e+04
4.422396155859362625e+04
2.898216514600024675e+04
2.545934998969844310e+04
2.506220675613792264e+04
6.488329840953113307e+04
3.183152390820298024e+04
4.058746759514800215e+04
2.817730383888221695e+04
2.872447837862248343e+04
5.033541427781190578e+04
4.541072233857872925e+04
4.898262973935603077e+04
1.453046795837299396e+04
5.329625045297203178e+04
3.900908054024020385e+04
2.749389251613261877e+04
6.899990407610533293e+04
4.867504489317299885e+04
1.649367366490159111e+04
6.042451619747789664e+04
5.250204589335429773e+04
4.847503385860283743e+04
4.850570700463563844e+04
3.131700281370056837e+04
4.472538614886981668e+04
1.135090148325946393e+04
1.169063725013101794e+04
4.499895324236209854e+04
2.730657301817052212e+04
4.928879557606946037e+04
4.628037693266694259e+04
5.229364363396417320e+04
5.005316882259626436e+04
3.211074790230955841e+04
3.324544986524304841e+04
3.575154218702254730e+04
1.807977387514383736e+04
4.610736358784647018e+04
6.809884632468172640e+04
2.525789163616438600e+04
3.764714774967360427e+04
4.772075699018405430e+04
3.955454315503896214e+04
1.417012601967034061e+04
1.455837045109552491e+04
3.506117551567271585e+04
2.003201839405845385e+04
1.864253583225777402e+04
1.473215725513949656e+04
2.973431202877208489e+04
1.082023839180420873e+04
4.233941773066200403e+04
5.050875603853213397e+04
2.071286465212320763e+04
4.037533903854608798e+04
2.819317254198611408e+04
2.091695508789974701e+04
5.700712991098835482e+04
3.812399567755416501e+04
3.396328331954793248e+04
8.784632694587333390e+03
2.498399631462856632e+04
1.853093049314978998e+04
4.202110187182894151e+04
1.795246512318647001e+04
1.557475479835128135e+04
4.042969926160338946e+04
4.492802785286017024e+04
2.458557072542450260e+04
2.267164365238758910e+04
1.118118817094301266e+04
5.792388891948982200e+04
3.529726161041545856e+04
2.673100410777008801e+04
1.772181738793986005e+04
1.329819988122133509e+04
7.110034256246573932e+03
2.792857839059407343e+04
1.522662392265861490e+04
1.996699746173174935e+04
1.838246485866738294e+04
3.617435350899794139e+04
1.694434632208416588e+04
3.708321509948599123e+04
3.997362966797022091e+04
2.603422552844532765e+04
2.626010433284336250e+04
2.409789893884999037e+04
2.336234695663035382e+04
6.210031592474481295e+04
3.060304530256766157e+04
3.248002457596463501e+04
1.694278638326735017e+04
1.905356759225564383e+04
2.292889920814595826e+04
3.096049688162088569e+04
2.593110763498736196e+04
2.339963359316001151e+04
3.485724446018521849e+04
3.347173945250615361e+04
2.206038470734370640e+04
1.852294165891969533e+04
1.850829410565424769e+04
4.645838757372029795e+04
2.262094482725785201e+04
1.603185607547717882e+04
2.331991405369430504e+04
1.859576782158112110e+04
2.995706352394173882e+04
1.223439508826884776e+04
1.980753378237756260e+04
1.809048180000418506e+04
3.304168848254480690e+04
1.738264636161232556e+04
3.357557448838552227e+04
4.574892407015401113e+04
2.594350652428766261e+04
3.379446588772720133e+04
3.008341299009510840e+04
2.608868539108530967e+04
5.313295964043293498e+04
3.241230996977247560e+04
3.273402241236887494e+04
1.759005156170114060e+04
1.828932222173019181e+04
2.477388443692445799e+04
3.090197914369862701e+04
2.124818229641793732e+04
2.323908626901013486e+04
3.080493148711836693e+04
3.568372961414316524e+04
1.936377561705932749e+04
2.495553390595426026e+04
1.866940246777962602e+04
5.021810307431404362e+04
2.548994466742631630e+04
1.965758698955757427e+04
2.121833649770250486e+04
1.809590311202784142e+04
3.969758613589670131e+04
2.249221188012810308e+04
1.287680693157216410e+04
5.720063948014279595e+04
2.700475339561940928e+04
1.525458862402317754e+04
4.525031169098024111e+04
3.019553470173873211e+04
3.162189027099013038e+04
3.054110566338772333e+04
2.217737197008715157e+04
4.209572791897716525e+04
7.609699593341405489e+03
4.909752425528339700e+03
2.937069176363112274e+04
1.402036896904325476e+04
4.028650061726111744e+04
4.034191965162088309e+04
3.464270509557037440e+04
3.757241535489018861e+04
2.527603782290393792e+04
3.207717949256507200e+04
1.775955314959478346e+04
7.819211238118487017e+03
3.097310410039406270e+04
4.838736590025013720e+04
2.185486308354609355e+04
2.135229232884245721e+04
2.670266722573003790e+04
2.219635269575990969e+04
2.450711540665202483e+04
2.502339946176676312e+04
3.447895125476308021e+04
2.471300051749562772e+04
3.827593565510959888e+04
5.252237279253671295e+04
3.647984570537485706e+04
4.433628611121383437e+04
3.306210439783810580e+04
3.085019862864884271e+04
6.858860083075020520e+04
3.846368057460982527e+04
3.942676774117627065e+04
2.061740849603236711e+04
1.907126598487972660e+04
2.516134836027082929e+04
4.286869716858004540e+04
2.971901800907208963e+04
2.510510541773076329e+04
3.481066828266585071e+04
4.063558688914602681e+04
2.805914806991502701e+04
2.984613508477352298e+04
2.141577124090010329e+04
5.655288737725588726e+04
3.137845976306765078e+04
1.967202407638062505e+04
2.938812033210958180e+04
2.363451210787815216e+04
1.223302449216737659e+04
3.103110002881988112e+04
1.688097136290265917e+04
3.292849482944249030e+04
3.586302777786574734e+04
1.443269878298588810e+04
2.507733153671496984e+04
2.230460310839165322e+04
1.753908663240971509e+04
5.273879196171394142e+04
2.648533642692221474e+04
2.597635024332907051e+04
1.537831223069663065e+04
1.814841976629275450e+04
2.012184028894232688e+04
2.301705273419124933e+04
1.364128183674533466e+04
1.691703987268510173e+04
3.215202193540215376e+04
3.221264793575319345e+04
2.348413714499444905e+04
1.830579612245692260e+04
1.350066853701499167e+04
4.502397876397102664e+04
2.813477634764002505e+04
1.667505824126594234e+04
1.548568525862742536e+04
5.972548336305720113e+03
3.268026820212163875e+04
1.326933557122485217e+04
2.235025024662428768e+04
2.794633769112169466e+04
1.049801983353873766e+04
2.224575280991248655e+04
1.517074714600369953e+04
9.949695854075349416e+03
5.205861983390798559e+04
1.792802173292974476e+04
1.383445155509172946e+04
1.371820317302668263e+04
1.188024467091052975e+04
2.219918695476739231e+04
3.176101837015362617e+04
1.367148339982707694e+04
1.863268267087123240e+04
2.990755925930778903e+04
2.977832479996150505e+04
1.252215105498326011e+04
1.125138162432686659e+04
1.411565688364107336e+04
3.585180058031192311e+04
2.360679628010415399e+04
1.468957053781740979e+04
8.399862296855084423e+03
8.156208039287050269e+03
3.201459047124949211e+04
5.310378569766681903e+04
3.322344565713375050e+04
2.728954546357454819e+04
4.294713111574800132e+04
3.141038207677680475e+04
4.448112003612756234e+04
5.953328258498251671e+04
5.409790993864869961e+04
5.744251377761470212e+04
3.316823292583651346e+04
4.214239702994724212e+04
3.468503623583944864e+04
4.415440799152187537e+04
2.677534432202402968e+04
3.317064734730483178e+04
4.017570414546626125e+04
4.391664906550355226e+04
5.093786272467194067e+04
3.996909185897256248e+04
3.309090606806181313e+04
3.659684257797327155e+04
3.937658746034056821e+04
4.257898636730664293e+04
2.935956276444969990e+04
3.198044947000377942e+04
4.034072941124652425e+04
4.970795802874254878e+04
1.626680901821156294e+04
3.806064998214976367e+04
2.744241853040770366e+04
2.277797123921498132e+04
6.866676553445479658e+04
2.850143890587812712e+04
2.814883600083162310e+04
5.259674920572428164e+03
1.413854574944593332e+04
1.987982890385116480e+04
3.445444104740784678e+04
1.522489356612271513e+04
7.778690795037315183e+03
3.737260462488236954e+04
3.646441046212159563e+04
1.481098032557082843e+04
2.159286983472610882e+04
5.377691034940510690e+03
5.158608440339206572e+04
2.883808122282164186e+04
2.714449215605965219e+04
1.306032752910035197e+04
8.600812780357329757e+03
4.529097126971256512e+04
3.951917136313517403e+04
3.920949157440831186e+04
3.821270555487164529e+04
3.020306577972717423e+04
3.828625252680339327e+04
1.419344843922960354e+04
1.583538250641021477e+04
3.701455869317389443e+04
1.863532005813897558e+04
4.353698651142831659e+04
3.918488576727640611e+04
3.839258741229565203e+04
4.289797901736202766e+04
2.451308279457732715e+04
2.776106020000406716e+04
2.796214906477051773e+04
1.805161234519560094e+04
3.879844247284384619e+04
5.366190620254725945e+04
1.967276489251391831e+04
2.802323506328593794e+04
3.428056320516003325e+04
2.983817546849287828e+04
3.113846803882656241e+04
2.296198716266686097e+04
2.570353676895878743e+04
3.743960242599549383e+04
5.341791391760481201e+04
4.713749882050437736e+04
5.482355269991995738e+04
5.683830129157044576e+04
3.999686239674552053e+04
5.136291893386534502e+04
5.402074740650616877e+04
3.912363703157477721e+04
5.995163475602507970e+04
4.111418252102065890e+04
3.249352446766959474e+04
5.582446574916323880e+04
3.724734942247148138e+04
5.349726230456710618e+04
6.152373382135443535e+03
3.413086494214059348e+04
2.748126185050177810e+04
3.452773938794898277e+04
4.088601697428362968e+04
2.925561107289868960e+04
1.999058744019300866e+04
2.666377538532312610e+04
5.758058898843964562e+04
3.824214400623366237e+04
3.396041740815587400e+04
2.163189280124543438e+04
2.556317811104090288e+04
2.769143385560603201e+04
3.298656521550820617e+04
7.568825413925096655e+03
2.153826654446468820e+04
3.721307686975014803e+04
3.423463697079287522e+04
2.860566449446610204e+04
2.469026196276108021e+04
1.797442030737896130e+04
3.736194548137990932e+04
3.416396377977688098e+04
2.972301561655752812e+04
4.087551043600049525e+03
1.176283046812928660e+04
2.176705055456828995e+04
2.366301753054060828e+04
6.399341266843802441e+04
3.510825047510849254e+04
3.870590787498574355e+04
4.423743636073470407e+04
2.996472608524008683e+04
3.591548823486853507e+04
4.321247196652428829e+04
3.554714594229379873e+04
4.776106354209044366e+04
3.720781937866682711e+04
3.197722331095241680e+04
3.713727914417102147e+04
2.477098953591259124e+04
4.020217700093626627e+04
2.989858075616962014e+04
2.783739436442694569e+04
1.607736735119113473e+04
2.928248688127178684e+04
2.781706186961937055e+04
2.553683942341417787e+04
5.098224159066248831e+04
3.377242417329201999e+04
3.421250443705295038e+04
3.282038049304304877e+04
2.621882301778083274e+04
3.360296424211246631e+04
3.906931102793868195e+04
2.416566210956871510e+04
3.603542974515216338e+04
3.676387479948697728e+04
3.942884666887143248e+04
2.901706883415236007e+04
2.616240969013634458e+04
3.169210623236178071e+04
2.665413049717020112e+04
3.262841888278790429e+04
2.201656033184497937e+04
1.884207230932032689e+04
2.434090569895478257e+04
6.870745698813971831e+04
2.516041150013128936e+04
2.254244001829935951e+04
1.982178094035645336e+04
1.576832462138250776e+04
1.719345105362048344e+04
3.973083754915623285e+04
2.720594801206501143e+04
2.734915030032413051e+04
4.158208683948228281e+04
3.526471946075251617e+04
2.007704142386501917e+04
1.912650870904328985e+04
2.033476444109818112e+04
4.521932716309440002e+04
2.849841980490452988e+04
1.451028284837871979e+04
2.322174906480162463e+04
1.544464855471954797e+04
4.514708938160759863e+04
4.497377880237541103e+04
6.344183219349615683e+04
5.037313006303740258e+04
7.055398487590299919e+04
5.413671417043325346e+04
4.994095321073534433e+04
7.400948696377628949e+04
1.881291896057095437e+04
3.875662913296029728e+04
6.692770980963036709e+04
2.895707754614195801e+04
7.015086295795373735e+04
6.902197019361238927e+04
2.795799992677243426e+04
5.427715728682698682e+04
5.312913493466181535e+04
5.598289645624761033e+04
4.001419763790047909e+03
2.827687250858965854e+04
1.197409483843018643e+04
4.072817462274878199e+04
4.065276823297837836e+04
4.028631441567520960e+04
3.514286811816061527e+04
2.421522772126572090e+04
2.921424237880526925e+04
2.354312860774001456e+04
9.988567758130340735e+03
2.886852121674754017e+04
4.986983829274059099e+04
2.067286882851482369e+04
2.210241902642997229e+04
3.162418785776520235e+04
2.232158181018411778e+04
2.906203843973304902e+04
1.401863577329005966e+04
3.939642029833178822e+04
4.081853625248328899e+04
3.459038652418484708e+04
3.498516641678458836e+04
2.762116727275215817e+04
3.379377958786211093e+04
1.745579311836026318e+04
9.227238876999512286e+03
3.012004746916839213e+04
5.585458230149820156e+04
2.353777073373999883e+04
2.824017149481044544e+04
2.619140577317206771e+04
2.377357044257438611e+04
1.472911555296169172e+04
1.799136329841321640e+04
3.685446514469220710e+04
1.680511147693192106e+04
7.121041108641654318e+03
3.630943698217701603e+04
3.790103015412473178e+04
1.635594015078753364e+04
1.876086451722659694e+04
3.021487922242439708e+03
6.231823493517984753e+04
2.820115212206340948e+04
2.815334728933700171e+04
1.806429661032447257e+04
8.755393062268220092e+03
2.469451941663483012e+04
2.972176813973200842e+04
2.557529278082936798e+04
1.782577704437077773e+04
2.672752641244539700e+04
2.815180679355376924e+04
7.987774834301852025e+03
1.393703991501020573e+04
1.468337168645782549e+04
4.558988831465826661e+04
1.976004922520175023e+04
1.541132905050840418e+04
1.978732364009256708e+04
1.280283109948174388e+04
3.541412015327985864e+04
2.245298121202710900e+04
1.340957167408028909e+04
4.543816226336777618e+04
4.060476191761108203e+04
2.856342916091282677e+04
2.881771093828949961e+04
1.728855338363607370e+04
5.532992136363704049e+04
3.270199080324724491e+04
2.807525854764251199e+04
2.513122835779518937e+04
1.868119457346347917e+04
2.861569856537573651e+04
3.293179831727637065e+04
4.559871689126282581e+04
3.608812198715550767e+04
3.278831907555735961e+04
3.589325215101003414e+04
3.513942849419955746e+04
5.931503283341792121e+04
3.174923445442935918e+04
4.246076899615234288e+04
3.042284301246857285e+04
2.744263585588032947e+04
1.597999467670374361e+04
3.650739355428516865e+04
3.531413900669320719e+04
2.744293129789003433e+04
2.470346311501576929e+04
1.217667809156156000e+04
4.470665205413484364e+04
3.232917622564431440e+04
3.279217181037897535e+04
6.303159404433922646e+03
1.142324440823973600e+04
4.301549552115521510e+04
3.762256204995165899e+04
2.277622846527357979e+04
2.487672603360676294e+04
5.024921019912340853e+03
6.340535477974519017e+04
3.126339298464378226e+04
3.836099883943160239e+04
1.752718652085724898e+04
1.098845833900787329e+04
2.360973543380185583e+04
3.856014852708525723e+04
1.658837475951208762e+04
3.807815287136522238e+04
4.764076853801552352e+04
1.342610874333515858e+04
2.609750711969468102e+04
3.402483200561552076e+04
3.128674173799733398e+04
3.843053829940728610e+04
2.681176002100968981e+04
3.579426793120442017e+04
3.552727202848948946e+04
1.513152489523537588e+04
2.322119088926476252e+04
3.189324234618646005e+04
2.992634607648533711e+04
2.055880832874271073e+04
1.758941965289118525e+04
5.627206594005721854e+04
2.813530098425092729e+04
2.727744687806996080e+04
2.153560230831720401e+04
1.829948369024083877e+04
2.022804469813188189e+04
4.518870636935321818e+04
1.689532145834861876e+04
1.641536800102960478e+04
1.997122381831987150e+04
1.428933121163003307e+04
5.837143073873178218e+04
2.907202847786257553e+04
2.743744535177209764e+04
1.510248731284448695e+04
6.428717031855396272e+03
3.881354967277856485e+04
3.745173993097656057e+04
3.866346918503394409e+04
4.924034492334151582e+04
1.670802000619634782e+04
2.854003812708185069e+04
2.414931793316314725e+04
2.593033688627591619e+04
1.802868278548338276e+04
1.142128077891388421e+04
