8.900000000000000000e+01 1.570000000000000000e+02 2.770556820918631757e+00 2.000000000000000000e+00
1.130000000000000000e+02 1.550000000000000000e+02 4.448930987204666287e+00 2.000000000000000000e+00
2.700000000000000000e+01 6.400000000000000000e+01 4.469409117228253514e+00 2.000000000000000000e+00
5.300000000000000000e+01 1.100000000000000000e+02 4.799659805816449243e+00 2.000000000000000000e+00
1.390000000000000000e+02 1.770000000000000000e+02 4.885186962813184763e+00 3.000000000000000000e+00
1.350000000000000000e+02 1.410000000000000000e+02 5.098498623153907339e+00 2.000000000000000000e+00
7.000000000000000000e+01 1.790000000000000000e+02 5.244358606298161085e+00 3.000000000000000000e+00
1.080000000000000000e+02 1.590000000000000000e+02 5.801477528596254984e+00 2.000000000000000000e+00
1.400000000000000000e+01 7.800000000000000000e+01 5.990787967864061869e+00 2.000000000000000000e+00
6.900000000000000000e+01 9.700000000000000000e+01 5.998997673857225266e+00 2.000000000000000000e+00
8.500000000000000000e+01 1.260000000000000000e+02 6.019690509351470986e+00 2.000000000000000000e+00
2.200000000000000000e+01 1.340000000000000000e+02 6.064344619682227489e+00 2.000000000000000000e+00
5.700000000000000000e+01 1.290000000000000000e+02 6.175141667316800032e+00 2.000000000000000000e+00
5.900000000000000000e+01 1.330000000000000000e+02 6.187295254450667414e+00 2.000000000000000000e+00
4.800000000000000000e+01 1.740000000000000000e+02 6.206660242134073968e+00 2.000000000000000000e+00
2.900000000000000000e+01 6.800000000000000000e+01 6.299628267186781372e+00 2.000000000000000000e+00
1.160000000000000000e+02 1.720000000000000000e+02 6.302558985768924593e+00 2.000000000000000000e+00
2.400000000000000000e+01 1.560000000000000000e+02 6.468564065232348170e+00 2.000000000000000000e+00
8.000000000000000000e+01 1.580000000000000000e+02 6.627059408103710858e+00 2.000000000000000000e+00
3.200000000000000000e+01 6.200000000000000000e+01 6.812485086418270441e+00 2.000000000000000000e+00
4.000000000000000000e+00 1.700000000000000000e+01 6.917704061227017753e+00 2.000000000000000000e+00
9.200000000000000000e+01 1.540000000000000000e+02 6.941509257356282880e+00 2.000000000000000000e+00
7.200000000000000000e+01 1.920000000000000000e+02 7.221117165810094107e+00 3.000000000000000000e+00
1.630000000000000000e+02 1.870000000000000000e+02 7.222058847293552297e+00 3.000000000000000000e+00
3.900000000000000000e+01 1.510000000000000000e+02 7.289548771860185461e+00 2.000000000000000000e+00
4.000000000000000000e+01 1.420000000000000000e+02 7.429381030051027679e+00 2.000000000000000000e+00
9.100000000000000000e+01 1.000000000000000000e+02 7.432603128447029306e+00 2.000000000000000000e+00
1.110000000000000000e+02 1.240000000000000000e+02 7.440949328399468321e+00 2.000000000000000000e+00
6.700000000000000000e+01 1.750000000000000000e+02 7.555949859764128362e+00 2.000000000000000000e+00
5.000000000000000000e+00 2.100000000000000000e+01 7.786583558099405167e+00 2.000000000000000000e+00
1.170000000000000000e+02 1.830000000000000000e+02 7.823751571600484844e+00 4.000000000000000000e+00
8.700000000000000000e+01 1.250000000000000000e+02 7.853083291389056697e+00 2.000000000000000000e+00
2.000000000000000000e+01 1.760000000000000000e+02 8.071795460200988259e+00 2.000000000000000000e+00
1.090000000000000000e+02 1.670000000000000000e+02 8.079223407805624646e+00 2.000000000000000000e+00
1.050000000000000000e+02 1.190000000000000000e+02 8.084498447693396983e+00 2.000000000000000000e+00
4.300000000000000000e+01 1.900000000000000000e+02 8.112265842919068604e+00 3.000000000000000000e+00
7.500000000000000000e+01 1.650000000000000000e+02 8.255264493719224106e+00 2.000000000000000000e+00
9.500000000000000000e+01 1.880000000000000000e+02 8.463867349071239943e+00 3.000000000000000000e+00
1.000000000000000000e+01 1.850000000000000000e+02 8.515948320669625815e+00 3.000000000000000000e+00
3.700000000000000000e+01 1.150000000000000000e+02 8.594876412351412753e+00 2.000000000000000000e+00
9.000000000000000000e+01 1.620000000000000000e+02 8.643807721334415106e+00 2.000000000000000000e+00
5.000000000000000000e+01 5.100000000000000000e+01 8.651724867844240663e+00 2.000000000000000000e+00
0.000000000000000000e+00 1.320000000000000000e+02 8.667271313749266071e+00 2.000000000000000000e+00
1.800000000000000000e+01 1.640000000000000000e+02 8.702134351482945007e+00 2.000000000000000000e+00
1.030000000000000000e+02 1.460000000000000000e+02 8.762613188548099785e+00 2.000000000000000000e+00
1.230000000000000000e+02 1.490000000000000000e+02 8.843388288369204986e+00 2.000000000000000000e+00
8.000000000000000000e+00 4.900000000000000000e+01 8.909137474185628847e+00 2.000000000000000000e+00
1.300000000000000000e+02 1.800000000000000000e+02 9.203862892928420081e+00 3.000000000000000000e+00
3.000000000000000000e+01 7.300000000000000000e+01 9.239068122351572043e+00 2.000000000000000000e+00
1.930000000000000000e+02 2.130000000000000000e+02 9.426823016168969005e+00 4.000000000000000000e+00
3.300000000000000000e+01 2.160000000000000000e+02 9.473801957673105179e+00 3.000000000000000000e+00
7.900000000000000000e+01 1.950000000000000000e+02 9.473832470775628067e+00 3.000000000000000000e+00
6.500000000000000000e+01 2.050000000000000000e+02 9.544853163218872893e+00 3.000000000000000000e+00
2.000000000000000000e+02 2.060000000000000000e+02 9.687212435123159437e+00 5.000000000000000000e+00
1.940000000000000000e+02 1.960000000000000000e+02 9.795829060731367832e+00 4.000000000000000000e+00
8.400000000000000000e+01 2.110000000000000000e+02 9.921866931922570743e+00 3.000000000000000000e+00
2.100000000000000000e+02 2.150000000000000000e+02 1.005626420186035475e+01 5.000000000000000000e+00
9.600000000000000000e+01 1.860000000000000000e+02 1.009995813219711636e+01 3.000000000000000000e+00
1.530000000000000000e+02 2.080000000000000000e+02 1.027012938782288387e+01 3.000000000000000000e+00
1.040000000000000000e+02 1.980000000000000000e+02 1.028028237077948681e+01 3.000000000000000000e+00
1.210000000000000000e+02 2.120000000000000000e+02 1.029460637210879881e+01 4.000000000000000000e+00
1.900000000000000000e+01 1.990000000000000000e+02 1.033939529930650636e+01 4.000000000000000000e+00
8.100000000000000000e+01 1.970000000000000000e+02 1.036531658645964171e+01 3.000000000000000000e+00
2.500000000000000000e+01 1.200000000000000000e+02 1.037923471387854946e+01 2.000000000000000000e+00
2.300000000000000000e+01 6.000000000000000000e+01 1.058228153902470758e+01 2.000000000000000000e+00
4.500000000000000000e+01 2.040000000000000000e+02 1.065389021335659336e+01 3.000000000000000000e+00
3.800000000000000000e+01 1.690000000000000000e+02 1.068458895698577571e+01 2.000000000000000000e+00
4.600000000000000000e+01 8.600000000000000000e+01 1.076596975309783488e+01 2.000000000000000000e+00
3.400000000000000000e+01 1.700000000000000000e+02 1.076943235811647170e+01 2.000000000000000000e+00
1.400000000000000000e+02 1.890000000000000000e+02 1.091110646698180986e+01 3.000000000000000000e+00
1.200000000000000000e+01 2.190000000000000000e+02 1.096926086367947661e+01 3.000000000000000000e+00
5.800000000000000000e+01 2.270000000000000000e+02 1.100546353971666136e+01 4.000000000000000000e+00
1.300000000000000000e+01 1.220000000000000000e+02 1.103897546341817737e+01 2.000000000000000000e+00
3.500000000000000000e+01 2.230000000000000000e+02 1.110061557261093412e+01 3.000000000000000000e+00
2.800000000000000000e+01 1.680000000000000000e+02 1.113133795945073778e+01 2.000000000000000000e+00
3.100000000000000000e+01 5.400000000000000000e+01 1.117129481777632627e+01 2.000000000000000000e+00
1.820000000000000000e+02 2.210000000000000000e+02 1.164579144336980576e+01 4.000000000000000000e+00
9.000000000000000000e+00 2.310000000000000000e+02 1.172472038499758007e+01 5.000000000000000000e+00
1.810000000000000000e+02 2.240000000000000000e+02 1.175136238250936849e+01 6.000000000000000000e+00
9.400000000000000000e+01 2.370000000000000000e+02 1.175144370207769384e+01 5.000000000000000000e+00
9.800000000000000000e+01 2.220000000000000000e+02 1.185864503792232227e+01 3.000000000000000000e+00
1.480000000000000000e+02 2.280000000000000000e+02 1.205123103048152444e+01 4.000000000000000000e+00
5.200000000000000000e+01 1.010000000000000000e+02 1.218722474848669535e+01 2.000000000000000000e+00
9.900000000000000000e+01 1.500000000000000000e+02 1.224487281330038613e+01 2.000000000000000000e+00
5.600000000000000000e+01 2.260000000000000000e+02 1.252918957600946648e+01 5.000000000000000000e+00
1.730000000000000000e+02 2.180000000000000000e+02 1.253621911223382135e+01 3.000000000000000000e+00
1.360000000000000000e+02 1.840000000000000000e+02 1.275348081218135832e+01 3.000000000000000000e+00
6.000000000000000000e+00 1.120000000000000000e+02 1.278162749762825712e+01 2.000000000000000000e+00
1.440000000000000000e+02 2.350000000000000000e+02 1.282741404045849087e+01 4.000000000000000000e+00
4.100000000000000000e+01 2.410000000000000000e+02 1.298597590093408272e+01 3.000000000000000000e+00
7.100000000000000000e+01 2.450000000000000000e+02 1.304931987342787814e+01 3.000000000000000000e+00
5.500000000000000000e+01 2.140000000000000000e+02 1.327264748283104190e+01 4.000000000000000000e+00
9.300000000000000000e+01 2.510000000000000000e+02 1.330703399295266642e+01 3.000000000000000000e+00
6.300000000000000000e+01 2.170000000000000000e+02 1.339287699718179248e+01 3.000000000000000000e+00
2.000000000000000000e+00 1.140000000000000000e+02 1.391833262000214155e+01 2.000000000000000000e+00
1.910000000000000000e+02 2.090000000000000000e+02 1.411540629773635125e+01 4.000000000000000000e+00
1.780000000000000000e+02 2.500000000000000000e+02 1.449509036010138274e+01 5.000000000000000000e+00
3.600000000000000000e+01 2.660000000000000000e+02 1.451381678836075118e+01 4.000000000000000000e+00
2.020000000000000000e+02 2.580000000000000000e+02 1.462420606828931113e+01 6.000000000000000000e+00
2.440000000000000000e+02 2.640000000000000000e+02 1.483211637378524550e+01 4.000000000000000000e+00
2.070000000000000000e+02 2.400000000000000000e+02 1.488089581047603716e+01 6.000000000000000000e+00
8.800000000000000000e+01 2.200000000000000000e+02 1.527110228722443530e+01 3.000000000000000000e+00
2.330000000000000000e+02 2.420000000000000000e+02 1.563726572477233390e+01 8.000000000000000000e+00
2.360000000000000000e+02 2.620000000000000000e+02 1.572330538576698622e+01 6.000000000000000000e+00
1.660000000000000000e+02 2.590000000000000000e+02 1.597826486553349667e+01 3.000000000000000000e+00
4.200000000000000000e+01 4.400000000000000000e+01 1.608486674506402636e+01 2.000000000000000000e+00
1.280000000000000000e+02 2.390000000000000000e+02 1.619527070557937165e+01 4.000000000000000000e+00
2.530000000000000000e+02 2.670000000000000000e+02 1.620292529639775836e+01 7.000000000000000000e+00
7.000000000000000000e+00 1.520000000000000000e+02 1.631962368889944415e+01 2.000000000000000000e+00
2.030000000000000000e+02 2.680000000000000000e+02 1.640945873694523272e+01 6.000000000000000000e+00
2.480000000000000000e+02 2.540000000000000000e+02 1.654794419987649690e+01 9.000000000000000000e+00
1.600000000000000000e+02 2.630000000000000000e+02 1.684512749329597625e+01 4.000000000000000000e+00
2.550000000000000000e+02 2.650000000000000000e+02 1.689602847229372884e+01 1.000000000000000000e+01
2.300000000000000000e+02 2.460000000000000000e+02 1.699226945534265809e+01 8.000000000000000000e+00
8.300000000000000000e+01 2.010000000000000000e+02 1.704812706078135065e+01 3.000000000000000000e+00
7.400000000000000000e+01 2.470000000000000000e+02 1.711418625468976273e+01 4.000000000000000000e+00
1.020000000000000000e+02 2.610000000000000000e+02 1.739177304980143290e+01 6.000000000000000000e+00
1.430000000000000000e+02 2.250000000000000000e+02 1.739519232146017558e+01 3.000000000000000000e+00
1.100000000000000000e+01 2.290000000000000000e+02 1.778261083310596646e+01 4.000000000000000000e+00
6.100000000000000000e+01 7.700000000000000000e+01 1.778821086872647683e+01 2.000000000000000000e+00
1.470000000000000000e+02 2.710000000000000000e+02 1.815486466181334890e+01 3.000000000000000000e+00
2.520000000000000000e+02 2.960000000000000000e+02 1.827334690068368062e+01 4.000000000000000000e+00
2.760000000000000000e+02 2.820000000000000000e+02 1.872637520691547763e+01 6.000000000000000000e+00
4.700000000000000000e+01 7.600000000000000000e+01 1.908580815262793351e+01 2.000000000000000000e+00
2.560000000000000000e+02 2.930000000000000000e+02 1.917600953268999220e+01 1.100000000000000000e+01
2.840000000000000000e+02 2.900000000000000000e+02 1.958882771797559030e+01 1.500000000000000000e+01
2.340000000000000000e+02 2.880000000000000000e+02 2.006973284925516410e+01 7.000000000000000000e+00
1.000000000000000000e+00 2.430000000000000000e+02 2.055435419426152421e+01 3.000000000000000000e+00
2.750000000000000000e+02 2.950000000000000000e+02 2.108072454483042790e+01 1.000000000000000000e+01
2.780000000000000000e+02 2.920000000000000000e+02 2.114278155224253908e+01 7.000000000000000000e+00
2.490000000000000000e+02 2.690000000000000000e+02 2.155957659645699920e+01 5.000000000000000000e+00
1.610000000000000000e+02 2.870000000000000000e+02 2.175714507185434599e+01 1.000000000000000000e+01
2.850000000000000000e+02 3.010000000000000000e+02 2.194959043870581894e+01 1.300000000000000000e+01
2.720000000000000000e+02 2.830000000000000000e+02 2.210993088802102591e+01 8.000000000000000000e+00
1.710000000000000000e+02 2.990000000000000000e+02 2.235425367505461836e+01 7.000000000000000000e+00
2.700000000000000000e+02 2.860000000000000000e+02 2.242063196435594463e+01 9.000000000000000000e+00
2.600000000000000000e+02 2.730000000000000000e+02 2.256112305446994526e+01 7.000000000000000000e+00
3.000000000000000000e+00 3.030000000000000000e+02 2.310296424024330264e+01 8.000000000000000000e+00
2.740000000000000000e+02 2.770000000000000000e+02 2.314083302096907602e+01 1.000000000000000000e+01
2.570000000000000000e+02 2.940000000000000000e+02 2.404329714952126906e+01 6.000000000000000000e+00
1.270000000000000000e+02 3.080000000000000000e+02 2.426062296168957033e+01 1.100000000000000000e+01
2.320000000000000000e+02 3.130000000000000000e+02 2.570650071677891901e+01 1.000000000000000000e+01
2.890000000000000000e+02 3.020000000000000000e+02 2.722593225239598880e+01 2.500000000000000000e+01
1.070000000000000000e+02 3.040000000000000000e+02 2.723055005942795859e+01 4.000000000000000000e+00
2.810000000000000000e+02 2.970000000000000000e+02 2.762134498621308865e+01 6.000000000000000000e+00
2.800000000000000000e+02 3.150000000000000000e+02 2.775661409945404401e+01 1.600000000000000000e+01
1.310000000000000000e+02 2.790000000000000000e+02 2.844428675791620265e+01 9.000000000000000000e+00
3.000000000000000000e+02 3.060000000000000000e+02 2.845325580329776471e+01 9.000000000000000000e+00
3.090000000000000000e+02 3.230000000000000000e+02 3.002737441408539709e+01 2.200000000000000000e+01
8.200000000000000000e+01 2.980000000000000000e+02 3.078504939107791216e+01 5.000000000000000000e+00
2.910000000000000000e+02 3.160000000000000000e+02 3.102499970265172635e+01 9.000000000000000000e+00
3.190000000000000000e+02 3.200000000000000000e+02 3.183988653561985771e+01 2.900000000000000000e+01
1.380000000000000000e+02 3.100000000000000000e+02 3.207316227505269524e+01 9.000000000000000000e+00
2.380000000000000000e+02 3.050000000000000000e+02 3.496827842476170645e+01 1.400000000000000000e+01
3.140000000000000000e+02 3.180000000000000000e+02 3.732087093870364214e+01 1.800000000000000000e+01
3.240000000000000000e+02 3.290000000000000000e+02 3.797671610061156144e+01 1.800000000000000000e+01
1.060000000000000000e+02 1.180000000000000000e+02 4.114784657996113992e+01 2.000000000000000000e+00
3.220000000000000000e+02 3.250000000000000000e+02 4.371883452397478464e+01 3.800000000000000000e+01
1.500000000000000000e+01 3.210000000000000000e+02 4.586609856573181787e+01 7.000000000000000000e+00
6.600000000000000000e+01 3.120000000000000000e+02 4.873838983844758133e+01 1.000000000000000000e+01
3.070000000000000000e+02 3.310000000000000000e+02 4.939784604883574559e+01 2.300000000000000000e+01
3.170000000000000000e+02 3.280000000000000000e+02 5.102629412805537612e+01 4.000000000000000000e+01
3.110000000000000000e+02 3.270000000000000000e+02 5.384113752587801116e+01 1.600000000000000000e+01
3.260000000000000000e+02 3.360000000000000000e+02 6.252454879216645622e+01 1.500000000000000000e+01
3.350000000000000000e+02 3.370000000000000000e+02 6.576761007735564135e+01 3.000000000000000000e+01
3.320000000000000000e+02 3.340000000000000000e+02 6.911252806689562078e+01 5.600000000000000000e+01
3.380000000000000000e+02 3.410000000000000000e+02 8.859682384642519537e+01 7.000000000000000000e+01
3.300000000000000000e+02 3.400000000000000000e+02 1.062224664846413305e+02 2.900000000000000000e+01
3.390000000000000000e+02 3.420000000000000000e+02 1.210617526410392486e+02 7.200000000000000000e+01
3.430000000000000000e+02 3.440000000000000000e+02 1.401845745558295562e+02 9.900000000000000000e+01
2.600000000000000000e+01 1.450000000000000000e+02 1.416148751639243528e+02 2.000000000000000000e+00
1.370000000000000000e+02 3.470000000000000000e+02 2.843289401672823828e+02 3.000000000000000000e+00
3.330000000000000000e+02 3.450000000000000000e+02 3.568014174266116925e+02 7.400000000000000000e+01
3.460000000000000000e+02 3.490000000000000000e+02 4.349489144109275003e+02 1.730000000000000000e+02
1.600000000000000000e+01 3.480000000000000000e+02 5.599063591739853791e+02 4.000000000000000000e+00
3.500000000000000000e+02 3.510000000000000000e+02 2.993006796157145800e+03 1.770000000000000000e+02
