8.900000000000000000e+01 1.930000000000000000e+02 6.000000000000005329e-03 2.000000000000000000e+00
4.000000000000000000e+00 1.500000000000000000e+01 1.358668194727729528e+01 2.000000000000000000e+00
1.280000000000000000e+02 1.520000000000000000e+02 1.504101277404084946e+01 2.000000000000000000e+00
1.350000000000000000e+02 1.800000000000000000e+02 1.719462341270287453e+01 2.000000000000000000e+00
1.440000000000000000e+02 2.110000000000000000e+02 2.354067075014794241e+01 3.000000000000000000e+00
1.800000000000000000e+01 9.700000000000000000e+01 2.423853371715571114e+01 2.000000000000000000e+00
1.270000000000000000e+02 1.710000000000000000e+02 2.868093816628273984e+01 2.000000000000000000e+00
1.760000000000000000e+02 2.100000000000000000e+02 3.667430290675800109e+01 3.000000000000000000e+00
4.800000000000000000e+01 2.130000000000000000e+02 3.858526637134544046e+01 4.000000000000000000e+00
6.400000000000000000e+01 1.560000000000000000e+02 4.135322833150125632e+01 2.000000000000000000e+00
6.900000000000000000e+01 8.400000000000000000e+01 4.200173090348322091e+01 2.000000000000000000e+00
1.140000000000000000e+02 1.200000000000000000e+02 4.278070732203654813e+01 2.000000000000000000e+00
5.800000000000000000e+01 2.060000000000000000e+02 4.346757905729904081e+01 2.000000000000000000e+00
1.220000000000000000e+02 1.310000000000000000e+02 4.585991701453801284e+01 2.000000000000000000e+00
8.700000000000000000e+01 1.950000000000000000e+02 4.663959543706816646e+01 2.000000000000000000e+00
9.200000000000000000e+01 1.070000000000000000e+02 4.681018527175491784e+01 2.000000000000000000e+00
5.100000000000000000e+01 1.090000000000000000e+02 4.688363867327372958e+01 2.000000000000000000e+00
1.260000000000000000e+02 1.860000000000000000e+02 4.967348364779722658e+01 2.000000000000000000e+00
1.060000000000000000e+02 1.720000000000000000e+02 4.995970565388882534e+01 2.000000000000000000e+00
1.030000000000000000e+02 2.050000000000000000e+02 5.095659549764646812e+01 2.000000000000000000e+00
1.420000000000000000e+02 2.120000000000000000e+02 5.124355924771751347e+01 3.000000000000000000e+00
2.150000000000000000e+02 2.170000000000000000e+02 5.126250811701977028e+01 6.000000000000000000e+00
2.600000000000000000e+01 2.040000000000000000e+02 5.216445089397412005e+01 2.000000000000000000e+00
4.400000000000000000e+01 2.160000000000000000e+02 5.465103492513369332e+01 4.000000000000000000e+00
1.390000000000000000e+02 2.180000000000000000e+02 5.753584720686723841e+01 3.000000000000000000e+00
2.210000000000000000e+02 2.290000000000000000e+02 5.783506344038363522e+01 5.000000000000000000e+00
2.200000000000000000e+01 2.190000000000000000e+02 5.970761070899929734e+01 3.000000000000000000e+00
2.300000000000000000e+01 1.640000000000000000e+02 6.012562165642842871e+01 2.000000000000000000e+00
8.000000000000000000e+00 9.300000000000000000e+01 6.129218547640716963e+01 2.000000000000000000e+00
4.200000000000000000e+01 2.140000000000000000e+02 6.174034596016510790e+01 3.000000000000000000e+00
2.260000000000000000e+02 2.350000000000000000e+02 6.327726506772025772e+01 5.000000000000000000e+00
9.900000000000000000e+01 1.690000000000000000e+02 6.491297631971157500e+01 2.000000000000000000e+00
1.160000000000000000e+02 1.550000000000000000e+02 6.580380787430696898e+01 2.000000000000000000e+00
1.890000000000000000e+02 2.400000000000000000e+02 6.694584162626473756e+01 3.000000000000000000e+00
1.040000000000000000e+02 2.200000000000000000e+02 6.746305286870470752e+01 3.000000000000000000e+00
2.900000000000000000e+01 5.300000000000000000e+01 6.753338652828146849e+01 2.000000000000000000e+00
1.200000000000000000e+01 1.570000000000000000e+02 7.020734364948376083e+01 2.000000000000000000e+00
7.800000000000000000e+01 8.200000000000000000e+01 7.056131141851874133e+01 2.000000000000000000e+00
1.240000000000000000e+02 1.630000000000000000e+02 7.281400568154170116e+01 2.000000000000000000e+00
2.370000000000000000e+02 2.390000000000000000e+02 7.576349826750420391e+01 7.000000000000000000e+00
1.600000000000000000e+02 2.230000000000000000e+02 7.786692366740460614e+01 3.000000000000000000e+00
7.300000000000000000e+01 1.500000000000000000e+02 7.814209192191250963e+01 2.000000000000000000e+00
3.900000000000000000e+01 2.430000000000000000e+02 7.868623727316182226e+01 4.000000000000000000e+00
1.000000000000000000e+00 4.100000000000000000e+01 7.935348484965885518e+01 2.000000000000000000e+00
1.150000000000000000e+02 2.280000000000000000e+02 8.016195483843971203e+01 3.000000000000000000e+00
1.490000000000000000e+02 2.500000000000000000e+02 8.038947684631366997e+01 3.000000000000000000e+00
1.010000000000000000e+02 2.310000000000000000e+02 8.189897090094386556e+01 3.000000000000000000e+00
4.000000000000000000e+01 2.490000000000000000e+02 8.268538721938233493e+01 4.000000000000000000e+00
1.430000000000000000e+02 2.340000000000000000e+02 8.540762282155860419e+01 6.000000000000000000e+00
2.220000000000000000e+02 2.320000000000000000e+02 8.601454687030199864e+01 6.000000000000000000e+00
1.700000000000000000e+01 1.900000000000000000e+02 8.694884333996866133e+01 2.000000000000000000e+00
1.380000000000000000e+02 1.740000000000000000e+02 8.713426545515534372e+01 2.000000000000000000e+00
2.330000000000000000e+02 2.420000000000000000e+02 8.765471781434800391e+01 6.000000000000000000e+00
3.200000000000000000e+01 1.120000000000000000e+02 8.786310447569472615e+01 2.000000000000000000e+00
1.820000000000000000e+02 2.460000000000000000e+02 9.013784185837799612e+01 3.000000000000000000e+00
4.900000000000000000e+01 1.330000000000000000e+02 9.296468944447796900e+01 2.000000000000000000e+00
2.500000000000000000e+01 4.700000000000000000e+01 9.339675313367378351e+01 2.000000000000000000e+00
1.000000000000000000e+01 1.980000000000000000e+02 9.397170327078811169e+01 2.000000000000000000e+00
1.660000000000000000e+02 1.870000000000000000e+02 9.559297635890534650e+01 2.000000000000000000e+00
7.400000000000000000e+01 1.230000000000000000e+02 9.579449268051132549e+01 2.000000000000000000e+00
9.000000000000000000e+01 2.470000000000000000e+02 9.663837335245750637e+01 3.000000000000000000e+00
1.320000000000000000e+02 1.540000000000000000e+02 9.737865358397606030e+01 2.000000000000000000e+00
2.240000000000000000e+02 2.380000000000000000e+02 9.934433898343044689e+01 5.000000000000000000e+00
1.960000000000000000e+02 2.480000000000000000e+02 1.021504962053386976e+02 8.000000000000000000e+00
7.200000000000000000e+01 2.720000000000000000e+02 1.039326987178188091e+02 9.000000000000000000e+00
9.000000000000000000e+00 1.620000000000000000e+02 1.042858932148264159e+02 2.000000000000000000e+00
2.100000000000000000e+01 1.450000000000000000e+02 1.071266909866736796e+02 2.000000000000000000e+00
2.600000000000000000e+02 2.630000000000000000e+02 1.072501688884955371e+02 5.000000000000000000e+00
2.450000000000000000e+02 2.680000000000000000e+02 1.121322884614562980e+02 4.000000000000000000e+00
0.000000000000000000e+00 1.850000000000000000e+02 1.121853705507822667e+02 2.000000000000000000e+00
1.600000000000000000e+01 1.700000000000000000e+02 1.136902748920157933e+02 2.000000000000000000e+00
2.020000000000000000e+02 2.560000000000000000e+02 1.152196368040672354e+02 5.000000000000000000e+00
1.300000000000000000e+01 1.480000000000000000e+02 1.159146994998566242e+02 2.000000000000000000e+00
7.000000000000000000e+00 2.440000000000000000e+02 1.168771367240913577e+02 3.000000000000000000e+00
6.000000000000000000e+01 8.100000000000000000e+01 1.194510486397974063e+02 2.000000000000000000e+00
2.070000000000000000e+02 2.670000000000000000e+02 1.207507226074837661e+02 3.000000000000000000e+00
3.400000000000000000e+01 2.750000000000000000e+02 1.210242645563875357e+02 3.000000000000000000e+00
2.000000000000000000e+01 7.700000000000000000e+01 1.258124675664736003e+02 2.000000000000000000e+00
2.580000000000000000e+02 2.730000000000000000e+02 1.259056720250133026e+02 1.500000000000000000e+01
1.190000000000000000e+02 1.370000000000000000e+02 1.274319809064393780e+02 2.000000000000000000e+00
7.100000000000000000e+01 1.770000000000000000e+02 1.282007306643857589e+02 2.000000000000000000e+00
1.410000000000000000e+02 1.610000000000000000e+02 1.322380343999432455e+02 2.000000000000000000e+00
8.600000000000000000e+01 1.990000000000000000e+02 1.341730952360990159e+02 2.000000000000000000e+00
1.210000000000000000e+02 1.910000000000000000e+02 1.350895872236120283e+02 2.000000000000000000e+00
1.110000000000000000e+02 2.800000000000000000e+02 1.364659246740654055e+02 6.000000000000000000e+00
1.790000000000000000e+02 2.650000000000000000e+02 1.369025986755104896e+02 3.000000000000000000e+00
2.540000000000000000e+02 2.620000000000000000e+02 1.377059585981088503e+02 5.000000000000000000e+00
2.270000000000000000e+02 2.870000000000000000e+02 1.392028000858332746e+02 1.700000000000000000e+01
4.300000000000000000e+01 5.200000000000000000e+01 1.397509888275385208e+02 2.000000000000000000e+00
2.550000000000000000e+02 2.610000000000000000e+02 1.412830242191985803e+02 9.000000000000000000e+00
2.410000000000000000e+02 2.570000000000000000e+02 1.423816049764003253e+02 8.000000000000000000e+00
1.580000000000000000e+02 2.850000000000000000e+02 1.451185879614131125e+02 4.000000000000000000e+00
1.170000000000000000e+02 2.690000000000000000e+02 1.466802803107231910e+02 4.000000000000000000e+00
3.000000000000000000e+00 1.290000000000000000e+02 1.500435174802008191e+02 2.000000000000000000e+00
2.590000000000000000e+02 2.990000000000000000e+02 1.515884706326279172e+02 1.000000000000000000e+01
5.000000000000000000e+00 2.000000000000000000e+02 1.589278176594344529e+02 2.000000000000000000e+00
3.700000000000000000e+01 1.050000000000000000e+02 1.605045273005969477e+02 2.000000000000000000e+00
2.700000000000000000e+01 1.730000000000000000e+02 1.615398172741308542e+02 2.000000000000000000e+00
2.510000000000000000e+02 2.740000000000000000e+02 1.619576224419720631e+02 6.000000000000000000e+00
9.600000000000000000e+01 2.010000000000000000e+02 1.620610586376895128e+02 2.000000000000000000e+00
2.250000000000000000e+02 2.710000000000000000e+02 1.667892604303075643e+02 7.000000000000000000e+00
2.770000000000000000e+02 2.820000000000000000e+02 1.686794955308696444e+02 7.000000000000000000e+00
3.100000000000000000e+01 7.500000000000000000e+01 1.695866967044969442e+02 2.000000000000000000e+00
2.760000000000000000e+02 2.960000000000000000e+02 1.720100253791788987e+02 2.200000000000000000e+01
3.300000000000000000e+01 2.810000000000000000e+02 1.721650559034827097e+02 3.000000000000000000e+00
1.830000000000000000e+02 2.860000000000000000e+02 1.731054622493550141e+02 3.000000000000000000e+00
2.800000000000000000e+01 4.600000000000000000e+01 1.755098481417405765e+02 2.000000000000000000e+00
1.530000000000000000e+02 2.830000000000000000e+02 1.761354773954172686e+02 3.000000000000000000e+00
5.000000000000000000e+01 2.890000000000000000e+02 1.772354690327505864e+02 3.000000000000000000e+00
2.790000000000000000e+02 3.020000000000000000e+02 1.778032277372974477e+02 4.000000000000000000e+00
2.360000000000000000e+02 3.120000000000000000e+02 1.785052163113025188e+02 2.400000000000000000e+01
2.000000000000000000e+00 9.100000000000000000e+01 1.801617175113366898e+02 2.000000000000000000e+00
5.900000000000000000e+01 1.840000000000000000e+02 1.846437422035801887e+02 2.000000000000000000e+00
2.520000000000000000e+02 2.910000000000000000e+02 1.846567904430405918e+02 4.000000000000000000e+00
1.100000000000000000e+02 3.110000000000000000e+02 1.850538915034724141e+02 3.000000000000000000e+00
2.780000000000000000e+02 3.000000000000000000e+02 1.853095367176915431e+02 6.000000000000000000e+00
6.500000000000000000e+01 1.510000000000000000e+02 1.856953962942739622e+02 2.000000000000000000e+00
1.180000000000000000e+02 1.400000000000000000e+02 1.870225079149421958e+02 2.000000000000000000e+00
1.020000000000000000e+02 2.940000000000000000e+02 1.881119292818817428e+02 4.000000000000000000e+00
2.090000000000000000e+02 2.530000000000000000e+02 1.920345014611945089e+02 5.000000000000000000e+00
2.300000000000000000e+02 3.030000000000000000e+02 1.927237496181062113e+02 1.600000000000000000e+01
3.500000000000000000e+01 3.080000000000000000e+02 1.941807614023395274e+02 3.000000000000000000e+00
2.930000000000000000e+02 3.070000000000000000e+02 1.953794216708222677e+02 1.200000000000000000e+01
6.600000000000000000e+01 3.160000000000000000e+02 1.981339299239746765e+02 4.000000000000000000e+00
2.400000000000000000e+01 1.080000000000000000e+02 2.017641603897069444e+02 2.000000000000000000e+00
2.840000000000000000e+02 2.950000000000000000e+02 2.027549103804195454e+02 8.000000000000000000e+00
6.000000000000000000e+00 8.300000000000000000e+01 2.081238951325718460e+02 2.000000000000000000e+00
7.900000000000000000e+01 2.660000000000000000e+02 2.081596524761125693e+02 3.000000000000000000e+00
8.000000000000000000e+01 1.360000000000000000e+02 2.108187320261791911e+02 2.000000000000000000e+00
3.050000000000000000e+02 3.170000000000000000e+02 2.227081726213018271e+02 5.000000000000000000e+00
5.700000000000000000e+01 9.400000000000000000e+01 2.239935808372363795e+02 2.000000000000000000e+00
7.600000000000000000e+01 3.210000000000000000e+02 2.252727694607113449e+02 3.000000000000000000e+00
2.920000000000000000e+02 3.100000000000000000e+02 2.255214190758945279e+02 9.000000000000000000e+00
2.700000000000000000e+02 3.130000000000000000e+02 2.276908815511224304e+02 5.000000000000000000e+00
3.010000000000000000e+02 3.090000000000000000e+02 2.321623371063471950e+02 1.100000000000000000e+01
3.040000000000000000e+02 3.060000000000000000e+02 2.329360691153251821e+02 4.000000000000000000e+00
6.100000000000000000e+01 1.590000000000000000e+02 2.340222209579864909e+02 2.000000000000000000e+00
1.920000000000000000e+02 1.970000000000000000e+02 2.340584340753777894e+02 2.000000000000000000e+00
1.680000000000000000e+02 3.180000000000000000e+02 2.400328971848841491e+02 5.000000000000000000e+00
3.240000000000000000e+02 3.340000000000000000e+02 2.402668867139257429e+02 1.400000000000000000e+01
3.190000000000000000e+02 3.310000000000000000e+02 2.406798307505188461e+02 3.600000000000000000e+01
5.600000000000000000e+01 9.500000000000000000e+01 2.420476732329175604e+02 2.000000000000000000e+00
2.900000000000000000e+02 2.970000000000000000e+02 2.431301808884207958e+02 4.000000000000000000e+00
9.800000000000000000e+01 3.250000000000000000e+02 2.436707334961291451e+02 3.000000000000000000e+00
6.800000000000000000e+01 3.150000000000000000e+02 2.461239661555794953e+02 3.000000000000000000e+00
2.080000000000000000e+02 2.980000000000000000e+02 2.516471775632654726e+02 1.000000000000000000e+01
1.900000000000000000e+01 3.140000000000000000e+02 2.540900966873128084e+02 4.000000000000000000e+00
3.000000000000000000e+01 1.670000000000000000e+02 2.561462373309945519e+02 2.000000000000000000e+00
1.810000000000000000e+02 3.370000000000000000e+02 2.563103559474870963e+02 3.000000000000000000e+00
5.400000000000000000e+01 3.480000000000000000e+02 2.630357764969788263e+02 1.500000000000000000e+01
8.500000000000000000e+01 3.350000000000000000e+02 2.664586975397136825e+02 3.000000000000000000e+00
3.800000000000000000e+01 3.490000000000000000e+02 2.708143609868897101e+02 3.700000000000000000e+01
1.400000000000000000e+01 3.530000000000000000e+02 2.748821619937045284e+02 4.000000000000000000e+00
1.130000000000000000e+02 3.400000000000000000e+02 2.819468498449199956e+02 4.000000000000000000e+00
2.640000000000000000e+02 3.320000000000000000e+02 2.868513416866868511e+02 6.000000000000000000e+00
6.200000000000000000e+01 1.300000000000000000e+02 2.887555730429010623e+02 2.000000000000000000e+00
1.250000000000000000e+02 3.230000000000000000e+02 2.979647054715341028e+02 4.000000000000000000e+00
3.220000000000000000e+02 3.580000000000000000e+02 3.016897580806348174e+02 1.900000000000000000e+01
3.300000000000000000e+02 3.550000000000000000e+02 3.027759898215063004e+02 7.000000000000000000e+00
2.880000000000000000e+02 3.330000000000000000e+02 3.035181930671404302e+02 4.000000000000000000e+00
1.340000000000000000e+02 3.440000000000000000e+02 3.061075059946685428e+02 5.000000000000000000e+00
3.270000000000000000e+02 3.470000000000000000e+02 3.077599877849685299e+02 9.000000000000000000e+00
3.200000000000000000e+02 3.540000000000000000e+02 3.086793686655677220e+02 1.200000000000000000e+01
1.460000000000000000e+02 3.450000000000000000e+02 3.110059629093281615e+02 3.000000000000000000e+00
5.500000000000000000e+01 7.000000000000000000e+01 3.143803600481275566e+02 2.000000000000000000e+00
1.940000000000000000e+02 3.410000000000000000e+02 3.300859859524995272e+02 1.000000000000000000e+01
3.560000000000000000e+02 3.590000000000000000e+02 3.310581891661006466e+02 5.000000000000000000e+00
3.420000000000000000e+02 3.600000000000000000e+02 3.334756042129687899e+02 4.200000000000000000e+01
3.610000000000000000e+02 3.690000000000000000e+02 3.357425824900820430e+02 9.000000000000000000e+00
6.300000000000000000e+01 3.740000000000000000e+02 3.479001201041378408e+02 1.100000000000000000e+01
1.100000000000000000e+01 3.720000000000000000e+02 3.650514794188754308e+02 4.000000000000000000e+00
3.360000000000000000e+02 3.510000000000000000e+02 3.770063043540563399e+02 7.000000000000000000e+00
3.380000000000000000e+02 3.500000000000000000e+02 3.778142686469311116e+02 7.000000000000000000e+00
3.520000000000000000e+02 3.750000000000000000e+02 3.782471613721517656e+02 8.000000000000000000e+00
1.650000000000000000e+02 3.810000000000000000e+02 3.823995441829970332e+02 8.000000000000000000e+00
1.000000000000000000e+02 3.430000000000000000e+02 3.880980728980730987e+02 1.200000000000000000e+01
3.390000000000000000e+02 3.730000000000000000e+02 3.929430620022901621e+02 4.000000000000000000e+00
3.570000000000000000e+02 3.630000000000000000e+02 3.943924894296973775e+02 9.000000000000000000e+00
3.640000000000000000e+02 3.680000000000000000e+02 4.086565382100132524e+02 6.000000000000000000e+00
3.620000000000000000e+02 3.650000000000000000e+02 4.106938995495895597e+02 8.000000000000000000e+00
3.600000000000000000e+01 3.820000000000000000e+02 4.318870577178647068e+02 9.000000000000000000e+00
3.670000000000000000e+02 3.860000000000000000e+02 4.352177638917996205e+02 1.600000000000000000e+01
2.030000000000000000e+02 3.280000000000000000e+02 4.411386629971614752e+02 6.000000000000000000e+00
3.290000000000000000e+02 3.710000000000000000e+02 4.422153135954566210e+02 2.800000000000000000e+01
3.660000000000000000e+02 3.800000000000000000e+02 4.542903912706931919e+02 2.600000000000000000e+01
1.880000000000000000e+02 3.870000000000000000e+02 4.604149991309083703e+02 7.000000000000000000e+00
8.800000000000000000e+01 3.460000000000000000e+02 4.642552820678556031e+02 3.000000000000000000e+00
3.700000000000000000e+02 3.930000000000000000e+02 5.135283764855468007e+02 3.500000000000000000e+01
4.500000000000000000e+01 3.880000000000000000e+02 5.157602366459612995e+02 9.000000000000000000e+00
3.840000000000000000e+02 3.910000000000000000e+02 5.440311673973694724e+02 1.800000000000000000e+01
3.760000000000000000e+02 3.950000000000000000e+02 5.530709901357952276e+02 4.500000000000000000e+01
3.850000000000000000e+02 3.970000000000000000e+02 5.556642383931917948e+02 1.300000000000000000e+01
3.890000000000000000e+02 3.940000000000000000e+02 5.856196751848561917e+02 1.600000000000000000e+01
3.830000000000000000e+02 3.900000000000000000e+02 6.136703076926200993e+02 2.400000000000000000e+01
3.260000000000000000e+02 3.920000000000000000e+02 6.384967413813105850e+02 3.000000000000000000e+01
3.790000000000000000e+02 3.960000000000000000e+02 6.730668654534185862e+02 3.900000000000000000e+01
1.780000000000000000e+02 4.030000000000000000e+02 7.164970127704494871e+02 3.100000000000000000e+01
3.770000000000000000e+02 4.010000000000000000e+02 7.232921428680286908e+02 2.500000000000000000e+01
1.750000000000000000e+02 3.780000000000000000e+02 7.693931810136340346e+02 1.200000000000000000e+01
3.980000000000000000e+02 4.050000000000000000e+02 8.095915201105974575e+02 4.900000000000000000e+01
4.040000000000000000e+02 4.070000000000000000e+02 8.518787568551582581e+02 5.100000000000000000e+01
4.000000000000000000e+02 4.060000000000000000e+02 9.447161080040191337e+02 3.800000000000000000e+01
6.700000000000000000e+01 4.080000000000000000e+02 9.922304149394733486e+02 5.000000000000000000e+01
4.020000000000000000e+02 4.100000000000000000e+02 1.148130216635201805e+03 6.200000000000000000e+01
3.990000000000000000e+02 4.110000000000000000e+02 1.163767356497769697e+03 9.500000000000000000e+01
1.470000000000000000e+02 4.120000000000000000e+02 1.484951194758244128e+03 6.300000000000000000e+01
4.090000000000000000e+02 4.130000000000000000e+02 1.822384834368077463e+03 1.460000000000000000e+02
4.140000000000000000e+02 4.150000000000000000e+02 3.586091423698132530e+03 2.090000000000000000e+02
