6.136981060695709402e+02
3.897292405737584431e+03
5.460466029740842714e+03
9.067985483944958105e+03
9.548497072145706625e+03
3.820893646441890724e+03
7.186273778192443160e+02
2.004987193170978571e+03
6.789687162163083940e+02
2.167104185596310799e+02
5.363499537469219831e+02
3.231674796524667954e+02
4.975016251351546998e+03
7.874037044508114604e+02
1.179758571854067213e+03
6.231318748708556086e+03
1.883114165361542291e+03
3.508612498086031337e+03
1.966097530224983529e+03
6.272673707296053180e+03
4.203424621786006355e+03
1.207469762115405501e+03
5.398600681293170055e+03
4.063032196210647271e+03
3.921805401299842742e+03
2.468130811989735776e+03
3.545604061062071651e+03
4.974709655564172863e+03
3.356767620994020945e+03
9.317368949401126201e+02
5.709520234305734903e+02
1.641419632443592718e+03
7.192640289003838916e+01
4.162324619938708565e+02
4.322100719629966989e+03
7.790166128533078336e+03
4.842116711138729443e+03
1.170178087609089062e+03
5.101520210979355397e+03
3.816647559135849406e+03
9.234596997569205996e+03
3.931570860641595573e+03
9.391888089052887381e+02
2.579874686529392420e+03
7.500954300235499431e+03
4.070361087013021006e+03
3.081959959118203187e+03
3.220430218550762220e+03
4.513999242918819618e+03
4.185207357202923504e+02
4.156502575183001682e+03
3.188413297961677017e+03
3.615480405958635856e+03
2.872112216693158189e+02
8.628838181078829166e+02
4.091341043915549108e+03
4.835963503057890193e+03
4.261419303660947662e+03
5.367792224984653330e+03
5.200734325848836306e+03
3.431009491653352597e+03
1.234779072404461112e+04
3.513918335433649190e+03
4.485951720385703538e+02
3.586640907391460587e+03
6.921600994599895785e+03
4.837620943407633604e+03
7.898091995792987291e+03
7.793175507973198364e+03
6.886916711487092471e+03
2.928031282157319310e+02
1.562391938432935376e+03
3.602655069967903273e+03
4.891413570172135223e+03
6.443126332465344603e+03
1.602866121954036771e+03
3.793593557494008337e+02
6.766353461121946111e+02
2.006875042642011977e+03
3.014359053296152524e+02
4.418593614976828121e+02
3.937549503271841331e+02
2.689465423575354180e+03
1.652508084633311682e+02
4.505749855295150610e+02
5.391958160398857217e+03
5.006864084199755780e+02
2.744771015110998633e+03
7.323761601608778165e+02
2.996337899524551631e+03
2.886497738987921366e+03
3.126169274189574026e+02
4.540970146791360094e+03
4.014420800331447936e+03
3.043330771110847309e+03
1.480438327882950944e+03
2.800969937711423881e+03
2.453123872568429306e+03
2.493147707155724675e+03
1.580599579277022713e+02
1.651517318887383681e+02
1.593180995139709921e+03
5.787692397359402321e+02
4.601609830395996141e+02
3.147369242268646758e+03
4.737404688176728087e+03
3.360525411736106435e+03
3.433023989171394987e+02
4.077182243942553669e+03
2.786141912092564780e+03
5.668911559041824148e+03
1.621794048180352775e+03
2.794031187851176128e+02
1.575241896456862605e+03
5.503322159504523370e+03
2.607817084951231664e+03
1.792651936556244664e+03
2.430723803774446878e+03
3.193432143667479977e+03
5.614221816880724418e+02
3.084808229762269548e+03
2.367350850768535565e+03
2.943318669223914640e+03
7.796831877766435355e+02
3.613067331436934637e+02
2.387804447896633064e+03
3.159399255711209207e+03
3.139046514695573933e+03
2.672845828723369777e+03
2.899663948663632709e+03
3.071989609163746991e+03
5.767452059740773620e+03
3.441101264477284985e+03
3.640353273781597636e+02
2.981058173917236672e+03
3.386526641945201391e+03
3.288083712518340690e+03
4.513889160362876282e+03
4.795334193569005947e+03
4.468967073801135484e+03
8.734728331793738789e+02
3.863542293877763314e+03
2.808842129375529566e+03
4.816897280244149442e+03
3.615951883449686193e+02
2.476617302731726340e+03
1.388707332876336295e+03
6.069009688479877695e+03
2.721273119203012357e+03
2.704457682082408610e+03
2.724477716567584139e+03
1.706753406623670344e+03
1.698116181703880329e+03
1.973559373914564276e+03
7.906682134879138175e+03
1.045739641147436487e+03
3.682166020981394922e+03
1.523100357033635646e+03
2.693990889963381960e+03
3.102662212098724012e+03
1.342416884089245741e+03
4.825262032754779284e+03
7.495247727504000977e+03
5.215587879115917531e+03
2.835001339531141184e+03
3.897401156296019508e+03
1.066460818747197209e+03
2.862073039611167587e+03
1.455771980334164937e+03
1.821021894627628853e+03
4.958190681236555974e+03
3.861740652711087932e+03
3.251734635784710918e+03
4.332671462560538203e+03
5.232062623406211060e+03
4.468582272359746639e+03
1.487057308541819566e+03
6.130244454976098496e+03
4.755551306175364516e+03
4.154145088550752916e+03
4.915947041214410547e+02
2.095711280510832694e+03
2.365118065933520029e+03
5.964223119038822915e+03
2.448690733552953589e+03
3.657512619792238183e+03
3.062541047219683605e+03
4.511303481305603782e+03
3.635927973898907112e+03
4.891592522565406398e+03
4.168076441419709226e+03
5.528175314417778281e+03
4.237397301631290247e+03
2.303498674769286936e+03
1.656098229890504854e+03
3.313353403182785314e+03
6.459574005163634865e+03
2.046760797261621065e+03
3.638395252782027455e+03
6.190335329775170067e+03
3.569458863206518799e+03
6.921955051145821017e+03
2.583486615702915060e+03
5.577727152707597270e+03
1.521257790629662168e+03
4.464671973960207652e+03
5.061784045320986479e+03
3.414419327020267701e+03
4.811715912912854947e+03
4.121891624614976536e+03
5.971669398246985111e+03
6.272535108066165776e+03
3.570945436479684304e+03
4.151025528580352329e+03
3.559249243552863845e+03
8.238360938298210385e+03
4.345934754197782240e+03
5.239393736747349976e+03
5.076114614539566901e+03
3.335277843780389503e+03
3.949681919079234831e+03
4.390620959537498493e+03
5.758761063351512348e+03
3.443680147663711978e+03
4.997867615258352089e+03
3.454674351312760791e+03
3.546874649432114438e+03
4.588931719913798588e+03
3.015478935167089730e+03
5.886252170187595766e+03
7.273899399314951552e+03
1.516485178138981382e+03
4.806993691822079199e+03
4.401581068712808701e+03
6.215956632862897095e+03
4.559905980916370027e+03
3.517890084880570612e+03
3.578637350025979231e+03
5.659928465743350898e+03
5.290902618671065284e+03
4.955054304392184349e+03
5.357926934579412773e+03
6.913336822466882950e+03
6.427264614590675592e+03
3.418783918181506579e+03
1.948866379539410445e+03
5.899484567113464436e+03
7.444965847236506306e+03
3.939580933522206124e+03
3.916951779062444075e+03
9.787673743896680207e+02
5.959966472795408663e+03
4.444565415720831879e+03
5.871627494141534953e+03
5.043384856916691206e+03
5.761834222542356656e+02
5.503439338639038397e+03
1.289394316252785984e+03
1.557098197533975735e+03
1.679523367259831502e+03
5.770875967289661276e+03
4.448956204421432631e+03
3.933117559881289708e+03
7.744699882798213366e+02
7.053626245897950866e+03
4.622252307382757863e+03
5.503242043746380659e+03
1.849094940784619666e+03
8.326912353523022830e+03
6.466020205262405398e+03
4.404196614018252149e+03
1.899921914392370581e+03
4.179518024975002845e+03
5.873003432031086049e+03
7.461516943322078077e+03
4.150692881504755860e+03
6.554604347835635053e+03
5.725586053005987196e+03
7.768693280272812444e+03
2.237453233054473912e+03
5.288422953064507965e+03
3.195327706357555144e+03
1.120482852854222438e+04
6.723774204417341025e+03
5.743285787737580904e+03
6.662155139798711389e+03
4.572234399579871024e+03
4.298193663277255837e+03
5.508487418338908356e+03
1.510952462091570487e+04
2.848426037793310570e+03
6.744809221598130534e+03
4.335064708739093476e+03
4.440320710329707254e+03
4.952900711244707054e+03
3.028323309782256729e+03
8.251271188770404478e+03
2.056498102735460998e+04
8.238909545516316939e+03
5.807530017466885511e+03
7.610780752272477002e+03
3.991098169961510848e+03
4.781555215873563611e+03
4.262463735115445161e+03
5.160173595083432701e+03
8.951770795706637728e+03
7.958755846481365552e+03
6.928120278064782724e+03
7.435439631489099156e+03
7.520562605792405520e+03
7.336400455214428803e+03
4.694931716811214756e+03
9.969003494450778817e+03
7.681401565706963083e+03
6.417754869417588452e+03
2.369157146074002412e+03
5.686598489465855891e+03
3.589192003370460952e+03
8.814651647383812815e+03
3.427210901892994116e+03
7.030026700423746661e+03
5.452268540701315942e+03
6.284736430569789263e+03
8.112502097915790728e+03
7.873135048821035525e+03
7.593031781927399607e+03
9.206577853735396275e+03
9.065469086995764883e+03
6.101513396294432823e+03
3.889980584863365948e+03
4.580879256981078470e+03
1.181830947133565678e+04
4.120386683834311953e+03
6.164312420246580587e+03
1.065382248608779628e+04
4.794744893378629058e+03
1.797608772400059388e+04
6.206314257276500939e+03
9.146275245386064853e+03
6.031743210999379698e+02
7.950305967007007894e+03
4.449475438172080430e+03
4.184522056305502701e+03
7.944462721754317499e+03
9.200902782724191638e+03
4.886916387552213564e+03
7.786549849161758175e+03
6.166802913906052709e+03
1.264196498080073070e+04
8.075564870248210354e+03
7.888611783242749880e+03
8.114403942279917828e+03
5.349231086594654698e+03
6.525567399922834738e+03
7.245806446232254530e+03
1.064000604359374302e+04
6.165455533209818896e+03
8.939264504898608720e+03
6.715066013051773552e+03
6.275180408265034202e+03
8.415345342773569428e+03
5.761187583734474174e+03
9.888017471561395723e+03
1.420541724767536289e+04
6.124160104843669615e+03
8.100653792321228138e+03
9.231099127955050790e+03
7.157745842645656921e+03
7.785971823204903558e+03
6.289504033928693389e+03
6.458111620741001389e+03
1.104283203198742376e+04
9.207931520559075580e+03
8.543337470485967060e+03
1.006272252949657013e+04
1.091610366962653643e+04
9.995453761480217509e+03
6.780147835129471787e+03
6.249366810112445819e+03
9.793283413600558561e+03
8.919091746319581944e+03
5.842497698834260518e+03
7.449354386273076670e+03
4.914033235624941881e+03
1.194429294005752490e+04
7.547095444523591141e+03
1.005677528862337022e+04
8.252755172056042284e+03
5.979078684195519600e+03
9.736396990490215103e+03
6.539280096031169705e+03
6.870978191460410017e+03
5.947857051094373674e+03
1.011222068589243463e+04
7.712402759580447309e+03
6.114785109173621095e+03
5.924101629569218858e+03
1.113500747079496796e+04
6.821587999096480416e+03
9.614564702570885856e+03
6.073099315949459196e+03
8.590434249459172861e+03
1.296953147117440312e+04
8.187911591475867681e+03
6.649067095345915732e+03
6.385177718698088938e+03
9.772583001834500465e+03
8.891572940981162901e+03
6.695475182222477088e+03
9.569425671088803938e+03
1.029099041832163130e+04
2.383419662457345112e+03
1.343636851945708031e+03
5.560744615180615256e+03
2.607560280615772172e+03
2.830165972850506932e+03
2.756129306818591431e+03
1.906378596352607019e+03
1.797661282455365608e+03
2.332762499249459779e+03
7.233909373041062281e+03
1.106171327917494409e+03
3.192582612542626521e+03
1.766280511421791289e+03
2.506571711680742283e+03
3.044012670251193413e+03
1.321963035919169670e+03
4.484299002274674422e+03
6.569836613698409565e+03
4.552834900141926482e+03
2.788012344230526651e+03
3.384192983731231379e+03
1.041915994321255994e+03
2.624901598941447446e+03
1.610798458804679285e+03
1.907759433038032967e+03
5.063868174003888271e+03
3.815981699163543453e+03
3.357175140965959145e+03
3.678899295532597534e+03
5.092041350347475600e+03
4.059654386651329332e+03
1.575627375982593094e+03
5.060633918996400098e+03
4.498289719487576804e+03
5.136873759617748874e+03
5.797675761355201303e+02
2.273947681018800267e+03
2.020126898339455238e+03
5.469691961625554541e+03
2.315283659077196717e+03
3.665031562778468924e+03
2.687195395839739831e+03
4.105905947298353567e+03
3.691255172242505978e+03
4.323217138414172950e+03
3.573173192855443631e+03
4.762482396510129547e+03
4.221220548274999601e+03
2.519840769765515688e+03
1.857936581235779158e+03
2.911444210579832088e+03
5.905430866290013000e+03
1.751388374519835679e+03
3.849162958724093187e+03
5.243315267342672087e+03
3.454883490065439219e+03
5.921460733269008415e+03
2.624698798230961984e+03
4.632427361051197295e+03
1.206035297060532685e+03
4.274791296058067019e+03
4.829536473617967204e+03
2.706505248675931398e+03
4.744527941580819970e+03
4.185368416186167451e+03
1.384598531415812204e+03
1.999673902002586374e+03
6.755011075178509827e+02
9.415010289923632172e+02
8.705878394040303192e+02
3.338860606613091022e+03
6.470657772673411046e+02
7.205629915092542888e+02
6.080445493129175702e+03
1.006075356262183277e+03
3.204451555685899166e+03
1.320939197585493730e+03
3.630631732310271218e+03
3.520542807658320271e+03
7.784248055491970035e+02
5.524677052102569178e+03
2.334560263337310971e+03
3.725812290173616475e+03
2.146123959156554974e+03
2.959938103330570812e+03
3.080250324246725995e+03
3.303629877766778009e+03
3.182543832761434714e+02
6.751985949054270577e+02
1.643432269054047310e+03
8.670946714787750125e+02
9.197667776161912343e+02
3.743198052197168636e+03
6.716999888042711973e+03
4.568362196261154168e+03
5.376581183851203605e+02
4.589057293600018966e+03
3.737866772376864901e+03
6.873861336932995982e+03
2.184623818173210566e+03
4.872181284076664269e+02
2.031233027449213751e+03
6.512415068894866636e+03
3.331107816639013436e+03
2.628758909723031138e+03
3.023411092225927860e+03
3.711188824016583567e+03
7.205931570350177253e+02
3.609542319710862557e+03
3.003781167356856713e+03
3.400430183712663165e+03
8.048231926637793094e+02
6.707842634870672782e+02
3.000490635094503887e+03
3.394498236944754353e+03
3.925287362917168139e+03
3.880059501297770112e+03
4.236256606933972762e+03
3.184729380190598931e+03
7.968776793157354405e+03
2.181961889855835125e+03
2.725174352008480128e+02
3.203831307155877766e+03
3.784621984442885150e+03
4.355610505947407546e+03
6.472755042119232712e+03
5.369380753714307502e+03
5.716453324742421501e+03
8.696054777751564870e+02
3.757118412715026352e+03
1.333988963146575543e+03
1.364533487861203184e+03
1.387209169109328968e+03
2.369467832536587139e+03
6.633120591063703841e+02
1.243491148101187719e+03
5.706789923212510075e+03
3.059931341476110447e+02
2.656870645319777850e+03
1.057120812324247254e+03
2.695588271100904876e+03
2.835600900814551096e+03
4.411994159564221718e+02
4.358143361218366408e+03
5.570074515853920275e+03
3.734573941060591551e+03
1.272615349228958848e+03
3.045124924665236449e+03
2.360840213750468138e+03
2.136913239389281443e+03
7.417816637764061625e+02
8.049803112426227472e+02
3.118916278309372956e+03
1.966343856389400571e+03
1.701978959836150125e+03
3.052617175108546689e+03
3.196253480124154521e+03
3.323969269224302479e+03
9.097610722671990970e+02
4.114935161667653119e+03
2.383229183417230161e+03
4.898287922485551462e+03
1.260051034477080975e+03
1.303411979396205425e+03
1.652550689381536813e+03
4.944689887459489910e+03
1.814713385092985163e+03
1.517673912190308329e+03
2.210461816328821442e+03
3.485359864151495458e+03
1.843572940676229791e+03
3.587595347736132680e+03
2.953125496858424412e+03
3.798600738224315137e+03
2.546792926846293085e+03
1.243578808971191847e+03
2.026344929822265158e+03
2.714307535722033208e+03
3.015168349119346203e+03
2.075063840407602584e+03
2.180675930573107962e+03
4.117038202633099900e+03
3.928092369094229980e+03
4.782200584167783745e+03
1.454309689885553553e+03
3.674768509416697270e+03
2.363604153394687273e+03
2.493552326463109694e+03
3.772929039835050389e+03
3.756996909890786810e+03
2.966171458628468827e+03
2.517110048820878092e+03
1.267057716676677273e+03
1.692750095305498917e+03
1.145701075499517628e+03
7.336771226608983852e+03
2.327844769884605284e+03
2.591106596977987920e+03
1.118386308783993627e+04
3.549199137795339993e+03
7.238755481134549882e+03
3.535406916922135679e+03
7.675651132488039366e+03
6.774516861655867615e+03
3.088312765748552010e+03
8.468641835417081893e+03
1.326123631844766714e+04
7.710355753528364403e+03
5.280168113188169627e+03
7.709070164256120734e+03
6.433773021604746646e+03
6.349167828107234527e+03
2.345683078840937014e+03
2.162539716969397887e+03
2.690619845341365362e+03
7.893703787044345290e+02
1.440690703729282404e+03
7.628217134359773809e+03
9.822774849716201061e+03
7.511022426551766330e+03
2.628539619630569632e+03
8.588120988586053500e+03
6.833354626516986173e+03
1.268954466919303741e+04
5.415511000978378434e+03
2.001544528713405043e+03
6.083531064590153619e+03
9.540525493645738607e+03
6.222340408345873584e+03
4.563663128799060360e+03
6.521221074406079424e+03
7.801288937664571677e+03
1.053367203731429754e+03
7.732771283490914357e+03
7.301636698514034833e+03
8.048909535026054073e+03
8.421399501630434088e+02
1.970753052930739386e+03
7.181949288555588282e+03
7.111700878149875280e+03
8.905913237916160142e+03
8.397442546941863839e+03
7.014384337448340375e+03
8.738913044130742492e+03
1.543606232185197587e+04
1.172283456378968367e+04
1.237467206681045354e+03
8.166344297616523363e+03
8.606686743324567942e+03
8.451199140293019809e+03
9.521103536203901967e+03
9.478053819576289243e+03
9.998990542263374664e+03
6.249395652570231050e+02
4.232846144529485173e+02
1.636915333533931971e+02
3.828576134955540510e+03
4.670578737087723766e+02
7.746666191174633695e+02
5.648800048451201292e+03
1.131569242473074155e+03
3.151936922696002057e+03
1.282456369793730119e+03
4.237452943357867298e+03
3.468165548390381446e+03
7.348696738426436923e+02
4.796719649218514860e+03
4.878505806757309074e+03
3.441604562389144121e+03
2.129330680072074756e+03
3.364725293075011450e+03
3.396089270799324822e+03
2.741505607796471850e+03
6.141355190680162650e+02
2.561299160560768087e+02
1.550148981842414969e+03
1.754985370971869543e+02
2.475025749854416972e+02
3.700773055226092765e+03
6.176323574652786192e+03
4.092512653037538712e+03
7.088780458335195362e+02
4.492762848251648393e+03
3.160486157267581802e+03
7.150391618819478026e+03
2.633516675271073382e+03
5.520319741117193644e+02
2.168732081089533494e+03
6.329798079714287269e+03
3.169932235285997194e+03
2.462264664706171970e+03
2.773470204462540096e+03
3.843834814630028632e+03
3.971505983907466089e+02
3.645994488315525814e+03
2.671345363783398625e+03
3.363328354695415328e+03
4.447816093299563818e+02
5.504799004266649263e+02
3.201970664715024668e+03
3.900222640924568168e+03
3.716339832907766777e+03
4.261289981111602174e+03
4.031300861248012097e+03
3.507603487130453686e+03
8.997849285042182601e+03
4.002805413542014776e+03
4.436044562846939243e+02
3.510419744358656317e+03
4.780846206186955897e+03
4.015984312605062769e+03
6.235472194609988946e+03
6.255891972534974229e+03
5.671500922154859836e+03
5.077330853419100549e+02
2.846419747072179689e+02
4.309194438533219000e+03
2.395188526168406042e+02
7.857851926279963664e+02
7.118636819642837509e+03
1.132667041781791113e+03
4.019854453172631565e+03
1.782701230161588683e+03
4.356751252300306078e+03
3.929790469195661899e+03
6.507296638110710774e+02
5.805686472186218452e+03
9.137762681928263191e+03
4.235972961341898554e+03
2.996090448485872002e+03
4.454968686158406854e+03
3.794536675625395219e+03
3.453805010005342410e+03
7.783266143003185107e+02
3.111226451452141646e+02
1.761197104794104007e+03
3.998294702499856612e+02
2.667393986996444255e+02
4.329945123872006661e+03
6.807289380414918924e+03
4.242482949422668753e+03
1.069794653989326662e+03
5.251163967116902313e+03
4.099288190699489860e+03
6.504697742376234601e+03
2.888852227530782329e+03
8.811374639461778315e+02
2.820718899249556671e+03
6.349551102320714563e+03
3.523535088414982965e+03
2.974511045191453377e+03
3.488522810623128862e+03
4.486950958709065162e+03
7.057003814287912746e+02
4.446179106895456243e+03
3.888955394725317092e+03
4.584774861369941391e+03
8.431086164759453823e+02
8.828697101903444491e+02
3.515278679786805242e+03
4.097065472646623675e+03
5.132836575163630187e+03
3.735250699170572261e+03
4.716038318607237670e+03
5.235287074015919643e+03
8.160436499746896516e+03
7.704383194226913474e+03
6.307884825778235154e+02
4.683088882098425529e+03
4.756926810185532304e+03
5.412583003310144704e+03
6.194365556098095112e+03
6.026916885985051522e+03
6.454682555731504181e+03
1.033291495397247672e+03
4.330969269511143466e+03
3.815337596805793510e+02
8.214865492832384462e+02
6.555565166715467058e+03
1.265851085598526879e+03
3.625833689696330566e+03
1.511162861347625494e+03
4.727450918833645119e+03
3.701223642642146842e+03
8.527996105391002857e+02
5.216691658256648225e+03
8.070873033165460583e+03
4.001489648381589632e+03
2.369469012956577899e+03
4.046130887678440558e+03
3.525997286484147480e+03
3.000111656922593284e+03
7.066680990135166667e+02
3.848942211091450645e+02
1.664463014451710478e+03
2.106774552552301429e+02
3.749037673965640352e+02
4.027402487138484048e+03
6.215556091463624398e+03
4.048265919360228963e+03
1.018177064399453229e+03
4.898754225112100357e+03
3.489422696622892545e+03
7.053893608599185427e+03
2.759497028463159950e+03
7.257513376296144543e+02
2.647755240279042937e+03
6.212174008308104021e+03
3.176608628975651754e+03
2.380932788568947672e+03
3.091691406204108262e+03
4.363740336311580904e+03
5.338914757940647178e+02
4.141496804905164026e+03
3.378957498863798719e+03
4.277970132807665323e+03
7.332514834891130704e+02
6.071295120493339255e+02
3.606368819143037399e+03
4.130534622638573637e+03
4.352336333164234020e+03
4.170582473624005615e+03
4.206519800104844762e+03
4.754661434323063077e+03
8.653071017575533915e+03
6.636037525724099396e+03
5.938191309249658616e+02
4.414866755359375020e+03
5.185173379966132416e+03
4.524248702015544040e+03
5.863872069909981292e+03
6.479558534614330711e+03
6.049620176613674630e+03
6.827332752556297919e+02
2.971319903122093365e+03
3.125492404926527797e+03
5.944114749484498134e+03
2.134636772754589401e+03
2.928960869565824396e+03
2.596583255179036314e+03
2.102550987640489438e+03
2.708319820044036987e+03
2.358820395582651145e+03
3.948680376443092428e+03
7.608896103456779201e+03
4.514952900881842652e+03
3.185485227803433645e+03
2.793724669769724642e+03
3.711627937403453871e+03
2.319718147396747099e+03
2.479283732970134679e+03
2.823550364759859804e+03
5.505040685883661354e+03
4.964986202207945098e+03
4.712619646966675646e+03
3.600640199764554836e+03
5.173658235359731407e+03
3.547866781031893879e+03
2.639986105047240471e+03
5.235258336954552760e+03
5.016381065484778446e+03
1.985186011820650947e+03
1.992174494087090125e+03
3.373204641027952675e+03
2.082762697879054485e+03
3.741178499224358347e+03
2.378981038059944240e+03
4.312795233396818730e+03
2.668209567110369790e+03
3.886696385802685654e+03
4.802954373796967047e+03
3.584157459303529777e+03
2.959565514310095296e+03
4.701083864990149777e+03
5.518045049227717755e+03
3.404557849246391925e+03
1.150593107281838684e+03
2.772443779549302235e+03
6.786631645113835475e+03
2.329926155623264094e+03
4.112327612803342163e+03
5.235141111577757329e+03
5.367046809542266601e+03
7.057345067932361417e+03
3.753361496243626789e+03
4.617247341437042451e+03
2.704273889222344224e+03
4.759908857745956993e+03
6.944554294038687658e+03
2.848147684260462484e+03
4.848824185299651617e+03
5.428072227272819873e+03
6.076150335237587115e+02
5.740841125910197661e+03
5.923632706782672130e+02
2.961099067783026840e+03
1.065330060801866239e+03
3.029618066150490449e+03
2.982090944532022149e+03
2.522030919614585400e+02
4.800163018522693164e+03
6.307314808073706445e+03
3.345994852465335043e+03
1.899469673158629121e+03
3.244172258793169021e+03
2.865621732767503545e+03
2.508861376532212034e+03
3.909342649359061852e+02
1.916448586106116636e+02
1.762526162456208567e+03
6.759795567857926244e+02
5.155377583814190530e+02
3.247612911622906722e+03
5.121560111579065051e+03
3.392740067410505617e+03
6.809565261036666470e+02
4.248325247469139867e+03
2.966113326900437187e+03
5.392661131985767497e+03
1.869488483807563171e+03
6.348479548925840845e+02
1.787718616013813516e+03
5.326235330665746915e+03
2.485619849522679942e+03
2.058097311883867860e+03
2.553719912919060334e+03
3.456956163624578949e+03
8.776635318351779915e+02
3.390127693782152164e+03
2.764544364148695877e+03
3.516312504392641131e+03
1.139816315351166622e+03
5.897684710406765589e+02
2.269703881689702939e+03
3.080530433196431204e+03
3.612448343917501916e+03
2.445173154374765545e+03
3.469086005279211349e+03
3.939696305868414584e+03
5.712126973875303520e+03
5.296500294202093755e+03
6.572027263760489859e+02
3.547996451620738299e+03
3.365121854059380894e+03
3.758321806642629326e+03
4.357715907007050191e+03
4.823157606933175884e+03
4.656416164820899212e+03
1.245554344163388578e+03
7.722267205071289027e+03
8.032641464228640871e+02
4.510643689553045078e+03
8.305937848306230080e+02
4.060972484670674021e+03
3.900656173439078884e+03
7.520749768640559978e+02
5.768044116554897300e+03
7.717853063324737377e+03
5.284953835961139703e+03
2.833335374688329466e+03
4.682868267492540326e+03
3.139106013012524272e+03
3.568881864875978408e+03
3.825175427243743798e+02
5.015728518115472525e+02
1.667874758979435228e+03
1.013086614982703168e+03
7.203238353161602845e+02
5.030703020121076406e+03
6.050015602563154971e+03
5.023955161206814410e+03
4.313921033323858865e+02
6.205527699505309101e+03
4.406035069900559392e+03
5.324337485163108795e+03
2.428239836637277222e+03
3.027996623051431015e+02
2.971767917537464655e+03
6.571795289370976207e+03
3.202928695959965353e+03
2.738322563144283777e+03
3.940283716235023803e+03
4.582154218878356915e+03
1.031577133303163691e+03
4.990562789526605229e+03
4.581556920304146843e+03
5.703533502180373034e+03
1.221490524690532311e+03
5.107957789864326514e+02
2.952022672418091588e+03
4.070574814175473875e+03
5.921761657282883789e+03
4.001991364449299454e+03
3.431515793922654211e+03
6.037362710875593621e+03
7.484409764309894854e+03
6.848781929388849676e+03
5.740862847442610928e+02
5.907649954135169537e+03
4.071275690932405269e+03
5.093302603234919843e+03
5.726463101978522900e+03
6.163376725031741444e+03
5.602121097658793587e+03
1.106757035179855393e+03
6.487187607614590888e+03
2.134960034063084095e+03
6.257480178131760113e+03
7.897853279019523143e+03
4.043410162936359484e+03
5.127227441867040397e+03
2.831876424069715085e+03
8.687873772842574908e+03
3.793960495259528216e+03
5.012891502757745911e+03
1.489488868944686146e+03
1.181093728172225019e+04
3.092145857947025888e+03
5.300078664047156963e+03
5.287801698017465242e+03
6.914694028773375067e+03
6.206629205302582704e+03
7.333080990992906663e+03
2.730930791349431274e+03
9.718680886391768581e+03
2.791369454331028464e+03
6.320183459912314902e+03
4.469221575188613315e+03
6.051141032970077504e+03
9.451841425773312949e+03
7.350686863340692071e+03
6.348615547747099299e+03
3.209880868826478036e+03
1.982972510394713254e+03
4.538596148411532340e+03
7.956915025460942161e+03
2.700387953952975295e+03
5.251543928688817687e+03
7.874377563791699686e+03
2.998361063674903562e+03
1.676656827228943257e+03
3.820970732706952731e+03
7.604273207141859530e+03
6.725937695314011762e+03
5.544518603821087709e+03
4.898479492129277787e+03
6.681014084813428781e+03
6.035475614780812975e+03
8.734612180222269672e+03
3.678756941185490177e+03
1.687495820994093083e+04
7.741771994406277372e+03
6.238517925961944457e+03
3.092843317974147794e+03
1.073931868376544298e+04
6.523500359913039574e+03
1.682164036407214007e+04
7.044178122596740650e+03
8.979557811815680907e+03
7.296968812814937337e+03
3.154073567320421716e+03
6.128861421135447927e+02
2.572759893333586660e+03
2.903243598107654179e+03
2.891023067315045409e+02
4.787465282558971921e+03
6.509311142000537984e+03
3.857965637696328940e+03
1.706347332876039900e+03
3.503211717536498782e+03
2.003573607618677670e+03
2.425664767568940533e+03
4.060556296088836916e+02
6.302949393760875409e+02
2.701548972627632338e+03
1.758003072992451507e+03
1.281593733904252986e+03
3.484701972690597358e+03
3.928871241595340052e+03
3.704327417010634690e+03
5.528589358557787818e+02
4.465977906409681964e+03
3.346767262901676986e+03
4.107184234093243504e+03
1.073942870108069656e+03
8.601477890719233983e+02
1.868510634421245186e+03
5.134244676778140274e+03
1.944815061859270145e+03
2.044107988030170873e+03
2.595392958651405024e+03
3.464367588278806124e+03
1.514442835849135008e+03
3.766720185976899302e+03
3.273527794338368039e+03
4.154267154349377051e+03
2.005263044083257910e+03
1.106607987161085930e+03
1.910947295066834613e+03
2.655357644574922233e+03
4.329457765831273719e+03
2.433806452403191088e+03
2.249278239695473985e+03
4.666132973483136084e+03
4.199914415455537892e+03
5.557626362950730254e+03
1.055716495210607036e+03
4.177916232556317482e+03
2.078181248313971082e+03
3.494560768921928684e+03
3.764091983054871889e+03
4.149480054781684885e+03
3.859325155303867177e+03
2.245390203800371182e+03
3.667532275714313982e+03
4.294770032260862536e+03
7.633065433207530077e+02
2.543161714487186600e+03
5.026217211670680172e+02
4.515089170262131120e+03
3.917507598015121857e+03
2.173163309000962727e+03
2.585491170331291642e+02
6.284136626971490841e+03
2.711410231620777722e+02
2.607895055740483258e+03
2.820759797084906495e+03
4.009161322924373053e+03
3.579297807374557578e+03
4.564066631866160606e+03
1.639651970825084391e+02
5.338217016046062781e+03
2.813766799176477207e+02
3.641723508812590353e+03
4.639393689088496103e+03
3.300315275221304546e+03
5.250447987916229977e+03
3.401236358986097002e+03
3.748712147027868468e+03
1.833233759858595477e+03
9.910146079213735675e+02
9.500469752852080774e+02
4.650278606674368348e+03
1.135667511804640526e+02
4.560586844612347704e+03
5.058516784532760539e+03
3.173146155041275051e+03
1.862513102594896054e+03
3.504258462701570352e+03
5.049333518701218054e+03
4.063634433476486720e+03
2.250770917467814797e+03
3.762248212771275121e+03
3.484134579623508216e+03
2.154963389629364428e+03
5.064137876411095021e+03
3.394573466391370857e+03
8.542429008592605896e+03
3.943047366903277180e+03
3.638155499235317620e+03
3.097820189901895446e+03
4.668998323789259302e+03
3.566989563276892113e+03
1.005714215792987670e+04
3.809228379582111302e+03
4.981631434116263335e+03
4.824060309871199024e+03
3.216322949262448674e+03
2.780809125421257249e+03
6.851604877588085856e+02
4.548206797632990856e+03
6.477164408483457009e+03
4.171942543112249041e+03
2.254104296253642133e+03
3.734746088083951690e+03
2.439892385478470715e+03
2.803192416846688502e+03
5.061388081053537462e+02
8.382504946541453137e+02
2.645513625245233925e+03
1.839949338343571981e+03
1.577629188106374841e+03
3.842822633217570001e+03
4.680516184579737455e+03
4.230228927083807321e+03
7.542561912073063013e+02
4.809205292109367292e+03
3.537916373821968136e+03
4.853939110909618648e+03
1.852597549610284204e+03
6.675637633770629691e+02
2.154648125707479721e+03
5.631619176832678022e+03
2.417480621234322825e+03
2.689563565262594238e+03
3.150858118987303897e+03
3.629800238191533936e+03
1.865452771371691369e+03
4.000252106623265263e+03
3.294715442623083618e+03
4.341505620275183901e+03
2.172234628538993093e+03
1.235233281375845309e+03
2.677413168074574514e+03
3.328995302379242275e+03
4.746464090910680170e+03
3.524014635496029769e+03
2.343245488638950064e+03
4.712826571096973566e+03
6.027322580446104439e+03
5.605556502393754272e+03
1.284785451573288356e+03
4.378504076356481164e+03
2.822354218508935446e+03
3.881070231306000096e+03
4.040941315368771029e+03
5.008530977067965068e+03
4.740687599881895949e+03
1.949689432918901048e+03
4.112996809323200068e+03
2.300474054639142651e+03
5.699106408885409110e+03
1.384149397299335578e+04
5.067810459351469945e+03
6.198848216266029340e+03
4.447300870361477791e+03
3.808905323370113365e+03
3.610715891957766871e+03
3.452154828323308266e+03
3.367030014509707598e+03
5.388705443482144801e+03
5.773131830326114141e+03
4.758822565052007121e+03
4.972184256477004055e+03
8.590722791050058731e+03
5.198501926125934915e+03
3.003754681942364641e+03
5.960123990976913774e+03
7.540373940495694114e+03
5.273392279124695051e+03
2.645452501840435161e+03
3.967096984937681555e+03
2.215738603952308495e+03
5.412686203721993479e+03
3.422186331457827691e+03
6.356744989035731123e+03
4.082177773073390654e+03
4.283613675114296711e+03
5.464114895970591533e+03
4.462361248339962913e+03
3.765899645724615311e+03
5.491904932611176264e+03
5.896547992424540098e+03
4.549034277239721632e+03
2.903701480806629661e+03
3.001692627476935286e+03
1.008084315468423301e+04
3.059578030848334947e+03
6.821741217352526292e+03
6.206271708774965191e+03
6.855010551412130553e+03
1.252904325457549385e+04
4.285656389168872920e+03
5.168874911426073595e+03
3.023568273163086815e+03
7.865680341809734273e+03
7.636109830983657957e+03
1.847652016721713608e+03
8.449079624148758739e+03
6.277974222337174069e+03
2.671122906918099488e+03
9.713137890931611764e+02
7.813583171638148997e+03
4.509828641522169164e+03
3.006293968247528483e+03
1.227937704297211212e+03
5.055302749891389794e+03
4.108090043648189749e+02
2.769034507047007537e+03
2.994891283349523292e+03
3.238197545858843569e+03
3.921528376581264638e+03
4.162938968844042392e+03
8.095889249007420858e+02
4.942252792295957988e+03
1.175047721576792583e+03
3.323623631247108278e+03
5.486577877438498945e+03
4.155485920043518490e+03
4.306470792417159828e+03
3.098960815288895446e+03
3.290815625952888695e+03
2.224528060577442830e+03
2.036524779187748891e+03
6.390683452785845020e+02
4.667708423534007125e+03
6.961412901534401954e+02
4.401147484273188638e+03
4.521106881636516846e+03
3.678693906959544620e+03
2.730530956627046635e+03
4.549485853509871959e+03
4.737726845430283902e+03
3.782020996921112783e+03
2.055383839773631735e+03
3.700482091362877327e+03
5.570310798211354268e+03
2.406649143717088464e+03
4.058450815625571522e+03
4.944506474762049947e+03
6.794784111635661247e+03
6.845459635092346616e+03
3.614419806708796386e+03
4.351893522666825447e+03
3.288684546701154886e+03
4.230518135929562050e+03
8.220877591599753941e+03
3.892751582637784850e+03
5.185251188207954328e+03
4.707578290443383594e+03
4.239749242591856273e+03
4.804672049499376044e+03
3.038542495240505559e+03
1.804900758320625982e+03
2.763721370009950533e+03
2.479535007529649647e+03
2.095953810698440066e+03
3.382769299312355997e+02
2.314808903946286591e+02
2.144541421050232657e+03
1.116772164026499013e+03
8.163960161963093469e+02
2.800690486985121424e+03
4.515302660463548818e+03
3.165282014418718973e+03
5.388256785650237362e+02
3.783460545194887345e+03
2.905573545832016862e+03
5.022867728545378668e+03
1.453877707506666638e+03
6.544999187844966855e+02
1.282295488391160461e+03
4.715989009275222088e+03
1.915457288375552707e+03
2.376480011741859926e+03
2.193332573967408280e+03
2.837110815552274289e+03
1.341917985837349306e+03
3.038742767851910230e+03
2.397134953920151929e+03
3.134170218921013657e+03
1.572919835050022812e+03
1.014259845797980006e+03
1.824640826359679068e+03
2.461746311970797251e+03
3.529295361052061253e+03
2.072324881743531023e+03
2.916163578933653298e+03
3.404970157750865837e+03
5.000140619935402356e+03
3.981161370167874793e+03
7.947750749685052369e+02
3.095809108511365594e+03
2.111067274877340878e+03
3.484817303127006198e+03
4.254239455927483505e+03
3.785703185317986026e+03
4.382890881470351815e+03
1.755631295796977838e+03
8.802501821060297516e+03
4.634417773358825798e+03
3.781489004567273696e+03
6.979484959515382343e+02
7.188133204812713302e+03
6.802280628207547579e+02
4.268431535028453254e+03
4.574632354860244959e+03
4.514991097502639604e+03
5.281903314353557107e+03
6.088700487498133043e+03
6.743551171109770621e+02
6.212447422092702254e+03
6.849617927965227864e+02
5.209634127988603723e+03
5.673538603831264481e+03
4.887355871510903853e+03
6.558811546192779133e+03
4.842485138859048675e+03
5.055587517836540428e+03
2.769159483655609165e+03
1.391832654674764854e+03
1.529075838086361273e+03
6.224350952750717624e+03
6.563866691894825180e+02
5.376324126038680333e+03
6.281880836261711920e+03
3.851098107723891189e+03
2.711422524211680411e+03
4.426153054413221980e+03
6.402421075172016572e+03
5.435357685763978225e+03
3.852389686064671423e+03
4.848680714672998874e+03
6.487480096807458722e+03
3.772166137406193229e+03
5.762843570732176886e+03
4.635380771178503892e+03
1.009972954886172920e+04
7.869733513681084332e+03
5.223031323839511970e+03
4.329075242936712129e+03
5.817403307673279414e+03
4.966984293240162515e+03
1.129766093734700007e+04
4.986482121303246458e+03
6.592920496273569370e+03
6.070013351221146877e+03
6.720904720363525485e+03
3.719483032884789282e+03
3.280789252447137187e+03
1.288541835702118806e+04
6.051505124212095325e+03
3.842005406664941802e+03
4.586608115074810485e+03
8.146278700628398838e+03
6.422552200642733624e+03
8.007467107453450808e+03
6.303274761399836279e+03
1.251368702763558395e+04
1.054660342883082922e+04
5.012553822321180633e+03
8.167311810048322513e+03
6.920124574617034341e+03
1.927709901792437813e+04
6.595582934048657080e+03
5.929959414153976468e+03
3.560481649561798804e+03
1.396154860651460149e+04
7.588232840509955167e+03
8.931196767374272895e+03
5.029058749313373482e+03
6.937846153598129604e+03
7.690440109605430735e+03
6.510174998598839920e+03
5.159315100689975225e+03
5.484449376807466251e+03
6.092226958552712858e+03
6.340226632661738222e+03
5.237735026386940262e+03
7.110761161885366164e+03
5.900629169823126176e+03
7.760091848152252169e+03
1.073435785397883592e+04
4.015928496609529702e+03
1.925487098627598607e+04
2.521309910923986308e+01
4.414539006700807477e+03
4.560310944716962695e+03
1.386553471959993112e+04
6.610390257168070093e+03
2.112928840708544158e+04
1.408040167535812179e+04
9.340242887549724401e+03
6.657313250728031562e+03
3.731198840064470915e+03
3.746544519873082663e+03
7.902048170627032050e+03
3.737734894844378232e+03
3.150188005926284859e+03
3.087707081442704293e+03
5.215934954674282380e+03
3.950938698324198867e+03
4.389143227546004709e+03
4.948118621755344066e+03
7.133695515342382350e+03
5.323143936407365800e+03
4.036114064167933066e+03
4.219934393975337343e+02
5.178467458956974951e+03
8.855025947027672373e+03
4.807081629023295136e+03
4.022676252335060781e+03
1.220440084564177596e+03
5.800247475945325277e+03
4.329421468452681438e+03
5.949024840900117852e+03
3.979107733342877054e+03
8.831346972452492992e+02
4.883248991720183767e+03
4.525255667350490967e+02
8.242580328301270356e+02
2.278254584091464494e+02
4.645519444382747679e+03
4.547132830799759176e+03
4.880985763789536577e+03
1.261449335245521524e+03
5.392403150637316685e+03
5.114514475192755526e+03
5.964564606088741129e+03
4.328452437220764750e+02
1.116752410137550214e+04
5.798964575290453467e+03
3.790017054556446055e+03
4.668487961772652852e+02
6.378839907135456087e+03
5.323891406462667874e+03
8.270879589550822857e+03
4.863325749762895612e+03
6.635311718626204311e+03
4.965920924310420560e+03
2.277203601448783957e+03
4.335920577667880934e+03
2.080743088397343399e+03
1.512732032335589565e+03
1.870840817526517185e+03
4.371168189387374696e+03
2.656563857362391900e+03
3.284385367661360760e+03
2.848910891743590128e+03
1.169529409808977107e+03
3.010498120360161010e+03
2.383296571016996495e+03
4.505665553255972554e+03
6.768798930703075030e+02
5.862866728371360296e+03
2.473180150802661956e+03
2.420017930786239958e+03
1.833213256097176554e+03
5.326133578528491853e+03
2.364591529369616183e+03
8.699285700190750958e+02
1.910998870779903427e+03
3.951255246592761978e+03
3.049154619373534388e+03
3.524214838033235992e+03
2.586415768622476662e+03
3.451412969068112034e+03
3.574042185359079213e+03
1.977220632934196601e+03
3.189507415044105073e+03
3.806694379521541123e+03
1.073860967734426140e+03
4.182957250068075155e+03
1.185637719372910851e+03
3.356889062114612443e+03
5.998207345445639476e+03
3.276195727936991261e+03
2.412957090340773902e+03
3.284749863863965857e+03
4.503282415657909951e+03
5.265892773409640313e+02
4.585440247126285612e+03
6.168732716042871289e+03
1.049264096490069278e+03
3.422647749912594008e+03
6.421683420888289220e+03
7.896508300219180683e+02
2.673548736958828158e+03
2.977118467964063257e+03
4.692887618861350347e+03
3.908859211137891180e+03
4.862006278435703280e+03
4.201396925057849785e+02
5.977294885910377161e+03
7.825432670976990721e+02
3.642406065108414168e+03
4.261799190427322173e+03
3.615866970382895943e+03
5.785946949003900954e+03
3.418579299583251213e+03
3.759931163604552239e+03
1.632315647319993332e+03
5.667076976623773135e+02
1.585358200189676154e+03
4.899376430829680430e+03
5.735470516073539784e+02
4.147259870240714008e+03
5.201540396679485639e+03
2.719979391751974617e+03
1.501924357060131570e+03
3.240943513116877511e+03
5.122575197987536740e+03
4.028384196870762935e+03
2.658902113277852095e+03
3.324291219717291824e+03
3.790378134418256650e+03
2.674158841682062302e+03
5.532199743757926626e+03
2.905257813908900062e+03
9.624566945643564395e+03
3.010612113792777564e+03
3.531303452331149856e+03
2.629686773847283803e+03
5.083981783233359238e+03
3.818337932632958200e+03
1.100251206864904816e+04
3.835593296285290762e+03
5.474676951853674836e+03
4.990478730138029277e+03
5.004552645839979959e+03
2.374041622352245213e+03
3.028916478451312287e+03
6.051016568407090745e+03
4.684741958418859213e+03
4.238431276992162566e+03
6.847795928239537716e+03
7.314477886764791947e+03
7.180286088588451094e+03
2.172910281431983094e+03
8.973012148781088399e+03
6.646845274931856693e+03
6.974574996587210080e+03
6.836175018288622596e+02
2.834302685731838665e+03
4.681636919802826014e+03
8.088051247369881821e+03
4.354627536785378652e+03
4.803071156465968670e+03
5.361914095891748730e+03
6.812121078313419275e+03
4.008207320892070584e+03
7.386075515447087128e+03
6.901065508734825016e+03
8.433171884669656720e+03
4.858872829252059091e+03
3.185582346076987960e+03
4.091470604244244441e+03
5.223282084649962599e+03
9.162770011038333905e+03
3.947232343918436527e+03
5.360745561072497367e+03
9.527233206291541137e+03
5.768049180583937414e+03
1.204978672720222494e+04
3.163303564227914649e+03
8.484877390177432972e+03
2.819271648540408478e+03
6.606964854981706594e+03
5.670048679762889151e+03
4.794789501188857685e+03
7.395859303469866063e+03
4.970443058566110267e+03
2.334067763081842259e+03
2.443953178568467138e+03
3.084329245850867665e+03
3.137710869740183625e+03
3.836242126313135486e+03
4.269375554898006158e+02
4.293082431318071031e+03
5.790884929726433938e+02
3.141400207234600202e+03
4.449314479228697564e+03
2.960423781281770971e+03
3.593717104326236495e+03
2.899718811398134676e+03
3.180604828075585829e+03
1.658082561098411361e+03
1.699586222558383270e+03
3.335583784313255364e+02
3.984685626193724147e+03
1.663850056908622719e+02
4.229976177181935782e+03
4.282126384857114317e+03
3.100617947998269301e+03
1.954686141464708726e+03
3.586606179801394774e+03
4.424652573809381465e+03
3.400899338858225292e+03
1.719883725004561711e+03
3.473213512725902547e+03
3.768747304743651057e+03
2.122438056054468234e+03
3.846191446234787691e+03
3.773828859632048534e+03
6.785974149982053859e+03
5.017872498992852343e+03
3.263376634214175283e+03
3.412149809058490064e+03
3.271987207462987499e+03
3.211507214949122044e+03
7.717691966942078579e+03
3.529721466144807891e+03
3.999936773992540111e+03
4.206561737439744320e+03
3.769777419029924204e+02
1.717083936610424416e+03
9.138453152440250733e+02
7.692614169811597549e+02
2.945478090396341941e+03
4.666971401044744198e+03
3.345744127910611496e+03
3.061214182375840664e+02
4.031156075633943146e+03
2.976621591169493058e+03
5.039163410080791436e+03
1.679135173839581967e+03
2.251423950928956401e+02
1.489143698199254231e+03
5.308762636041436963e+03
2.262152404576356275e+03
2.071339863491775304e+03
2.283629117573471376e+03
3.053178599482611844e+03
8.251289309759594062e+02
3.076499127842390862e+03
2.418455380426070406e+03
3.090557705074194928e+03
1.031672998303961776e+03
5.980817781489479330e+02
2.292188738162098161e+03
2.851988878313005443e+03
3.494313790562875511e+03
2.892944018843365484e+03
2.623652105934667816e+03
3.255310179048196005e+03
6.071015410603346027e+03
3.329669595862161714e+03
3.900209209175507112e+02
3.084466902044140625e+03
3.030920570659958685e+03
3.347687093835976157e+03
4.245167638980201446e+03
4.961109715164860063e+03
4.462605856310467061e+03
1.080063906677919249e+03
1.697061834257327519e+03
4.976223384322529455e+02
3.020256014415510890e+02
3.205370921310452104e+03
5.130388955511911263e+03
3.476202543712530314e+03
5.007407474607869062e+02
4.079064099021009952e+03
2.901786922598400906e+03
5.453761991281618975e+03
2.083494096399775117e+03
4.679941830434427175e+02
1.638567682628890452e+03
5.533780913007681193e+03
2.654481823456450002e+03
2.274245849897802145e+03
2.518306557087178589e+03
3.191095594262703344e+03
7.579748751263299482e+02
3.211964243844242446e+03
2.376262018126591101e+03
3.053562651185048253e+03
8.967723353080040170e+02
6.209221040900722528e+02
2.315021446823895076e+03
3.267005917202737692e+03
3.341303163403148574e+03
2.958118138367195570e+03
3.284376957909743851e+03
3.210075499812935959e+03
6.651621913840761408e+03
3.763464907281488195e+03
5.117711061205877741e+02
3.103099734146807350e+03
3.912011630092555606e+03
3.730690025804227844e+03
4.988932750695360482e+03
5.410118484226182773e+03
4.953666831240472675e+03
1.042252865712455787e+03
1.501849044095905811e+03
1.571171494517978317e+03
4.586877756834863249e+03
8.421035976140268758e+03
4.979428689704308454e+03
1.930681320824684008e+03
6.384899784873233330e+03
5.612256045612050002e+03
8.023466549432792817e+03
5.077569186098298815e+03
1.533318735609952455e+03
3.429337762779973673e+03
6.492245471025178631e+03
3.278051955935006845e+03
4.347925668418480200e+03
3.682776751639731629e+03
5.025081698476687961e+03
1.807438225363589936e+03
4.991421251743444373e+03
4.548609030417725080e+03
5.249852639372134945e+03
1.607439553371740658e+03
1.745782023959761545e+03
5.165960139016627181e+03
5.159178958141308613e+03
6.379958371135497146e+03
6.167418161239872461e+03
5.781813619003281929e+03
5.656406716740732918e+03
1.177784482419742380e+04
7.298325323732156903e+03
1.391363507615487379e+03
5.322897175613743457e+03
6.925815403453741055e+03
6.643102696075987296e+03
9.557511620055875028e+03
7.552310778569193644e+03
7.776236271264153402e+03
1.597463124542694231e+03
3.119629614965560904e+02
4.121313595893268939e+03
7.293009501844260740e+03
4.490094435726100528e+03
1.222714128042284756e+03
4.937181723479083303e+03
3.774274614725257379e+03
8.454355434944431181e+03
3.835441652772615271e+03
8.475145385777575484e+02
2.618209212147278777e+03
6.941953138819025298e+03
3.639185091051574091e+03
3.023281976440320250e+03
3.170933584979012267e+03
4.347710299215073974e+03
4.695090482821449314e+02
4.023697018454896352e+03
3.224877100978499584e+03
3.869932329693536303e+03
3.730663841085763579e+02
8.188121849349378181e+02
4.310665801379430377e+03
4.582489876715243554e+03
4.572051002274867642e+03
5.576589328371881493e+03
4.902318223756165025e+03
4.127265571876059767e+03
1.234619345255247936e+04
5.411755301633015733e+03
4.792853589917822319e+02
4.028460054613456123e+03
6.089833421650719174e+03
4.861887336582628450e+03
7.209860818907577595e+03
7.073370845756048766e+03
6.727191460101668781e+03
3.370788370876980480e+02
4.683974504579485256e+03
7.340451220152712267e+03
4.963235247879127201e+03
7.573060442081625752e+02
5.397606283043853182e+03
4.225696417424001083e+03
7.544109274530459516e+03
3.523860279907187760e+03
5.836714380327127856e+02
2.990367154037438922e+03
7.127120940030436941e+03
3.935744166940800824e+03
3.232944462051753362e+03
4.092578503682944302e+03
4.354891666730040015e+03
5.306300222347047111e+02
4.542045634168582183e+03
4.004388238814567558e+03
4.665230448278301992e+03
3.880264774909633161e+02
7.781790745101341145e+02
4.126390926316813420e+03
4.418771853706553884e+03
5.174969887283910793e+03
4.705553601458228513e+03
4.790773380688147881e+03
5.173679406023032243e+03
9.390994444111041958e+03
6.728318256069371273e+03
3.987849838256470321e+02
4.838421363370762265e+03
5.369063861363285469e+03
5.645291539110643498e+03
6.374745155087193780e+03
6.909928363912715213e+03
6.901808603207184206e+03
6.423226142203798190e+02
5.674205515181442934e+03
4.604129019751744636e+02
3.804552394757812635e+03
5.601874711982145527e+03
3.718699137045046882e+03
6.101260006340227847e+03
3.794675475533012104e+03
3.911595822039445011e+03
2.347178762147461384e+03
1.157188336788428160e+03
1.194698893381819289e+03
4.964301888753688218e+03
3.064766841475832280e+02
4.973424622686221483e+03
5.285520076817464542e+03
3.992366887512884205e+03
2.360332950257992252e+03
4.683571443525654104e+03
5.502918083496491818e+03
4.444797349954912534e+03
2.479848709311075709e+03
4.215014134405903860e+03
4.412069219073775457e+03
2.269298694389552566e+03
5.396929334088988981e+03
4.812968144219894384e+03
9.187419540421684360e+03
5.396393213877501694e+03
4.143861498314110577e+03
4.230047616094166187e+03
5.049760126747074537e+03
4.057323186016922591e+03
1.060304014406351052e+04
4.542236551864592911e+03
5.654286632510147683e+03
5.373630429187570371e+03
5.483024917759642449e+03
5.492989199690575333e+03
7.825413356755993846e+03
2.166262633466329589e+03
7.793662081340031364e+03
4.870128035748251932e+03
5.902505251521724858e+03
4.522110297556694604e+03
7.415713725643610815e+03
3.713427838140708445e+03
3.277084639942891499e+03
4.570551018723881498e+03
6.699920986912213266e+03
7.047685207191694644e+03
6.899726294036925538e+03
6.066563465702722169e+03
7.405401018054055385e+03
8.751697197813653474e+03
5.501827852284508481e+03
5.567221524725381641e+03
5.857561060103941600e+03
3.134422443821311390e+03
6.404493868001087321e+03
1.392015099782930065e+03
8.035347910395736108e+03
7.845855754305555820e+03
1.080301165754600333e+04
6.729544029852697349e+03
7.564395784347617337e+03
6.032886511604755469e+03
9.712041217226053504e+02
5.905710452372586587e+03
8.124852618266297213e+03
9.926282266873315621e+02
8.487498811401468629e+03
4.585935919780211407e+03
6.168861125147965140e+03
4.150002848874840311e+03
5.334317401282383798e+03
4.354989049626568885e+03
4.354312686141585800e+03
2.957494349921927096e+03
1.164417571573469559e+03
1.438418352265786325e+03
5.026595631340740510e+03
2.306830497507999098e+02
5.737216742073211208e+03
5.490291907565931069e+03
4.600615263907846384e+03
2.761138656943529895e+03
5.449331291611923007e+03
6.086850805315527396e+03
4.810546547583970096e+03
2.723080072676764303e+03
4.819170008378011516e+03
5.139647233003522160e+03
2.173897182190326930e+03
5.187808032014715536e+03
5.908908647208378170e+03
9.127777583769890043e+03
9.032817174992898799e+03
4.682819167943976936e+03
4.980631475116560068e+03
5.530049602510565819e+03
4.533297208495747327e+03
1.021000650164149920e+04
4.757856089523173068e+03
5.710539080431353796e+03
5.968887513601130195e+03
4.607891900287920180e+03
3.672092132290642439e+03
5.904130173197278054e+03
1.707705343269436753e+03
2.377371617114904438e+02
2.135221299425338657e+03
6.049857736196545375e+03
2.956368369898591482e+03
2.485469687326878557e+03
3.326445898605570164e+03
3.533253107985231964e+03
8.580882543167733729e+02
3.802892198976604050e+03
3.308589261869344682e+03
4.061823654293280924e+03
9.921626423219361186e+02
5.836384936987963101e+02
2.540361789406308617e+03
3.309303678904170738e+03
4.538759420444046555e+03
3.027219630880772002e+03
3.282926476581618772e+03
4.348179296643327689e+03
5.904538011429336620e+03
4.445969283753424861e+03
4.499197078757292729e+02
4.080284130006126361e+03
3.114990976661303648e+03
4.158469624710693097e+03
4.841600783484773274e+03
4.969472907710234722e+03
5.217728355542809368e+03
1.141080651887538806e+03
5.891850382550246650e+03
1.084328934753185240e+04
5.290429450834170893e+03
4.895449846386793070e+03
1.600180943265109363e+03
6.800461198737955783e+03
4.968405193141412383e+03
6.605283038296390259e+03
4.743260086749865877e+03
1.330653512807887410e+03
5.775687831056188770e+03
6.456284054475470384e+02
1.268957620480052356e+03
2.171349082218644071e+02
5.926368618263172721e+03
5.185078276829694005e+03
5.665102720711372058e+03
1.663867635394894023e+03
6.724539630305389437e+03
6.209949473132752246e+03
6.951502601540101750e+03
2.504502274414224985e+02
1.412442472279045433e+04
7.344982026261195642e+03
4.661462873011550982e+03
4.220646257062909399e+02
7.610973907970271284e+03
5.943118605323334123e+03
9.333365245801654964e+03
5.242894501176615449e+03
7.367221306077017289e+03
5.951321170245425492e+03
8.465017162851681860e+03
4.342716456284784726e+03
3.754837047210417040e+03
3.146726887550460106e+03
6.403509273909247895e+03
3.528382125146215003e+03
9.811114266047680985e+02
3.014425960574900273e+03
5.214427793955223024e+03
4.457556411077340272e+03
4.865900859890512947e+03
3.636727993512714875e+03
4.967767364123365041e+03
4.979567719282887992e+03
3.079705390586418616e+03
4.613580052950229401e+03
5.267912877814440435e+03
5.802214673045206155e+02
5.363346366537251015e+03
2.848341094257114037e+03
5.156152477129585350e+03
7.862306859931502913e+03
5.856067307758772586e+03
4.169090490822287393e+03
5.098851764039998670e+03
5.965903335633938696e+03
6.015533867440969971e+02
7.102156357092685539e+03
7.380897210077143427e+03
1.229879148723728576e+03
4.851099961326010089e+03
4.616288397754417929e+03
6.407894562772888094e+03
5.639679792426844870e+03
5.840686636730370083e+03
3.218787746845428501e+03
7.347185234272343223e+03
4.536204024668390048e+03
8.178919500169065941e+03
8.447515553420835204e+03
8.079194104875625271e+03
6.915894809702915154e+03
9.882433440171196708e+03
9.508735932981919177e+03
6.501440157011566043e+03
2.093788037414144583e+03
6.102531020819703372e+03
1.183133647360422037e+04
4.575940715482469386e+03
5.676718194611985382e+03
1.071900874004676189e+04
7.022613386875864308e+03
1.707962773131590802e+04
7.356418242359808573e+03
9.760391510124638444e+03
4.691367157698105984e+03
8.648451032740445953e+03
1.070824630605964921e+04
6.216803352760516646e+03
7.756076006439330740e+03
9.781495907294756762e+03
2.368452961493686416e+03
2.195827743777485466e+03
5.415989007451368707e+03
2.467591371900777631e+03
3.252779496943366667e+03
2.869360812400901523e+03
4.153422820279563894e+03
3.364600477466127359e+03
4.210077966959419427e+03
3.975668541802391246e+03
4.903988588824227918e+03
4.247823320070977388e+03
2.433420538595281869e+03
1.957502526911735004e+03
2.900965482393838101e+03
5.663295360831743892e+03
2.167847996638424320e+03
3.674269563709656722e+03
5.379793443518296044e+03
4.046375416249570662e+03
6.281889195749334249e+03
2.559839676181053619e+03
4.678547511090105218e+03
1.267596617141313118e+03
4.015660122060123740e+03
5.130770821347525271e+03
2.798048623540437802e+03
4.628749955481921461e+03
4.087037419967504320e+03
2.213851325850687772e+03
6.214969718854599705e+03
3.098352783457015448e+03
2.627968401966209058e+03
3.341037986181023371e+03
3.643110395888817948e+03
6.550195771023529687e+02
3.887574556154104357e+03
3.314039792091376967e+03
4.127717320750623912e+03
7.846658030380499440e+02
4.722419342400235109e+02
3.330596261750806661e+03
3.689048221032390757e+03
4.679797069369160454e+03
3.931408438709137954e+03
3.355102083538040461e+03
4.461549678231343933e+03
7.895220091598717772e+03
5.202031786285620910e+03
2.930221947747097602e+02
4.185121254772313478e+03
3.998351299432370070e+03
4.325060259525145739e+03
5.076446246061138481e+03
5.898839163601393011e+03
5.789081060318109849e+03
7.510134147238838978e+02
3.471947285893209028e+03
1.713107146526624547e+03
3.909340250676588767e+03
1.897107263626128088e+03
7.142612040929798241e+02
3.567703236026342893e+03
8.619691695899863362e+02
7.489694165108296602e+02
1.135866616769945949e+03
3.499960175938911561e+03
2.735405634390451269e+03
2.186871030810807952e+03
5.713683781136473954e+02
3.462260571866243026e+03
2.241894660977022795e+03
3.796974332883595707e+03
1.196118021450541164e+03
6.107734685568460009e+03
3.107850874769886559e+03
2.192282256882977890e+03
1.043617170741295467e+03
2.407152678177340931e+03
3.213488374306714832e+03
5.232198730648819037e+03
2.183169816176816312e+03
4.689377153922239813e+03
3.562472327743198548e+03
2.605074320994741811e+03
6.683309462492450621e+03
1.504124976290688437e+03
6.006515029183640763e+03
7.764629786085994965e+03
4.397054429180740044e+03
2.678377745746101482e+03
6.183128699949109432e+03
8.633582016815844327e+03
6.544241808396285705e+03
3.842858648925555826e+03
4.572828626960348629e+03
8.440191924239097716e+03
3.722946266947015829e+03
6.807957574473412024e+03
6.601995122414021353e+03
1.079616133178085511e+04
1.223894783620042290e+04
6.794741800250400047e+03
5.302293694171306015e+03
6.518637149644215242e+03
6.813136426002241024e+03
1.243574764714618505e+04
5.352866474067939635e+03
7.416346956907187632e+03
8.253280593311154007e+03
3.830364913141454963e+03
6.778570446972018999e+02
4.446461790344686960e+03
4.387049108603465356e+03
3.632998587539274013e+03
2.701461124230273526e+03
4.386735996269748284e+03
4.843533193910918271e+03
3.391585032331467119e+03
1.686859219571058475e+03
3.165586995782678059e+03
4.999459146017052262e+03
2.040045487355574096e+03
3.001826164236312707e+03
4.785152522345782927e+03
5.339206533348065932e+03
6.217181738293211311e+03
3.387751361170340715e+03
4.211904186050509452e+03
2.452347972552992360e+03
3.504736512465454325e+03
6.261427486837492324e+03
3.773567683237431993e+03
4.007191120220639277e+03
4.548297885999540085e+03
4.153026563292014544e+03
5.746244025156697717e+03
2.497649261423160169e+03
5.622853054476464422e+03
5.057716053068295878e+03
6.218769928601976972e+03
3.752007631293192389e+03
1.606089575186063939e+03
4.278886881450413966e+03
4.911939850977913011e+03
1.861720494753888715e+03
5.425493426597727193e+03
2.580686142696717525e+03
6.743076850972976899e+03
7.631413013932560716e+03
7.825289559295162690e+03
2.809407109229682646e+03
6.227062345343068046e+03
5.439116064846648442e+03
1.773325585968157156e+03
6.328695634939774209e+03
7.187268659609570022e+03
2.475570405676413884e+03
3.553466216574802274e+03
4.562696435453715821e+03
4.450099416720384397e+03
3.389013817322719660e+03
2.069315376482779811e+03
3.677278366524151807e+03
4.593925571069712532e+03
3.694167240490588483e+03
1.839917052313899148e+03
3.779986560590845329e+03
3.334279520170590786e+03
1.775644755889519274e+03
4.282322385249878607e+03
3.743638514531122837e+03
7.119610650055778933e+03
4.288542934407899338e+03
3.329131803971085901e+03
3.341521668566048902e+03
3.867883503380666298e+03
3.240982422687062353e+03
8.160847637322557603e+03
3.752621744248167033e+03
4.364320118079353961e+03
4.361285049509322562e+03
4.985584090010215732e+03
7.653819456031651498e+02
1.352179671097916753e+03
9.130577919682170887e+02
4.933899839801488270e+03
4.312807618308104793e+03
4.653171074208125901e+03
7.838321376884703113e+02
5.935421411492396146e+03
5.091123093989954214e+03
5.540421878427903721e+03
1.071956331981524727e+03
9.249320145060661162e+03
6.160370792559203437e+03
3.833971161897086859e+03
1.177015721381504591e+03
4.669431191324414613e+03
5.300387162403861112e+03
6.655666917415363969e+03
4.459651896614803263e+03
6.656096391683642651e+03
5.127178471603148864e+03
4.916820245025217446e+03
4.591483514997573366e+03
5.110572707006618657e+03
3.352699291868602813e+02
6.176265673849263749e+02
4.535483721317508753e+03
4.803142220831290615e+03
5.306405051765037570e+03
5.557624284089675712e+03
4.651301071063273412e+03
5.623983292041665663e+03
1.026503863666410325e+04
6.815509083814349651e+03
3.468419883247804592e+02
5.257026922038123303e+03
6.075468931306237209e+03
5.307432119209353914e+03
6.844404115475861545e+03
7.576499718447195846e+03
6.744845636545807793e+03
4.630296108709903820e+02
4.671433332796025297e+02
3.430038991119547518e+02
4.829795858252229664e+03
4.282299995585364741e+03
4.392125532885005669e+03
9.525556785920109633e+02
5.473744104434560541e+03
4.944068913619024897e+03
5.925957652885838797e+03
4.222416297191987269e+02
1.105966268706592382e+04
5.852833180750250904e+03
3.714808154593850304e+03
2.647584990262448628e+02
5.704345898139921701e+03
4.975274415954563665e+03
8.542268644474292159e+03
3.995125113406302262e+03
6.495737307028630312e+03
4.913166782422042161e+03
9.138634810285431058e+02
4.304957348162587550e+03
3.838269195991005290e+03
3.380176766739105005e+03
1.362581537716265530e+03
3.963280138361133595e+03
3.443244253770317300e+03
5.319903056684410330e+03
9.638341191460494883e+02
9.970551835182483046e+03
4.329752122452538970e+03
3.229247184745638151e+03
7.385225920324949129e+02
5.284236861267940185e+03
4.092064515224851220e+03
8.241966633142816136e+03
3.525808321608591541e+03
5.883305462048642767e+03
4.471993529981118627e+03
4.612271907795053266e+03
4.624430330184446575e+03
4.972306758880801681e+03
1.442113190707446620e+03
5.177372113616069328e+03
5.476551844532868017e+03
6.386930793265405555e+03
8.543191609170162337e+01
1.275923480049424870e+04
4.973522176732221851e+03
3.554104065149454073e+03
1.803380542526052750e+02
6.946113755037218652e+03
5.077802287526059445e+03
8.691548730033053289e+03
4.999478875881301065e+03
6.811610347464073129e+03
4.959594563879974885e+03
9.560202993805255574e+02
4.985484952144801355e+03
5.260642131119938313e+03
5.622893285195707904e+03
6.083971119312607698e+03
5.635866468440597600e+03
4.959370976294903812e+03
1.199908243354428487e+04
5.482049394813918298e+03
2.907642859216207398e+02
4.804701912736303711e+03
6.815368579039067299e+03
6.056158517922530336e+03
7.863603147304529557e+03
8.256087821213202915e+03
7.752102513727857513e+03
1.969018706518832005e+02
3.242470395261925660e+03
4.093030800279150753e+03
3.926997342862952337e+03
4.144592811302351947e+03
3.433413204727421544e+03
5.001984979120741627e+03
7.783511446565813458e+03
5.676252718697238379e+03
5.531934444562962199e+02
4.700538075902891251e+03
4.435678593512934640e+03
3.754760521431353482e+03
5.722484958693963563e+03
6.085595470977042169e+03
4.844296016394280741e+03
7.833007396706545933e+02
3.174741546203326834e+03
4.882807532894858014e+03
1.102133907246880426e+03
4.651113238101572279e+03
5.139734626977669905e+03
4.889153553379323057e+03
4.679755743276864450e+03
3.544432900094201614e+03
4.752827320447977399e+03
2.524963591458744304e+03
4.612257239518319693e+03
8.414811718913328150e+03
3.155806347138301135e+03
4.546522552522369551e+03
4.877487506707138891e+03
6.330465625008421739e+03
3.649319902323623410e+03
4.811116628828756802e+03
1.693896529854629080e+03
7.183555698872001813e+03
6.238526715798705482e+03
3.821532766903358151e+03
1.366637025232342467e+03
3.373183897126641568e+03
5.174056088498621648e+03
6.884360195703698082e+03
3.181306389981453776e+03
5.601314579929079628e+03
5.350535740072611588e+03
5.955968892659162520e+03
4.303463296928526688e+03
5.096766803419874122e+03
9.424175066503987182e+03
5.126903039411272403e+03
4.399421427637892521e+03
4.935467543735110667e+03
9.123584741722623221e+03
8.682608011774736951e+02
9.618662115253859156e+03
9.760108706012368202e+03
1.677704612333805926e+03
5.695024848632305293e+03
5.854745991373264587e+03
6.201321551743398231e+03
4.791269155342353770e+03
6.989067027780958597e+03
4.242348868689933624e+03
4.900334188365604859e+03
2.978993687672993474e+03
5.357082605068606426e+03
8.057147223563030821e+03
3.119344621823865054e+03
5.568749934077645776e+03
6.167513788064852633e+03
7.076505254612491626e+03
6.358610703851063590e+03
9.279659569114792248e+03
4.152502210122283941e+03
6.636116035203885986e+03
4.600948981428605293e+03
2.109170083266051734e+03
4.593246821917986381e+03
7.364662278052363035e+03
2.433036592508703052e+03
5.420996390407314721e+03
1.440417132514771038e+04
3.711631200400324360e+03
3.707372215735444115e+03
1.918368852551875534e+02
7.896536647298408752e+03
5.244178421900440298e+03
9.700412230825791994e+03
5.493869221780898442e+03
7.234542791793450306e+03
5.304633305218103487e+03
1.724546059448964297e+04
9.081911787803053812e+03
1.274940727086674815e+04
4.230377829104359989e+03
6.786416795496216764e+03
7.450296615957888207e+03
7.490029932633347016e+03
6.752473267832445345e+03
1.299830275000786605e+04
3.992709544109952731e+03
4.234592484729393618e+03
1.226850111075055975e+04
5.906211938472380098e+03
1.784504564115414541e+04
1.296428460110794731e+04
8.281789769463623088e+03
6.008448665737158080e+03
3.482025338291739445e+03
4.494405317158814796e+03
4.631975936052994257e+03
5.844339321595160072e+03
6.038070002468970415e+03
6.480444754042645400e+03
3.770187522849523702e+02
6.826308594026432729e+03
5.135178499028652368e+03
9.370358129058537088e+03
4.397114905227136660e+03
7.066615397287996529e+03
5.079099355826767351e+03
6.015544554745023561e+03
4.547629851498862081e+03
2.771954584743243686e+03
6.427568442812980720e+03
6.833165492872793038e+03
6.852543983337473037e+03
7.435995757096523448e+03
5.239503992926447609e+02
5.776931451647160429e+03
8.605186688322130067e+03
7.911234634568852925e+03
7.868398799103297279e+03
8.204095706992979103e+03
8.091603673002398864e+03
7.713628313065783914e+03
