2.400000000000000000e+01 6.300000000000000000e+01 2.521309910923986308e+01 2.000000000000000000e+00
0.000000000000000000e+00 3.300000000000000000e+01 7.192640289003838916e+01 2.000000000000000000e+00
5.300000000000000000e+01 6.100000000000000000e+01 8.543191609170162337e+01 2.000000000000000000e+00
1.800000000000000000e+01 4.800000000000000000e+01 1.135667511804640526e+02 2.000000000000000000e+00
1.000000000000000000e+00 3.000000000000000000e+01 1.580599579277022713e+02 2.000000000000000000e+00
1.000000000000000000e+01 1.200000000000000000e+01 1.636915333533931971e+02 2.000000000000000000e+00
1.400000000000000000e+01 3.100000000000000000e+01 1.916448586106116636e+02 2.000000000000000000e+00
5.400000000000000000e+01 7.100000000000000000e+01 1.969018706518832005e+02 2.000000000000000000e+00
6.500000000000000000e+01 7.400000000000000000e+01 2.092429181796090063e+02 3.000000000000000000e+00
3.800000000000000000e+01 4.300000000000000000e+01 2.377371617114904438e+02 2.000000000000000000e+00
2.900000000000000000e+01 7.500000000000000000e+01 2.513334054906403310e+02 3.000000000000000000e+00
2.200000000000000000e+01 7.800000000000000000e+01 2.566786918787368563e+02 3.000000000000000000e+00
1.100000000000000000e+01 3.400000000000000000e+01 2.667393986996444255e+02 2.000000000000000000e+00
7.000000000000000000e+00 6.400000000000000000e+01 2.725174352008480128e+02 2.000000000000000000e+00
8.000000000000000000e+00 1.700000000000000000e+01 3.059931341476110447e+02 2.000000000000000000e+00
7.300000000000000000e+01 7.700000000000000000e+01 3.119431250797210851e+02 4.000000000000000000e+00
7.600000000000000000e+01 8.100000000000000000e+01 3.597361201647162261e+02 4.000000000000000000e+00
2.000000000000000000e+00 6.000000000000000000e+00 3.615951883449686193e+02 2.000000000000000000e+00
3.900000000000000000e+01 8.000000000000000000e+01 3.622642871708859502e+02 4.000000000000000000e+00
3.500000000000000000e+01 8.200000000000000000e+01 3.640434563506161112e+02 4.000000000000000000e+00
2.500000000000000000e+01 5.100000000000000000e+01 4.525255667350490967e+02 2.000000000000000000e+00
5.000000000000000000e+01 7.900000000000000000e+01 4.527082744455473744e+02 3.000000000000000000e+00
1.500000000000000000e+01 8.800000000000000000e+01 4.568011725604531534e+02 5.000000000000000000e+00
3.700000000000000000e+01 9.100000000000000000e+01 4.797558818990681857e+02 5.000000000000000000e+00
6.700000000000000000e+01 7.000000000000000000e+01 5.239503992926447609e+02 2.000000000000000000e+00
9.000000000000000000e+01 9.200000000000000000e+01 5.248120531350824649e+02 6.000000000000000000e+00
8.400000000000000000e+01 8.700000000000000000e+01 5.503119889396601820e+02 6.000000000000000000e+00
2.700000000000000000e+01 4.500000000000000000e+01 5.667076976623773135e+02 2.000000000000000000e+00
4.400000000000000000e+01 5.700000000000000000e+01 5.713683781136473954e+02 2.000000000000000000e+00
3.000000000000000000e+00 4.900000000000000000e+01 5.761834222542356656e+02 2.000000000000000000e+00
4.000000000000000000e+01 5.800000000000000000e+01 5.802214673045206155e+02 2.000000000000000000e+00
4.200000000000000000e+01 8.900000000000000000e+01 5.844771197923756745e+02 3.000000000000000000e+00
4.000000000000000000e+00 6.600000000000000000e+01 6.031743210999379698e+02 2.000000000000000000e+00
5.500000000000000000e+01 9.400000000000000000e+01 6.063589103547049035e+02 6.000000000000000000e+00
2.100000000000000000e+01 4.600000000000000000e+01 6.390683452785845020e+02 2.000000000000000000e+00
8.500000000000000000e+01 1.050000000000000000e+02 6.962933719853626826e+02 8.000000000000000000e+00
2.300000000000000000e+01 9.500000000000000000e+01 7.854362136383068673e+02 6.000000000000000000e+00
8.300000000000000000e+01 8.600000000000000000e+01 8.651750835013799588e+02 5.000000000000000000e+00
2.600000000000000000e+01 4.700000000000000000e+01 8.699285700190750958e+02 2.000000000000000000e+00
9.300000000000000000e+01 9.800000000000000000e+01 9.836434396464794645e+02 9.000000000000000000e+00
1.000000000000000000e+02 1.010000000000000000e+02 1.005957768515308658e+03 4.000000000000000000e+00
1.900000000000000000e+01 1.090000000000000000e+02 1.053214926829441310e+03 6.000000000000000000e+00
3.600000000000000000e+01 9.600000000000000000e+01 1.092790383073824160e+03 3.000000000000000000e+00
5.600000000000000000e+01 5.900000000000000000e+01 1.102133907246880426e+03 2.000000000000000000e+00
2.800000000000000000e+01 1.030000000000000000e+02 1.107717972693098545e+03 4.000000000000000000e+00
5.200000000000000000e+01 9.700000000000000000e+01 1.132147653035367057e+03 7.000000000000000000e+00
9.000000000000000000e+00 1.110000000000000000e+02 1.434937263236922718e+03 1.000000000000000000e+01
1.060000000000000000e+02 1.080000000000000000e+02 1.520074626324476412e+03 8.000000000000000000e+00
1.020000000000000000e+02 1.100000000000000000e+02 1.572656022722555235e+03 4.000000000000000000e+00
1.070000000000000000e+02 1.130000000000000000e+02 1.675525415227670919e+03 1.400000000000000000e+01
2.000000000000000000e+01 6.900000000000000000e+01 1.847652016721713608e+03 2.000000000000000000e+00
1.300000000000000000e+01 4.100000000000000000e+01 1.985186011820650947e+03 2.000000000000000000e+00
1.600000000000000000e+01 9.900000000000000000e+01 1.998362372943795663e+03 3.000000000000000000e+00
3.200000000000000000e+01 1.180000000000000000e+02 2.313943082536273778e+03 1.100000000000000000e+01
6.000000000000000000e+01 1.140000000000000000e+02 2.405370461854658515e+03 4.000000000000000000e+00
1.120000000000000000e+02 1.170000000000000000e+02 2.754727701483561759e+03 1.100000000000000000e+01
1.150000000000000000e+02 1.230000000000000000e+02 3.668783143998770811e+03 4.000000000000000000e+00
1.200000000000000000e+02 1.260000000000000000e+02 3.734130465336191719e+03 8.000000000000000000e+00
1.040000000000000000e+02 1.160000000000000000e+02 3.887345249404042079e+03 6.000000000000000000e+00
1.190000000000000000e+02 1.240000000000000000e+02 3.970892962164900837e+03 1.100000000000000000e+01
1.210000000000000000e+02 1.250000000000000000e+02 4.064858959040495392e+03 2.500000000000000000e+01
1.220000000000000000e+02 1.300000000000000000e+02 5.279332818467251855e+03 8.000000000000000000e+00
6.200000000000000000e+01 1.330000000000000000e+02 6.567060404006355384e+03 9.000000000000000000e+00
1.280000000000000000e+02 1.340000000000000000e+02 6.855438553708424479e+03 1.300000000000000000e+01
5.000000000000000000e+00 1.270000000000000000e+02 8.283892582739146746e+03 1.200000000000000000e+01
6.800000000000000000e+01 1.320000000000000000e+02 8.499809441947490996e+03 2.600000000000000000e+01
7.200000000000000000e+01 1.360000000000000000e+02 1.211667305430505257e+04 1.400000000000000000e+01
1.290000000000000000e+02 1.310000000000000000e+02 1.464574706973597313e+04 1.900000000000000000e+01
1.380000000000000000e+02 1.390000000000000000e+02 1.735812370092841229e+04 3.300000000000000000e+01
1.350000000000000000e+02 1.370000000000000000e+02 1.845232829584481806e+04 3.900000000000000000e+01
1.400000000000000000e+02 1.410000000000000000e+02 2.067587064135231049e+04 7.200000000000000000e+01
