9.000000000000000000e+01 9.500000000000000000e+01 6.408905385389800813e+00 2.000000000000000000e+00
2.400000000000000000e+01 3.400000000000000000e+01 6.507175255399999081e+00 2.000000000000000000e+00
8.500000000000000000e+01 9.400000000000000000e+01 8.566547704201514790e+00 2.000000000000000000e+00
3.300000000000000000e+01 6.400000000000000000e+01 8.813072895804523910e+00 2.000000000000000000e+00
2.100000000000000000e+01 6.600000000000000000e+01 9.339809371403283933e+00 2.000000000000000000e+00
3.000000000000000000e+00 7.300000000000000000e+01 1.017896335065489843e+01 2.000000000000000000e+00
5.200000000000000000e+01 1.060000000000000000e+02 1.082832898906312025e+01 2.000000000000000000e+00
4.400000000000000000e+01 6.800000000000000000e+01 1.135804673524650887e+01 2.000000000000000000e+00
6.900000000000000000e+01 1.110000000000000000e+02 1.181310031638807700e+01 2.000000000000000000e+00
1.300000000000000000e+01 6.100000000000000000e+01 1.283551768538442417e+01 2.000000000000000000e+00
9.900000000000000000e+01 1.140000000000000000e+02 1.381466042314509757e+01 2.000000000000000000e+00
1.600000000000000000e+01 1.250000000000000000e+02 1.401231440769012515e+01 3.000000000000000000e+00
1.400000000000000000e+01 1.170000000000000000e+02 1.411762453299013487e+01 2.000000000000000000e+00
7.900000000000000000e+01 1.030000000000000000e+02 1.443081709203477203e+01 2.000000000000000000e+00
1.100000000000000000e+01 4.500000000000000000e+01 1.454812432911070097e+01 2.000000000000000000e+00
2.000000000000000000e+00 1.100000000000000000e+02 1.471351913977891712e+01 2.000000000000000000e+00
1.500000000000000000e+01 6.700000000000000000e+01 1.626569072477730415e+01 2.000000000000000000e+00
4.700000000000000000e+01 1.270000000000000000e+02 1.670256033798630924e+01 3.000000000000000000e+00
7.000000000000000000e+00 1.240000000000000000e+02 1.709710251737601894e+01 3.000000000000000000e+00
4.000000000000000000e+00 3.100000000000000000e+01 1.714126849197781155e+01 2.000000000000000000e+00
1.130000000000000000e+02 1.280000000000000000e+02 1.774755426458308705e+01 3.000000000000000000e+00
2.800000000000000000e+01 1.040000000000000000e+02 1.837310821309544906e+01 2.000000000000000000e+00
9.700000000000000000e+01 1.330000000000000000e+02 1.918244024187224284e+01 3.000000000000000000e+00
1.340000000000000000e+02 1.360000000000000000e+02 1.932800025668178634e+01 5.000000000000000000e+00
1.290000000000000000e+02 1.300000000000000000e+02 1.964338603307187725e+01 4.000000000000000000e+00
1.900000000000000000e+01 3.800000000000000000e+01 1.968318912372631146e+01 2.000000000000000000e+00
7.000000000000000000e+01 8.700000000000000000e+01 1.996200146629118777e+01 2.000000000000000000e+00
1.200000000000000000e+01 4.300000000000000000e+01 2.028769608805112057e+01 2.000000000000000000e+00
9.600000000000000000e+01 1.370000000000000000e+02 2.117567871931113643e+01 3.000000000000000000e+00
1.400000000000000000e+02 1.410000000000000000e+02 2.208261448354556578e+01 6.000000000000000000e+00
5.300000000000000000e+01 1.390000000000000000e+02 2.235750184045720701e+01 3.000000000000000000e+00
1.310000000000000000e+02 1.320000000000000000e+02 2.254296001264253846e+01 4.000000000000000000e+00
1.350000000000000000e+02 1.520000000000000000e+02 2.370892317318378772e+01 8.000000000000000000e+00
1.000000000000000000e+02 1.480000000000000000e+02 2.428794762148500297e+01 3.000000000000000000e+00
2.500000000000000000e+01 5.000000000000000000e+01 2.520644108644005854e+01 2.000000000000000000e+00
3.000000000000000000e+01 7.500000000000000000e+01 2.532348877430735357e+01 2.000000000000000000e+00
1.090000000000000000e+02 1.180000000000000000e+02 2.594429028445865271e+01 2.000000000000000000e+00
1.380000000000000000e+02 1.420000000000000000e+02 2.598572290851929978e+01 4.000000000000000000e+00
1.510000000000000000e+02 1.540000000000000000e+02 2.611199229445709591e+01 7.000000000000000000e+00
7.700000000000000000e+01 1.530000000000000000e+02 2.665176444845245030e+01 4.000000000000000000e+00
1.440000000000000000e+02 1.460000000000000000e+02 2.670271744313054185e+01 7.000000000000000000e+00
4.000000000000000000e+01 1.080000000000000000e+02 2.692754541227836995e+01 2.000000000000000000e+00
8.000000000000000000e+01 8.300000000000000000e+01 2.718010056234609806e+01 2.000000000000000000e+00
4.900000000000000000e+01 1.640000000000000000e+02 2.821274326779949249e+01 3.000000000000000000e+00
2.200000000000000000e+01 9.800000000000000000e+01 2.856594873309299132e+01 2.000000000000000000e+00
6.200000000000000000e+01 7.100000000000000000e+01 2.864412976500581820e+01 2.000000000000000000e+00
2.300000000000000000e+01 9.200000000000000000e+01 2.871635636270503866e+01 2.000000000000000000e+00
8.400000000000000000e+01 1.590000000000000000e+02 2.891060114132893588e+01 3.000000000000000000e+00
4.100000000000000000e+01 1.680000000000000000e+02 2.918608730626733561e+01 3.000000000000000000e+00
1.700000000000000000e+01 9.100000000000000000e+01 3.044739223316688026e+01 2.000000000000000000e+00
2.700000000000000000e+01 1.660000000000000000e+02 3.084123436503379878e+01 4.000000000000000000e+00
3.200000000000000000e+01 1.600000000000000000e+02 3.177839553990948218e+01 5.000000000000000000e+00
8.800000000000000000e+01 9.300000000000000000e+01 3.307721966272119118e+01 2.000000000000000000e+00
5.700000000000000000e+01 7.400000000000000000e+01 3.315247309744145809e+01 2.000000000000000000e+00
2.000000000000000000e+01 1.570000000000000000e+02 3.315698076079623746e+01 3.000000000000000000e+00
6.500000000000000000e+01 7.600000000000000000e+01 3.369613305233067990e+01 2.000000000000000000e+00
1.580000000000000000e+02 1.700000000000000000e+02 3.409877700827856017e+01 5.000000000000000000e+00
5.100000000000000000e+01 5.500000000000000000e+01 3.472427579946820231e+01 2.000000000000000000e+00
1.190000000000000000e+02 1.670000000000000000e+02 3.498184799524212707e+01 3.000000000000000000e+00
1.070000000000000000e+02 1.430000000000000000e+02 3.680537598413287270e+01 4.000000000000000000e+00
1.560000000000000000e+02 1.610000000000000000e+02 3.830684756536456348e+01 1.000000000000000000e+01
8.200000000000000000e+01 1.210000000000000000e+02 3.899339039076247104e+01 2.000000000000000000e+00
1.260000000000000000e+02 1.470000000000000000e+02 3.928463715235040610e+01 6.000000000000000000e+00
1.620000000000000000e+02 1.630000000000000000e+02 3.970482258817768439e+01 1.100000000000000000e+01
1.490000000000000000e+02 1.790000000000000000e+02 4.000649138125238125e+01 7.000000000000000000e+00
6.000000000000000000e+01 1.500000000000000000e+02 4.082822595882827699e+01 3.000000000000000000e+00
8.600000000000000000e+01 1.200000000000000000e+02 4.133870025794263370e+01 2.000000000000000000e+00
4.800000000000000000e+01 1.160000000000000000e+02 4.214172327652031669e+01 2.000000000000000000e+00
8.000000000000000000e+00 1.010000000000000000e+02 4.216923803329036247e+01 2.000000000000000000e+00
1.000000000000000000e+01 5.800000000000000000e+01 4.309368440077920326e+01 2.000000000000000000e+00
3.700000000000000000e+01 5.600000000000000000e+01 4.333641497060948211e+01 2.000000000000000000e+00
3.600000000000000000e+01 1.020000000000000000e+02 4.438867447699840341e+01 2.000000000000000000e+00
6.300000000000000000e+01 1.940000000000000000e+02 4.537846747473001585e+01 3.000000000000000000e+00
1.120000000000000000e+02 1.450000000000000000e+02 4.549325077341157453e+01 4.000000000000000000e+00
1.780000000000000000e+02 1.920000000000000000e+02 4.549624258016562095e+01 4.000000000000000000e+00
1.810000000000000000e+02 1.880000000000000000e+02 4.625571546882741103e+01 6.000000000000000000e+00
5.400000000000000000e+01 1.710000000000000000e+02 4.651277189928995170e+01 4.000000000000000000e+00
5.900000000000000000e+01 8.900000000000000000e+01 4.684444461108995483e+01 2.000000000000000000e+00
1.820000000000000000e+02 1.860000000000000000e+02 4.700101626933545163e+01 1.500000000000000000e+01
5.000000000000000000e+00 1.650000000000000000e+02 4.802817991222347871e+01 3.000000000000000000e+00
3.900000000000000000e+01 1.740000000000000000e+02 5.266433368972221274e+01 6.000000000000000000e+00
1.870000000000000000e+02 1.960000000000000000e+02 5.306180852915961310e+01 1.100000000000000000e+01
6.000000000000000000e+00 1.690000000000000000e+02 5.339270956648854138e+01 3.000000000000000000e+00
1.550000000000000000e+02 1.830000000000000000e+02 5.370926785728157427e+01 1.800000000000000000e+01
1.220000000000000000e+02 1.730000000000000000e+02 5.521093064979982046e+01 5.000000000000000000e+00
0.000000000000000000e+00 1.760000000000000000e+02 5.527871152522050835e+01 3.000000000000000000e+00
8.100000000000000000e+01 1.950000000000000000e+02 5.587191814258527245e+01 4.000000000000000000e+00
4.200000000000000000e+01 1.840000000000000000e+02 5.671393657244434650e+01 3.000000000000000000e+00
1.770000000000000000e+02 2.040000000000000000e+02 5.812551075690656432e+01 1.400000000000000000e+01
1.800000000000000000e+02 2.050000000000000000e+02 6.019243568236446862e+01 5.000000000000000000e+00
2.900000000000000000e+01 2.080000000000000000e+02 6.186959762128788043e+01 4.000000000000000000e+00
1.930000000000000000e+02 1.990000000000000000e+02 6.385715462414425758e+01 6.000000000000000000e+00
1.230000000000000000e+02 1.850000000000000000e+02 6.388007906181723428e+01 8.000000000000000000e+00
1.800000000000000000e+01 1.900000000000000000e+02 6.705280766121884994e+01 3.000000000000000000e+00
3.500000000000000000e+01 2.100000000000000000e+02 6.809262123929198651e+01 4.000000000000000000e+00
1.720000000000000000e+02 1.980000000000000000e+02 6.826890919068260644e+01 8.000000000000000000e+00
2.030000000000000000e+02 2.070000000000000000e+02 6.927125057538465569e+01 1.100000000000000000e+01
9.000000000000000000e+00 1.890000000000000000e+02 7.038471064181389636e+01 3.000000000000000000e+00
1.910000000000000000e+02 2.180000000000000000e+02 7.289113889843955008e+01 1.000000000000000000e+01
2.130000000000000000e+02 2.160000000000000000e+02 7.558334378185588776e+01 7.000000000000000000e+00
2.060000000000000000e+02 2.190000000000000000e+02 7.628145500564795611e+01 2.900000000000000000e+01
1.750000000000000000e+02 2.090000000000000000e+02 7.667211374898064946e+01 6.000000000000000000e+00
1.000000000000000000e+00 2.200000000000000000e+02 8.013609629092296416e+01 4.000000000000000000e+00
2.000000000000000000e+02 2.020000000000000000e+02 8.307707641065927362e+01 5.000000000000000000e+00
2.170000000000000000e+02 2.220000000000000000e+02 8.617033995484641196e+01 1.100000000000000000e+01
2.600000000000000000e+01 1.970000000000000000e+02 8.872533875197699160e+01 5.000000000000000000e+00
1.050000000000000000e+02 1.150000000000000000e+02 9.066754532511113496e+01 2.000000000000000000e+00
2.120000000000000000e+02 2.250000000000000000e+02 9.354291905686814346e+01 9.000000000000000000e+00
2.260000000000000000e+02 2.300000000000000000e+02 1.029082184579488057e+02 1.400000000000000000e+01
7.800000000000000000e+01 2.140000000000000000e+02 1.065603614805632731e+02 7.000000000000000000e+00
2.110000000000000000e+02 2.210000000000000000e+02 1.204191422668474729e+02 2.400000000000000000e+01
7.200000000000000000e+01 2.290000000000000000e+02 1.220354170096602218e+02 3.000000000000000000e+00
4.600000000000000000e+01 2.240000000000000000e+02 1.343358149164242263e+02 7.000000000000000000e+00
2.010000000000000000e+02 2.280000000000000000e+02 1.445744697423766354e+02 2.000000000000000000e+01
2.310000000000000000e+02 2.320000000000000000e+02 1.449711004487355126e+02 2.100000000000000000e+01
2.270000000000000000e+02 2.340000000000000000e+02 1.568577900112932468e+02 1.400000000000000000e+01
2.350000000000000000e+02 2.380000000000000000e+02 1.782084833800964532e+02 2.100000000000000000e+01
2.150000000000000000e+02 2.330000000000000000e+02 1.827088993622115254e+02 3.200000000000000000e+01
2.230000000000000000e+02 2.370000000000000000e+02 1.987319191396277915e+02 5.000000000000000000e+01
2.360000000000000000e+02 2.400000000000000000e+02 2.262956447735996903e+02 5.200000000000000000e+01
2.410000000000000000e+02 2.420000000000000000e+02 3.129219180455555716e+02 1.020000000000000000e+02
2.390000000000000000e+02 2.430000000000000000e+02 4.524095278658190864e+02 1.230000000000000000e+02
