7.000000000000000000e+00 2.900000000000000000e+01 8.027006266046942073e+02 2.000000000000000000e+00
5.200000000000000000e+01 1.070000000000000000e+02 1.048523367931080884e+03 2.000000000000000000e+00
5.000000000000000000e+01 5.100000000000000000e+01 1.053233468337547947e+03 2.000000000000000000e+00
8.600000000000000000e+01 1.110000000000000000e+02 1.173373680445616401e+03 2.000000000000000000e+00
4.000000000000000000e+01 1.270000000000000000e+02 1.252395292481912975e+03 3.000000000000000000e+00
9.800000000000000000e+01 1.240000000000000000e+02 1.421361841864250437e+03 3.000000000000000000e+00
5.500000000000000000e+01 1.290000000000000000e+02 1.451278413463104243e+03 4.000000000000000000e+00
4.100000000000000000e+01 8.100000000000000000e+01 1.458430308103730113e+03 2.000000000000000000e+00
2.000000000000000000e+00 1.300000000000000000e+02 1.568320915166991426e+03 5.000000000000000000e+00
7.300000000000000000e+01 1.250000000000000000e+02 1.569532990076669876e+03 3.000000000000000000e+00
2.700000000000000000e+01 8.800000000000000000e+01 1.614653489279616679e+03 2.000000000000000000e+00
7.800000000000000000e+01 1.000000000000000000e+02 1.725426598448563709e+03 2.000000000000000000e+00
4.600000000000000000e+01 9.200000000000000000e+01 1.739832557939951130e+03 2.000000000000000000e+00
1.200000000000000000e+01 1.320000000000000000e+02 2.006797673242961082e+03 6.000000000000000000e+00
5.700000000000000000e+01 1.020000000000000000e+02 2.083002161170160889e+03 2.000000000000000000e+00
4.900000000000000000e+01 1.330000000000000000e+02 2.215439395846965908e+03 4.000000000000000000e+00
3.000000000000000000e+01 1.260000000000000000e+02 2.283415808259394453e+03 3.000000000000000000e+00
3.200000000000000000e+01 1.130000000000000000e+02 2.297426250762537165e+03 2.000000000000000000e+00
6.100000000000000000e+01 1.340000000000000000e+02 2.365127687720535050e+03 3.000000000000000000e+00
8.400000000000000000e+01 1.360000000000000000e+02 2.424147568730942567e+03 3.000000000000000000e+00
6.900000000000000000e+01 1.390000000000000000e+02 2.518477960246408657e+03 5.000000000000000000e+00
1.150000000000000000e+02 1.380000000000000000e+02 2.579629714527735814e+03 3.000000000000000000e+00
5.600000000000000000e+01 1.370000000000000000e+02 2.592522401415175409e+03 7.000000000000000000e+00
7.100000000000000000e+01 1.420000000000000000e+02 2.650225401574237367e+03 4.000000000000000000e+00
1.100000000000000000e+01 1.310000000000000000e+02 2.857146955576205983e+03 3.000000000000000000e+00
4.500000000000000000e+01 7.900000000000000000e+01 3.167982018324728870e+03 2.000000000000000000e+00
6.400000000000000000e+01 1.460000000000000000e+02 3.193933087127922590e+03 8.000000000000000000e+00
8.000000000000000000e+01 9.400000000000000000e+01 3.318652573254819799e+03 2.000000000000000000e+00
6.300000000000000000e+01 1.060000000000000000e+02 3.528794975339514167e+03 2.000000000000000000e+00
1.050000000000000000e+02 1.430000000000000000e+02 3.646016854806432548e+03 4.000000000000000000e+00
1.480000000000000000e+02 1.500000000000000000e+02 3.679725140762060164e+03 1.100000000000000000e+01
1.440000000000000000e+02 1.530000000000000000e+02 3.878373779889203888e+03 9.000000000000000000e+00
1.470000000000000000e+02 1.490000000000000000e+02 3.910588396054828536e+03 6.000000000000000000e+00
3.400000000000000000e+01 1.140000000000000000e+02 4.241474329838330050e+03 2.000000000000000000e+00
6.800000000000000000e+01 1.090000000000000000e+02 4.427688303668453955e+03 2.000000000000000000e+00
4.300000000000000000e+01 1.040000000000000000e+02 4.467651809981718543e+03 2.000000000000000000e+00
2.300000000000000000e+01 7.000000000000000000e+01 4.574234769738773139e+03 2.000000000000000000e+00
4.800000000000000000e+01 9.500000000000000000e+01 4.590954518400707457e+03 2.000000000000000000e+00
1.280000000000000000e+02 1.550000000000000000e+02 4.832091004849905403e+03 1.200000000000000000e+01
0.000000000000000000e+00 1.700000000000000000e+01 4.848284570751153296e+03 2.000000000000000000e+00
1.300000000000000000e+01 2.200000000000000000e+01 4.943600466435697854e+03 2.000000000000000000e+00
2.500000000000000000e+01 1.540000000000000000e+02 5.320181321379402107e+03 1.200000000000000000e+01
4.400000000000000000e+01 1.570000000000000000e+02 5.463984745419327737e+03 3.000000000000000000e+00
8.000000000000000000e+00 4.200000000000000000e+01 6.109559570460551186e+03 2.000000000000000000e+00
7.500000000000000000e+01 1.190000000000000000e+02 6.239312681922586307e+03 2.000000000000000000e+00
1.450000000000000000e+02 1.520000000000000000e+02 6.286850012633244660e+03 5.000000000000000000e+00
1.510000000000000000e+02 1.560000000000000000e+02 6.287035523618795196e+03 8.000000000000000000e+00
8.500000000000000000e+01 1.400000000000000000e+02 6.292232248978354619e+03 4.000000000000000000e+00
6.500000000000000000e+01 1.630000000000000000e+02 6.495985063533817993e+03 3.000000000000000000e+00
1.610000000000000000e+02 1.650000000000000000e+02 6.765794733421832461e+03 1.400000000000000000e+01
5.800000000000000000e+01 1.100000000000000000e+02 6.840944948527781889e+03 2.000000000000000000e+00
5.000000000000000000e+00 1.600000000000000000e+01 7.044457468091101873e+03 2.000000000000000000e+00
1.210000000000000000e+02 1.600000000000000000e+02 7.244479397311924913e+03 3.000000000000000000e+00
2.600000000000000000e+01 1.690000000000000000e+02 7.307276481523489565e+03 6.000000000000000000e+00
5.900000000000000000e+01 8.900000000000000000e+01 7.485798421703640088e+03 2.000000000000000000e+00
1.000000000000000000e+00 1.350000000000000000e+02 7.622165216159496595e+03 3.000000000000000000e+00
2.000000000000000000e+01 1.720000000000000000e+02 7.724144309529816383e+03 4.000000000000000000e+00
1.580000000000000000e+02 1.620000000000000000e+02 7.772572557142383630e+03 1.400000000000000000e+01
1.800000000000000000e+01 1.590000000000000000e+02 7.839976580564464712e+03 3.000000000000000000e+00
7.700000000000000000e+01 1.160000000000000000e+02 8.102880637408849907e+03 2.000000000000000000e+00
2.800000000000000000e+01 1.800000000000000000e+02 8.243772598837384066e+03 5.000000000000000000e+00
1.660000000000000000e+02 1.730000000000000000e+02 8.319097650486099155e+03 1.700000000000000000e+01
1.410000000000000000e+02 1.710000000000000000e+02 8.338504067743573614e+03 6.000000000000000000e+00
9.000000000000000000e+01 1.760000000000000000e+02 8.379361438808311505e+03 4.000000000000000000e+00
9.000000000000000000e+00 1.700000000000000000e+02 8.384754827346034290e+03 9.000000000000000000e+00
1.640000000000000000e+02 1.850000000000000000e+02 8.615862889578416798e+03 1.900000000000000000e+01
6.200000000000000000e+01 1.080000000000000000e+02 8.669023288374894037e+03 2.000000000000000000e+00
1.000000000000000000e+01 1.030000000000000000e+02 8.716443414397783272e+03 2.000000000000000000e+00
4.700000000000000000e+01 1.670000000000000000e+02 9.383718047470976671e+03 3.000000000000000000e+00
1.500000000000000000e+01 1.230000000000000000e+02 9.801653392018895829e+03 2.000000000000000000e+00
3.900000000000000000e+01 1.780000000000000000e+02 9.991381750682754500e+03 3.000000000000000000e+00
7.200000000000000000e+01 1.180000000000000000e+02 1.012705968939898776e+04 2.000000000000000000e+00
3.800000000000000000e+01 1.890000000000000000e+02 1.014910951216159629e+04 2.000000000000000000e+01
9.700000000000000000e+01 1.120000000000000000e+02 1.029571547357056261e+04 2.000000000000000000e+00
1.810000000000000000e+02 1.820000000000000000e+02 1.040884672654322276e+04 1.700000000000000000e+01
6.600000000000000000e+01 9.300000000000000000e+01 1.109523913840120440e+04 2.000000000000000000e+00
6.000000000000000000e+00 1.920000000000000000e+02 1.135079133674327022e+04 4.000000000000000000e+00
3.100000000000000000e+01 1.960000000000000000e+02 1.155931113608865053e+04 2.100000000000000000e+01
3.000000000000000000e+00 1.930000000000000000e+02 1.159337522517836442e+04 3.000000000000000000e+00
1.740000000000000000e+02 1.980000000000000000e+02 1.190954678468948805e+04 1.900000000000000000e+01
2.100000000000000000e+01 1.870000000000000000e+02 1.204570547719084061e+04 5.000000000000000000e+00
1.900000000000000000e+01 2.030000000000000000e+02 1.237860471098193193e+04 2.000000000000000000e+01
4.000000000000000000e+00 2.010000000000000000e+02 1.282070947770097700e+04 2.200000000000000000e+01
3.600000000000000000e+01 1.910000000000000000e+02 1.315121286540780238e+04 3.000000000000000000e+00
5.300000000000000000e+01 1.750000000000000000e+02 1.321032699846059222e+04 3.000000000000000000e+00
1.880000000000000000e+02 1.940000000000000000e+02 1.354671278331283611e+04 1.200000000000000000e+01
2.400000000000000000e+01 1.860000000000000000e+02 1.368288147305355233e+04 7.000000000000000000e+00
1.200000000000000000e+02 2.040000000000000000e+02 1.380257706049814442e+04 6.000000000000000000e+00
9.100000000000000000e+01 1.010000000000000000e+02 1.506513631135501601e+04 2.000000000000000000e+00
1.840000000000000000e+02 2.050000000000000000e+02 1.521059361305415587e+04 2.500000000000000000e+01
5.400000000000000000e+01 1.770000000000000000e+02 1.554325647672159539e+04 7.000000000000000000e+00
1.170000000000000000e+02 2.060000000000000000e+02 1.615207398803291289e+04 2.300000000000000000e+01
6.700000000000000000e+01 2.020000000000000000e+02 1.639680868745926637e+04 4.000000000000000000e+00
1.900000000000000000e+02 2.150000000000000000e+02 1.796536722105210720e+04 2.500000000000000000e+01
2.070000000000000000e+02 2.130000000000000000e+02 1.796559773605845476e+04 2.800000000000000000e+01
1.950000000000000000e+02 2.090000000000000000e+02 1.868540962571620912e+04 1.400000000000000000e+01
8.700000000000000000e+01 2.140000000000000000e+02 1.872917230446959366e+04 8.000000000000000000e+00
1.400000000000000000e+01 2.100000000000000000e+02 1.896632407295308440e+04 8.000000000000000000e+00
6.000000000000000000e+01 9.900000000000000000e+01 1.991813294792649322e+04 2.000000000000000000e+00
1.680000000000000000e+02 1.830000000000000000e+02 2.082917306738936895e+04 4.000000000000000000e+00
8.300000000000000000e+01 2.180000000000000000e+02 2.233381968809333921e+04 2.900000000000000000e+01
9.600000000000000000e+01 2.220000000000000000e+02 2.325613035019821837e+04 3.000000000000000000e+00
2.000000000000000000e+02 2.160000000000000000e+02 2.330931943949501147e+04 8.000000000000000000e+00
1.970000000000000000e+02 2.210000000000000000e+02 2.476480708134858287e+04 1.000000000000000000e+01
1.220000000000000000e+02 2.190000000000000000e+02 2.491194901031684640e+04 1.500000000000000000e+01
2.200000000000000000e+02 2.260000000000000000e+02 2.530641759663689663e+04 1.600000000000000000e+01
1.990000000000000000e+02 2.120000000000000000e+02 2.812994370233752488e+04 4.000000000000000000e+00
3.500000000000000000e+01 2.080000000000000000e+02 2.958874953410516900e+04 4.000000000000000000e+00
2.110000000000000000e+02 2.170000000000000000e+02 3.044219206086920167e+04 3.100000000000000000e+01
1.790000000000000000e+02 2.230000000000000000e+02 3.159620149963010044e+04 7.000000000000000000e+00
2.240000000000000000e+02 2.320000000000000000e+02 3.304173615264266846e+04 6.000000000000000000e+01
2.250000000000000000e+02 2.300000000000000000e+02 3.914813537431374425e+04 7.000000000000000000e+00
7.600000000000000000e+01 2.280000000000000000e+02 4.568140048224802013e+04 1.600000000000000000e+01
2.290000000000000000e+02 2.360000000000000000e+02 5.472384023359222192e+04 3.200000000000000000e+01
3.300000000000000000e+01 2.310000000000000000e+02 5.521217478818789095e+04 5.000000000000000000e+00
8.200000000000000000e+01 2.370000000000000000e+02 5.587828210439418763e+04 3.300000000000000000e+01
2.340000000000000000e+02 2.350000000000000000e+02 5.708584722127296845e+04 6.700000000000000000e+01
2.390000000000000000e+02 2.400000000000000000e+02 7.751785520279908087e+04 1.000000000000000000e+02
2.330000000000000000e+02 2.380000000000000000e+02 7.926014037847804138e+04 1.200000000000000000e+01
2.270000000000000000e+02 2.410000000000000000e+02 9.545019252216782479e+04 1.100000000000000000e+02
3.700000000000000000e+01 2.430000000000000000e+02 1.119832388392301946e+05 1.110000000000000000e+02
2.420000000000000000e+02 2.440000000000000000e+02 1.362316253718120570e+05 1.230000000000000000e+02
7.400000000000000000e+01 2.450000000000000000e+02 3.032604258950664662e+05 1.240000000000000000e+02
