2.000000000000000000e+00 6.600000000000000000e+01 7.339125353520053068e+02 2.000000000000000000e+00
3.700000000000000000e+01 7.700000000000000000e+01 8.335227281211177797e+02 2.000000000000000000e+00
2.800000000000000000e+01 5.800000000000000000e+01 9.909545904796291325e+02 2.000000000000000000e+00
9.600000000000000000e+01 9.700000000000000000e+01 1.081544489161580259e+03 4.000000000000000000e+00
6.700000000000000000e+01 9.500000000000000000e+01 1.219352736431517542e+03 3.000000000000000000e+00
3.400000000000000000e+01 9.800000000000000000e+01 1.389064894715427045e+03 5.000000000000000000e+00
9.000000000000000000e+00 9.900000000000000000e+01 1.403948931413613764e+03 4.000000000000000000e+00
1.400000000000000000e+01 1.010000000000000000e+02 1.593769006560116168e+03 5.000000000000000000e+00
4.200000000000000000e+01 5.000000000000000000e+01 1.625116443711682223e+03 2.000000000000000000e+00
4.000000000000000000e+00 5.500000000000000000e+01 1.780585214656124208e+03 2.000000000000000000e+00
5.900000000000000000e+01 6.800000000000000000e+01 2.327108785233219805e+03 2.000000000000000000e+00
4.600000000000000000e+01 1.000000000000000000e+02 2.578136296851207135e+03 6.000000000000000000e+00
3.200000000000000000e+01 6.100000000000000000e+01 2.593792658155473873e+03 2.000000000000000000e+00
6.000000000000000000e+00 1.040000000000000000e+02 2.971008628272511032e+03 3.000000000000000000e+00
2.200000000000000000e+01 8.100000000000000000e+01 3.359521695839853692e+03 2.000000000000000000e+00
0.000000000000000000e+00 7.500000000000000000e+01 3.469718929631045285e+03 2.000000000000000000e+00
1.030000000000000000e+02 1.060000000000000000e+02 3.540756894712415942e+03 8.000000000000000000e+00
1.900000000000000000e+01 7.800000000000000000e+01 3.694983523196096030e+03 2.000000000000000000e+00
2.000000000000000000e+01 3.800000000000000000e+01 3.714748328765126644e+03 2.000000000000000000e+00
5.400000000000000000e+01 1.020000000000000000e+02 3.850150566422621978e+03 6.000000000000000000e+00
8.900000000000000000e+01 1.080000000000000000e+02 3.895059724975130848e+03 4.000000000000000000e+00
5.300000000000000000e+01 1.110000000000000000e+02 4.143866239819746625e+03 9.000000000000000000e+00
1.050000000000000000e+02 1.100000000000000000e+02 4.515276469396263565e+03 4.000000000000000000e+00
1.070000000000000000e+02 1.090000000000000000e+02 4.517177526440780639e+03 4.000000000000000000e+00
3.500000000000000000e+01 1.140000000000000000e+02 4.753624346050681197e+03 7.000000000000000000e+00
1.000000000000000000e+01 1.700000000000000000e+01 5.007468833913586423e+03 2.000000000000000000e+00
2.300000000000000000e+01 9.200000000000000000e+01 5.187817489741122699e+03 2.000000000000000000e+00
6.200000000000000000e+01 7.300000000000000000e+01 5.210686738074457935e+03 2.000000000000000000e+00
5.600000000000000000e+01 7.100000000000000000e+01 5.390978726075871236e+03 2.000000000000000000e+00
4.500000000000000000e+01 9.400000000000000000e+01 5.539707450884926402e+03 2.000000000000000000e+00
1.500000000000000000e+01 4.900000000000000000e+01 5.551171888002911146e+03 2.000000000000000000e+00
2.600000000000000000e+01 9.300000000000000000e+01 5.613376377359422804e+03 2.000000000000000000e+00
3.300000000000000000e+01 1.170000000000000000e+02 5.798655316579449391e+03 5.000000000000000000e+00
3.000000000000000000e+00 6.900000000000000000e+01 5.849555301348284047e+03 2.000000000000000000e+00
3.600000000000000000e+01 1.120000000000000000e+02 6.006462143761960760e+03 3.000000000000000000e+00
1.600000000000000000e+01 8.500000000000000000e+01 6.063269572347532630e+03 2.000000000000000000e+00
1.000000000000000000e+00 4.000000000000000000e+01 6.339256471128678641e+03 2.000000000000000000e+00
1.800000000000000000e+01 4.100000000000000000e+01 6.569365412265865416e+03 2.000000000000000000e+00
1.150000000000000000e+02 1.210000000000000000e+02 6.644682799373911621e+03 6.000000000000000000e+00
3.100000000000000000e+01 5.100000000000000000e+01 6.872152953495522524e+03 2.000000000000000000e+00
7.900000000000000000e+01 1.160000000000000000e+02 6.942175077293381946e+03 1.000000000000000000e+01
4.300000000000000000e+01 8.000000000000000000e+01 6.947616720246443947e+03 2.000000000000000000e+00
4.800000000000000000e+01 1.240000000000000000e+02 7.442921945904532549e+03 3.000000000000000000e+00
8.300000000000000000e+01 1.370000000000000000e+02 7.477261502997697789e+03 4.000000000000000000e+00
1.190000000000000000e+02 1.230000000000000000e+02 7.596036463929637648e+03 9.000000000000000000e+00
7.600000000000000000e+01 1.300000000000000000e+02 7.777734707954122314e+03 3.000000000000000000e+00
2.400000000000000000e+01 1.260000000000000000e+02 8.250780366974509889e+03 3.000000000000000000e+00
2.900000000000000000e+01 1.310000000000000000e+02 8.702860953178480486e+03 3.000000000000000000e+00
1.350000000000000000e+02 1.390000000000000000e+02 8.805183725237751787e+03 1.900000000000000000e+01
1.270000000000000000e+02 1.290000000000000000e+02 9.088784557228898848e+03 8.000000000000000000e+00
1.130000000000000000e+02 1.320000000000000000e+02 9.092612005292294270e+03 4.000000000000000000e+00
1.340000000000000000e+02 1.400000000000000000e+02 9.831145083349061679e+03 5.000000000000000000e+00
2.500000000000000000e+01 7.400000000000000000e+01 1.002808654104937341e+04 2.000000000000000000e+00
1.360000000000000000e+02 1.440000000000000000e+02 1.008347386612381160e+04 1.000000000000000000e+01
1.410000000000000000e+02 1.430000000000000000e+02 1.016802149348941930e+04 2.200000000000000000e+01
1.180000000000000000e+02 1.200000000000000000e+02 1.023973916427151744e+04 6.000000000000000000e+00
1.250000000000000000e+02 1.420000000000000000e+02 1.049932972558719666e+04 5.000000000000000000e+00
5.700000000000000000e+01 7.000000000000000000e+01 1.059574013491784535e+04 2.000000000000000000e+00
6.000000000000000000e+01 1.510000000000000000e+02 1.114614295196066632e+04 6.000000000000000000e+00
1.300000000000000000e+01 1.490000000000000000e+02 1.180162036841063127e+04 2.300000000000000000e+01
4.400000000000000000e+01 1.460000000000000000e+02 1.195026818738746806e+04 6.000000000000000000e+00
1.330000000000000000e+02 1.500000000000000000e+02 1.232124510990947056e+04 1.200000000000000000e+01
1.280000000000000000e+02 1.450000000000000000e+02 1.280907380268778797e+04 6.000000000000000000e+00
1.220000000000000000e+02 1.470000000000000000e+02 1.338279503802213912e+04 4.000000000000000000e+00
5.000000000000000000e+00 1.480000000000000000e+02 1.473212166299497949e+04 1.100000000000000000e+01
8.000000000000000000e+00 1.380000000000000000e+02 1.551922587969935194e+04 5.000000000000000000e+00
1.520000000000000000e+02 1.550000000000000000e+02 1.575814240784113099e+04 8.000000000000000000e+00
4.700000000000000000e+01 1.580000000000000000e+02 1.585891555029662959e+04 5.000000000000000000e+00
8.700000000000000000e+01 1.570000000000000000e+02 1.608755929164822555e+04 7.000000000000000000e+00
9.100000000000000000e+01 1.540000000000000000e+02 1.787614105728592403e+04 2.400000000000000000e+01
5.200000000000000000e+01 7.200000000000000000e+01 1.806834423563393648e+04 2.000000000000000000e+00
1.100000000000000000e+01 1.640000000000000000e+02 1.933253374058751433e+04 2.500000000000000000e+01
1.530000000000000000e+02 1.610000000000000000e+02 1.981597526826282410e+04 1.400000000000000000e+01
2.100000000000000000e+01 1.560000000000000000e+02 2.107196080117096062e+04 1.300000000000000000e+01
1.200000000000000000e+01 1.600000000000000000e+02 2.164575014057341832e+04 6.000000000000000000e+00
8.800000000000000000e+01 1.680000000000000000e+02 2.187573556515785458e+04 1.400000000000000000e+01
1.590000000000000000e+02 1.620000000000000000e+02 2.270959585563466317e+04 1.600000000000000000e+01
7.000000000000000000e+00 9.000000000000000000e+01 2.320867542193912959e+04 2.000000000000000000e+00
1.650000000000000000e+02 1.670000000000000000e+02 2.494086854958524782e+04 1.600000000000000000e+01
1.700000000000000000e+02 1.720000000000000000e+02 2.566996212967887914e+04 1.600000000000000000e+01
3.000000000000000000e+01 1.660000000000000000e+02 2.567966436724830783e+04 2.600000000000000000e+01
8.600000000000000000e+01 1.740000000000000000e+02 2.646254125591936463e+04 1.700000000000000000e+01
6.400000000000000000e+01 8.400000000000000000e+01 2.652427241703717664e+04 2.000000000000000000e+00
6.500000000000000000e+01 1.730000000000000000e+02 3.258119829472103447e+04 1.700000000000000000e+01
1.710000000000000000e+02 1.750000000000000000e+02 3.325150517788329307e+04 4.200000000000000000e+01
1.780000000000000000e+02 1.790000000000000000e+02 3.838442792807646038e+04 5.900000000000000000e+01
8.200000000000000000e+01 1.760000000000000000e+02 4.295691851867968217e+04 1.800000000000000000e+01
1.690000000000000000e+02 1.800000000000000000e+02 4.404876240538666025e+04 6.500000000000000000e+01
3.900000000000000000e+01 6.300000000000000000e+01 4.425515881581916619e+04 2.000000000000000000e+00
1.630000000000000000e+02 1.820000000000000000e+02 4.647886369642164937e+04 7.200000000000000000e+01
1.770000000000000000e+02 1.830000000000000000e+02 5.731720561550337152e+04 4.000000000000000000e+00
2.700000000000000000e+01 1.850000000000000000e+02 6.216939302535074967e+04 5.000000000000000000e+00
1.840000000000000000e+02 1.860000000000000000e+02 7.475329693949458306e+04 7.700000000000000000e+01
1.810000000000000000e+02 1.870000000000000000e+02 9.368628353818100004e+04 9.500000000000000000e+01
