1.477215778878387482e+03
2.777060340405669194e+03
9.463233071382774142e+03
1.297892378870927860e+04
2.279444340289339834e+03
8.881659744967910228e+03
2.852992882422075581e+03
1.032680713147028473e+04
1.378478640162305601e+04
8.855406773572123711e+03
8.549043281207254950e+02
4.551970422200415669e+02
1.115429596756014234e+03
4.714838634690815979e+02
1.114771286773373049e+03
8.734780364030924829e+03
1.224948828206424332e+04
1.353684181578493008e+04
9.645658000593415636e+03
1.131176109614978941e+03
1.664383646553417066e+03
1.374802069187785719e+03
1.774771813721802391e+04
1.366372113236881887e+03
1.339045586933391496e+04
8.897625588193347994e+02
8.947298779386444494e+02
1.150717269274013961e+04
2.125360395361539304e+03
1.806063287198346370e+04
6.380631777839860206e+02
9.862970955190703535e+02
1.306220487101349681e+04
7.434323346687135654e+02
2.847803497767326462e+03
1.236434025736397189e+03
7.920675530198197521e+03
1.179810635523362726e+04
1.212925603415085789e+04
9.794504914662795272e+03
1.012172224704472228e+03
1.453222390064140200e+04
1.693312217253328299e+03
1.174547023050914868e+04
1.245765643836667914e+04
9.580644771282746660e+03
1.233398877968136912e+04
2.266429409296016092e+04
8.827555288448299962e+02
1.816932508379399906e+03
9.089540235299946289e+03
9.294701508943962835e+03
1.181098057047529664e+03
6.456103644407587581e+02
7.048675365477379273e+03
5.838399955885174677e+03
1.067081481752085529e+04
1.057536751199398168e+03
6.284628262417797487e+03
9.189455267286683011e+03
1.107739354268704574e+03
1.490520272683749135e+04
1.555473860352277916e+04
8.356574558729209457e+03
5.246390800905544438e+02
2.244542853202813149e+03
1.283683110641893472e+04
1.348968188999065569e+04
1.506991510084217589e+04
3.830409123918980640e+03
1.096755601532088986e+04
1.575166742295801669e+04
2.611664808755436297e+03
1.192898582994624485e+04
4.335795591827381941e+03
1.363280727619397658e+04
1.568458600275187928e+04
8.724331313701841282e+03
1.912364948528101422e+03
1.464484154408265113e+03
2.016983129989497911e+03
1.511193566792289175e+03
2.196924689651313656e+03
1.191267207802052326e+04
1.512928117523793480e+04
1.492787074428628694e+04
1.365381745534940637e+04
2.101936692152584328e+03
2.510920142362696879e+03
1.272986332864499445e+03
2.104664130124539952e+04
2.071487385663892837e+03
1.415344469856779506e+04
1.108321735642882231e+03
2.044651589818865887e+03
1.422766695764436736e+04
2.611476470808860540e+03
2.063837411413852533e+04
1.504966575032143055e+03
1.206635919176809921e+03
1.444297207290610459e+04
1.527767286483648604e+03
2.151033788830385674e+03
1.942381650410704424e+03
1.129215821621383657e+04
1.369594778206828596e+04
1.503144713515115654e+04
1.231176014918564033e+04
2.141584360138400370e+03
1.682157715031029147e+04
2.506555385636072060e+03
1.488579944403868831e+04
1.511086910997718587e+04
1.161952559205426041e+04
1.561906437874777112e+04
2.646198968062128188e+04
2.145938896034214849e+03
1.430151596961111636e+03
1.217389905192299011e+04
1.248452024428153163e+04
1.506971075804874090e+03
1.550044837776397799e+03
9.724478837231570651e+03
5.966979108036819525e+03
1.232194128869059386e+04
1.550099466618726865e+03
9.780766102089328342e+03
1.248889421169803609e+04
1.408841085032624278e+03
1.851906598681722608e+04
1.550907043971568964e+04
1.204515953242555042e+04
1.249891115718768106e+03
2.868023714614631899e+03
1.489543444505538173e+04
1.645709886977282440e+04
1.701736113390430546e+04
9.670023734995331324e+03
2.122662677137769424e+04
4.161991039594187896e+03
1.738384162685014962e+04
5.172117794888910794e+03
1.242137523195270660e+04
1.491552314198400381e+04
1.221399431215332334e+04
3.848350586133116849e+03
3.164881929551678695e+03
3.859295528373557318e+03
3.275818413503180182e+03
3.780069755824792082e+03
1.241018203383370201e+04
1.294314847367592665e+04
1.220360840251285299e+04
1.217379695202500625e+04
4.666938065101471693e+03
3.258714635094200730e+03
4.371898654512818212e+03
2.515776508237571761e+04
3.182029703189813063e+03
1.125994069946813033e+04
3.811772426022532272e+03
3.076250350773468199e+03
2.023566417421474034e+04
3.423387656423266435e+03
1.595055027784309823e+04
3.545470783318068698e+03
3.852462030537275041e+03
1.531510300293506407e+04
2.675062736488822793e+03
4.932316481268539064e+03
2.929996525519922216e+03
9.962842614359515210e+03
1.256305209448861569e+04
1.302661745420022999e+04
9.519864064807703471e+03
4.448030800051275946e+03
1.583389409535756022e+04
5.670996000344847744e+03
1.368524714579398642e+04
1.477648135581303904e+04
1.019672431086746292e+04
1.340422614603650800e+04
2.588381414936812143e+04
2.770154123385492767e+03
4.517766284452669424e+03
1.733477086634393709e+04
1.195430651462838796e+04
3.631923056295957394e+03
3.529064597751705151e+03
8.086883730635589018e+03
8.428441516655859232e+03
1.054084633347356430e+04
3.313516849654205089e+03
9.349006540160386066e+03
1.121654834098287392e+04
3.698804098609679841e+03
1.456305164936874098e+04
1.362977337680316305e+04
1.044028249690732810e+04
3.432135626157975821e+03
4.195285191797924199e+03
1.354400600535540070e+04
1.454821073340787916e+04
1.933932998751033665e+04
2.186097005265008556e+04
1.243959620086942232e+04
1.736739533411987577e+04
5.872184703011311285e+03
1.982938988800079187e+03
7.070284497298753195e+03
1.799109736905926184e+04
1.162444786586257396e+04
1.037212399977877249e+04
1.144705546723410043e+04
9.666426298679791216e+03
1.186255779823117700e+04
5.331368714463497781e+03
2.600648497173918258e+03
1.895804331084402293e+03
1.933706091213327909e+03
1.221567234592229943e+04
1.226740051140107971e+04
1.088279726721888801e+04
2.677372140055923228e+04
1.334619474047205949e+04
9.063397563742419152e+03
1.017795279271588515e+04
1.135117416193128884e+04
2.034556690959131811e+04
1.111705690254047295e+04
4.679202464600179155e+03
1.079144466613148688e+04
1.093726712689865599e+04
5.863193743231089684e+03
1.007385022737453619e+04
1.309203270456411337e+04
1.143633394053442862e+04
1.856264111053911620e+03
2.056643971412107931e+03
1.866630166628366624e+03
4.118179917134450079e+03
1.109934257369029183e+04
3.986268840302198441e+03
1.234967939925134488e+04
1.927149918150517806e+03
2.660035704730363705e+03
1.683837790098101323e+03
2.436544387203926817e+03
1.473178868140907434e+04
1.022829153458115252e+04
1.167078168630922664e+04
1.733891418382444681e+04
1.819557113759248750e+03
1.000373087644026964e+04
9.986922776448074728e+03
6.776896139940212379e+03
1.273017897518611062e+04
1.798369754646395677e+03
1.000218451598277534e+04
1.629744621478156887e+03
1.945136785640446305e+03
1.048050275128744033e+04
3.303540511571079151e+03
8.162938265484526710e+03
2.411297015945154271e+03
1.038201462297013859e+04
9.354687967653120722e+03
2.324496266715922502e+03
2.790843031531348515e+03
8.098114189218073989e+03
1.580554504941816776e+04
1.377712334232647436e+03
1.694264534713073226e+04
2.304963663553598963e+04
2.443702079886955107e+04
1.814375875312396238e+04
1.641382081997645946e+04
1.441529514481066144e+04
1.689087667461676028e+04
1.487685901276988443e+04
1.695034312311205576e+04
2.426318714132585592e+04
2.462585929736372054e+04
2.806973079790256452e+04
1.937853449725988321e+04
1.676369215202339547e+04
1.603055826150975918e+04
1.569476104416536873e+04
1.801064824345519355e+03
2.138008397029361004e+04
2.878829311641367894e+04
1.688989281925289833e+04
1.431431441914450443e+04
5.393042470055729609e+02
1.278648184855215186e+04
3.266922538337073274e+04
1.517695164997962456e+04
1.415818624438805818e+04
2.905931381174772832e+04
1.354870851083936213e+04
2.085736464836343293e+04
1.769166446861436634e+04
1.725603287070648366e+04
2.542544106792374805e+04
2.648384033896052642e+04
2.142880359619042429e+04
1.487138473274575881e+04
2.963777507831804905e+04
1.575299275556379507e+04
2.435086042982823710e+04
2.516647999843246726e+04
2.266746058382177944e+04
2.388098369028259913e+04
1.306692794965772919e+04
1.360616221243717519e+04
1.824026092556783988e+04
1.889213899830158425e+03
2.060532779212787864e+04
1.588290476893017694e+04
1.436882085008277863e+04
2.068754996560000291e+04
2.024771184759701646e+04
2.604558761537683677e+04
1.693529252351146351e+04
1.313470787157771338e+04
2.189174846811864700e+04
1.394424087447921556e+04
2.560035757547397952e+04
3.415755449282460904e+04
1.839827699841791400e+04
1.439709731937073593e+04
1.590339068755329572e+04
2.538050406555480004e+04
2.522725202793580684e+04
3.035329591315656216e+04
1.284285100992584375e+04
4.900762024421770548e+03
1.504048474997032827e+04
1.619426033293702130e+04
9.513133916665312427e+03
2.564327120231509070e+03
1.830621755056016582e+03
2.932014045310319489e+03
2.843359655641700101e+03
2.572500057755024500e+03
1.439174310601687102e+04
1.622975814180589441e+04
1.714472041112102306e+04
1.441490624844871127e+04
2.694844023472217486e+03
1.161542466382896691e+03
2.238421549001222502e+03
2.066548999343425021e+04
2.468549953540173647e+03
1.592313965604938130e+04
2.539137724267404337e+03
1.498171856891408424e+03
1.393048249879796276e+04
1.943372930705252656e+03
2.067352342852045695e+04
2.064856866498636009e+03
1.671775927087369382e+03
1.700817811644838730e+04
1.583168836421378955e+03
3.404778481214462772e+03
2.553835594805738765e+03
1.239753178013606703e+04
1.575443607530597365e+04
1.675812604909391666e+04
1.146602351868573714e+04
2.145030296176428237e+03
1.796235327146305644e+04
2.565855311404519853e+03
1.652150287198276055e+04
1.540151806946321813e+04
1.312767075931772706e+04
1.552666293975409826e+04
2.579570383405919347e+04
1.733037418086478965e+03
2.403289627309768093e+03
1.291207492090366213e+04
1.390095802470164926e+04
3.000944487543735249e+03
2.895597404199447737e+03
8.349169021550776961e+03
4.153599218134028888e+03
1.426294487222285898e+04
2.389222094134364852e+03
1.090093848420023642e+04
1.372849804538609533e+04
2.235112960386665236e+03
1.707693414064972603e+04
1.429699937756906729e+04
1.241667112735715637e+04
2.029047874677691198e+03
2.580492791345235673e+03
1.586554059603835231e+04
1.711873825966328150e+04
2.028050154509083586e+04
1.358842206194133178e+04
1.914210142931464361e+04
1.923212588477163081e+04
9.335084135712068019e+03
1.378519184587064592e+04
1.103912828637236453e+04
1.319484268701264955e+04
1.010070280524468581e+04
1.430693556659702517e+04
1.525625329877334843e+04
2.098376843805053431e+04
2.600657192973493511e+04
1.584569591183866578e+04
1.438672615024226798e+04
1.325989582654369951e+04
1.113221701834617852e+04
2.149774563806084188e+03
1.713270317720733510e+04
2.536301100193492312e+04
1.201780374169993047e+04
1.134539551463473254e+04
7.237093487786805781e+02
9.447071023551765393e+03
2.989463424058535020e+04
1.194400193708873485e+04
1.092107362469128020e+04
2.368638953256263630e+04
8.868793748024385422e+03
1.781636820125013037e+04
1.345369708624733721e+04
1.372822238630244829e+04
2.351862401655709982e+04
2.249110122701665023e+04
1.802256969689886319e+04
1.196081776137088673e+04
2.635746471102692522e+04
1.355919367444744057e+04
2.096770156073954058e+04
2.109755848485108800e+04
1.981683199810130463e+04
2.073694143495770550e+04
1.214880334782714817e+04
8.986337947869660638e+03
1.432411636319062927e+04
4.953543633911722281e+02
1.817890162215377131e+04
1.098638734457626560e+04
1.033671328359811378e+04
1.585688838536346157e+04
1.721106433003093844e+04
2.321585166852596012e+04
1.181142347253190746e+04
1.043468354930547503e+04
1.860794791270903079e+04
8.826987101601982431e+03
2.210278968591042576e+04
3.134858615035643743e+04
1.476593655608956396e+04
1.073841039712512247e+04
1.261260056652778803e+04
2.141197379901606473e+04
2.320278374518820783e+04
2.220764661671486829e+04
5.112079347213729307e+03
9.844682336600075359e+03
1.365138800617423840e+04
3.722929739592663282e+03
3.159501993092152134e+03
4.845841399374954563e+03
3.553891674482070357e+03
3.976907481275820828e+03
9.589395496424847806e+03
6.391337941710237828e+03
7.189381807804482378e+03
4.726345880468841642e+03
4.236593881878748107e+03
4.431093680300010419e+03
4.271672272102318857e+03
2.203796469578222241e+04
4.206633280838493192e+03
1.129518927816089854e+04
4.101521109772616910e+03
3.579171775759381944e+03
1.570829719731592922e+04
4.527110556259420264e+03
1.002715642159927847e+04
3.484126354569084015e+03
3.821339128211403477e+03
1.189418281826822204e+04
3.628736046750866080e+03
5.587007776793990161e+03
3.869224356080291273e+03
4.007484929256181204e+03
5.410275636411620326e+03
5.789125146780808791e+03
4.392534587411870234e+03
3.700060792784258865e+03
7.112615524616979201e+03
4.288197848494219215e+03
5.185712186745794497e+03
5.526503790846519223e+03
4.742686468520177186e+03
5.436103643342871692e+03
1.864078355655240375e+04
3.547831533418520848e+03
4.896272235741823351e+03
1.388958337030839357e+04
4.883457109893266534e+03
4.517949018182540385e+03
3.828185550368104032e+03
7.791238190939193373e+03
5.505581182942450141e+03
5.493802299993072666e+03
4.090870747375823157e+03
3.747413952926402089e+03
4.294217659590178300e+03
4.544820267086835884e+03
7.412716874997568084e+03
1.282551632986462391e+04
4.479579235892579163e+03
3.459351405062218419e+03
2.998256979803627928e+03
5.919380672939852047e+03
6.246996089468699211e+03
1.491269795349652122e+04
5.911205085876904377e+03
2.179561047052638605e+04
1.346822450139391367e+04
1.174550151156479114e+04
1.370619949023116169e+04
1.086165793838506579e+04
1.330033542071928605e+04
4.345741404121556116e+03
1.163368610727634405e+03
2.991215235176634451e+03
1.187452844387651112e+03
1.444298386779644534e+04
1.385767825290289147e+04
1.304333039848335648e+04
2.820107005189255142e+04
1.539996392612505952e+04
8.828322078646839145e+03
1.235126561475749259e+04
1.204302804113311504e+04
2.140303790451605892e+04
1.232366371372999674e+04
5.078706094935220790e+03
1.286997367958635550e+04
1.298989352586451787e+04
5.344275156344628158e+03
1.119596904682875538e+04
1.689822236016350507e+04
1.314674727089890075e+04
1.464417286402975151e+03
1.311760786948554596e+03
1.208911169367199818e+03
3.843197679016835991e+03
1.325629750627128124e+04
2.668450944238819375e+03
1.508979076776735928e+04
1.005150184316816194e+03
1.785711359573934715e+03
2.022670843184431078e+03
1.632364892502003386e+03
1.500934578797544236e+04
1.109244065450440576e+04
1.468981476686136921e+04
1.933240867549062386e+04
1.407887541916029932e+03
1.227339459320251990e+04
1.139505047300360457e+04
9.114201842008827953e+03
1.584551781101539382e+04
2.175938352987358485e+03
1.190223897370513077e+04
1.400544195638459769e+03
9.568590612180560129e+02
1.210269350307306013e+04
4.312427642046493929e+03
1.192856542596389409e+04
1.566899256484968646e+03
1.202796076683858337e+04
1.086091686414003561e+04
2.055273499650342274e+03
1.911428244928785261e+03
6.955324221748248419e+03
1.630940534426398517e+04
1.781237731371744667e+04
1.544956526614053655e+04
1.635828100352880210e+04
1.463891162205518776e+04
1.687092878404811199e+04
8.486807261092841145e+03
7.166204406248129089e+03
8.479066744229327014e+03
6.917813885969860166e+03
1.739573592551698675e+04
1.520454370940574154e+04
1.602246564192805636e+04
2.934059887247014922e+04
1.749072173978803767e+04
1.213166285287829305e+04
1.612867731595024634e+04
1.535442808579083066e+04
2.264268732700046166e+04
1.524126938326324125e+04
8.759316307869496086e+03
1.586516352049731540e+04
1.607611462319751990e+04
8.748579242247073125e+03
1.459394269167628227e+04
1.934287937266396330e+04
1.658144534784618736e+04
7.176189291704498828e+03
6.998922790590073419e+03
6.686825516412423895e+03
9.322770979904156775e+03
1.669538474756640790e+04
7.704912924713247776e+03
1.767151739100211489e+04
6.508086815509428561e+03
6.321135064224989037e+03
6.878274535429070056e+03
7.217394990172297184e+03
1.766611081455244494e+04
1.304619275631777782e+04
1.675926072725613267e+04
1.912445982752599957e+04
6.751683368616663756e+03
1.554558948991948819e+04
1.526784358241564405e+04
7.659707245654531107e+03
1.625059464959090110e+04
7.194649480643112838e+03
1.534296766209435191e+04
6.176353834607271892e+03
6.310190147756770784e+03
1.525968382614480470e+04
1.025577342334274363e+04
1.210547099402566164e+04
6.887642264829890337e+03
1.580270559523003976e+04
1.498721580310050740e+04
7.434315873447336344e+03
8.078745257575252253e+03
9.911969454567812136e+03
1.260586556193219258e+04
9.861368309884182963e+03
1.031961258078064020e+04
8.727648370363083814e+03
1.140860423818229356e+04
1.347861629433693452e+04
2.412071608927274065e+04
2.808882725635395764e+04
2.187838850934340735e+04
1.301531942375791004e+04
9.981649447565199807e+03
8.981869777162202809e+03
2.580413444686599541e+04
1.017184208416771071e+04
2.463289670466873940e+04
8.738932821530208457e+03
1.075433006908902826e+04
1.348407763293148491e+04
1.068407512764738567e+04
3.335849659625402273e+04
9.830687158494882169e+03
9.749846274065479520e+03
1.958008347403542575e+04
9.145124143331839150e+03
1.194416366296629894e+04
9.716342268283435260e+03
1.920154467227880014e+04
2.560761168049636399e+04
2.577374830913839105e+04
2.018421960384818522e+04
1.233208227895610617e+04
2.792635675685014576e+04
1.176654013131279498e+04
2.554027454855565156e+04
2.465088044655793055e+04
2.118931386568669404e+04
2.586123423037019529e+04
3.042389798184329993e+04
9.936952163748524981e+03
9.241689827567875909e+03
8.973863127650260139e+03
2.317644319819073644e+04
9.241737138036509350e+03
1.158175722512200446e+04
1.314856553916573466e+04
1.436461701980520593e+04
2.250478419239190043e+04
8.399423299549383955e+03
1.467491634683639131e+04
2.266429196602677985e+04
8.542371646222152776e+03
3.002434899779100670e+04
2.494158163896880433e+04
2.000681734350372062e+04
9.787713997254735659e+03
1.227496998924092804e+04
2.460591232213123658e+04
2.860822117436441840e+04
2.113183630327377978e+04
5.632738778966959217e+02
1.765014902156789958e+03
1.413985749018944944e+03
1.339850832025860655e+03
1.602394505396757813e+04
1.509074139300075694e+04
1.559475129176606060e+04
1.295183867592671049e+04
1.013703240491804991e+03
2.556272708093785241e+03
1.883086804688808797e+03
2.287295351879412192e+04
1.798269809331999113e+03
1.451886116135932025e+04
1.594710450711716021e+03
1.034723472828018657e+03
1.512372986617084098e+04
3.552075976485307365e+03
2.108170787457434199e+04
9.004623880778876810e+02
1.119579928934374493e+03
1.865179137198429817e+04
1.393882134088347584e+03
2.808845874363005805e+03
2.097181550989350399e+03
1.072707985483597076e+04
1.390777019705997554e+04
1.542275429200567851e+04
1.178935998147386999e+04
8.033200070734783367e+02
1.700737089848044707e+04
1.706550250287844847e+03
1.476537973393476022e+04
1.518120127246479205e+04
1.180541373411535096e+04
1.493965844507304246e+04
2.828040471941699070e+04
1.430836757690730337e+03
2.128005124589505613e+03
1.425293924691806387e+04
1.237701490958294380e+04
2.102714101456676417e+03
1.247143346857999404e+03
9.200889627408292654e+03
7.050818196105416064e+03
1.307410029752324954e+04
1.915724325674535748e+03
9.809889448153677222e+03
1.192943756249279795e+04
1.791411238472145669e+03
1.813801208878674515e+04
1.753071058539059959e+04
1.144523817267682534e+04
8.097961850904198400e+02
2.762241751409199424e+03
1.522072728812473179e+04
1.603811515087760927e+04
2.168281149599203491e+04
1.096483730564597863e+03
8.587016993063455175e+02
9.720735169799986579e+02
1.150796367795932019e+04
1.340645455339633554e+04
1.473687045789708100e+04
1.155073336161865154e+04
6.302274165896756131e+02
1.553713045094408471e+03
1.309587209951659361e+03
2.018539657349716435e+04
1.148131200582098245e+03
1.431591141253096066e+04
1.140517192734192577e+03
7.178947566952683701e+02
1.262061746370812580e+04
2.345672856776638582e+03
1.930682135401927371e+04
5.330545517279474552e+02
7.277513207991978561e+02
1.460612648189398351e+04
8.733140440764398136e+02
2.358320971887750602e+03
1.404470368255982748e+03
9.359526090577608556e+03
1.305761487697221492e+04
1.377484802178789141e+04
1.044265209158375546e+04
3.975469216594501631e+02
1.532709649962851290e+04
1.133278066860602394e+03
1.352572767313643999e+04
1.379186037772054806e+04
1.085038225946596867e+04
1.351744438903109767e+04
2.548339088590437314e+04
1.016974170787334288e+03
1.522681231022388374e+03
1.118932880426354131e+04
1.112884907526811367e+04
1.469700576593558480e+03
9.796170491662041968e+02
7.807249146701632526e+03
5.727250615029896835e+03
1.199252973911725712e+04
1.463799991038970575e+03
8.511422468019663938e+03
1.076729657984210462e+04
9.449444634506930925e+02
1.663988096796123864e+04
1.548051310297332384e+04
9.954121558588602056e+03
3.913921164483854227e+02
1.852433965541562884e+03
1.359498772136354091e+04
1.466573108153061730e+04
1.703529118180278238e+04
7.878928179064323558e+02
1.622950163902014083e+03
1.183389673745105574e+04
1.517036769248917517e+04
1.676716632886643492e+04
1.372845603267437764e+04
1.358007590971931222e+03
2.230570717787462854e+03
1.212822157158037044e+03
2.196273359553513365e+04
1.654482837692360590e+03
1.502848476930212564e+04
1.168231460791655081e+03
1.563937603080373719e+03
1.475149793054851034e+04
3.897358274854283991e+03
2.138397890341146558e+04
1.250690005358636881e+03
1.462093349580572749e+03
1.520897068561970445e+04
1.458327219122991210e+03
3.036338302234184084e+03
2.267703979478901601e+03
1.210005656932860438e+04
1.518121923989722200e+04
1.498186623558883366e+04
1.281556743226510480e+04
1.456318578327318846e+03
1.703474309884637478e+04
1.793972158962566027e+03
1.525974093446927145e+04
1.598074515429269013e+04
1.298123966453495450e+04
1.592074931016156552e+04
2.858496294089244475e+04
1.660920805042874463e+03
1.264261958739185047e+03
1.319465643566934159e+04
1.314835139116669598e+04
1.034333176575808466e+03
9.441716709584502496e+02
9.139911294030658610e+03
7.556590483900223262e+03
1.409368803719751122e+04
1.155279940038427867e+03
1.084986009600036778e+04
1.316296727811141682e+04
7.440293278122217089e+02
1.916706908920482965e+04
1.608101739312233258e+04
1.261702526736401342e+04
1.228007121037005618e+03
2.895801389933726568e+03
1.607407528136358269e+04
1.669932797816771563e+04
1.554054500472115433e+04
1.401573050292456628e+03
8.579046271589755634e+03
1.271177316847232214e+04
1.429285828600258719e+04
1.069080266859113726e+04
1.392216427877845490e+03
2.118938508042545891e+03
1.062793814830700967e+03
2.011195828511164291e+04
1.438003831837463622e+03
1.468096663369523958e+04
5.788556374819736448e+02
1.415687295994157012e+03
1.297185550131710261e+04
2.827223933718661556e+03
1.941080567092536512e+04
9.870003668550409657e+02
1.360624579711320848e+03
1.274738182724070975e+04
1.163268590332242411e+03
3.228484135772063382e+03
1.401530352826777971e+03
9.236034534534945124e+03
1.258126260240442934e+04
1.235191696432420031e+04
1.104279844607973610e+04
1.470913219397622470e+03
1.531909936183079662e+04
2.056064684772012697e+03
1.215433246720300303e+04
1.324636205748815337e+04
1.026134432465972895e+04
1.329725026372920183e+04
2.477355204637871429e+04
1.276130196457469083e+03
1.360526617425159429e+03
9.972984536777337780e+03
1.017544815409983494e+04
5.935349803540043467e+02
4.482252896345835325e+02
7.859715183848209563e+03
6.764413135390776006e+03
1.136036985986573200e+04
6.384587909208564724e+02
7.568006120184267274e+03
1.005990836436200698e+04
8.624061342251759470e+02
1.627765259720367976e+04
1.570602529225619764e+04
9.449057084761272563e+03
9.039282529919048557e+02
2.787259173144148917e+03
1.355692671281580988e+04
1.432867762234816109e+04
1.308505570619304126e+04
1.313275496969278174e+04
1.515574064910187553e+04
1.513893055648887093e+04
1.283864491467699190e+04
1.058098054025217607e+03
2.012357136769810040e+03
2.287043541040571199e+03
2.188273412099492998e+04
1.430995722422903782e+03
1.544149704954771005e+04
1.575189045702652038e+03
1.500614071210373822e+03
1.580023052023544005e+04
2.538548692126361402e+03
1.900690592545084655e+04
1.399463086786994609e+03
1.677099577806557136e+03
1.482582860826050455e+04
1.460034066360196903e+03
3.170355872042830015e+03
1.665865345111501028e+03
1.124350695962196369e+04
1.318032473964327801e+04
1.443753115764299764e+04
1.226683823311989181e+04
1.308879463133561330e+03
1.504498733870234901e+04
2.313095876621805019e+03
1.482512618454725816e+04
1.526664974093025194e+04
1.199791471529701084e+04
1.441122255967568708e+04
2.757336952378322530e+04
1.513364804985952105e+03
2.442425852990905696e+03
1.401546494028311645e+04
1.204127943465966018e+04
1.497152303530629069e+03
1.046116263843845900e+03
9.896442872592160711e+03
6.209654026182877715e+03
1.247724178553106321e+04
1.694116323057279033e+03
1.020207210532010140e+04
1.226965095039977678e+04
1.583640775425218635e+03
1.793072827837113073e+04
1.627189596669088860e+04
1.163592470193872032e+04
9.128778200916608512e+02
2.139780215462672004e+03
1.473397948802268729e+04
1.566448742092334032e+04
1.774641154392790850e+04
6.361702120872067098e+03
9.101269985254370113e+03
6.249511420666849517e+03
1.511190729803541763e+04
1.297927716590808814e+04
1.098142696224235806e+04
3.332150385915237712e+04
1.401384165912263052e+04
1.632521267453284963e+04
1.054829248005924637e+04
1.249554924755656430e+04
1.976455039532173760e+04
1.200677301993387300e+04
1.174511928515864929e+04
1.185286519095667609e+04
1.244119128545719286e+04
1.572771601304324122e+03
1.047155723239617328e+04
1.851494134820387626e+04
1.215131609173988545e+04
7.401340002550336976e+03
8.189160265799470835e+03
5.888355844841591534e+03
7.072795855817961638e+03
1.458923542530314444e+04
6.628579033455857825e+03
1.473524647265813837e+04
5.592815140653640810e+03
4.811532096416959575e+03
5.697545028912103589e+03
6.476501792768085579e+03
1.997939093683650572e+04
1.070918082248016435e+04
1.261332349636669278e+04
1.490638253605397767e+04
6.836313993815309004e+03
1.049058064039528108e+04
1.116120893361211165e+04
8.322020382757753396e+03
1.680560272551747767e+04
6.172700648866383744e+03
9.920693093585296083e+03
5.536801475307882356e+03
6.104611678078079422e+03
9.854635391581618023e+03
1.012767207618686371e+04
1.656305409875925034e+04
7.105480393503940832e+03
1.168300662654243570e+04
1.454826803302834014e+04
5.660696289241473096e+03
8.958119588472867690e+03
3.232322376663101750e+03
3.463796679763175234e+03
1.467440235178098192e+03
1.593503425813660579e+04
1.534167466529760350e+04
1.456660312322468235e+04
2.884069029762235004e+04
1.698742465025225829e+04
8.961546532211501471e+03
1.451292530532578530e+04
1.340326781980353189e+04
2.326346741347627540e+04
1.418544183135003368e+04
5.427297729365393934e+03
1.422823402102004547e+04
1.469966713143434390e+04
7.157227440493456925e+03
1.270214159384045161e+04
1.727149044185508683e+04
1.462210111678034082e+04
1.875698053065488239e+03
2.140849944738301019e+03
1.693276754486952541e+03
4.683453494236436200e+03
1.445302233337048165e+04
4.451492455599378445e+03
1.583135385680623949e+04
1.076626093951558687e+03
3.601507169851284289e+03
2.657219067682141031e+03
2.921525531194121868e+03
1.455353168206256487e+04
1.203094722106863992e+04
1.619710641505944659e+04
2.085262557347679103e+04
1.544301741930692970e+03
1.366905391178801619e+04
1.313237062088542734e+04
1.025662453965052737e+04
1.617659348583896644e+04
2.740874238215156765e+03
1.357571608412867863e+04
1.747394707048286818e+03
1.797757716587798313e+03
1.361394396152855552e+04
4.319343471938421317e+03
1.160953152303690877e+04
2.151568314729492158e+03
1.318719890159703937e+04
1.079969366997943871e+04
3.787586259495261857e+03
1.906799823510726583e+03
8.408889008833260959e+03
2.429311986299775981e+03
1.689781796021806804e+04
1.526315734924949356e+04
1.624263388890476381e+04
3.282691071056626242e+04
1.622984002484312077e+04
9.433687150371457392e+03
1.470110805132843416e+04
1.474706860540741036e+04
2.757181138778385866e+04
1.496494021242964845e+04
4.517461670175154723e+03
1.557852463014393834e+04
1.506896471495038531e+04
8.938253453368219198e+03
1.439133090905159224e+04
1.740186727473733845e+04
1.494682706271579991e+04
2.047611686071058557e+03
1.628423286095175627e+03
2.727070819112168465e+03
4.422241649035920091e+03
1.591884486505526547e+04
4.223577844011840170e+03
1.738944780355708644e+04
2.609395877666332126e+03
3.786885529094319281e+03
1.370896973378242819e+03
2.999806769014774545e+03
1.814808421678441664e+04
1.423657056266301879e+04
1.709247532038001373e+04
2.626214622839110598e+04
2.042578760285658063e+03
1.510446085519123153e+04
1.433452977211633151e+04
8.731172729765854456e+03
1.592974255860225094e+04
1.220928520597337410e+03
1.480898082994397191e+04
2.081616861809371585e+03
1.818124296655769740e+03
1.575583519496302506e+04
3.365250806747685601e+03
1.017096407333076786e+04
2.649432361548560038e+03
1.493522687194251739e+04
1.245600121289010531e+04
3.626909673760160331e+03
2.530243476746281431e+03
1.355115612531899023e+04
1.432008714471139683e+04
1.361095261662389203e+04
1.299936763830163181e+04
2.317568060720562426e+04
1.570017066454925589e+04
8.365892182047058668e+03
1.227199084950693941e+04
1.156776171379431617e+04
1.848943916242154955e+04
1.188321931448406394e+04
4.485976985417981268e+03
1.290768354395164351e+04
1.245229389097475178e+04
7.518568019581538465e+03
1.036830451244251890e+04
1.707612958490093661e+04
1.291244407850098287e+04
9.916156045397979142e+02
1.628072102185436052e+03
1.622219407270341890e+03
4.151436870777903096e+03
1.270306994401330667e+04
3.231015573059530652e+03
1.471037591951328614e+04
1.075028090004228488e+03
2.638690432554278686e+03
1.402171300565100410e+03
2.016875393909783270e+03
1.122205648931745964e+04
1.006297922249260591e+04
1.501096098111250103e+04
1.643767825660266317e+04
7.903308277933579120e+02
1.212203066801056411e+04
1.083249647782605280e+04
9.554382071214469761e+03
1.542909979282492168e+04
1.682682934383569318e+03
1.166883291125458345e+04
6.072691801427713472e+02
4.582284728180256934e+02
1.165954428361718783e+04
2.429143333872459607e+03
1.154909557714370749e+04
1.334116356971455389e+03
1.156261353010781568e+04
9.917205317238367570e+03
2.772123975846981011e+03
1.960584044875466589e+03
9.880515113328336156e+03
2.369348901868057965e+03
1.619872134543382799e+03
2.222545433978913206e+04
1.695393190835505266e+03
1.539173664393374020e+04
1.795871165820442002e+03
1.334825238923067445e+03
1.492903843695507931e+04
3.837942869080038236e+03
2.165982747355462197e+04
8.872925183039119474e+02
1.246303000894165962e+03
1.683826230392708385e+04
1.714672198425485931e+03
3.240898815236745122e+03
2.385047310861865753e+03
1.189501126265966741e+04
1.480000206857899684e+04
1.577084310358790390e+04
1.248135142399311735e+04
7.889609091548322795e+02
1.630134000635344637e+04
1.530546247678197233e+03
1.608479321146742222e+04
1.641720693509542252e+04
1.310520269211721825e+04
1.549520579671060841e+04
2.872913342807065783e+04
1.759805681980498321e+03
1.992082437186604238e+03
1.404255133697105339e+04
1.349046677359899695e+04
1.827522548085933522e+03
1.277725134770641944e+03
9.863515077103698786e+03
7.206691260565133234e+03
1.390135352481869268e+04
2.072603808989410936e+03
1.126665440993134143e+04
1.351256677454384771e+04
1.257384005707415326e+03
1.996684846227549860e+04
1.707358347947206130e+04
1.260528154718442056e+04
8.946465938494125112e+02
2.690780129866115203e+03
1.562455018904696044e+04
1.638736278698120441e+04
1.916322708800958935e+04
2.776250073714920291e+03
1.931856051684784688e+04
1.561008519807513949e+03
1.542026643502481966e+04
2.483683845243775068e+03
1.445816532528416246e+03
1.468946219648407532e+04
1.404327224407516042e+03
1.833856373686211737e+04
2.094589542067815273e+03
2.194532143496218850e+03
1.573973113800478677e+04
1.510506861903204026e+03
3.661779200850973211e+03
2.086438385332220605e+03
1.167999587976180555e+04
1.449983848172555736e+04
1.536422277539265269e+04
1.172470021670431015e+04
2.069889234641367239e+03
1.637950951164358048e+04
2.619928905807524643e+03
1.516697693050515227e+04
1.523336386809036412e+04
1.198848847809069593e+04
1.500858326879492233e+04
2.528485415874692262e+04
1.689990362933920323e+03
2.852298086781305756e+03
1.372546768519887155e+04
1.310711944734252211e+04
2.539134907081375786e+03
2.228874210367831438e+03
8.495926046211145149e+03
3.881110028206138850e+03
1.276014585146730496e+04
2.466941908097513988e+03
1.042005895283758582e+04
1.259764661080171209e+04
2.127526105264594662e+03
1.653014927557032206e+04
1.317606462034887227e+04
1.189803400745092949e+04
2.034349825705388866e+03
2.412887206521676035e+03
1.511604924476169981e+04
1.665115643276451738e+04
1.914536067743535386e+04
2.121378319392277990e+04
2.160709595805851677e+03
1.505308241830245606e+04
9.338689517744710429e+02
1.675062276354822643e+03
1.330882950770508432e+04
3.363455081188253189e+03
2.166677044436938377e+04
9.320086586257089039e+02
8.091630662237780598e+02
1.429508370052405371e+04
1.574746555462254037e+03
2.606800014169627957e+03
2.096826472418625599e+03
1.098275413390576978e+04
1.451689072206384299e+04
1.461053628927024511e+04
1.137458336361495458e+04
1.620509581917698824e+03
1.690609823956580658e+04
1.601273454976680569e+03
1.456151475206062241e+04
1.470861839412570043e+04
1.201838771105043816e+04
1.509477726887303652e+04
2.739727636303053805e+04
1.840793293258610220e+03
5.196203467811187693e+02
1.102956616572390521e+04
1.235148992475715750e+04
1.214915047667274166e+03
1.229688481135052598e+03
8.561347727394389949e+03
6.770012785861449629e+03
1.330452976807612868e+04
9.164508938015922013e+02
9.827177757888488486e+03
1.243042263291261588e+04
6.677015989952137716e+02
1.780120237335057027e+04
1.595580511534487596e+04
1.146159630628318700e+04
1.394101165955040415e+03
3.063433192156137466e+03
1.491319850605634929e+04
1.615720153309129455e+04
1.532700648708472727e+04
2.601678230902850919e+04
3.288802257331553847e+04
2.224640108045127272e+04
1.938837589240768284e+04
2.070572587794765241e+03
1.617546066751060789e+04
3.569287427277554525e+04
2.095364355808463370e+04
2.004542931465409856e+04
3.741132543654223991e+04
1.761616569131931101e+04
2.563659028591325114e+04
2.206416974260003190e+04
2.187106546513787907e+04
3.049575563981165760e+04
3.080932407248945310e+04
2.642174675077837310e+04
2.050479492806308554e+04
3.436631214089752757e+04
2.074532857710784447e+04
2.959914309903288813e+04
3.159746856775706692e+04
2.851780859500776205e+04
2.851684032424646284e+04
1.486833032489259676e+04
1.771770004613876517e+04
2.303347062751246267e+04
2.783011648825343400e+03
2.527989444203676248e+04
2.096365323741774773e+04
1.978420336640644018e+04
2.497679312186169045e+04
2.303118675404899113e+04
3.046072008716678829e+04
2.210668203124602587e+04
1.812978403767386044e+04
2.673651819188954687e+04
1.950060105418520106e+04
2.901432130974907705e+04
3.712803548368649354e+04
2.208470020649082653e+04
2.061123495613584964e+04
2.064144367307695211e+04
3.139498532446097306e+04
2.979016758564415795e+04
3.855367118867248064e+04
1.567725268285325546e+04
1.828194395989067289e+03
1.327037978648430908e+03
1.978161388661720048e+04
2.813718082041491016e+03
2.074366460272604672e+04
1.168630206951009768e+03
2.037334376995486991e+03
1.674621972084421577e+04
1.539868796894182196e+03
2.876876999782177791e+03
1.704573953421140232e+03
1.364534937192447796e+04
1.552703921366258146e+04
1.652689113798936523e+04
1.284200344770722222e+04
1.932528792059815260e+03
1.794715582367136813e+04
2.623685688262178701e+03
1.685089664111036473e+04
1.711340689088152430e+04
1.356726928983450489e+04
1.688410865643859142e+04
3.174138963852600864e+04
1.805585162379956955e+03
2.135491284458957125e+03
1.745821331470675796e+04
1.491477283034575339e+04
2.006104363042047453e+03
1.737649329747601314e+03
1.079238843460638782e+04
6.606456956509076008e+03
1.392550588147400413e+04
1.879496314370722075e+03
1.286358624428692201e+04
1.448728712156941401e+04
1.946191551337960391e+03
2.066659783066977252e+04
1.641324571863403253e+04
1.418301575564253108e+04
1.700601173633823691e+03
2.773942765759551548e+03
1.688423563069709053e+04
1.835494122409044940e+04
2.014450524984257936e+04
1.484562337102850324e+04
1.514529558053514302e+04
2.788935850212387231e+04
1.574612687389256462e+04
1.191889895960042122e+04
1.469594631758364267e+04
1.436110343394174015e+04
1.686589344663921293e+04
1.385068053357460121e+04
1.603068265710504602e+04
1.527668750108194217e+04
8.115523210461498820e+03
8.643112830946947724e+03
8.679621338872499109e+03
1.155522490438229943e+04
1.513674812929753534e+04
1.134541257746471092e+04
1.682151920738207264e+04
8.252501176700689030e+03
1.038184167053945384e+04
8.614786923619272784e+03
9.404189474850976694e+03
2.078266601398590865e+04
1.404372597120794671e+04
1.517907165286466443e+04
2.584392685637690738e+04
7.929742005078163857e+03
1.484550065769951834e+04
1.492822469222530344e+04
1.095758800034687010e+04
1.703131109486995410e+04
8.469208496784956878e+03
1.480562205626146169e+04
7.686737488071659754e+03
7.809599093341295884e+03
1.509215173591181883e+04
1.115787756115857519e+04
1.240064960790935584e+04
7.353656578244845150e+03
1.435975613256534598e+04
1.417057048989568648e+04
1.087398998170885170e+04
9.718162525144740357e+03
2.095585046550190600e+04
1.958127602570548106e+03
1.509688054231839487e+04
2.727715031696243386e+03
2.000141075354341228e+04
1.318449096930241012e+03
1.051114295708295231e+03
1.366150637835626549e+04
1.282644490455215191e+03
2.321452537539129480e+03
1.390144832726834693e+03
1.084543361291360270e+04
1.333254853936852305e+04
1.375818479421502343e+04
1.237731143483112464e+04
1.770256522288903170e+03
1.641674769074196956e+04
2.398224689934721937e+03
1.356647368179044315e+04
1.398448769061319035e+04
1.107187657275418860e+04
1.457322453699982907e+04
2.778759903173030034e+04
1.779578929783488775e+03
1.075213421941579782e+03
1.194391794139053673e+04
1.149954679148075229e+04
5.121889680761451018e+02
7.693459039209865296e+02
8.963220930062618208e+03
6.706481134371739245e+03
1.202285474303136107e+04
5.203363721236200945e+02
9.230943865179164277e+03
1.141334168502674765e+04
8.814488196594106739e+02
1.726691913296932034e+04
1.541296397325208454e+04
1.103871147306562489e+04
8.657640613358521477e+02
2.527594870942027683e+03
1.430803323850709239e+04
1.579128873642420149e+04
1.502680002147178493e+04
1.278247765536728912e+04
2.190298369603567608e+03
1.838403196361149458e+04
9.070935002681358128e+02
1.219127227210114143e+03
1.545947624338201058e+04
6.122032264979293359e+02
3.276755532406175917e+03
1.457004655295368821e+03
9.600003135756782285e+03
1.295310046570592203e+04
1.344118508423918320e+04
1.009710597769428750e+04
1.026581465006948747e+03
1.588197216807536461e+04
1.407169179722578519e+03
1.323329110826330543e+04
1.359416783025783116e+04
1.090792726084657806e+04
1.303833449552888305e+04
2.472531951569367084e+04
5.400148441683600140e+02
1.984263085163421238e+03
1.169829897655168133e+04
1.111734595976251148e+04
2.042518259523463939e+03
1.437925480902971685e+03
7.780722305696205694e+03
5.582852581378419018e+03
1.212042447272823301e+04
1.579644649455821309e+03
8.564917872046209595e+03
1.089772477194409475e+04
1.433899383407636378e+03
1.564877881606885785e+04
1.631522949081425031e+04
9.723605658755466720e+03
1.063816227299017555e+03
2.386620993238640949e+03
1.368618181347856626e+04
1.472159144527598983e+04
1.847210969310972359e+04
1.151838039074286826e+04
3.182497875299640145e+04
1.332216164589173059e+04
1.231334810236334306e+04
2.628170128546628621e+04
1.190425903553739408e+04
1.929190950301852718e+04
1.632048292906487222e+04
1.631231475689890613e+04
2.492946587658602948e+04
2.537884001386936143e+04
2.032749667642209533e+04
1.294008450974121115e+04
2.854437345747945437e+04
1.383835394746099701e+04
2.342103620500161560e+04
2.298534867223478795e+04
2.186638215032906010e+04
2.219791390126272381e+04
1.259399600762123737e+04
1.193291645462042652e+04
1.606818212082872560e+04
1.009102707209592381e+03
1.962525974814938309e+04
1.394351066216764229e+04
1.293499472024050920e+04
1.886529115402639582e+04
1.914234386947588791e+04
2.537305025679653409e+04
1.513191535238861252e+04
1.228727147724618408e+04
2.055013633878072869e+04
1.163386529387661358e+04
2.427385744136838912e+04
3.284308267903180240e+04
1.760491931636796289e+04
1.257114902248413637e+04
1.406579055281508954e+04
2.332539588951334008e+04
2.447837989388032292e+04
2.596236960059060584e+04
1.808390660904660763e+04
3.062074588401230358e+03
2.321236992155219014e+03
1.496073874783516294e+04
1.862342306146486180e+03
3.190326261695734502e+03
1.505107930690505100e+03
9.896059569008935796e+03
1.337225185324785707e+04
1.398748568134036395e+04
1.077341924914430638e+04
2.988385245505966850e+03
1.567081600960091419e+04
3.522607160817998647e+03
1.369986019744940495e+04
1.319805343324658679e+04
1.112589859715770581e+04
1.322223924489913043e+04
2.187998529173148199e+04
2.055535642204301894e+03
3.504420964592142809e+03
1.018708079642154553e+04
1.136499034173553991e+04
2.825271119944959992e+03
2.967723070645792632e+03
8.017399381748535234e+03
3.369284601915163876e+03
1.225666675419686726e+04
2.567152641710507396e+03
8.786098285880701951e+03
1.112496389828621977e+04
2.966303870322280545e+03
1.485713182106132444e+04
1.245011614775995986e+04
9.899064769784385135e+03
2.796841811809664250e+03
2.791190526639955806e+03
1.378073467571273068e+04
1.485449740025080973e+04
1.833539948365894452e+04
2.064132630097832953e+04
2.061810017330252595e+04
1.119665423058056513e+04
1.823881155957682495e+04
2.337111025275263091e+04
1.884345964409412773e+04
4.269058343370244984e+03
4.224140807865280294e+03
4.334345403608402194e+03
6.494577443268321076e+03
2.039816593935797573e+04
5.492068521058019542e+03
2.207592830790847438e+04
4.360358532682630539e+03
5.710028940959603460e+03
5.044539768963024471e+03
3.872293779735094176e+03
1.898222379931672185e+04
1.731812937991895160e+04
2.258059367759031738e+04
2.993022786972149333e+04
4.134479020626687088e+03
1.978952710287366790e+04
1.899493568052099363e+04
1.100854259388065839e+04
1.751619556319135881e+04
4.659470186334513528e+03
1.948529568788105826e+04
4.443816890348499328e+03
4.292935218046516638e+03
1.993783666744167203e+04
3.796476158625118387e+03
1.190180593911361029e+04
4.639424367321656973e+03
1.954107873308324633e+04
1.366659310443757931e+04
5.503223862331409691e+03
4.412925703673045064e+03
1.474623611893756424e+04
7.752030720735488103e+02
1.501650858865169357e+04
1.132585316091511004e+03
2.458371107438403214e+03
1.816657440204728800e+03
1.041227517953824281e+04
1.389939982870231324e+04
1.450976157766293181e+04
1.081064556884622289e+04
8.868289874694060018e+02
1.646839015944551647e+04
1.337553610221003964e+03
1.453797446600416151e+04
1.444918948129593628e+04
1.166547472147122062e+04
1.420237294205672879e+04
2.705212077020473589e+04
1.284045015346000582e+03
1.258345195009105964e+03
1.207591463127077805e+04
1.192207766885923229e+04
1.601101290708046236e+03
1.097704427073024817e+03
8.373446641549007836e+03
6.457195329573115487e+03
1.266898605433943521e+04
1.376816660049012626e+03
9.365844814471882273e+03
1.196548967674061350e+04
1.138335224357272182e+03
1.770346792394103613e+04
1.627085294848727790e+04
1.104851869313896168e+04
8.948730493429648050e+02
2.498287203371104624e+03
1.480481530657413532e+04
1.560172597479682918e+04
1.788024699250169579e+04
1.511526595487010309e+04
1.226967108475885425e+03
1.805626009679838262e+03
1.828746413062398688e+03
1.044364722489071391e+04
1.365070455098395905e+04
1.475914526545207627e+04
1.147155880030786284e+04
9.578852005166031631e+02
1.652600244455446955e+04
1.227522932765049518e+03
1.436058464057203309e+04
1.405902970662105690e+04
1.134376298772771952e+04
1.443498898284567986e+04
2.603084900774752532e+04
1.543748988128577366e+03
8.311515252240228619e+02
1.118272058918573384e+04
1.169345049771021877e+04
1.479296388426856993e+03
1.462711239258719161e+03
8.479025436085892579e+03
5.622274233675578216e+03
1.239342463252265588e+04
1.336729038335696032e+03
9.272635870604912270e+03
1.172630081602544851e+04
9.276452856376199634e+02
1.697908824143151287e+04
1.502672541140925750e+04
1.075048420434734362e+04
8.841570224267911726e+02
2.038526942824813432e+03
1.422004378454660036e+04
1.584600586791589376e+04
1.764859974533742934e+04
1.431388644639429185e+04
1.967640588025156103e+04
1.464079847837287525e+04
8.282943067404066824e+03
8.053280023660789084e+03
6.448785651787161441e+03
8.052179009591971408e+03
1.724431769726301354e+04
6.859355657576575140e+03
1.723699960285639099e+04
6.306517600437323381e+03
5.584637532386584098e+03
6.432801712657555072e+03
6.816220868644055372e+03
2.506572342762273911e+04
1.405531815164039108e+04
1.544104910024361743e+04
2.305093170357084455e+04
7.223251135151394919e+03
1.349628161396358337e+04
1.437665719953998996e+04
9.164474869928606495e+03
1.730605743598450135e+04
6.344984396556950742e+03
1.312137226523542995e+04
6.437712735400000383e+03
6.912527779206782725e+03
1.354245374499224999e+04
1.028833065353643724e+04
1.674662608707744221e+04
8.183178386472536658e+03
1.459486985823567920e+04
1.573397836477105739e+04
5.544625236861814301e+03
8.983370987038721069e+03
3.421270353221271307e+03
3.105014714554804414e+03
1.023488788095535256e+03
8.597055619704338824e+03
1.290240326947798894e+04
1.273767863156223757e+04
9.877565817221833640e+03
1.450489392555399263e+03
1.543299756307818825e+04
1.923019858607205151e+03
1.244997574281494599e+04
1.271626172591917930e+04
1.048062886445123149e+04
1.234586749622024763e+04
2.210233619283863663e+04
6.165752480459982507e+02
1.869572390331997894e+03
9.518934723693559135e+03
1.026793565320448033e+04
1.297016911367236844e+03
1.188606292156217251e+03
7.186885311461595848e+03
4.949430953121065613e+03
1.175080821080550595e+04
1.175340413089925960e+03
7.185934228615947177e+03
1.018519456105433346e+04
1.141795696995064645e+03
1.446439656070162164e+04
1.500243552121163157e+04
8.746919895501654537e+03
6.772536039523665750e+02
2.035102621038948655e+03
1.317079050188308065e+04
1.432624551349261674e+04
1.723065286534227198e+04
2.267374301555545571e+03
1.375066738845289728e+04
1.631941438896438922e+04
1.808916742767477990e+04
1.479135416865626212e+04
2.879260733916398749e+03
2.036755805816042994e+04
3.165527605984758793e+03
1.880023158464680455e+04
1.972484760413685217e+04
1.435625559108657217e+04
1.867101622098741427e+04
3.041369411297368060e+04
3.340248256424696592e+03
2.282313251492123527e+03
1.811131442765349493e+04
1.579946623980113509e+04
3.065153558885876919e+03
3.209947115339104585e+03
1.153379328389162220e+04
7.033127249183454296e+03
1.466939342275640956e+04
2.888343310619703516e+03
1.286045977645687526e+04
1.571012181926705853e+04
2.594434430477579554e+03
2.212697186071103715e+04
1.593792520272603724e+04
1.488463540122316590e+04
2.453940780834147517e+03
2.747855966256345710e+03
1.833014868078081781e+04
1.985046803923257539e+04
2.481500160230978872e+04
1.129513275563041680e+04
1.352971235320428605e+04
1.396532658115765116e+04
1.123487164084975666e+04
2.159362117340731402e+03
1.632482782208845674e+04
2.711222267087227920e+03
1.424754384970790124e+04
1.485360980840936099e+04
1.164468738172312078e+04
1.440874803208844605e+04
2.739112009677343303e+04
1.485753593756487817e+03
2.362739635908701530e+03
1.355000182180725460e+04
1.219976656930142053e+04
1.463591369645347640e+03
1.487951429798752770e+03
9.085675264477506062e+03
5.558721835877314334e+03
1.220821904974685094e+04
1.338254291638170571e+03
9.904643119195103282e+03
1.201198341747262566e+04
1.991772352962966352e+03
1.656546104791868493e+04
1.497226579500561274e+04
1.139518580353247125e+04
1.351311030078874637e+03
2.632263840092389728e+03
1.476941442390580596e+04
1.578295185449762903e+04
1.804006891045725934e+04
1.410588852461111401e+03
1.633671331884313986e+03
2.223017070955645067e+03
1.023583074114216470e+04
2.680595057724597154e+03
1.207063319954413055e+04
1.422758908431614145e+03
2.348108646151239554e+03
1.227700811222764514e+03
1.802013855355073702e+03
1.061036844461326473e+04
8.306965118166666798e+03
1.323852907703266465e+04
1.413128060310461296e+04
1.139768421321486130e+03
1.063106686253701446e+04
9.262777184515398403e+03
7.110835136497180429e+03
1.284122654616073123e+04
1.697824221796351139e+03
1.050729357290503685e+04
8.981088193894638607e+02
7.649947224346005896e+02
9.765189371828244475e+03
2.858379771873886057e+03
1.056112262487032604e+04
1.510996384327468832e+03
9.218654088553003021e+03
8.501662786319036968e+03
2.059305536887950439e+03
1.088275369362901984e+03
1.223269886553422839e+04
1.629252647102075116e+03
4.255232028516055834e+03
1.419198290287556483e+04
2.741751991473655835e+03
1.540516831257616104e+04
1.159943158550382577e+03
2.029543172876795325e+03
1.214661347049938286e+03
1.567579082282637501e+03
1.768879671875797067e+04
1.225405542784267527e+04
1.559522226286423756e+04
2.393466309547337369e+04
8.763027367163977033e+02
1.367576270318482239e+04
1.237591380621905046e+04
8.404105431513919029e+03
1.524036070725786340e+04
1.093179422121987500e+03
1.336257313124996108e+04
1.381738877422601490e+03
1.034369911555611907e+03
1.395457634342736856e+04
3.681356665181013341e+03
1.038592250991469700e+04
1.580879856296974594e+03
1.310515166916732960e+04
1.109625036816592547e+04
2.243408351266053160e+03
1.647521928505231244e+03
1.214546356425997692e+04
4.237865635966551963e+03
1.498036027953869234e+04
2.572496915232648462e+03
1.625548071388477183e+04
8.412579094605398495e+02
2.787792560398190290e+03
2.012876562473322338e+03
1.791210326396889741e+03
1.730620258222336997e+04
1.241535806224521366e+04
1.614426087692743022e+04
2.251659933126914984e+04
1.311588542342888104e+03
1.331904446184538574e+04
1.247186769842221111e+04
9.315618338036952991e+03
1.636340105887333084e+04
2.252910337901418643e+03
1.310124356770525628e+04
1.743612606848519135e+03
1.410830605201919298e+03
1.378371107302864039e+04
3.546847995951680332e+03
1.164220326548276535e+04
2.004835089454213175e+03
1.354796161930923699e+04
1.108528307162464080e+04
2.534121061673382883e+03
1.673629488203833716e+03
7.885762413587821356e+03
1.172557047797169434e+04
4.930180900552373714e+03
1.315330352021700674e+04
4.566946365345153026e+03
4.387763660187346431e+03
2.911482979015196179e+03
3.600844639848794941e+03
1.425391090425272887e+04
9.710774294042299516e+03
1.283880449529724865e+04
1.843093494812796780e+04
4.454536629495622947e+03
1.201708438089188894e+04
1.132653797969796688e+04
9.358384104568756811e+03
1.270668465593982546e+04
3.429310050363947084e+03
1.150982835992764740e+04
3.405414585240250744e+03
3.514963003325922728e+03
1.123124167908259733e+04
4.461544621485835705e+03
1.288930001570422428e+04
4.143485570753394313e+03
1.063932314460720954e+04
8.735328690261270822e+03
3.932796031690421387e+03
3.324359740900624274e+03
1.293470644764148710e+04
1.636737250007293733e+04
6.355067472100731720e+02
1.492914466697855096e+04
1.535863776084232268e+04
1.228374312560370527e+04
1.474352691965382837e+04
2.614774916901803954e+04
1.525650270126818896e+03
1.892720604135469785e+03
1.203546242442014773e+04
1.219297467033856265e+04
2.068054928136019953e+03
1.263720748288552841e+03
8.783562704943173230e+03
5.754020548860873532e+03
1.288254391630044847e+04
2.083595976024195807e+03
9.267295375120655081e+03
1.208218648998918979e+04
1.204639694325042456e+03
1.790726253501840620e+04
1.518934738578186261e+04
1.076904010843438300e+04
8.653652869312700204e+02
2.254418287570850680e+03
1.505216302637032277e+04
1.494137202762003835e+04
1.937563067599268834e+04
1.840975861214217366e+04
3.473829605634632571e+03
3.738969805451579305e+03
2.916845474511484554e+03
3.189301335653558453e+03
2.024857815633250721e+04
1.514495524455138184e+04
1.817748107768102273e+04
2.652705927587746919e+04
3.491096312549915638e+03
1.609083427328532707e+04
1.497027197248977609e+04
1.127584313483717051e+04
1.728638305717679032e+04
3.672115948570869477e+03
1.599533714260721717e+04
3.627041107668078439e+03
2.692498251689999961e+03
1.577685035802144193e+04
5.972553389535144561e+03
1.301644611021937999e+04
3.821909949606225382e+03
1.557905971046416380e+04
1.301733805593021316e+04
2.488907724320907619e+03
2.762490627986255731e+03
1.008271593229977952e+04
1.642567984529861496e+04
1.695481317315460910e+04
1.372676000700538862e+04
1.654724464752097629e+04
2.760907391158819155e+04
2.009793019550991175e+03
1.705339077115018426e+03
1.350147929701661997e+04
1.362157881998858102e+04
2.625068601560784373e+03
2.015815241014933235e+03
9.632103026494434744e+03
5.437862888709325489e+03
1.407798282478401052e+04
2.557769755413160055e+03
1.082661800165781096e+04
1.398554470963485801e+04
1.533672935849436271e+03
1.947887171536259120e+04
1.540611269357471247e+04
1.246217347705196880e+04
1.652417338067052469e+03
2.956875146070235587e+03
1.709394453034117396e+04
1.673803665585442650e+04
1.920753357049589977e+04
2.277607864069908828e+03
1.639014125709672953e+03
1.968338266989076146e+03
1.537753123278182829e+04
1.190442261244663678e+04
1.624189789656262474e+04
2.113360075754355421e+04
8.663389002439730575e+02
1.343768957452501490e+04
1.247310053106726809e+04
1.053358881618115993e+04
1.707406762719799735e+04
1.853088565162714985e+03
1.303132207580187969e+04
1.063145509458427568e+03
8.101735783035719578e+02
1.385458069282490396e+04
3.549063371018114594e+03
1.269589935669109400e+04
1.310189442175894783e+03
1.360691311254440188e+04
1.136301604448629041e+04
2.698614580207758536e+03
1.743834099765349038e+03
8.156839515228963137e+03
2.348994241516031252e+03
1.893500547807608655e+03
1.564608254441997633e+04
1.239992947292930512e+04
1.626099133523877754e+04
2.114633086576571804e+04
2.712188559517675458e+03
1.430834225709958082e+04
1.391942134634639660e+04
1.151516034938293888e+04
1.674314738392156141e+04
2.886335398520842318e+03
1.401329243232525005e+04
2.363301112883500537e+03
1.927074719627702052e+03
1.398843492973923821e+04
4.242583199434537164e+03
1.513256949435667411e+04
2.133011049023172291e+03
1.371089389560290874e+04
1.158577015290161944e+04
1.862877493048638371e+03
3.577234686759323722e+03
9.453530399511304495e+03
2.345992274066212758e+03
1.615013169858825313e+04
1.012274197573356287e+04
1.340377482245210012e+04
2.001472613922398887e+04
1.348149368038403736e+03
1.133444302034411157e+04
1.044994539210540461e+04
7.250565846601773956e+03
1.399161004916117963e+04
6.952533023179839802e+02
1.095205143764851528e+04
1.041552001012711571e+03
8.681133959723219959e+02
1.162377242201818808e+04
3.184142250726921247e+03
1.002153566938169752e+04
1.990119485411032429e+03
1.106217252505499710e+04
1.011040517086615000e+04
2.411751544868936435e+03
2.164997724668737192e+03
1.038804112960840757e+04
1.452835149306172389e+04
1.202848431708757198e+04
1.658745123760271235e+04
2.091327479313686854e+04
1.821761629508265742e+03
1.452117342622769866e+04
1.347195428739317686e+04
1.007198091102738181e+04
1.605390629429604996e+04
2.142297064489353943e+03
1.413259946275198672e+04
2.146364368116205696e+03
1.574340206739274436e+03
1.386563529915770414e+04
3.153109411558124975e+03
1.296130075256496275e+04
1.903006226476057236e+03
1.354017723094525172e+04
1.028569688298377878e+04
1.975761466247581211e+03
2.511943950975723965e+03
1.087826216664431922e+04
2.166747534380099751e+04
2.955797128273082126e+04
1.255263894804393203e+04
1.383028428260990404e+04
2.640035519967588698e+04
2.474918299465584278e+04
2.307274131203912839e+04
2.700308342751018790e+04
1.759278446253931907e+04
2.658762956610277615e+04
9.278105503535580283e+03
1.425278090922410229e+04
2.447325013485111413e+04
1.269298916396572531e+04
2.598713423502611113e+04
1.206370186772618035e+04
2.552461607557806565e+04
2.201935641321035655e+04
1.623516730679094144e+04
1.560011468669516034e+04
2.522446940292575164e+04
2.236000511194789397e+03
9.236198602153195679e+03
1.007170488356216811e+04
1.680302760679270705e+03
1.393982793826893612e+03
6.357206702306590159e+03
5.303601964667782340e+03
1.146769493828390296e+04
1.316260967396660135e+03
7.016789162097335975e+03
9.848784550486787339e+03
1.621730839576744529e+03
1.430644449757816255e+04
1.600230857407687654e+04
8.452250115715240099e+03
1.052873106528586277e+03
2.112654064720190945e+03
1.314118439496920473e+04
1.380463012462276674e+04
1.610890822778544316e+04
1.437560996340890779e+04
1.400543963458200233e+04
1.349048194600061379e+03
1.785882456167004420e+03
9.893128219058115064e+03
6.901024660508206580e+03
1.421607433120204951e+04
1.171574957847360338e+03
1.180327786909218412e+04
1.411575444381526540e+04
9.919521054137344436e+02
1.979106003353928827e+04
1.556937399645107143e+04
1.364045670260141924e+04
1.622602921904102232e+03
3.153161493313609753e+03
1.670219529396232247e+04
1.758278575820090191e+04
1.647769782630745613e+04
1.823915670616288480e+04
1.066424974550068509e+04
9.926437436703659841e+03
1.531729838458458107e+04
1.746214185533545970e+04
2.358372864634983853e+04
1.176586005542139355e+04
1.079114322180821546e+04
1.886577815769482550e+04
8.687945502378552192e+03
2.306034503646950543e+04
3.131148068349648747e+04
1.520981219706090269e+04
1.061734243596165470e+04
1.261808144360662118e+04
2.134431941012643074e+04
2.316375182273158862e+04
2.186205165767786093e+04
1.144363418537906546e+04
1.010093848895288829e+04
8.461804885145531443e+03
1.427882440401056738e+04
1.208794152227988434e+03
1.116040726795517912e+04
6.172638849459954145e+02
8.401492462927417364e+02
1.154421059512858301e+04
2.659447604561928074e+03
1.032039150052300283e+04
1.291594172863050062e+03
1.091669773704466388e+04
1.010622913568022705e+04
3.335776981687861280e+03
1.516386453568736670e+03
9.854944841851029196e+03
7.099181063845512654e+02
8.834830933564633597e+03
6.328389623347909946e+03
1.249276336303778226e+04
5.119502478589956809e+02
9.263618296570810344e+03
1.159809170323482431e+04
8.261404740565239990e+02
1.679714018029766521e+04
1.499755077852688373e+04
1.099624886124050681e+04
1.085632324352258365e+03
2.380265324601064094e+03
1.428050938103309090e+04
1.558716705728664238e+04
1.416567874821235091e+04
8.357520926769699145e+03
6.700680953970129849e+03
1.158103138774845866e+04
9.707179217411608079e+02
7.785664871097566902e+03
1.038417386493995400e+04
8.469104290107002271e+02
1.650690787612471831e+04
1.590145263327702196e+04
9.741838613021829588e+03
7.946475280252011544e+02
2.662334584027855271e+03
1.351994206764624141e+04
1.408767181350712963e+04
1.500429824932267366e+04
9.937620471509026174e+03
6.679438350932407047e+03
8.426511274641454293e+03
6.246918779414223536e+03
7.982022340295830872e+03
8.055370134541778498e+03
1.411601154402346219e+04
7.469584739689795242e+03
7.862838528072740701e+03
7.953946084102220084e+03
8.235714012887901845e+03
1.035423878061197320e+04
1.158614207712358620e+04
1.530409948914814049e+04
1.385893482021761520e+04
6.539501530475417894e+03
1.142263861651648767e+04
1.453189416872233778e+04
6.361891841791230945e+03
1.656774216318754770e+04
1.117987338343659758e+04
1.327913014188005036e+04
6.081048046470165900e+03
4.016604841668647168e+03
1.644158939929235930e+04
1.715810254353359778e+04
2.128896116405177600e+04
1.195250158358433691e+04
1.353965010717316773e+03
1.128301908353620547e+03
1.309203387069339078e+04
3.207429048991823493e+03
9.051945131264808879e+03
1.989239782327281091e+03
1.235516835546030234e+04
1.107561749367832817e+04
3.239566163636784040e+03
2.232540650730465131e+03
1.067989944308186750e+04
8.787622127380232996e+03
1.111012606059640711e+04
1.008152458080210181e+03
1.601435416246063687e+04
1.569812580436564167e+04
1.033287483460760632e+04
1.238901897515455175e+03
2.568979230666064723e+03
1.398395637897517372e+04
1.524165217956011838e+04
1.382258907624149288e+04
5.618537672013999327e+02
8.434583838068756450e+03
2.441115520437712803e+03
9.026991789145229632e+03
1.149287954679954282e+03
8.387123791529244045e+03
8.296460382812336320e+03
2.768672993893363127e+03
2.054420957963173350e+03
9.748028034807874064e+03
1.157518743597743924e+04
2.619127755770438853e+03
1.060340538755104353e+04
1.018536437852903418e+03
1.094785956353043366e+04
9.755524001601635973e+03
2.114142832736159107e+03
1.628538331933762038e+03
1.016477518762987347e+04
1.689226472824934172e+04
1.493855940925170944e+04
1.016748190506526953e+04
8.833680416419165340e+02
2.290416431275913055e+03
1.369294319355915650e+04
1.514326575572112415e+04
1.416340108687652173e+04
1.296059923459230777e+04
3.066943154344990944e+03
1.661092973165799776e+04
1.112274490357934337e+04
4.389045542560027570e+03
3.499000355738104190e+03
1.398759971441629750e+04
1.098877902214888309e+04
1.583392168208355724e+04
1.300430860123109233e+04
1.309837402294584172e+04
1.212435224888400626e+04
1.948467230630409176e+04
1.011904179304575518e+04
8.883616108602582244e+03
2.972972709832626606e+03
2.366632721936537564e+03
1.107047283220241297e+04
1.896828721593836235e+03
1.375890065947627954e+04
1.474255355775039789e+04
1.689218895109769801e+04
1.031363587067852677e+04
1.168524544540925490e+04
1.961654401879111538e+04
3.235909055017756600e+03
9.714563033768095920e+03
1.192727251918023467e+04
