1.200000000000000000e+01 6.500000000000000000e+01 3.913921164483854227e+02 2.000000000000000000e+00
1.400000000000000000e+01 5.400000000000000000e+01 4.482252896345835325e+02 2.000000000000000000e+00
1.900000000000000000e+01 6.000000000000000000e+01 4.582284728180256934e+02 2.000000000000000000e+00
6.000000000000000000e+00 5.100000000000000000e+01 4.953543633911722281e+02 2.000000000000000000e+00
5.300000000000000000e+01 5.800000000000000000e+01 5.119502478589956809e+02 2.000000000000000000e+00
2.600000000000000000e+01 7.400000000000000000e+01 5.177135314902977825e+02 3.000000000000000000e+00
2.200000000000000000e+01 5.000000000000000000e+01 5.196203467811187693e+02 2.000000000000000000e+00
0.000000000000000000e+00 7.000000000000000000e+01 5.201644721913535250e+02 3.000000000000000000e+00
4.000000000000000000e+00 2.800000000000000000e+01 5.393042470055729609e+02 2.000000000000000000e+00
2.700000000000000000e+01 4.900000000000000000e+01 5.400148441683600140e+02 2.000000000000000000e+00
5.200000000000000000e+01 5.900000000000000000e+01 6.172638849459954145e+02 2.000000000000000000e+00
4.100000000000000000e+01 4.300000000000000000e+01 6.355067472100731720e+02 2.000000000000000000e+00
3.400000000000000000e+01 7.900000000000000000e+01 6.372596598333472002e+02 3.000000000000000000e+00
4.600000000000000000e+01 5.700000000000000000e+01 6.952533023179839802e+02 2.000000000000000000e+00
1.300000000000000000e+01 6.100000000000000000e+01 7.440293278122217089e+02 2.000000000000000000e+00
3.100000000000000000e+01 3.200000000000000000e+01 7.752030720735488103e+02 2.000000000000000000e+00
3.900000000000000000e+01 4.400000000000000000e+01 8.412579094605398495e+02 2.000000000000000000e+00
7.200000000000000000e+01 8.000000000000000000e+01 8.437834583934173907e+02 4.000000000000000000e+00
1.100000000000000000e+01 7.700000000000000000e+01 8.637213959585870953e+02 4.000000000000000000e+00
7.100000000000000000e+01 7.500000000000000000e+01 9.595161590138366137e+02 5.000000000000000000e+00
1.500000000000000000e+01 2.000000000000000000e+01 1.058098054025217607e+03 2.000000000000000000e+00
8.500000000000000000e+01 8.800000000000000000e+01 1.075305497860862033e+03 6.000000000000000000e+00
3.700000000000000000e+01 6.800000000000000000e+01 1.088275369362901984e+03 2.000000000000000000e+00
5.000000000000000000e+00 2.100000000000000000e+01 1.161542466382896691e+03 2.000000000000000000e+00
8.000000000000000000e+00 1.700000000000000000e+01 1.163368610727634405e+03 2.000000000000000000e+00
3.800000000000000000e+01 8.300000000000000000e+01 1.272466072835500427e+03 3.000000000000000000e+00
8.400000000000000000e+01 8.900000000000000000e+01 1.329092419972184189e+03 7.000000000000000000e+00
6.400000000000000000e+01 8.700000000000000000e+01 1.435950132631357064e+03 5.000000000000000000e+00
8.600000000000000000e+01 9.400000000000000000e+01 1.489456549762344139e+03 4.000000000000000000e+00
2.900000000000000000e+01 3.600000000000000000e+01 1.505107930690505100e+03 2.000000000000000000e+00
9.000000000000000000e+01 9.100000000000000000e+01 1.512194620820218915e+03 8.000000000000000000e+00
1.000000000000000000e+00 7.600000000000000000e+01 1.534237083277496140e+03 3.000000000000000000e+00
1.600000000000000000e+01 3.300000000000000000e+01 1.572771601304324122e+03 2.000000000000000000e+00
1.800000000000000000e+01 9.500000000000000000e+01 1.576469763787417151e+03 4.000000000000000000e+00
7.300000000000000000e+01 7.800000000000000000e+01 1.799032922745817359e+03 4.000000000000000000e+00
4.500000000000000000e+01 6.700000000000000000e+01 1.862877493048638371e+03 2.000000000000000000e+00
2.400000000000000000e+01 8.200000000000000000e+01 1.876633359775392819e+03 4.000000000000000000e+00
4.700000000000000000e+01 1.050000000000000000e+02 1.958540514261051612e+03 3.000000000000000000e+00
8.100000000000000000e+01 1.000000000000000000e+02 1.972351133857587229e+03 1.000000000000000000e+01
9.600000000000000000e+01 1.010000000000000000e+02 2.060003325468015191e+03 1.000000000000000000e+01
3.000000000000000000e+00 1.030000000000000000e+02 2.154010211319791324e+03 5.000000000000000000e+00
9.200000000000000000e+01 9.700000000000000000e+01 2.283392285486897435e+03 7.000000000000000000e+00
9.300000000000000000e+01 1.060000000000000000e+02 2.351956704455671115e+03 6.000000000000000000e+00
9.800000000000000000e+01 1.110000000000000000e+02 2.410997364381508305e+03 1.100000000000000000e+01
9.900000000000000000e+01 1.120000000000000000e+02 2.618163723053557533e+03 8.000000000000000000e+00
2.300000000000000000e+01 1.040000000000000000e+02 2.684132457153403720e+03 5.000000000000000000e+00
3.500000000000000000e+01 6.600000000000000000e+01 2.747855966256345710e+03 2.000000000000000000e+00
4.200000000000000000e+01 1.070000000000000000e+02 3.653293248961128029e+03 4.000000000000000000e+00
1.080000000000000000e+02 1.090000000000000000e+02 3.657889310803956960e+03 2.000000000000000000e+01
6.900000000000000000e+01 1.020000000000000000e+02 3.734183848497832059e+03 3.000000000000000000e+00
3.000000000000000000e+01 6.200000000000000000e+01 3.796476158625118387e+03 2.000000000000000000e+00
1.100000000000000000e+02 1.130000000000000000e+02 3.809701636376047645e+03 1.600000000000000000e+01
1.160000000000000000e+02 1.180000000000000000e+02 3.957362937562250409e+03 2.200000000000000000e+01
2.000000000000000000e+00 1.140000000000000000e+02 4.015358193448853854e+03 9.000000000000000000e+00
7.000000000000000000e+00 4.000000000000000000e+01 4.392534587411870234e+03 2.000000000000000000e+00
1.170000000000000000e+02 1.210000000000000000e+02 4.939370587478176276e+03 2.000000000000000000e+01
1.220000000000000000e+02 1.230000000000000000e+02 5.608251761756810083e+03 3.100000000000000000e+01
1.200000000000000000e+02 1.250000000000000000e+02 6.518315341135550625e+03 2.200000000000000000e+01
5.500000000000000000e+01 6.300000000000000000e+01 7.469584739689795242e+03 2.000000000000000000e+00
1.240000000000000000e+02 1.270000000000000000e+02 8.017695955412678813e+03 2.400000000000000000e+01
5.600000000000000000e+01 1.260000000000000000e+02 8.294809197468188358e+03 3.200000000000000000e+01
9.000000000000000000e+00 1.290000000000000000e+02 9.946961993612358128e+03 2.500000000000000000e+01
2.500000000000000000e+01 1.310000000000000000e+02 1.275444995252945228e+04 2.600000000000000000e+01
1.000000000000000000e+01 1.300000000000000000e+02 1.441418176362518716e+04 3.300000000000000000e+01
4.800000000000000000e+01 1.150000000000000000e+02 1.683343993083760506e+04 6.000000000000000000e+00
1.280000000000000000e+02 1.320000000000000000e+02 1.815372043985515484e+04 2.800000000000000000e+01
1.190000000000000000e+02 1.350000000000000000e+02 2.057480057508487880e+04 3.100000000000000000e+01
1.330000000000000000e+02 1.340000000000000000e+02 5.462588713328558515e+04 3.900000000000000000e+01
1.360000000000000000e+02 1.370000000000000000e+02 7.983352179596299538e+04 7.000000000000000000e+01
