1.990000000000000000e+02 2.140000000000000000e+02 6.793038356621616813e-01 2.000000000000000000e+00
1.640000000000000000e+02 2.640000000000000000e+02 5.369733032104866410e+00 3.000000000000000000e+00
1.390000000000000000e+02 2.270000000000000000e+02 8.770708636761030519e+00 2.000000000000000000e+00
1.370000000000000000e+02 2.490000000000000000e+02 1.072256513413095291e+01 2.000000000000000000e+00
4.200000000000000000e+01 1.470000000000000000e+02 1.312931500307703025e+01 2.000000000000000000e+00
2.220000000000000000e+02 2.650000000000000000e+02 1.403415122887948741e+01 4.000000000000000000e+00
1.780000000000000000e+02 2.550000000000000000e+02 1.453571894966159128e+01 2.000000000000000000e+00
2.600000000000000000e+02 2.660000000000000000e+02 1.679443082094062234e+01 3.000000000000000000e+00
2.030000000000000000e+02 2.240000000000000000e+02 1.721521525747415282e+01 2.000000000000000000e+00
1.270000000000000000e+02 1.770000000000000000e+02 1.785747345576205447e+01 2.000000000000000000e+00
1.010000000000000000e+02 1.670000000000000000e+02 1.834674423874883686e+01 2.000000000000000000e+00
3.900000000000000000e+01 2.680000000000000000e+02 1.968935912668140276e+01 3.000000000000000000e+00
1.700000000000000000e+02 1.790000000000000000e+02 2.026791410449159159e+01 2.000000000000000000e+00
4.700000000000000000e+01 2.560000000000000000e+02 2.061527153881741015e+01 2.000000000000000000e+00
3.800000000000000000e+01 2.130000000000000000e+02 2.067835641242938038e+01 2.000000000000000000e+00
1.650000000000000000e+02 2.420000000000000000e+02 2.119253241353178652e+01 2.000000000000000000e+00
8.100000000000000000e+01 8.500000000000000000e+01 2.168854876103305429e+01 2.000000000000000000e+00
3.700000000000000000e+01 1.460000000000000000e+02 2.227784553508875121e+01 2.000000000000000000e+00
9.100000000000000000e+01 2.770000000000000000e+02 2.288869411815976918e+01 3.000000000000000000e+00
1.410000000000000000e+02 1.510000000000000000e+02 2.378662355301029407e+01 2.000000000000000000e+00
2.670000000000000000e+02 2.710000000000000000e+02 2.480590754972637058e+01 5.000000000000000000e+00
2.010000000000000000e+02 2.740000000000000000e+02 2.499265232805580439e+01 3.000000000000000000e+00
7.100000000000000000e+01 1.420000000000000000e+02 2.501431653595211912e+01 2.000000000000000000e+00
1.480000000000000000e+02 2.730000000000000000e+02 2.673420177601380843e+01 3.000000000000000000e+00
9.300000000000000000e+01 1.430000000000000000e+02 2.702674303417389368e+01 2.000000000000000000e+00
3.000000000000000000e+01 1.140000000000000000e+02 2.742526424095416360e+01 2.000000000000000000e+00
2.050000000000000000e+02 2.810000000000000000e+02 2.758159865037481140e+01 3.000000000000000000e+00
1.100000000000000000e+01 2.410000000000000000e+02 2.798823598943097224e+01 2.000000000000000000e+00
1.240000000000000000e+02 2.480000000000000000e+02 2.811805810378898229e+01 2.000000000000000000e+00
8.600000000000000000e+01 1.760000000000000000e+02 2.827481578961215902e+01 2.000000000000000000e+00
9.700000000000000000e+01 2.800000000000000000e+02 2.878648490494098766e+01 3.000000000000000000e+00
5.200000000000000000e+01 2.870000000000000000e+02 2.939609913469397284e+01 4.000000000000000000e+00
2.090000000000000000e+02 2.500000000000000000e+02 2.949550874931927780e+01 2.000000000000000000e+00
6.000000000000000000e+01 2.850000000000000000e+02 3.028160858702390712e+01 4.000000000000000000e+00
4.800000000000000000e+01 8.300000000000000000e+01 3.036064537845820155e+01 2.000000000000000000e+00
1.750000000000000000e+02 1.910000000000000000e+02 3.048038880957685137e+01 2.000000000000000000e+00
5.000000000000000000e+01 9.900000000000000000e+01 3.093564198312257929e+01 2.000000000000000000e+00
1.060000000000000000e+02 1.380000000000000000e+02 3.136039884266440225e+01 2.000000000000000000e+00
1.740000000000000000e+02 2.880000000000000000e+02 3.143630684452005042e+01 3.000000000000000000e+00
2.430000000000000000e+02 2.720000000000000000e+02 3.145415339563274415e+01 3.000000000000000000e+00
1.620000000000000000e+02 2.890000000000000000e+02 3.148755949042987368e+01 3.000000000000000000e+00
1.150000000000000000e+02 1.450000000000000000e+02 3.234440055573308825e+01 2.000000000000000000e+00
0.000000000000000000e+00 2.080000000000000000e+02 3.305884892447197387e+01 2.000000000000000000e+00
2.190000000000000000e+02 2.900000000000000000e+02 3.316115589869382774e+01 4.000000000000000000e+00
2.800000000000000000e+01 2.230000000000000000e+02 3.429103748482800995e+01 2.000000000000000000e+00
9.600000000000000000e+01 1.550000000000000000e+02 3.439323909545110780e+01 2.000000000000000000e+00
9.800000000000000000e+01 1.320000000000000000e+02 3.440915147284537312e+01 2.000000000000000000e+00
1.330000000000000000e+02 1.960000000000000000e+02 3.458380140721695284e+01 2.000000000000000000e+00
1.280000000000000000e+02 3.000000000000000000e+02 3.467452680488536743e+01 3.000000000000000000e+00
2.000000000000000000e+01 1.160000000000000000e+02 3.473814908648022026e+01 2.000000000000000000e+00
4.000000000000000000e+01 2.820000000000000000e+02 3.479946078974688106e+01 4.000000000000000000e+00
7.200000000000000000e+01 7.800000000000000000e+01 3.502213712409420765e+01 2.000000000000000000e+00
1.500000000000000000e+02 3.070000000000000000e+02 3.555771428612720086e+01 5.000000000000000000e+00
1.800000000000000000e+01 3.090000000000000000e+02 3.560272127222724947e+01 3.000000000000000000e+00
8.800000000000000000e+01 2.700000000000000000e+02 3.574201302754985221e+01 3.000000000000000000e+00
5.700000000000000000e+01 2.980000000000000000e+02 3.582326458676209313e+01 3.000000000000000000e+00
2.540000000000000000e+02 3.160000000000000000e+02 3.779601824017278489e+01 6.000000000000000000e+00
5.300000000000000000e+01 1.100000000000000000e+02 3.863448004069451969e+01 2.000000000000000000e+00
7.900000000000000000e+01 1.630000000000000000e+02 3.874256516683720974e+01 2.000000000000000000e+00
2.970000000000000000e+02 3.140000000000000000e+02 3.888825210477567396e+01 8.000000000000000000e+00
6.200000000000000000e+01 2.860000000000000000e+02 3.893971813383772940e+01 3.000000000000000000e+00
2.900000000000000000e+01 1.050000000000000000e+02 3.942434855228609791e+01 2.000000000000000000e+00
8.000000000000000000e+01 1.030000000000000000e+02 3.976364596506800098e+01 2.000000000000000000e+00
8.000000000000000000e+00 3.120000000000000000e+02 4.040569398715238947e+01 4.000000000000000000e+00
1.530000000000000000e+02 2.020000000000000000e+02 4.041090315476920836e+01 2.000000000000000000e+00
2.330000000000000000e+02 3.130000000000000000e+02 4.046337186014813625e+01 3.000000000000000000e+00
6.800000000000000000e+01 1.840000000000000000e+02 4.049041034468599065e+01 2.000000000000000000e+00
2.700000000000000000e+01 1.440000000000000000e+02 4.113179171554970992e+01 2.000000000000000000e+00
2.260000000000000000e+02 2.630000000000000000e+02 4.152608934051622214e+01 2.000000000000000000e+00
1.300000000000000000e+02 2.520000000000000000e+02 4.163069699524702116e+01 2.000000000000000000e+00
1.260000000000000000e+02 3.080000000000000000e+02 4.163311288499583185e+01 3.000000000000000000e+00
2.400000000000000000e+01 3.100000000000000000e+02 4.235754395608532974e+01 3.000000000000000000e+00
1.300000000000000000e+01 3.170000000000000000e+02 4.278811779664361836e+01 4.000000000000000000e+00
1.000000000000000000e+02 2.910000000000000000e+02 4.390943437873588806e+01 3.000000000000000000e+00
1.520000000000000000e+02 2.300000000000000000e+02 4.399008405946425881e+01 2.000000000000000000e+00
5.000000000000000000e+00 6.000000000000000000e+00 4.433298889736101955e+01 2.000000000000000000e+00
1.230000000000000000e+02 1.340000000000000000e+02 4.462667312412547460e+01 2.000000000000000000e+00
1.600000000000000000e+02 2.580000000000000000e+02 4.478073783736739699e+01 2.000000000000000000e+00
1.080000000000000000e+02 1.720000000000000000e+02 4.479725437599398674e+01 2.000000000000000000e+00
3.600000000000000000e+01 2.470000000000000000e+02 4.506882438073877495e+01 2.000000000000000000e+00
1.190000000000000000e+02 2.200000000000000000e+02 4.538797535157296181e+01 2.000000000000000000e+00
1.290000000000000000e+02 2.790000000000000000e+02 4.557946575407724765e+01 3.000000000000000000e+00
1.000000000000000000e+01 1.940000000000000000e+02 4.577998153100134004e+01 2.000000000000000000e+00
2.040000000000000000e+02 3.340000000000000000e+02 4.594129346382653978e+01 4.000000000000000000e+00
1.400000000000000000e+01 4.400000000000000000e+01 4.597104252026015558e+01 2.000000000000000000e+00
2.310000000000000000e+02 2.830000000000000000e+02 4.607043716764705721e+01 3.000000000000000000e+00
3.100000000000000000e+01 3.480000000000000000e+02 4.638755315278453395e+01 3.000000000000000000e+00
4.500000000000000000e+01 3.210000000000000000e+02 4.641856222056797776e+01 3.000000000000000000e+00
1.170000000000000000e+02 1.710000000000000000e+02 4.641914955789357577e+01 2.000000000000000000e+00
1.090000000000000000e+02 3.300000000000000000e+02 4.661750772243929930e+01 3.000000000000000000e+00
1.810000000000000000e+02 2.590000000000000000e+02 4.668373239517049456e+01 2.000000000000000000e+00
2.940000000000000000e+02 3.230000000000000000e+02 4.771029969844940410e+01 1.100000000000000000e+01
2.840000000000000000e+02 3.010000000000000000e+02 4.800063090739699589e+01 7.000000000000000000e+00
1.700000000000000000e+01 5.800000000000000000e+01 4.845051895986593138e+01 2.000000000000000000e+00
4.100000000000000000e+01 7.000000000000000000e+01 4.864234794584167787e+01 2.000000000000000000e+00
5.100000000000000000e+01 3.330000000000000000e+02 4.864949493422968629e+01 3.000000000000000000e+00
1.560000000000000000e+02 3.320000000000000000e+02 4.867086060564437133e+01 3.000000000000000000e+00
2.570000000000000000e+02 3.410000000000000000e+02 4.937955496883854778e+01 3.000000000000000000e+00
1.970000000000000000e+02 2.780000000000000000e+02 4.947447328887815843e+01 3.000000000000000000e+00
6.500000000000000000e+01 1.580000000000000000e+02 5.109391864008334494e+01 2.000000000000000000e+00
2.170000000000000000e+02 3.400000000000000000e+02 5.111936385235621572e+01 3.000000000000000000e+00
8.400000000000000000e+01 3.460000000000000000e+02 5.156868975072463712e+01 3.000000000000000000e+00
2.500000000000000000e+01 3.370000000000000000e+02 5.200158546066725762e+01 4.000000000000000000e+00
4.600000000000000000e+01 2.450000000000000000e+02 5.282944231492272991e+01 2.000000000000000000e+00
1.490000000000000000e+02 1.920000000000000000e+02 5.340067567508658186e+01 2.000000000000000000e+00
2.100000000000000000e+02 3.470000000000000000e+02 5.349178030254870464e+01 5.000000000000000000e+00
9.000000000000000000e+01 3.280000000000000000e+02 5.377870226524495223e+01 3.000000000000000000e+00
6.900000000000000000e+01 7.700000000000000000e+01 5.378999402436377864e+01 2.000000000000000000e+00
1.690000000000000000e+02 3.600000000000000000e+02 5.389874490696658427e+01 4.000000000000000000e+00
5.500000000000000000e+01 7.300000000000000000e+01 5.522129201711088342e+01 2.000000000000000000e+00
3.020000000000000000e+02 3.030000000000000000e+02 5.549851782728863725e+01 6.000000000000000000e+00
3.110000000000000000e+02 3.550000000000000000e+02 5.559356043609139419e+01 1.300000000000000000e+01
7.600000000000000000e+01 3.150000000000000000e+02 5.560618734762832815e+01 3.000000000000000000e+00
3.270000000000000000e+02 3.380000000000000000e+02 5.574076712505146247e+01 6.000000000000000000e+00
2.100000000000000000e+01 1.120000000000000000e+02 5.577601280673275852e+01 2.000000000000000000e+00
1.590000000000000000e+02 2.400000000000000000e+02 5.601812448913919695e+01 2.000000000000000000e+00
1.180000000000000000e+02 2.510000000000000000e+02 5.616350357132228055e+01 2.000000000000000000e+00
2.600000000000000000e+01 1.250000000000000000e+02 5.631107676805368101e+01 2.000000000000000000e+00
8.700000000000000000e+01 3.240000000000000000e+02 5.639264617719978645e+01 4.000000000000000000e+00
3.180000000000000000e+02 3.360000000000000000e+02 5.687662147137745450e+01 7.000000000000000000e+00
2.350000000000000000e+02 2.920000000000000000e+02 5.721146196880152246e+01 3.000000000000000000e+00
3.000000000000000000e+00 3.660000000000000000e+02 5.793971290064691715e+01 5.000000000000000000e+00
3.200000000000000000e+01 2.930000000000000000e+02 5.835706982851127123e+01 3.000000000000000000e+00
3.060000000000000000e+02 3.250000000000000000e+02 5.840224143888752906e+01 4.000000000000000000e+00
3.300000000000000000e+01 3.260000000000000000e+02 5.861260481756091423e+01 3.000000000000000000e+00
1.360000000000000000e+02 2.060000000000000000e+02 5.885732367995328929e+01 2.000000000000000000e+00
1.900000000000000000e+02 3.640000000000000000e+02 5.911945823265795497e+01 4.000000000000000000e+00
7.000000000000000000e+00 8.200000000000000000e+01 5.934444437229036140e+01 2.000000000000000000e+00
1.680000000000000000e+02 3.630000000000000000e+02 5.936763329893938845e+01 3.000000000000000000e+00
5.400000000000000000e+01 1.980000000000000000e+02 5.943519950872322966e+01 2.000000000000000000e+00
6.700000000000000000e+01 2.280000000000000000e+02 5.961467900834407629e+01 2.000000000000000000e+00
1.110000000000000000e+02 2.760000000000000000e+02 6.031680229748484834e+01 3.000000000000000000e+00
3.190000000000000000e+02 3.350000000000000000e+02 6.083087520061653919e+01 6.000000000000000000e+00
1.900000000000000000e+01 3.680000000000000000e+02 6.110511265624626276e+01 3.000000000000000000e+00
1.500000000000000000e+01 1.570000000000000000e+02 6.116748544454285508e+01 2.000000000000000000e+00
8.900000000000000000e+01 2.440000000000000000e+02 6.131113080832075468e+01 2.000000000000000000e+00
6.300000000000000000e+01 2.150000000000000000e+02 6.150271442123326437e+01 2.000000000000000000e+00
6.100000000000000000e+01 3.220000000000000000e+02 6.154600025220577209e+01 3.000000000000000000e+00
1.200000000000000000e+02 3.760000000000000000e+02 6.183451305781890994e+01 4.000000000000000000e+00
1.350000000000000000e+02 2.620000000000000000e+02 6.199872645857593056e+01 2.000000000000000000e+00
4.000000000000000000e+00 4.900000000000000000e+01 6.238240753882508471e+01 2.000000000000000000e+00
2.200000000000000000e+01 3.400000000000000000e+01 6.253905284135351650e+01 2.000000000000000000e+00
3.450000000000000000e+02 3.950000000000000000e+02 6.338195833296622794e+01 6.000000000000000000e+00
3.310000000000000000e+02 3.430000000000000000e+02 6.410808484492299897e+01 4.000000000000000000e+00
2.950000000000000000e+02 3.870000000000000000e+02 6.428814693763285959e+01 8.000000000000000000e+00
1.860000000000000000e+02 1.950000000000000000e+02 6.591243020533504193e+01 2.000000000000000000e+00
1.000000000000000000e+00 3.570000000000000000e+02 6.637476839732882183e+01 3.000000000000000000e+00
4.300000000000000000e+01 3.610000000000000000e+02 6.641009396229480899e+01 4.000000000000000000e+00
3.420000000000000000e+02 3.650000000000000000e+02 6.652444401093642057e+01 5.000000000000000000e+00
2.120000000000000000e+02 2.460000000000000000e+02 6.718926870021931563e+01 2.000000000000000000e+00
5.900000000000000000e+01 4.000000000000000000e+02 6.748951231004443230e+01 3.000000000000000000e+00
6.400000000000000000e+01 1.820000000000000000e+02 6.804967408232563741e+01 2.000000000000000000e+00
2.750000000000000000e+02 3.440000000000000000e+02 6.808271877752719092e+01 5.000000000000000000e+00
1.070000000000000000e+02 1.660000000000000000e+02 6.842969991566316423e+01 2.000000000000000000e+00
3.670000000000000000e+02 3.880000000000000000e+02 6.872977597326422483e+01 5.000000000000000000e+00
3.040000000000000000e+02 3.770000000000000000e+02 6.905281132791003529e+01 9.000000000000000000e+00
2.300000000000000000e+01 3.700000000000000000e+02 6.935668928934178723e+01 4.000000000000000000e+00
3.520000000000000000e+02 3.620000000000000000e+02 6.989998446637366669e+01 5.000000000000000000e+00
3.690000000000000000e+02 3.890000000000000000e+02 7.017336505283529391e+01 7.000000000000000000e+00
1.210000000000000000e+02 2.340000000000000000e+02 7.025856813219509434e+01 2.000000000000000000e+00
1.730000000000000000e+02 3.510000000000000000e+02 7.049926369366981760e+01 4.000000000000000000e+00
3.530000000000000000e+02 4.010000000000000000e+02 7.060573291403792950e+01 6.000000000000000000e+00
3.980000000000000000e+02 4.120000000000000000e+02 7.276848677924562026e+01 7.000000000000000000e+00
2.690000000000000000e+02 3.560000000000000000e+02 7.293956916275116953e+01 1.100000000000000000e+01
5.600000000000000000e+01 3.730000000000000000e+02 7.326641117461439023e+01 3.000000000000000000e+00
2.960000000000000000e+02 3.960000000000000000e+02 7.347368842115483289e+01 8.000000000000000000e+00
3.390000000000000000e+02 4.020000000000000000e+02 7.349826861140324752e+01 6.000000000000000000e+00
1.850000000000000000e+02 3.910000000000000000e+02 7.443628139651657705e+01 3.000000000000000000e+00
1.540000000000000000e+02 3.710000000000000000e+02 7.455924770425343695e+01 3.000000000000000000e+00
2.250000000000000000e+02 3.820000000000000000e+02 7.531118206000502369e+01 5.000000000000000000e+00
1.200000000000000000e+01 9.200000000000000000e+01 7.579820459772392383e+01 2.000000000000000000e+00
3.590000000000000000e+02 4.190000000000000000e+02 7.617040606460173535e+01 1.200000000000000000e+01
3.500000000000000000e+01 4.140000000000000000e+02 7.655246233793812394e+01 4.000000000000000000e+00
3.920000000000000000e+02 4.110000000000000000e+02 7.990753203872968413e+01 7.000000000000000000e+00
2.530000000000000000e+02 4.230000000000000000e+02 8.094336934673707162e+01 3.000000000000000000e+00
1.830000000000000000e+02 3.790000000000000000e+02 8.223477744849439830e+01 3.000000000000000000e+00
3.800000000000000000e+02 4.250000000000000000e+02 8.299412062647625987e+01 8.000000000000000000e+00
3.750000000000000000e+02 4.070000000000000000e+02 8.305399240217174395e+01 1.700000000000000000e+01
3.970000000000000000e+02 4.170000000000000000e+02 8.328578005920559235e+01 5.000000000000000000e+00
3.940000000000000000e+02 4.180000000000000000e+02 8.369627399239210774e+01 7.000000000000000000e+00
2.110000000000000000e+02 4.100000000000000000e+02 8.384480422216525142e+01 4.000000000000000000e+00
1.040000000000000000e+02 2.000000000000000000e+02 8.523891443841725390e+01 2.000000000000000000e+00
1.130000000000000000e+02 2.390000000000000000e+02 8.598970110002309752e+01 2.000000000000000000e+00
2.070000000000000000e+02 4.260000000000000000e+02 8.676904863862860395e+01 8.000000000000000000e+00
2.000000000000000000e+00 1.020000000000000000e+02 8.696939754196111494e+01 2.000000000000000000e+00
3.050000000000000000e+02 3.290000000000000000e+02 8.729708678755575590e+01 5.000000000000000000e+00
3.500000000000000000e+02 4.150000000000000000e+02 8.733715947281477554e+01 5.000000000000000000e+00
3.490000000000000000e+02 4.060000000000000000e+02 8.801418058367880803e+01 9.000000000000000000e+00
1.400000000000000000e+02 2.320000000000000000e+02 9.037139310024872429e+01 2.000000000000000000e+00
4.050000000000000000e+02 4.340000000000000000e+02 9.038107739791472284e+01 4.000000000000000000e+00
9.000000000000000000e+00 3.990000000000000000e+02 9.050027129767165945e+01 3.000000000000000000e+00
2.990000000000000000e+02 4.220000000000000000e+02 9.106452452420053589e+01 9.000000000000000000e+00
4.200000000000000000e+02 4.310000000000000000e+02 9.108953638053837665e+01 7.000000000000000000e+00
7.400000000000000000e+01 3.720000000000000000e+02 9.373131664918899730e+01 5.000000000000000000e+00
3.830000000000000000e+02 4.300000000000000000e+02 9.643388319719626622e+01 1.300000000000000000e+01
1.890000000000000000e+02 4.380000000000000000e+02 9.803232958130344343e+01 4.000000000000000000e+00
9.400000000000000000e+01 4.480000000000000000e+02 9.875905145851335476e+01 3.000000000000000000e+00
1.220000000000000000e+02 4.320000000000000000e+02 9.985245990536144234e+01 4.000000000000000000e+00
3.780000000000000000e+02 4.090000000000000000e+02 1.005062941827438436e+02 4.000000000000000000e+00
3.850000000000000000e+02 4.490000000000000000e+02 1.011045194753795755e+02 1.000000000000000000e+01
4.360000000000000000e+02 4.500000000000000000e+02 1.026519966698161426e+02 9.000000000000000000e+00
4.370000000000000000e+02 4.440000000000000000e+02 1.031592316213467626e+02 1.100000000000000000e+01
7.500000000000000000e+01 4.430000000000000000e+02 1.037148109621625167e+02 8.000000000000000000e+00
4.280000000000000000e+02 4.530000000000000000e+02 1.040392095531808252e+02 7.000000000000000000e+00
2.160000000000000000e+02 2.210000000000000000e+02 1.042080164555645894e+02 2.000000000000000000e+00
4.420000000000000000e+02 4.550000000000000000e+02 1.045665398228580756e+02 1.400000000000000000e+01
4.290000000000000000e+02 4.610000000000000000e+02 1.059711465982953342e+02 1.200000000000000000e+01
4.410000000000000000e+02 4.580000000000000000e+02 1.069565156504745431e+02 3.000000000000000000e+01
4.030000000000000000e+02 4.670000000000000000e+02 1.099824989675108213e+02 9.000000000000000000e+00
3.900000000000000000e+02 4.470000000000000000e+02 1.102157844997231422e+02 1.200000000000000000e+01
1.310000000000000000e+02 4.330000000000000000e+02 1.113803555413613111e+02 6.000000000000000000e+00
4.040000000000000000e+02 4.540000000000000000e+02 1.127871610426996654e+02 5.000000000000000000e+00
3.580000000000000000e+02 4.450000000000000000e+02 1.135476939554162925e+02 4.000000000000000000e+00
4.240000000000000000e+02 4.400000000000000000e+02 1.138787855503433235e+02 1.200000000000000000e+01
3.740000000000000000e+02 4.270000000000000000e+02 1.143740579614383392e+02 1.700000000000000000e+01
3.840000000000000000e+02 4.160000000000000000e+02 1.154036570727527362e+02 8.000000000000000000e+00
6.600000000000000000e+01 1.800000000000000000e+02 1.182056965844784315e+02 2.000000000000000000e+00
3.200000000000000000e+02 3.860000000000000000e+02 1.198890726152648369e+02 9.000000000000000000e+00
9.500000000000000000e+01 4.680000000000000000e+02 1.202839384963357361e+02 3.000000000000000000e+00
3.810000000000000000e+02 4.760000000000000000e+02 1.234572805636296238e+02 6.000000000000000000e+00
1.880000000000000000e+02 4.630000000000000000e+02 1.244788304997239976e+02 1.100000000000000000e+01
4.570000000000000000e+02 4.720000000000000000e+02 1.277403236506635977e+02 1.400000000000000000e+01
4.390000000000000000e+02 4.820000000000000000e+02 1.303692427381643881e+02 6.000000000000000000e+00
4.560000000000000000e+02 4.730000000000000000e+02 1.312583450465437238e+02 1.900000000000000000e+01
2.370000000000000000e+02 4.520000000000000000e+02 1.336603375213786080e+02 3.000000000000000000e+00
3.930000000000000000e+02 4.780000000000000000e+02 1.357244059715212643e+02 1.900000000000000000e+01
4.080000000000000000e+02 4.700000000000000000e+02 1.372467413501377678e+02 2.000000000000000000e+01
4.210000000000000000e+02 4.460000000000000000e+02 1.419585409927137789e+02 7.000000000000000000e+00
1.870000000000000000e+02 4.860000000000000000e+02 1.437622665406607041e+02 7.000000000000000000e+00
4.660000000000000000e+02 4.750000000000000000e+02 1.472976329527023438e+02 1.300000000000000000e+01
1.610000000000000000e+02 4.600000000000000000e+02 1.479059637019617242e+02 4.000000000000000000e+00
4.710000000000000000e+02 4.770000000000000000e+02 1.521161672482585061e+02 4.200000000000000000e+01
4.640000000000000000e+02 4.920000000000000000e+02 1.565020482943551769e+02 1.600000000000000000e+01
4.130000000000000000e+02 4.510000000000000000e+02 1.568766088029059915e+02 1.100000000000000000e+01
3.540000000000000000e+02 4.740000000000000000e+02 1.572245649975251922e+02 8.000000000000000000e+00
4.900000000000000000e+02 4.980000000000000000e+02 1.617334775149474240e+02 2.800000000000000000e+01
2.380000000000000000e+02 4.870000000000000000e+02 1.644567450293406807e+02 2.000000000000000000e+01
4.650000000000000000e+02 4.690000000000000000e+02 1.731775570916155687e+02 2.500000000000000000e+01
4.590000000000000000e+02 4.930000000000000000e+02 1.833768409093057983e+02 1.700000000000000000e+01
4.850000000000000000e+02 4.950000000000000000e+02 1.863226827974194748e+02 5.600000000000000000e+01
4.840000000000000000e+02 4.910000000000000000e+02 1.893871629030117845e+02 1.800000000000000000e+01
4.620000000000000000e+02 4.890000000000000000e+02 1.899581388186857964e+02 2.300000000000000000e+01
4.790000000000000000e+02 4.810000000000000000e+02 2.006210650098696817e+02 1.700000000000000000e+01
2.610000000000000000e+02 5.050000000000000000e+02 2.168175914243913383e+02 2.400000000000000000e+01
4.350000000000000000e+02 4.830000000000000000e+02 2.204152793651773266e+02 1.800000000000000000e+01
1.930000000000000000e+02 2.180000000000000000e+02 2.215435751504553537e+02 2.000000000000000000e+00
4.880000000000000000e+02 5.000000000000000000e+02 2.453914752242648660e+02 2.300000000000000000e+01
4.940000000000000000e+02 5.020000000000000000e+02 2.559477316129116957e+02 2.100000000000000000e+01
2.290000000000000000e+02 4.990000000000000000e+02 2.659124802575590252e+02 2.900000000000000000e+01
4.960000000000000000e+02 5.010000000000000000e+02 2.666499621760501668e+02 4.100000000000000000e+01
4.970000000000000000e+02 5.060000000000000000e+02 2.829600915595275978e+02 2.800000000000000000e+01
5.100000000000000000e+02 5.110000000000000000e+02 2.916541394924547603e+02 4.400000000000000000e+01
5.080000000000000000e+02 5.140000000000000000e+02 3.244732518302955100e+02 4.600000000000000000e+01
5.090000000000000000e+02 5.130000000000000000e+02 3.643026804134642020e+02 4.300000000000000000e+01
5.040000000000000000e+02 5.160000000000000000e+02 3.662266711273151145e+02 6.400000000000000000e+01
5.070000000000000000e+02 5.120000000000000000e+02 4.190757886009103572e+02 5.300000000000000000e+01
1.600000000000000000e+01 5.170000000000000000e+02 4.218732516931904684e+02 4.400000000000000000e+01
5.030000000000000000e+02 5.200000000000000000e+02 4.437487725090826984e+02 1.000000000000000000e+02
5.150000000000000000e+02 5.210000000000000000e+02 5.112936425915570453e+02 1.440000000000000000e+02
4.800000000000000000e+02 5.180000000000000000e+02 5.498653923159948818e+02 6.600000000000000000e+01
5.190000000000000000e+02 5.230000000000000000e+02 6.269080002556861473e+02 1.190000000000000000e+02
2.360000000000000000e+02 5.220000000000000000e+02 9.449406278061635476e+02 1.450000000000000000e+02
5.240000000000000000e+02 5.250000000000000000e+02 1.217403899219125833e+03 2.640000000000000000e+02
