1.990000000000000000e+02 2.140000000000000000e+02 2.413215578448870247e+00 2.000000000000000000e+00
1.370000000000000000e+02 2.490000000000000000e+02 6.741836101251629998e+01 2.000000000000000000e+00
1.640000000000000000e+02 2.640000000000000000e+02 1.018685565960051207e+02 3.000000000000000000e+00
2.270000000000000000e+02 2.600000000000000000e+02 1.237121948175216062e+02 2.000000000000000000e+00
2.650000000000000000e+02 2.670000000000000000e+02 1.603343266107004297e+02 4.000000000000000000e+00
4.200000000000000000e+01 1.470000000000000000e+02 1.868857612448318264e+02 2.000000000000000000e+00
1.390000000000000000e+02 2.680000000000000000e+02 2.412711837272832156e+02 5.000000000000000000e+00
3.900000000000000000e+01 2.690000000000000000e+02 2.564220287234434181e+02 3.000000000000000000e+00
1.270000000000000000e+02 1.770000000000000000e+02 3.306677834879375268e+02 2.000000000000000000e+00
1.780000000000000000e+02 2.550000000000000000e+02 3.313633754279951518e+02 2.000000000000000000e+00
1.700000000000000000e+02 1.790000000000000000e+02 3.426205811096083380e+02 2.000000000000000000e+00
6.200000000000000000e+01 7.100000000000000000e+01 3.988689541829930931e+02 2.000000000000000000e+00
9.300000000000000000e+01 2.220000000000000000e+02 4.036471597469464996e+02 2.000000000000000000e+00
3.800000000000000000e+01 2.130000000000000000e+02 4.303555335425255635e+02 2.000000000000000000e+00
1.500000000000000000e+02 2.050000000000000000e+02 4.864024793209041491e+02 2.000000000000000000e+00
4.100000000000000000e+01 8.600000000000000000e+01 4.929970349290832132e+02 2.000000000000000000e+00
9.700000000000000000e+01 1.670000000000000000e+02 5.114267394890944161e+02 2.000000000000000000e+00
1.060000000000000000e+02 2.700000000000000000e+02 5.970759876850014507e+02 6.000000000000000000e+00
9.100000000000000000e+01 1.010000000000000000e+02 6.033633128930146086e+02 2.000000000000000000e+00
1.430000000000000000e+02 2.760000000000000000e+02 6.248442788174749012e+02 3.000000000000000000e+00
1.100000000000000000e+01 2.500000000000000000e+01 6.271680492606124062e+02 2.000000000000000000e+00
2.030000000000000000e+02 2.240000000000000000e+02 6.500973733906043890e+02 2.000000000000000000e+00
3.700000000000000000e+01 2.780000000000000000e+02 6.510768273714330689e+02 3.000000000000000000e+00
3.000000000000000000e+01 2.080000000000000000e+02 6.561542061983457188e+02 2.000000000000000000e+00
5.200000000000000000e+01 1.480000000000000000e+02 6.586289971125424927e+02 2.000000000000000000e+00
1.380000000000000000e+02 2.810000000000000000e+02 6.629404713236497173e+02 7.000000000000000000e+00
0.000000000000000000e+00 1.420000000000000000e+02 6.861362616023038754e+02 2.000000000000000000e+00
8.800000000000000000e+01 2.730000000000000000e+02 7.678445257881380712e+02 3.000000000000000000e+00
8.000000000000000000e+01 1.030000000000000000e+02 7.683294524033449306e+02 2.000000000000000000e+00
2.430000000000000000e+02 2.850000000000000000e+02 7.728455087462289157e+02 3.000000000000000000e+00
2.540000000000000000e+02 2.860000000000000000e+02 7.905211525860938764e+02 4.000000000000000000e+00
1.460000000000000000e+02 1.760000000000000000e+02 8.582676013093069969e+02 2.000000000000000000e+00
1.510000000000000000e+02 2.740000000000000000e+02 8.654058655894193635e+02 3.000000000000000000e+00
4.700000000000000000e+01 2.560000000000000000e+02 8.664562013613212912e+02 2.000000000000000000e+00
1.650000000000000000e+02 2.420000000000000000e+02 8.717016731089843233e+02 2.000000000000000000e+00
2.900000000000000000e+01 2.720000000000000000e+02 9.227229554351378056e+02 3.000000000000000000e+00
2.190000000000000000e+02 2.950000000000000000e+02 9.483872906906825619e+02 3.000000000000000000e+00
6.000000000000000000e+01 2.010000000000000000e+02 9.886101858221659313e+02 2.000000000000000000e+00
2.400000000000000000e+01 2.880000000000000000e+02 9.928802905598693087e+02 3.000000000000000000e+00
8.000000000000000000e+00 2.910000000000000000e+02 1.037971515097428210e+03 4.000000000000000000e+00
1.450000000000000000e+02 2.330000000000000000e+02 1.040271852719902881e+03 2.000000000000000000e+00
1.140000000000000000e+02 2.820000000000000000e+02 1.061454374935579381e+03 3.000000000000000000e+00
9.900000000000000000e+01 2.520000000000000000e+02 1.062592862922165523e+03 2.000000000000000000e+00
1.240000000000000000e+02 1.740000000000000000e+02 1.068351041022268191e+03 2.000000000000000000e+00
1.280000000000000000e+02 3.060000000000000000e+02 1.176968216248699264e+03 3.000000000000000000e+00
2.890000000000000000e+02 2.900000000000000000e+02 1.180134102678428235e+03 9.000000000000000000e+00
3.200000000000000000e+01 2.790000000000000000e+02 1.211073061798701019e+03 3.000000000000000000e+00
1.300000000000000000e+01 9.600000000000000000e+01 1.228341152152901032e+03 2.000000000000000000e+00
2.660000000000000000e+02 2.830000000000000000e+02 1.230649743837493816e+03 6.000000000000000000e+00
8.500000000000000000e+01 3.010000000000000000e+02 1.233302754058103119e+03 3.000000000000000000e+00
1.190000000000000000e+02 2.710000000000000000e+02 1.251202220124159112e+03 4.000000000000000000e+00
2.800000000000000000e+01 2.230000000000000000e+02 1.271135835153708740e+03 2.000000000000000000e+00
1.900000000000000000e+02 2.170000000000000000e+02 1.273625048854378292e+03 2.000000000000000000e+00
1.530000000000000000e+02 2.020000000000000000e+02 1.277819457504612274e+03 2.000000000000000000e+00
4.800000000000000000e+01 2.990000000000000000e+02 1.291325163612033748e+03 4.000000000000000000e+00
2.100000000000000000e+01 1.120000000000000000e+02 1.341058892049371707e+03 2.000000000000000000e+00
1.840000000000000000e+02 2.470000000000000000e+02 1.342789605311158084e+03 2.000000000000000000e+00
6.000000000000000000e+00 4.000000000000000000e+01 1.344230504149078115e+03 2.000000000000000000e+00
1.520000000000000000e+02 2.300000000000000000e+02 1.379352695952180511e+03 2.000000000000000000e+00
1.080000000000000000e+02 1.720000000000000000e+02 1.403112823311404100e+03 2.000000000000000000e+00
1.000000000000000000e+02 2.410000000000000000e+02 1.419903266407688307e+03 2.000000000000000000e+00
1.170000000000000000e+02 2.770000000000000000e+02 1.460789951679789965e+03 3.000000000000000000e+00
1.290000000000000000e+02 2.980000000000000000e+02 1.463097727618002864e+03 3.000000000000000000e+00
3.030000000000000000e+02 3.110000000000000000e+02 1.483221088838538435e+03 6.000000000000000000e+00
1.910000000000000000e+02 2.040000000000000000e+02 1.505046887030530343e+03 2.000000000000000000e+00
2.970000000000000000e+02 3.050000000000000000e+02 1.506750775189050273e+03 5.000000000000000000e+00
7.900000000000000000e+01 2.800000000000000000e+02 1.522695915386578235e+03 3.000000000000000000e+00
1.620000000000000000e+02 3.080000000000000000e+02 1.531882683890342378e+03 4.000000000000000000e+00
1.810000000000000000e+02 2.590000000000000000e+02 1.555790186921685063e+03 2.000000000000000000e+00
5.700000000000000000e+01 8.300000000000000000e+01 1.585445906407821440e+03 2.000000000000000000e+00
8.700000000000000000e+01 2.500000000000000000e+02 1.614575062314072966e+03 2.000000000000000000e+00
1.260000000000000000e+02 1.490000000000000000e+02 1.629633946603760933e+03 2.000000000000000000e+00
2.960000000000000000e+02 3.260000000000000000e+02 1.633010133011729295e+03 6.000000000000000000e+00
4.600000000000000000e+01 2.920000000000000000e+02 1.635724245071447513e+03 3.000000000000000000e+00
1.050000000000000000e+02 1.540000000000000000e+02 1.700306622475342465e+03 2.000000000000000000e+00
2.940000000000000000e+02 3.000000000000000000e+02 1.701924841813360445e+03 7.000000000000000000e+00
3.130000000000000000e+02 3.290000000000000000e+02 1.707516964954016430e+03 8.000000000000000000e+00
2.250000000000000000e+02 2.870000000000000000e+02 1.709511060878691524e+03 3.000000000000000000e+00
3.020000000000000000e+02 3.180000000000000000e+02 1.731732421255504960e+03 7.000000000000000000e+00
2.840000000000000000e+02 3.240000000000000000e+02 1.846787569444921473e+03 4.000000000000000000e+00
6.800000000000000000e+01 2.510000000000000000e+02 1.856458612515843015e+03 2.000000000000000000e+00
2.000000000000000000e+01 1.100000000000000000e+02 1.858138912123012460e+03 2.000000000000000000e+00
1.800000000000000000e+01 3.400000000000000000e+02 1.865725696358285404e+03 9.000000000000000000e+00
2.750000000000000000e+02 3.410000000000000000e+02 1.884630873767940557e+03 5.000000000000000000e+00
9.800000000000000000e+01 1.320000000000000000e+02 1.943160916095470384e+03 2.000000000000000000e+00
3.000000000000000000e+00 3.430000000000000000e+02 2.000277248194054437e+03 5.000000000000000000e+00
4.500000000000000000e+01 5.300000000000000000e+01 2.033377683695022824e+03 2.000000000000000000e+00
3.200000000000000000e+02 3.300000000000000000e+02 2.037637915019931143e+03 5.000000000000000000e+00
1.750000000000000000e+02 3.280000000000000000e+02 2.050390791779759638e+03 3.000000000000000000e+00
2.350000000000000000e+02 2.480000000000000000e+02 2.051211368805348684e+03 2.000000000000000000e+00
2.930000000000000000e+02 3.070000000000000000e+02 2.051224196856947401e+03 5.000000000000000000e+00
8.100000000000000000e+01 2.450000000000000000e+02 2.057676442333140585e+03 2.000000000000000000e+00
2.200000000000000000e+02 3.140000000000000000e+02 2.060326155673592893e+03 5.000000000000000000e+00
1.340000000000000000e+02 3.160000000000000000e+02 2.068679265779715024e+03 3.000000000000000000e+00
7.800000000000000000e+01 3.460000000000000000e+02 2.090354209194804298e+03 1.000000000000000000e+01
1.920000000000000000e+02 2.060000000000000000e+02 2.141099354633207895e+03 2.000000000000000000e+00
3.420000000000000000e+02 3.480000000000000000e+02 2.160374826884230970e+03 9.000000000000000000e+00
1.630000000000000000e+02 2.260000000000000000e+02 2.169542340633956428e+03 2.000000000000000000e+00
5.400000000000000000e+01 1.980000000000000000e+02 2.210295130164253351e+03 2.000000000000000000e+00
3.450000000000000000e+02 3.500000000000000000e+02 2.231465442907116085e+03 4.000000000000000000e+00
1.000000000000000000e+01 5.000000000000000000e+01 2.306593312690807579e+03 2.000000000000000000e+00
3.090000000000000000e+02 3.120000000000000000e+02 2.312971296673493271e+03 1.500000000000000000e+01
3.270000000000000000e+02 3.310000000000000000e+02 2.346525212906503384e+03 1.000000000000000000e+01
1.090000000000000000e+02 3.440000000000000000e+02 2.388190056842548074e+03 3.000000000000000000e+00
2.070000000000000000e+02 3.230000000000000000e+02 2.391982662693647399e+03 3.000000000000000000e+00
1.860000000000000000e+02 1.950000000000000000e+02 2.411843547464760832e+03 2.000000000000000000e+00
1.330000000000000000e+02 1.960000000000000000e+02 2.413076680960456542e+03 2.000000000000000000e+00
1.410000000000000000e+02 3.360000000000000000e+02 2.427556088512762017e+03 7.000000000000000000e+00
1.710000000000000000e+02 3.250000000000000000e+02 2.438939272465085651e+03 4.000000000000000000e+00
1.440000000000000000e+02 2.090000000000000000e+02 2.446408667720993435e+03 2.000000000000000000e+00
1.230000000000000000e+02 3.570000000000000000e+02 2.451656103209775665e+03 4.000000000000000000e+00
1.560000000000000000e+02 2.630000000000000000e+02 2.485802634370584201e+03 2.000000000000000000e+00
1.110000000000000000e+02 3.710000000000000000e+02 2.518826655327748085e+03 8.000000000000000000e+00
8.900000000000000000e+01 1.940000000000000000e+02 2.520026295920712073e+03 2.000000000000000000e+00
7.000000000000000000e+00 8.200000000000000000e+01 2.547374440409472300e+03 2.000000000000000000e+00
6.900000000000000000e+01 7.700000000000000000e+01 2.576838025187526910e+03 2.000000000000000000e+00
5.000000000000000000e+00 3.550000000000000000e+02 2.593235147572418555e+03 3.000000000000000000e+00
5.100000000000000000e+01 7.600000000000000000e+01 2.614276170423726398e+03 2.000000000000000000e+00
1.150000000000000000e+02 3.040000000000000000e+02 2.641621067076853706e+03 3.000000000000000000e+00
3.400000000000000000e+01 1.200000000000000000e+02 2.663054751497830239e+03 2.000000000000000000e+00
8.400000000000000000e+01 3.680000000000000000e+02 2.671632841737225590e+03 4.000000000000000000e+00
3.300000000000000000e+01 3.630000000000000000e+02 2.676066248676043870e+03 5.000000000000000000e+00
3.370000000000000000e+02 3.580000000000000000e+02 2.750718099003795032e+03 1.300000000000000000e+01
1.900000000000000000e+01 3.150000000000000000e+02 2.882928919119678085e+03 3.000000000000000000e+00
2.300000000000000000e+01 9.000000000000000000e+01 2.899583591713815622e+03 2.000000000000000000e+00
1.730000000000000000e+02 3.850000000000000000e+02 2.909970115957294183e+03 6.000000000000000000e+00
1.600000000000000000e+02 2.100000000000000000e+02 3.025305061880590074e+03 2.000000000000000000e+00
3.530000000000000000e+02 3.560000000000000000e+02 3.080314222619751490e+03 7.000000000000000000e+00
1.040000000000000000e+02 3.100000000000000000e+02 3.114858854676597275e+03 4.000000000000000000e+00
1.360000000000000000e+02 3.590000000000000000e+02 3.162201704879594672e+03 3.000000000000000000e+00
2.600000000000000000e+01 1.250000000000000000e+02 3.191437805028447656e+03 2.000000000000000000e+00
3.390000000000000000e+02 3.720000000000000000e+02 3.216319760929017775e+03 1.100000000000000000e+01
3.510000000000000000e+02 3.860000000000000000e+02 3.225080857273194852e+03 1.800000000000000000e+01
3.100000000000000000e+01 4.400000000000000000e+01 3.271247417832037627e+03 2.000000000000000000e+00
3.220000000000000000e+02 3.810000000000000000e+02 3.323797070452725166e+03 4.000000000000000000e+00
1.570000000000000000e+02 3.640000000000000000e+02 3.328445458372996200e+03 3.000000000000000000e+00
2.310000000000000000e+02 3.760000000000000000e+02 3.370604014060570535e+03 9.000000000000000000e+00
3.340000000000000000e+02 3.470000000000000000e+02 3.467815588545307037e+03 7.000000000000000000e+00
4.900000000000000000e+01 7.500000000000000000e+01 3.471438350407467169e+03 2.000000000000000000e+00
1.500000000000000000e+01 3.840000000000000000e+02 3.505113064093674893e+03 5.000000000000000000e+00
5.500000000000000000e+01 3.970000000000000000e+02 3.527984802067944656e+03 3.000000000000000000e+00
3.600000000000000000e+01 1.660000000000000000e+02 3.534976914930870407e+03 2.000000000000000000e+00
2.200000000000000000e+01 7.200000000000000000e+01 3.538418591553134320e+03 2.000000000000000000e+00
2.120000000000000000e+02 2.460000000000000000e+02 3.539390447986606887e+03 2.000000000000000000e+00
1.690000000000000000e+02 3.750000000000000000e+02 3.545144559749817290e+03 3.000000000000000000e+00
3.380000000000000000e+02 3.540000000000000000e+02 3.546381030712962456e+03 7.000000000000000000e+00
3.170000000000000000e+02 3.880000000000000000e+02 3.568996020677937395e+03 4.000000000000000000e+00
1.160000000000000000e+02 1.970000000000000000e+02 3.574409210331573831e+03 2.000000000000000000e+00
3.330000000000000000e+02 3.660000000000000000e+02 3.629756854614578970e+03 1.200000000000000000e+01
2.530000000000000000e+02 3.350000000000000000e+02 3.673925237562773418e+03 3.000000000000000000e+00
3.490000000000000000e+02 3.820000000000000000e+02 3.697300226636637944e+03 8.000000000000000000e+00
2.440000000000000000e+02 3.770000000000000000e+02 3.706608032266959071e+03 3.000000000000000000e+00
3.210000000000000000e+02 3.670000000000000000e+02 3.721662274283516126e+03 5.000000000000000000e+00
6.100000000000000000e+01 3.960000000000000000e+02 3.725311108407506254e+03 1.900000000000000000e+01
2.570000000000000000e+02 2.580000000000000000e+02 3.771583070917546593e+03 2.000000000000000000e+00
3.520000000000000000e+02 3.740000000000000000e+02 3.782296960625799784e+03 7.000000000000000000e+00
3.730000000000000000e+02 3.800000000000000000e+02 3.788628581642325571e+03 5.000000000000000000e+00
7.000000000000000000e+01 3.920000000000000000e+02 3.843795059915614729e+03 5.000000000000000000e+00
3.700000000000000000e+02 4.080000000000000000e+02 3.876207211300624749e+03 5.000000000000000000e+00
1.850000000000000000e+02 3.780000000000000000e+02 3.932719359744517078e+03 3.000000000000000000e+00
1.220000000000000000e+02 3.600000000000000000e+02 3.988754002056455192e+03 1.000000000000000000e+01
3.650000000000000000e+02 3.690000000000000000e+02 4.110196211419177416e+03 1.700000000000000000e+01
3.900000000000000000e+02 4.180000000000000000e+02 4.111374070811171805e+03 4.000000000000000000e+00
1.300000000000000000e+02 3.830000000000000000e+02 4.133334651931087137e+03 3.000000000000000000e+00
1.130000000000000000e+02 2.390000000000000000e+02 4.280107936363353474e+03 2.000000000000000000e+00
3.610000000000000000e+02 4.220000000000000000e+02 4.280903851372784629e+03 7.000000000000000000e+00
9.000000000000000000e+00 4.150000000000000000e+02 4.398528525737433483e+03 4.000000000000000000e+00
1.400000000000000000e+01 6.400000000000000000e+01 4.417326783154698205e+03 2.000000000000000000e+00
3.870000000000000000e+02 3.930000000000000000e+02 4.437363184286518845e+03 6.000000000000000000e+00
4.300000000000000000e+01 1.070000000000000000e+02 4.465640849106734095e+03 2.000000000000000000e+00
1.180000000000000000e+02 1.350000000000000000e+02 4.577284206618325697e+03 2.000000000000000000e+00
9.400000000000000000e+01 1.580000000000000000e+02 4.628375005588152817e+03 2.000000000000000000e+00
3.190000000000000000e+02 4.250000000000000000e+02 4.652382311986290006e+03 1.900000000000000000e+01
4.010000000000000000e+02 4.240000000000000000e+02 4.695289351483829705e+03 1.700000000000000000e+01
7.300000000000000000e+01 4.040000000000000000e+02 4.732387938477758325e+03 4.000000000000000000e+00
2.700000000000000000e+01 1.550000000000000000e+02 4.740488943125410515e+03 2.000000000000000000e+00
2.110000000000000000e+02 4.320000000000000000e+02 4.767274986749486743e+03 7.000000000000000000e+00
6.500000000000000000e+01 4.230000000000000000e+02 4.813720068836219070e+03 4.000000000000000000e+00
3.620000000000000000e+02 4.360000000000000000e+02 4.878159197578788735e+03 2.100000000000000000e+01
9.200000000000000000e+01 4.020000000000000000e+02 4.922462935372572247e+03 3.000000000000000000e+00
5.600000000000000000e+01 2.000000000000000000e+02 4.997156186600502224e+03 2.000000000000000000e+00
4.160000000000000000e+02 4.340000000000000000e+02 5.076928896825660559e+03 7.000000000000000000e+00
4.090000000000000000e+02 4.420000000000000000e+02 5.393345963180866420e+03 2.800000000000000000e+01
1.310000000000000000e+02 3.320000000000000000e+02 5.396173795926633829e+03 3.000000000000000000e+00
1.700000000000000000e+01 5.800000000000000000e+01 5.428467723964038669e+03 2.000000000000000000e+00
1.000000000000000000e+00 4.450000000000000000e+02 5.511086983883519679e+03 8.000000000000000000e+00
4.170000000000000000e+02 4.290000000000000000e+02 5.522270159138979579e+03 2.600000000000000000e+01
4.050000000000000000e+02 4.330000000000000000e+02 5.599517806882741752e+03 4.000000000000000000e+00
6.300000000000000000e+01 2.150000000000000000e+02 5.676016254680205748e+03 2.000000000000000000e+00
4.120000000000000000e+02 4.200000000000000000e+02 5.716031877873723715e+03 1.700000000000000000e+01
1.400000000000000000e+02 2.320000000000000000e+02 5.776882690567921600e+03 2.000000000000000000e+00
6.700000000000000000e+01 2.280000000000000000e+02 5.899390326410642956e+03 2.000000000000000000e+00
3.790000000000000000e+02 3.950000000000000000e+02 5.916115704629127322e+03 1.300000000000000000e+01
1.680000000000000000e+02 4.260000000000000000e+02 5.929360550383712507e+03 5.000000000000000000e+00
3.990000000000000000e+02 4.300000000000000000e+02 5.993156342080123977e+03 7.000000000000000000e+00
3.980000000000000000e+02 4.270000000000000000e+02 6.082924614339334767e+03 7.000000000000000000e+00
3.910000000000000000e+02 4.210000000000000000e+02 6.209383904486168831e+03 1.200000000000000000e+01
3.890000000000000000e+02 4.110000000000000000e+02 6.252768775457143420e+03 8.000000000000000000e+00
3.500000000000000000e+01 5.900000000000000000e+01 6.280020810014570998e+03 2.000000000000000000e+00
4.410000000000000000e+02 4.500000000000000000e+02 6.389056530831835516e+03 3.000000000000000000e+01
4.100000000000000000e+02 4.530000000000000000e+02 6.623589932010186203e+03 2.100000000000000000e+01
4.000000000000000000e+02 4.070000000000000000e+02 6.834579960564217799e+03 1.100000000000000000e+01
1.590000000000000000e+02 2.400000000000000000e+02 6.835753019137709089e+03 2.000000000000000000e+00
4.140000000000000000e+02 4.560000000000000000e+02 6.952225785198681479e+03 2.100000000000000000e+01
3.940000000000000000e+02 4.600000000000000000e+02 7.157292887352628895e+03 1.400000000000000000e+01
1.200000000000000000e+01 4.490000000000000000e+02 7.160830912908006212e+03 9.000000000000000000e+00
2.340000000000000000e+02 4.190000000000000000e+02 7.176872710136927708e+03 8.000000000000000000e+00
4.430000000000000000e+02 4.630000000000000000e+02 7.250760458215972903e+03 3.300000000000000000e+01
4.310000000000000000e+02 4.520000000000000000e+02 7.361021851256759874e+03 4.000000000000000000e+00
4.130000000000000000e+02 4.380000000000000000e+02 7.369918522941738956e+03 7.000000000000000000e+00
4.350000000000000000e+02 4.510000000000000000e+02 7.425886977016351011e+03 6.000000000000000000e+00
4.030000000000000000e+02 4.580000000000000000e+02 7.600425292941406951e+03 1.200000000000000000e+01
4.550000000000000000e+02 4.710000000000000000e+02 7.757754237402786202e+03 3.500000000000000000e+01
1.820000000000000000e+02 4.620000000000000000e+02 7.850901317958303480e+03 3.000000000000000000e+00
1.210000000000000000e+02 4.480000000000000000e+02 7.858502282664700942e+03 3.000000000000000000e+00
4.400000000000000000e+02 4.700000000000000000e+02 7.877634762493001290e+03 1.500000000000000000e+01
1.800000000000000000e+02 1.880000000000000000e+02 8.005739171139528480e+03 2.000000000000000000e+00
1.830000000000000000e+02 4.690000000000000000e+02 8.223703480952943210e+03 1.000000000000000000e+01
7.400000000000000000e+01 4.060000000000000000e+02 8.342062529029828511e+03 3.000000000000000000e+00
4.440000000000000000e+02 4.680000000000000000e+02 8.394756045109279512e+03 1.600000000000000000e+01
2.620000000000000000e+02 4.810000000000000000e+02 9.485633782466915363e+03 1.100000000000000000e+01
1.870000000000000000e+02 4.660000000000000000e+02 9.713386437794266385e+03 3.000000000000000000e+00
4.720000000000000000e+02 4.770000000000000000e+02 9.776649736775807469e+03 7.000000000000000000e+00
4.610000000000000000e+02 4.640000000000000000e+02 9.961522650508231891e+03 2.900000000000000000e+01
4.280000000000000000e+02 4.650000000000000000e+02 1.054443254228567457e+04 1.300000000000000000e+01
2.210000000000000000e+02 4.570000000000000000e+02 1.079453498961447804e+04 6.000000000000000000e+00
4.370000000000000000e+02 4.590000000000000000e+02 1.098165517410323810e+04 2.400000000000000000e+01
4.850000000000000000e+02 4.860000000000000000e+02 1.112064375532233862e+04 1.000000000000000000e+01
4.390000000000000000e+02 4.820000000000000000e+02 1.116120391935146836e+04 5.000000000000000000e+00
2.000000000000000000e+00 4.920000000000000000e+02 1.148256566605934859e+04 6.000000000000000000e+00
4.740000000000000000e+02 4.760000000000000000e+02 1.156039670767427924e+04 4.100000000000000000e+01
4.670000000000000000e+02 4.870000000000000000e+02 1.165430409098490054e+04 5.000000000000000000e+01
2.160000000000000000e+02 4.910000000000000000e+02 1.181489295180354384e+04 1.100000000000000000e+01
2.370000000000000000e+02 4.750000000000000000e+02 1.182777183899856391e+04 1.300000000000000000e+01
2.380000000000000000e+02 4.970000000000000000e+02 1.219472117597985925e+04 1.400000000000000000e+01
6.600000000000000000e+01 4.800000000000000000e+02 1.237307346042483914e+04 3.000000000000000000e+00
4.470000000000000000e+02 4.900000000000000000e+02 1.392882299409503685e+04 2.700000000000000000e+01
1.020000000000000000e+02 4.940000000000000000e+02 1.395319228152363394e+04 4.200000000000000000e+01
4.790000000000000000e+02 4.890000000000000000e+02 1.425380059349094699e+04 2.100000000000000000e+01
4.000000000000000000e+00 4.980000000000000000e+02 1.528480983931386982e+04 1.500000000000000000e+01
9.500000000000000000e+01 4.780000000000000000e+02 1.537516960748312886e+04 4.000000000000000000e+00
4.460000000000000000e+02 4.830000000000000000e+02 1.539854200607340135e+04 4.400000000000000000e+01
4.730000000000000000e+02 4.950000000000000000e+02 1.543725306999921668e+04 5.700000000000000000e+01
4.540000000000000000e+02 5.060000000000000000e+02 1.554178899826945781e+04 5.900000000000000000e+01
5.010000000000000000e+02 5.030000000000000000e+02 1.703531091747370374e+04 5.700000000000000000e+01
4.840000000000000000e+02 5.040000000000000000e+02 1.785687882557075136e+04 1.500000000000000000e+01
1.890000000000000000e+02 5.020000000000000000e+02 1.855615416163524424e+04 2.200000000000000000e+01
2.610000000000000000e+02 5.050000000000000000e+02 1.892603421455158605e+04 4.500000000000000000e+01
5.000000000000000000e+02 5.070000000000000000e+02 2.070298575735248960e+04 8.600000000000000000e+01
1.610000000000000000e+02 5.080000000000000000e+02 2.271776788603408204e+04 5.800000000000000000e+01
4.930000000000000000e+02 5.130000000000000000e+02 2.405857166246076667e+04 6.400000000000000000e+01
4.880000000000000000e+02 5.100000000000000000e+02 2.482788511219832435e+04 3.500000000000000000e+01
2.180000000000000000e+02 4.960000000000000000e+02 2.738742719947413934e+04 1.200000000000000000e+01
5.090000000000000000e+02 5.140000000000000000e+02 2.793762118374872080e+04 7.900000000000000000e+01
2.290000000000000000e+02 5.110000000000000000e+02 3.474930228642498696e+04 4.600000000000000000e+01
5.120000000000000000e+02 5.180000000000000000e+02 3.863744788126530329e+04 1.320000000000000000e+02
1.930000000000000000e+02 5.160000000000000000e+02 4.022029669517222646e+04 1.300000000000000000e+01
5.150000000000000000e+02 5.170000000000000000e+02 4.979448402362498746e+04 1.140000000000000000e+02
5.200000000000000000e+02 5.210000000000000000e+02 6.166814394299205742e+04 1.270000000000000000e+02
1.600000000000000000e+01 5.220000000000000000e+02 6.395782678308835602e+04 1.280000000000000000e+02
4.990000000000000000e+02 5.190000000000000000e+02 7.435171650607022457e+04 1.350000000000000000e+02
5.230000000000000000e+02 5.240000000000000000e+02 9.170182339118821255e+04 2.630000000000000000e+02
2.360000000000000000e+02 5.250000000000000000e+02 4.667217634052222711e+05 2.640000000000000000e+02
