5.700000000000000000e+01 6.800000000000000000e+01 1.736399783444519471e+02 2.000000000000000000e+00
2.700000000000000000e+01 3.400000000000000000e+01 1.801149811313971441e+02 2.000000000000000000e+00
3.900000000000000000e+01 5.500000000000000000e+01 2.292551822033810822e+02 2.000000000000000000e+00
1.200000000000000000e+01 4.500000000000000000e+01 2.310277509851041486e+02 2.000000000000000000e+00
4.000000000000000000e+00 4.600000000000000000e+01 2.352156611716434327e+02 2.000000000000000000e+00
9.000000000000000000e+00 2.400000000000000000e+01 2.357408108897698185e+02 2.000000000000000000e+00
7.000000000000000000e+00 2.500000000000000000e+01 2.663996640940945326e+02 2.000000000000000000e+00
2.200000000000000000e+01 2.800000000000000000e+01 3.070540745789191988e+02 2.000000000000000000e+00
1.500000000000000000e+01 5.100000000000000000e+01 3.727238346903491220e+02 2.000000000000000000e+00
7.700000000000000000e+01 8.200000000000000000e+01 3.911024279824222276e+02 4.000000000000000000e+00
3.600000000000000000e+01 7.900000000000000000e+01 4.039696220081803517e+02 3.000000000000000000e+00
3.000000000000000000e+00 2.100000000000000000e+01 4.255720676459504830e+02 2.000000000000000000e+00
1.900000000000000000e+01 4.100000000000000000e+01 4.368574672621584796e+02 2.000000000000000000e+00
6.700000000000000000e+01 8.000000000000000000e+01 4.375823524788035570e+02 3.000000000000000000e+00
7.600000000000000000e+01 7.800000000000000000e+01 4.402925050833120508e+02 4.000000000000000000e+00
3.500000000000000000e+01 7.400000000000000000e+01 4.704104166261731734e+02 2.000000000000000000e+00
3.100000000000000000e+01 8.500000000000000000e+01 4.788312229648174139e+02 4.000000000000000000e+00
3.200000000000000000e+01 4.800000000000000000e+01 4.879869261980086321e+02 2.000000000000000000e+00
4.400000000000000000e+01 6.100000000000000000e+01 4.920310379984289284e+02 2.000000000000000000e+00
4.300000000000000000e+01 8.900000000000000000e+01 5.178820258875509808e+02 5.000000000000000000e+00
6.200000000000000000e+01 8.800000000000000000e+01 5.181243572016448979e+02 4.000000000000000000e+00
6.000000000000000000e+00 6.400000000000000000e+01 5.847904404080638869e+02 2.000000000000000000e+00
5.000000000000000000e+01 7.100000000000000000e+01 6.181638300106637871e+02 2.000000000000000000e+00
1.800000000000000000e+01 9.200000000000000000e+01 6.529717100106447560e+02 3.000000000000000000e+00
4.000000000000000000e+01 9.100000000000000000e+01 7.161596306840901889e+02 5.000000000000000000e+00
7.300000000000000000e+01 9.600000000000000000e+01 7.184650880047278179e+02 3.000000000000000000e+00
5.400000000000000000e+01 5.800000000000000000e+01 7.242169664110151643e+02 2.000000000000000000e+00
6.900000000000000000e+01 9.500000000000000000e+01 7.666423231996147933e+02 5.000000000000000000e+00
8.100000000000000000e+01 8.400000000000000000e+01 7.669919954990326687e+02 6.000000000000000000e+00
3.000000000000000000e+01 9.700000000000000000e+01 7.670431477737887462e+02 3.000000000000000000e+00
5.900000000000000000e+01 8.700000000000000000e+01 8.520522235565047140e+02 3.000000000000000000e+00
2.300000000000000000e+01 1.040000000000000000e+02 8.920215476437615507e+02 4.000000000000000000e+00
7.500000000000000000e+01 1.050000000000000000e+02 9.469222761439501710e+02 5.000000000000000000e+00
3.700000000000000000e+01 6.000000000000000000e+01 9.841185328264423333e+02 2.000000000000000000e+00
2.600000000000000000e+01 9.800000000000000000e+01 9.967235968043958110e+02 4.000000000000000000e+00
2.000000000000000000e+00 6.300000000000000000e+01 1.028426420604693249e+03 2.000000000000000000e+00
9.000000000000000000e+01 1.010000000000000000e+02 1.055234531201732580e+03 4.000000000000000000e+00
8.300000000000000000e+01 1.020000000000000000e+02 1.061803780442719244e+03 7.000000000000000000e+00
1.300000000000000000e+01 1.000000000000000000e+02 1.065523768705354087e+03 4.000000000000000000e+00
4.700000000000000000e+01 5.600000000000000000e+01 1.163850436895079611e+03 2.000000000000000000e+00
0.000000000000000000e+00 1.100000000000000000e+01 1.188644993394998437e+03 2.000000000000000000e+00
2.900000000000000000e+01 9.900000000000000000e+01 1.190464046076760042e+03 6.000000000000000000e+00
1.000000000000000000e+00 4.200000000000000000e+01 1.237853910480768036e+03 2.000000000000000000e+00
3.800000000000000000e+01 1.030000000000000000e+02 1.404205757797730257e+03 7.000000000000000000e+00
6.500000000000000000e+01 1.160000000000000000e+02 1.409587421868833417e+03 7.000000000000000000e+00
5.200000000000000000e+01 1.060000000000000000e+02 1.416871462789229554e+03 5.000000000000000000e+00
5.300000000000000000e+01 9.300000000000000000e+01 1.468490514482322624e+03 3.000000000000000000e+00
1.700000000000000000e+01 1.130000000000000000e+02 1.552821549050162048e+03 5.000000000000000000e+00
1.070000000000000000e+02 1.120000000000000000e+02 1.604359014491252083e+03 1.200000000000000000e+01
4.900000000000000000e+01 1.180000000000000000e+02 1.613940644789131284e+03 8.000000000000000000e+00
1.100000000000000000e+02 1.110000000000000000e+02 1.643450340576617009e+03 6.000000000000000000e+00
5.000000000000000000e+00 1.150000000000000000e+02 1.649272492217589843e+03 3.000000000000000000e+00
9.400000000000000000e+01 1.230000000000000000e+02 1.671400065312192055e+03 1.700000000000000000e+01
7.000000000000000000e+01 7.200000000000000000e+01 2.353960405648078449e+03 2.000000000000000000e+00
1.090000000000000000e+02 1.140000000000000000e+02 2.416200393109610559e+03 6.000000000000000000e+00
1.190000000000000000e+02 1.200000000000000000e+02 2.616672111377856254e+03 1.200000000000000000e+01
1.600000000000000000e+01 1.220000000000000000e+02 2.882227465685135940e+03 6.000000000000000000e+00
6.600000000000000000e+01 1.290000000000000000e+02 2.979066269553177335e+03 7.000000000000000000e+00
1.250000000000000000e+02 1.270000000000000000e+02 3.056577616346368814e+03 2.300000000000000000e+01
1.170000000000000000e+02 1.210000000000000000e+02 3.091132405197643948e+03 5.000000000000000000e+00
3.300000000000000000e+01 1.240000000000000000e+02 4.052880968642742118e+03 9.000000000000000000e+00
1.310000000000000000e+02 1.330000000000000000e+02 4.056473116187876258e+03 2.900000000000000000e+01
1.400000000000000000e+01 1.360000000000000000e+02 5.402202081053627808e+03 3.000000000000000000e+01
1.260000000000000000e+02 1.300000000000000000e+02 5.529137132470330471e+03 1.500000000000000000e+01
8.000000000000000000e+00 1.080000000000000000e+02 6.124082277145396802e+03 3.000000000000000000e+00
1.280000000000000000e+02 1.370000000000000000e+02 7.908031334501548372e+03 3.200000000000000000e+01
2.000000000000000000e+01 1.320000000000000000e+02 8.218290000229921134e+03 8.000000000000000000e+00
1.350000000000000000e+02 1.380000000000000000e+02 9.212704063292067076e+03 2.400000000000000000e+01
1.340000000000000000e+02 1.400000000000000000e+02 9.797308387070477693e+03 3.700000000000000000e+01
8.600000000000000000e+01 1.420000000000000000e+02 1.184436188371857861e+04 2.600000000000000000e+01
1.390000000000000000e+02 1.440000000000000000e+02 1.590035049476532186e+04 2.900000000000000000e+01
1.410000000000000000e+02 1.430000000000000000e+02 1.701395337653545357e+04 4.500000000000000000e+01
1.450000000000000000e+02 1.460000000000000000e+02 3.503796557519563066e+04 7.400000000000000000e+01
1.000000000000000000e+01 1.470000000000000000e+02 5.472746037165285816e+04 7.500000000000000000e+01
