3.143440046495933984e+03
7.445152980435147583e+03
1.796735802255308954e+04
1.867767444956670715e+03
1.371586056919822568e+03
1.513981101292469248e+03
2.009266085049197955e+03
1.411418787336065543e+04
1.458000643560616481e+03
2.234969118191062989e+03
8.204359782637598983e+03
2.014614207659175008e+03
1.588553057581296343e+03
1.785916247342371662e+03
9.494583043069967971e+03
2.435717693612813309e+04
8.515095145018041876e+03
1.497053957343994625e+04
1.387678842796356548e+03
1.001209727918507997e+04
2.765769277798468465e+03
2.033053848676459893e+04
1.310857561112230178e+04
8.480384077130602236e+02
2.031018393702137837e+04
1.833779540633562192e+03
1.631311742015277105e+03
1.229293476687528255e+03
3.222011429958855842e+03
1.373692752866981391e+04
3.335069411542199759e+03
1.381108600624489554e+04
1.422088015231693589e+03
1.190154217264505860e+03
1.510595603471580944e+03
1.203300099345979561e+03
2.825208253144394348e+03
1.829264121208506549e+04
9.935084138991425789e+03
1.792630102972852910e+04
1.920832717735454025e+03
1.104210984611016556e+03
1.314367761118784620e+04
9.394725826548565237e+02
1.135368222073469951e+03
9.302895103692126213e+02
5.456311751420463224e+03
2.503384344022847017e+03
9.231620958064417209e+03
1.244548052039187496e+03
1.683799850322398015e+03
6.028105614528658407e+02
2.051428422020216385e+04
2.723722063894957046e+03
1.275608975811907840e+03
1.822495967223854677e+04
1.540628944111922465e+03
1.680440954778096966e+03
2.651018689685187928e+04
4.697712243469501118e+03
1.909126418274184289e+03
9.632411616191229768e+02
1.410263642884380170e+04
5.296346543376221234e+02
3.629301524138577861e+03
8.008545077288666107e+03
9.552419305178020295e+03
1.418640844851644943e+03
1.582142966303872072e+03
1.091534015846220427e+03
1.509692613913907280e+03
1.666678274567151675e+04
1.045986614876522253e+04
1.062549429843129019e+03
5.298381449286497627e+03
3.009887591047166643e+04
1.291541544376214006e+03
2.918157929406002495e+03
2.303285405291989719e+03
4.113208576201382130e+03
2.548943559582674061e+04
2.402285960945329407e+03
2.376378768262727135e+03
1.121143673525754639e+04
2.193054957795168775e+03
2.913083999797030629e+03
1.869763456125300763e+03
1.007651999814880401e+04
2.339173654084140071e+04
5.251946802899121394e+03
1.516057157425095284e+04
1.714196235517440527e+03
6.967272711948315191e+03
1.184207027632259269e+03
1.898836757303296326e+04
1.282844331783540474e+04
2.903153944631017566e+03
1.880949349855100809e+04
1.307873441286278648e+03
1.847117653357211111e+03
1.258312974563842545e+03
2.622583685640766362e+03
2.225546432880123757e+04
3.303068869393367549e+03
1.075075970931993652e+04
2.818362370920023295e+03
1.835615330697861737e+03
1.432064822018945961e+03
2.882457515767601762e+03
4.020772846098044283e+03
2.995959418359932897e+04
6.992742738978422494e+03
2.976984029272824773e+04
2.785026308370982861e+03
2.625419423945039853e+03
9.015387644081067265e+03
2.369888583368344371e+03
1.371360733186526431e+03
2.728885435913936817e+03
4.642433986910216845e+03
3.315173525489250096e+03
5.305813408595097826e+03
3.557961031748710411e+03
1.302768121260916814e+03
2.882579319677213334e+03
2.169235201606712508e+04
2.994657227797230007e+03
2.246176627302394991e+03
1.494721638122833247e+04
1.660420173381791301e+03
2.585687726481466598e+03
2.526359194650610880e+04
5.000659438852720996e+03
2.156325342598583575e+03
3.965114250088387053e+03
2.255007942469944828e+04
2.887446699197609178e+03
4.515631018750102157e+03
9.477971572151622240e+03
8.097608899507208662e+03
2.444907018024129684e+03
2.788948501800127815e+03
3.683576818961951176e+03
1.497226388415615475e+03
1.376538947632164309e+04
1.286937553796720567e+04
1.475419228048435798e+03
2.676865739189578017e+04
4.386800533122110210e+03
6.627086922936376141e+03
4.254607123468778809e+03
7.521298434765863931e+03
1.620252588576727976e+04
5.563132446261402947e+03
3.991340998421434051e+03
1.046165160136726081e+04
4.498627307393521733e+03
4.396177492349625027e+03
6.686733371005968365e+03
1.353744657369004562e+04
1.636550299177430134e+04
2.348856172297161720e+03
1.743553718816845139e+04
5.158497649212887154e+03
2.189391697345899047e+03
4.219780806154119091e+03
1.367909973640762291e+04
6.011884483975887633e+03
5.579961722935800026e+03
8.714800237075076438e+03
5.424441965824208637e+03
4.227454701275712978e+03
5.174202701007587166e+03
3.071932456582369923e+03
2.029058314037996024e+04
1.061911030405690326e+04
7.242587035854839996e+03
4.249716660320617848e+03
5.797006821552387919e+03
5.498346743489606524e+03
5.265812120855585817e+03
6.828053577863081046e+03
2.170609565372512952e+04
3.105550840556390995e+03
2.331921644880050735e+04
4.528747169228136954e+03
6.303016806382599498e+03
4.707685440429909249e+03
6.131455201279859466e+03
5.442212414634260313e+03
6.362675744291090268e+03
9.626774135267387464e+03
7.407421317515638293e+03
3.290821240224422127e+03
7.355730238931511849e+03
3.951276226076563034e+03
4.314733192211443566e+03
1.368742283118241176e+04
6.061774298433074364e+03
4.601096239089958544e+03
1.112194602881146602e+04
4.524388204884147854e+03
4.222045834529102649e+03
1.527365084295350971e+04
6.427438194754687174e+03
5.821704108465677564e+03
9.926282209100629188e+03
1.870405799568148359e+04
5.706640691332373535e+03
8.091508840553689879e+03
1.403994104801521098e+04
5.742748467841227466e+03
7.583304921665754591e+03
4.543498947051740288e+03
9.064631418530001611e+03
4.887226733898287421e+03
1.152586801146185826e+04
1.369252035998471911e+04
4.104940650170883600e+03
1.849560800887727964e+04
2.034921116794328191e+04
2.007383647942038078e+04
2.481059841827808486e+04
9.818878827752882898e+02
2.258608129306430055e+04
2.353089182401214202e+04
3.916083977337650140e+04
2.279638762783227139e+04
1.769775325865585910e+04
2.238022264544241261e+04
2.117708145001644880e+04
2.500962736553892319e+04
2.551400343212958978e+04
4.931084878123733506e+04
1.596214393586782535e+04
2.974392849200651108e+04
2.407122255824229069e+04
3.534198223771961784e+04
3.662589559624038520e+04
1.742675728632082610e+04
2.540096411086104490e+04
2.094304063822600074e+04
1.850391321489269103e+04
1.951556960953354428e+04
2.152461531098728301e+04
1.138723534769822072e+04
3.825313667509273364e+04
3.375166177890937252e+04
2.194885303263814421e+04
2.073124433479597792e+04
1.715712501425041410e+04
2.171324482130625984e+04
3.097483097055321559e+04
2.753219748109777811e+03
2.926462600143923919e+04
1.092549304018574276e+03
2.571201609112047663e+04
2.503009703085818182e+04
3.192101958355585884e+04
2.201985410417788444e+04
2.065125924487917291e+04
2.064029492000041137e+04
4.606019898270277918e+04
2.691485814253886565e+04
2.686880483924513101e+04
3.041310725581894803e+04
2.008786311335819846e+04
1.798697615623834281e+04
2.893620579747572629e+04
2.124986284356028045e+04
2.224066423315101565e+04
3.521634106355970289e+04
1.426731494926977757e+04
2.432792366572419996e+04
3.260647911146075057e+04
5.459038033919099689e+04
1.819026635913685095e+04
3.296885782186417055e+04
1.539936540438364318e+04
2.392593059838953923e+04
5.310487861458552652e+04
4.671289923338996596e+04
3.403718257320247358e+04
2.067515611591792913e+04
2.309357578025477778e+04
2.378216419967269758e+04
1.835753398896524232e+04
3.412045161140114942e+04
2.396970654681811357e+04
1.806612957496470699e+04
1.938859461229365934e+03
1.538165883377207592e+03
2.620541914283703136e+03
1.441993188296127846e+04
1.844891054546319083e+03
2.198206842760159816e+03
1.032957176367685315e+04
1.493853061504934431e+03
1.907877145081296476e+03
1.131001798850489195e+03
8.143163750910406634e+03
2.172183384280971586e+04
4.690781317747466346e+03
1.555375740178730484e+04
7.185530725113508197e+02
5.140578066076877803e+03
8.684069417039177097e+02
1.763449305367436318e+04
1.001152927755721976e+04
1.729361011965293073e+03
1.599273084715789082e+04
6.380569925604104355e+02
1.075716718237369150e+03
9.073907590610560874e+02
2.266008229899807702e+03
1.319736251268299748e+04
2.532882937512521039e+03
8.776748264738593207e+03
2.000127540331085129e+03
1.264256392370466074e+03
4.150542706432879640e+02
1.960959243361652625e+03
3.792921066909016190e+03
1.794349424051542883e+04
6.080656140619590587e+03
1.810503690609498881e+04
1.937458475650477340e+03
2.189405378167523395e+03
7.827208573967169286e+03
1.369179037130689267e+03
6.330731356388132554e+02
1.326315946340729170e+03
3.976517617052112200e+03
3.142058102633293402e+03
5.040881812035292569e+03
2.865234002574394253e+03
1.002628959413216307e+03
1.553209103307562145e+03
1.848256948403272327e+04
2.512321961949678098e+03
1.288212931087027755e+03
1.310472595995232405e+04
6.053628786526323893e+02
2.003464414901118744e+03
2.238447212956752264e+04
6.063642730554357513e+03
1.497863727455664957e+03
3.839518004604975886e+03
1.438412093942805950e+04
1.929953041151400157e+03
5.338181295853096344e+03
9.112715691828785566e+03
7.471454061518554226e+03
1.125877913896084920e+03
1.964500758975018471e+03
2.759988839926906621e+03
5.776169562906738975e+02
1.263794889256035094e+04
1.145301835490086887e+04
6.989897389135167032e+02
7.236130442813323498e+02
1.751020374165710109e+03
1.535653398152466252e+04
9.464109547188713805e+02
1.489248870676748993e+03
7.844932371309761038e+03
2.263349831096344133e+03
5.983001607243058970e+02
2.080839800225868657e+03
9.880597692690029362e+03
2.144944024720231755e+04
7.472356770579172007e+03
1.337574622096179519e+04
1.337025810124649979e+03
9.296036332583478725e+03
2.190730209335014479e+03
1.912135264479619946e+04
1.161745874538158023e+04
8.214553264147398295e+02
1.760163488945785866e+04
1.653799661822775761e+03
2.350306861000094159e+03
1.079986817092441925e+03
3.157730112842134076e+03
1.622637437736679203e+04
3.840289661280380187e+03
1.267548480746852147e+04
1.046350971321598990e+03
2.030871896405315056e+03
1.853589766817285181e+03
8.793494002047459617e+02
1.767773459473214189e+03
2.018167144554970946e+04
8.117426423360942863e+03
1.992458496030079914e+04
1.964812219117886798e+03
1.286527789589935765e+03
1.147270062052800313e+04
9.259321756078766157e+02
1.440448367115706787e+03
2.166855195298419858e+03
5.469422324854638646e+03
1.201621378301671484e+03
8.107052765163123695e+03
1.322675053377391578e+03
1.150158349503032241e+03
9.501859645593544883e+02
1.880534128141601832e+04
2.337647801164039265e+03
1.073528061463749964e+03
1.624329647555232077e+04
1.539775586742377982e+03
1.138990467940099734e+03
2.430526370103338559e+04
5.055080778263255525e+03
2.759345828387052279e+03
1.666927899952990629e+03
1.429250648314312639e+04
9.277185409574221922e+02
5.559968237711786060e+03
8.163098232940614253e+03
8.162058690445213870e+03
2.073727483778782243e+03
5.600701502015845108e+02
1.844339328679099253e+03
1.669952342112248516e+03
1.558460405540407373e+04
9.247321121069733636e+03
1.844847784966445033e+03
1.327625352512078734e+03
1.439299975531093514e+04
3.663056657392444322e+02
8.781301493522328201e+02
7.470718672816433354e+03
1.554220071928989000e+03
4.130662958170200909e+02
1.948092487762600285e+03
1.003809551086664578e+04
1.859333076258137953e+04
4.269487187426777382e+03
1.428886107373785489e+04
1.076470474788392494e+03
6.839925160954207968e+03
1.781781577415815718e+03
1.688675488880325065e+04
9.452168601910409052e+03
8.841617247146186855e+02
1.331791769697354903e+04
9.459393228745680062e+02
1.693030723554492397e+03
8.293873128613636254e+02
2.283958900704143161e+03
1.643859712074231356e+04
3.878071006392089657e+03
9.958314584495772579e+03
7.946619843121425220e+02
2.124088148112324234e+03
1.675671496771399006e+03
8.070707959500437028e+02
1.461364685042329256e+03
1.878933410894761982e+04
4.757911201849078680e+03
1.952182049534722319e+04
1.072627274619243963e+03
1.265982555567925829e+03
8.405706953889906799e+03
1.014505976277499030e+03
1.192459033453221309e+03
2.179391004328356303e+03
4.611971330647180366e+03
1.894909179968522039e+03
5.475384596138250345e+03
1.196285780548920684e+03
6.944437082104186629e+02
9.963488678427265768e+02
1.569755075834968738e+04
2.543212613479559423e+03
3.890741582584273601e+02
1.326688465819962585e+04
1.328766484025259842e+03
4.376992796076006016e+02
2.028235499475658071e+04
4.044174061461479141e+03
2.689129774641094627e+03
1.977550106174559005e+03
1.371242416559607045e+04
1.048656683091227478e+03
4.353142968442969504e+03
9.399519546181491023e+03
5.994697413740223055e+03
2.557870021531961356e+03
2.826339169319608118e+02
2.156893577145038307e+03
1.318227344471114520e+03
1.250198904456822129e+04
1.018038338335748813e+04
1.565384872839546688e+03
1.955347511654608388e+04
1.082961906859287865e+03
2.347458173758182056e+03
8.717196441598149249e+03
2.438179093095706776e+03
1.740880372751807499e+03
2.879663069579157764e+03
1.083279047855699719e+04
2.662268269733517809e+04
7.755920302694652491e+03
1.719184888565283109e+04
2.124070803926952067e+03
9.705826802866824437e+03
3.502770966518729438e+03
2.147897179571659217e+04
1.257038209267816637e+04
1.634642602104976504e+03
2.208641853358861044e+04
1.863564741057782157e+03
2.645753715721503795e+03
1.956605144493018997e+03
3.569155179210674760e+03
1.800773586679159416e+04
4.370742664752472592e+03
1.344186187658247763e+04
1.780243935877140302e+03
3.213807507889504450e+03
2.703679053303860201e+03
1.579397400085462777e+03
2.369943176546447830e+03
2.468217757693279418e+04
8.088078223462582173e+03
2.474563547534813915e+04
2.043691910613464188e+03
2.093821750691806756e+03
1.201310160591018575e+04
1.804950024507022590e+03
2.115896348974181819e+03
2.705046257173408776e+03
4.453480513361238991e+03
2.685646956176291951e+03
8.555061531952247606e+03
1.600739247211852671e+03
2.518362322178910290e+03
1.875057095575097719e+03
2.330774653042592399e+04
3.951929009702482290e+03
9.774613575298658361e+02
1.869007952705773641e+04
2.680996879658178841e+03
1.250721888894699077e+03
2.954403499032596665e+04
4.558882932067747788e+03
3.727459510166316250e+03
2.561332632398783062e+03
1.500840208141114999e+04
1.822665719891472691e+03
5.072512907897853438e+03
9.740135042709422123e+03
7.238840145377672343e+03
3.367100151643635854e+03
1.371118737656031044e+03
2.456702461168049012e+03
2.402637046378260493e+03
1.700245574767837388e+04
1.340203484811649469e+04
2.658120232430866508e+03
1.696966027847382429e+04
1.787754560615326045e+04
3.302413024207088893e+04
1.810251051748140526e+04
1.227938564022948412e+04
1.962687481097713317e+04
2.037164080960347928e+04
1.601733732544334271e+04
1.631365019334258250e+04
4.328902529427648551e+04
1.184710640929280635e+04
2.231602556962417657e+04
1.938781685048271174e+04
3.026169125249835997e+04
2.892881294667542534e+04
1.199251181020961303e+04
1.346758850412648826e+04
1.628955772525141037e+04
1.404239968279585082e+04
1.477348939658693780e+04
1.517231930585324699e+04
1.102783200777461752e+04
3.620620017227705102e+04
2.543393497737170401e+04
1.632264270270117413e+04
1.666413996075422619e+04
1.341164680509527534e+04
1.598093624799279132e+04
2.524228727077165240e+04
1.611061184565293388e+03
1.874929958792950129e+04
8.249497387173864809e+02
2.044676343975886266e+04
2.013996522183267371e+04
2.489010439723490344e+04
1.752076280871706695e+04
1.632229666700674534e+04
1.717035684310798388e+04
4.168924457211499976e+04
2.308310127319364619e+04
1.856969424453601459e+04
2.586597834698972292e+04
1.479686576529016202e+04
1.327074700028390725e+04
1.865398401046390063e+04
1.600686268822536658e+04
1.722725931077715359e+04
2.674712538257606138e+04
1.038222157461609822e+04
1.833563973934325622e+04
2.056989169514074456e+04
4.932295847205932660e+04
1.414318081427640391e+04
2.883492702230273790e+04
1.165603794202912468e+04
1.954053137089198572e+04
4.869369778880954254e+04
4.632924336521396617e+04
2.809136236551182810e+04
1.721851768664651900e+04
1.761112548903684728e+04
1.982256923689828545e+04
1.421228301727580038e+04
2.707137850796112252e+04
1.767651103980224070e+04
1.371988356853088771e+04
1.054293042830164723e+03
6.999205387096797494e+03
1.674039014426605263e+03
8.787122633915573715e+02
1.992756962740034396e+03
1.074234092087532736e+04
1.986034119628314511e+04
5.931902749853990827e+03
1.348433242288089241e+04
1.612266096374719382e+03
8.107721401258577316e+03
2.389990524021981855e+03
1.704532846968599915e+04
1.057294090132863857e+04
7.456847962973629365e+02
1.503765377882360372e+04
1.210444582180092766e+03
1.952610685812360316e+03
1.189263178578258703e+03
2.835168923467761488e+03
1.880294107376096508e+04
3.777238814245904450e+03
1.119764684299810324e+04
8.957254440844099008e+02
2.441657710714126551e+03
2.086469411297543957e+03
9.038090238901691009e+02
1.683536183985327170e+03
2.208769161031803742e+04
6.136802836504410152e+03
2.251372705119183956e+04
1.062301328476166873e+03
1.230387789500280633e+03
1.021803610221454437e+04
1.383606185065733371e+03
1.529040077564519834e+03
2.480162240134934564e+03
4.547168664792194249e+03
1.808797852369812517e+03
6.659984479825218841e+03
1.233354090891368287e+03
1.283253674966614199e+03
1.104405771963286043e+03
1.757125049324160500e+04
2.847310057405486077e+03
2.127457060026144973e+02
1.400789947116495023e+04
2.060776825489938801e+03
3.569145435432642444e+02
2.145000280929196742e+04
3.502431076404569467e+03
3.190670086844166235e+03
1.805228355373089471e+03
1.509632212812031867e+04
1.227912812581271737e+03
4.440162638491710823e+03
9.312804986408142213e+03
5.792698219631296524e+03
2.863484140877073969e+03
5.753071554404127710e+02
2.094106173512786427e+03
1.884337930352804051e+03
1.328968947715719332e+04
1.051389843507787737e+04
1.793945902987116369e+03
6.568432543756107407e+03
1.536906953781703578e+03
1.190961177909890694e+03
2.251396062540624371e+03
1.107703242689116087e+04
1.763057428099780736e+04
3.970870190806701430e+03
1.265570489424205152e+04
1.856483407653247014e+03
6.245375803616941994e+03
2.064965394682217266e+03
1.608651020847758627e+04
8.293990147992622951e+03
1.478015856534006616e+03
1.237672683344509642e+04
1.533810194474568561e+03
2.221721115256864323e+03
1.201702633478274038e+03
2.608151845544828575e+03
1.881911487198513350e+04
4.624730286613742464e+03
9.521404793239795254e+03
1.301643123908441339e+03
2.294203640639344030e+03
2.497492006007665168e+03
1.429485584524587011e+03
1.358884901958490445e+03
2.346829408060493006e+04
4.279692411307036309e+03
2.324452061198200681e+04
1.778539368082489545e+03
1.847598701307227202e+03
8.180186645810687878e+03
1.790287109000881628e+03
1.658868471920859974e+03
3.002913054237782490e+03
5.358508721981923372e+03
1.645594166292406044e+03
5.114849446580330550e+03
1.913711653991678304e+03
1.251617716633401415e+03
1.432718177407019539e+03
1.539509087481252209e+04
2.281155132395698274e+03
9.218819788917530786e+02
1.091434076146530060e+04
2.094522966942833591e+03
7.597312465990817145e+02
1.787663611751085409e+04
3.690344952383536111e+03
3.451006889437969221e+03
2.552060121427468403e+03
1.521166384615077368e+04
1.721000588625913224e+03
4.178220421692679338e+03
9.097776779042489579e+03
5.523281753190246491e+03
2.953469698994916143e+03
1.086470219160743000e+03
2.536478981061610284e+03
2.016441578062426970e+03
1.226304307053839693e+04
1.064172540559169101e+04
1.676732053609724062e+03
9.357446316042531180e+03
7.601244363489472562e+03
9.630896987615033140e+03
2.112134356405210929e+04
1.800742053459375165e+04
9.108294052776480385e+03
7.647060096635575974e+03
9.182518149574365452e+03
1.376855330109926217e+04
1.119801471257751837e+04
1.753916316857651327e+04
1.307749715791213930e+04
6.955004031221676996e+03
1.555410617004068263e+04
9.876307141968385622e+03
8.869316087100713048e+03
8.644832414220310966e+03
7.865119109279782606e+03
3.038074208049210938e+04
1.225023250085331165e+04
8.374198153866092980e+03
6.759598585590794755e+03
9.896606107029445411e+03
1.050422798960978980e+04
7.599258836265979880e+03
8.299149855813693648e+03
3.879801382581062353e+04
9.920651085694482390e+03
3.813692513928590051e+04
8.791351276691206294e+03
7.689621761497362968e+03
1.570308958820259431e+04
8.605818111514614429e+03
9.305594593571213409e+03
9.820276249879183524e+03
1.517828958118379524e+04
6.796172546179825986e+03
1.173379110624383793e+04
8.786642006042779030e+03
8.278473548889602171e+03
7.203793357488404581e+03
1.508031961323387441e+04
9.385804398235843109e+03
7.395106234684907577e+03
9.265611968741735836e+03
1.021731551451916857e+04
7.780615489511128544e+03
2.151986132300349345e+04
7.969855479076617485e+03
1.073190993775615971e+04
8.935184860678687983e+03
2.748856540994331954e+04
8.047464731889051109e+03
1.080194608256434185e+04
1.532956046143295316e+04
1.129504771417121992e+04
1.067540481477806497e+04
7.875831666524567481e+03
9.456266499581877724e+03
1.047066415474240421e+04
9.367055266343371841e+03
1.366308129038264087e+04
9.300415520232076233e+03
2.071034716773123364e+03
1.779910790687557437e+03
9.575973243922702750e+03
2.254918021235440392e+04
3.937479265857488826e+03
1.491118953056275859e+04
1.481609787827820128e+03
5.731136107255235402e+03
1.439901731914088032e+03
1.792458569531925605e+04
9.439350312020813362e+03
1.908471578595518622e+03
1.639509257416409673e+04
9.296141772427986325e+02
1.059799674662733196e+03
1.174131456304046424e+03
2.321690096705346150e+03
1.531157962146333739e+04
3.786620829873001185e+03
9.557301934710225396e+03
1.926589596922971850e+03
1.620952854023351392e+03
1.422438599779393826e+03
1.834057691307965342e+03
2.524994288839477576e+03
2.234050867187678523e+04
5.092911885615688334e+03
2.239624014141035514e+04
1.689314200571444417e+03
2.272590384090206044e+03
7.881663135937074003e+03
1.605363047793086025e+03
1.350623671778967037e+03
2.071624297992008451e+03
3.479950862577000862e+03
3.128264666254310214e+03
4.659096133060214015e+03
2.110643251463500746e+03
1.611613438442002007e+03
1.650807010770256056e+03
1.822630631267992430e+04
2.051735479738934828e+03
1.283274451861022044e+03
1.375874329762556954e+04
1.684549745304387670e+03
1.241838717366625133e+03
2.183509122059919173e+04
4.264845181095717635e+03
1.909888619614892832e+03
3.066307786980997662e+03
1.374285623739977018e+04
1.885488366609657987e+03
3.823963282150535179e+03
8.579261770569553846e+03
6.217174999334338281e+03
1.968025430934259020e+03
2.082035286104996430e+03
1.943473005254768395e+03
1.390995353187098772e+03
1.404463942494704679e+04
1.333662262091954290e+04
1.198658775718965899e+03
2.533420048499767290e+03
1.020194156546102022e+04
1.877722057572109770e+04
4.573605330806437451e+03
1.332482886231544762e+04
1.352072853278341427e+03
7.069950280222568836e+03
2.053071372623912794e+03
1.666912641017960050e+04
8.961085021661230712e+03
1.071405902169735327e+03
1.215682078154225019e+04
1.640489232821685619e+03
2.020303251069473390e+03
1.241555481460460214e+03
2.247818779248394094e+03
1.500735415039106920e+04
4.750988171055787461e+03
1.027117235559148503e+04
9.265023500497363784e+02
2.227646316881379789e+03
2.014433114087917829e+03
1.070375233880580254e+03
1.757092170231083401e+03
1.602688085226012481e+04
5.036025835924299827e+03
1.687748511314275311e+04
1.569987040139898227e+03
1.560674586506003834e+03
8.640066264975057493e+03
1.226163575956973091e+03
1.647084405605463644e+03
2.428050791349327483e+03
5.622864698698739630e+03
1.812551320922571449e+03
5.957124071452168209e+03
1.649571669521370040e+03
8.868814744257299481e+02
8.273131536608239003e+02
1.437322645589434615e+04
2.389069459616745917e+03
9.483304307472499204e+02
1.271903660868726365e+04
1.328456772237964060e+03
9.345011872857394337e+02
1.926273516754914453e+04
4.975977738758356281e+03
2.891692464034778823e+03
2.264108539988887514e+03
1.283556820887245340e+04
1.134154535007739469e+03
4.848985574912318043e+03
8.495418134977693626e+03
6.583544835832917670e+03
2.694956913896385231e+03
4.111946764496919968e+02
2.264839842847750333e+03
1.657748287038996068e+03
1.273606069289746483e+04
8.690048203123387793e+03
1.899876755679009648e+03
8.728210610268790333e+03
2.475536057337872626e+04
6.901038098812106909e+03
1.540359831748642137e+04
1.190628960196932439e+03
8.245206796399632367e+03
1.648976317966045372e+03
2.117584276919449258e+04
1.327210915140165889e+04
1.335729522354306027e+03
2.201342188698125756e+04
1.147441216823792274e+03
1.195904951189228996e+03
1.064457053292512683e+03
2.748889279209824053e+03
1.636070615989469297e+04
1.611519634078314084e+03
1.266217367641193414e+04
1.531953384733279108e+03
1.331217721728702145e+03
1.116637667854829033e+03
1.475319589609823652e+03
3.426947808603471003e+03
2.385010591570925317e+04
8.527592983024471323e+03
2.291722634122541422e+04
2.412246179355675395e+03
1.520130801045509543e+03
1.147256040793427383e+04
1.681255746970218752e+03
1.040002638352186295e+03
1.600596316843395471e+03
4.096542086577093869e+03
3.324602511615139520e+03
7.317101662375572232e+03
2.679962616324675764e+03
1.417562613882283586e+03
1.643378800923623203e+03
2.319969845415473537e+04
1.825731327535293985e+03
1.532077657674627517e+03
1.699722732350177830e+04
1.239463602449937298e+03
2.075893825048056897e+03
2.782236894286426104e+04
5.840464504215899979e+03
1.473193400718846078e+03
3.169557040729566324e+03
1.822801691527990261e+04
1.900067762346913696e+03
6.377682578103677770e+03
8.535100803357339828e+03
9.633957149318057418e+03
1.160848104072684691e+03
2.219917842027604820e+03
1.854042814984678444e+03
9.871388388109307925e+02
1.652252610463867313e+04
1.179170455060906352e+04
9.114213520734729173e+02
3.010985461876296904e+04
1.377109466839570450e+04
2.681684406645178024e+04
8.174261649820027742e+03
1.485943521443125246e+04
9.181878100771476966e+03
2.958658935928948267e+04
2.056918205905706418e+04
9.862794971909035667e+03
2.821944235658774778e+04
8.513943371260551430e+03
9.235917906356193271e+03
8.862221049082989339e+03
1.067139134055932664e+04
8.144898603624757015e+03
1.049155443729696344e+04
1.978029704078306168e+04
1.042715679740709675e+04
9.036756927227172127e+03
7.845300838029565966e+03
9.974341978093791113e+03
1.234556390740316783e+04
2.214546798712862801e+04
1.604551950855227733e+04
2.112805951542995172e+04
1.025200906945766110e+04
1.052639638459570415e+04
1.695682853774024989e+04
8.887501279860234717e+03
8.262984838521759229e+03
8.420378873287529132e+03
1.187222932965525979e+04
1.095796304426666393e+04
1.405640058070511986e+04
1.114107334644420189e+04
9.114277828604193928e+03
9.476232622573548724e+03
2.947320046490665118e+04
1.047954012838578637e+04
9.666878493682477711e+03
2.362996474410520750e+04
7.895088162088146419e+03
1.073633072821108726e+04
3.288993194600725838e+04
1.599874413719368022e+04
8.602323453610770230e+03
1.268218184082142398e+04
1.798779600989235405e+04
9.935122925990675867e+03
1.572611424837538470e+04
1.039624628457446852e+04
1.787445865785761634e+04
8.264151601443292748e+03
1.032749601234019428e+04
1.028902293850375645e+04
8.264856246834835474e+03
2.338968511802575085e+04
2.143993336206191088e+04
8.378940050103647081e+03
1.525750463835953633e+04
2.191531741133255127e+04
2.071970710954291644e+04
2.002047567175526638e+04
2.237858456503532943e+04
1.907634432619938161e+04
2.014178372216986099e+04
1.952572318461485702e+04
9.753998842010023509e+03
2.423512906277306320e+04
2.356869879697782017e+04
2.209591440412920201e+04
1.980704665130010108e+04
3.072749290271156133e+04
3.681145542262661183e+04
1.919357706104204408e+04
2.013844045457273751e+04
2.596424053370882393e+04
2.330896801618846075e+04
2.192556198949604368e+04
2.364012113639591917e+04
2.159383383513097579e+04
1.426198222136973891e+04
2.287475596867412241e+04
2.317920497771387090e+04
2.226090095774862857e+04
2.017725274304030609e+04
2.564266826008212593e+04
2.333168022133781778e+04
2.687262191997357149e+04
4.538727016750258917e+04
2.312097994257032406e+04
1.645781388188618439e+04
2.938489620438993734e+04
2.039129578667228270e+04
1.971697477491384052e+04
1.019432171206955172e+04
2.175180625156651513e+04
2.011284252967911743e+04
1.407368818747092155e+04
1.938940982388195698e+04
1.899103734357114081e+04
1.059581401314015238e+04
2.142084536766325618e+04
2.622599197565004579e+04
2.866333757882179270e+04
2.626706712500494177e+04
2.392868558817250960e+04
3.073428623994265581e+04
3.105429583075332266e+04
2.113023420202389389e+04
2.644940216965344734e+04
2.060640185356542861e+04
2.697231965955880514e+04
2.392524099023994495e+04
1.634298323347346559e+04
2.483495674189682177e+04
2.067766418165292998e+04
1.684438150921801207e+04
5.199223714718604242e+03
3.911196115686601843e+03
3.841301296916176398e+03
1.329324008645045978e+04
7.588994911218114794e+03
6.287035596944853751e+03
1.147482868641493769e+04
5.383273621780806934e+03
4.374985168486138718e+03
5.797753668873501738e+03
2.662317829489747055e+03
1.905465942175233795e+04
1.096573390983552963e+04
7.478073867864428394e+03
4.670559750047915259e+03
6.421216159631510891e+03
5.910012248712444489e+03
5.865154530276303376e+03
7.244420164482014115e+03
2.004531779025357173e+04
9.175926384444323958e+02
2.242332489909852302e+04
4.361508914658888898e+03
7.257439315396624806e+03
2.865688462822078691e+03
6.912925886464461655e+03
6.289792102444531338e+03
7.136433553060214763e+03
9.427061045282585837e+03
8.137567974823641634e+03
1.296974509066063092e+03
8.276177682796485897e+03
4.309075828386018657e+03
4.898732845597833148e+03
1.306922922617893710e+04
5.596812147373600965e+03
4.799611007719433474e+03
1.029439438136162971e+04
4.867226937599322810e+03
4.213302205960128049e+03
1.797906784798005174e+04
6.976262508286981756e+03
6.218212750517595850e+03
1.098302713283042249e+04
1.728375748220625246e+04
6.591284636526816030e+03
9.542938208676114300e+03
1.489115057644325498e+04
3.958625328363060362e+03
7.938343544672390635e+03
4.877335926288285918e+03
9.560374627374225383e+03
5.577000815083692942e+03
1.160767541454836100e+04
1.548655780051038710e+04
4.636349869536848928e+03
1.430063744361517092e+04
1.967207227146645528e+04
1.509098453623206296e+04
2.173156693953780268e+04
2.140418936321389629e+04
1.428215766342561983e+04
2.183794176099223841e+04
1.610194960437048030e+04
1.564548948740515698e+04
1.382393834517164214e+04
1.503715928414180235e+04
3.727768200392757717e+04
1.914508656708763738e+04
1.361487358648514783e+04
1.384504767148688916e+04
1.581979375137437091e+04
1.588458541434969084e+04
1.460040082581629395e+04
1.580150627868885203e+04
4.789193276321344456e+04
1.730747015889738395e+04
4.929110449333621364e+04
1.675092959321082162e+04
1.395168942640775640e+04
2.143408950609107706e+04
1.554163160124648857e+04
1.508351560682789932e+04
1.760016125845479110e+04
2.310365256624548056e+04
1.272409182409993446e+04
1.587545203599908200e+04
1.734950233687041327e+04
1.362782119683108067e+04
1.479212102465902353e+04
1.857081250553072823e+04
1.531988470598566346e+04
1.397962956426030360e+04
1.207387543260515486e+04
1.465066413797007590e+04
1.451688796710602037e+04
2.484929809526925965e+04
1.410173502743537028e+04
1.711634914938693692e+04
1.592729055462153883e+04
3.505881311045817711e+04
1.503375625427068735e+04
1.652497968380566817e+04
2.110603281745650747e+04
1.960467234534803720e+04
1.656761687808050192e+04
1.505046794830014005e+04
1.624110632626624283e+04
1.661080593927165683e+04
1.364133145130665616e+04
1.976134438145336026e+04
1.488315273047777009e+04
6.642990236287012522e+03
1.117415515748782127e+03
1.830176923238494055e+04
1.188401299314752396e+04
1.362375245267735409e+03
1.527316811193720787e+04
6.837667634883569008e+02
1.324892149977451481e+03
6.306913153532332217e+02
2.235414793784273570e+03
1.168616172470404854e+04
2.820571311565711767e+03
1.067564716801229952e+04
1.520668757247619396e+03
1.463138099936963044e+03
3.955743207796135721e+02
1.239039311575716056e+03
3.447951910629563827e+03
1.525272432541239323e+04
6.534168800416800877e+03
1.559246975348783235e+04
1.927076852834393549e+03
1.454547802241411773e+03
8.760101405621755475e+03
9.936903864062160210e+02
4.473218900691349518e+02
8.914930108123221544e+02
4.126726660327367426e+03
2.436082318271849545e+03
5.527917653320594582e+03
2.361297363898321692e+03
9.154324173457398501e+02
1.261550731072635244e+03
1.740339218287675976e+04
2.406614166231678155e+03
1.157793401436015756e+03
1.468779058022687241e+04
4.063983838157805621e+02
1.509778113388327029e+03
2.190542586976828898e+04
5.301957504676300232e+03
1.256019896659995084e+03
3.296398333210347573e+03
1.307813015950901718e+04
1.347535502405497937e+03
3.978834941780187364e+03
8.611766993096411170e+03
8.054179115857525176e+03
1.012220647894715967e+03
1.561197845909220632e+03
1.781794251223048832e+03
4.620342914176185332e+02
1.379330598640833159e+04
1.041549319981248300e+04
8.507345290537173241e+02
5.412346502073573902e+03
1.563686534121229852e+04
5.468270143861225733e+03
8.105602024259234895e+03
1.294827546191114197e+04
7.484695959345543088e+03
5.395514968748661886e+03
7.490017926803813680e+03
4.659809299651931724e+03
2.321414618683763183e+04
1.229878459640562869e+04
6.251058640636649216e+03
6.641400828398818703e+03
7.519385601386005874e+03
6.964873993258599512e+03
7.884442021162723904e+03
9.734611443202233204e+03
2.601038897205546891e+04
5.487050505405159129e+03
2.755521510955702979e+04
7.011287557878618827e+03
8.375134528452566883e+03
6.450483796824354613e+03
8.784291489022070891e+03
7.306225981660130856e+03
8.092055560604188940e+03
1.094788840160479231e+04
9.822990436526883059e+03
3.977802518239118399e+03
1.016183649117664027e+04
6.383938943734503482e+03
6.598042530461263595e+03
1.710054742628627719e+04
7.172739487051929245e+03
6.817446183324615049e+03
1.154557601991431147e+04
6.021773110637430364e+03
6.786622456445391435e+03
1.759664716015621525e+04
8.774177499362576782e+03
7.334942130821721548e+03
1.347027933252229195e+04
2.241136544255837362e+04
8.236304828599571920e+03
1.049745766582662145e+04
1.496057722929778902e+04
7.922056854209010453e+03
9.310355879303819165e+03
7.509761314494303406e+03
1.130500071730236596e+04
6.627054403513006037e+03
1.198197874149394738e+04
1.537115058732958096e+04
5.432758270766905298e+03
1.898767580821158481e+04
1.095684282302540123e+04
2.591981650062149129e+03
1.682915926112000670e+04
9.920474032468787300e+02
1.174881893713077261e+03
8.339888811453547532e+02
1.904042077209457375e+03
1.684729729099199176e+04
3.576672637239968935e+03
9.561475164681305614e+03
2.358804969031124074e+03
1.260602974190926034e+03
9.628398386463863972e+02
2.344118645952755287e+03
3.588752569968981334e+03
2.308854761052651156e+04
5.604712079258932135e+03
2.336675234682197697e+04
2.334542159825390627e+03
2.634611688810616215e+03
7.514893325441505112e+03
1.735796553217247038e+03
1.017793213839824148e+03
2.154710724017017128e+03
4.244197175737381258e+03
3.506327464321807383e+03
4.396869977943953018e+03
2.944871616020933288e+03
8.342686732396282423e+02
2.314060448507087585e+03
1.825057781007322046e+04
2.314076932546235184e+03
1.951981988088730759e+03
1.410192738596279014e+04
8.036925325824122410e+02
2.266517801257687097e+03
2.283829827841004590e+04
6.210103293345118800e+03
1.470986147790330051e+03
4.090623438746037209e+03
1.536521701530089376e+04
2.554481430976549746e+03
4.795415798059551889e+03
9.307766374856662878e+03
7.826049258606435615e+03
1.844821838114697584e+03
2.181505745112006935e+03
3.206641720824884032e+03
7.826193306160835164e+02
1.363247519669293069e+04
1.268285242713672778e+04
1.074636170236287853e+03
1.738997811031373931e+04
1.920923505128101897e+04
1.287272220241954710e+04
1.977723069623982519e+04
2.035612788765018922e+04
1.940395751392799866e+04
1.604671453182858386e+04
3.499095216516971414e+04
2.610146080165692183e+04
1.345234058782640386e+04
1.917640403931994661e+04
2.192407159617581783e+04
1.973591840649893857e+04
1.985563571188664719e+04
1.991224056969493176e+04
3.125591877583473615e+04
1.313524295149676982e+04
3.439487555949130910e+04
1.962530162605295482e+04
1.906761127551427489e+04
1.572259292448496853e+04
2.132365485370111128e+04
1.964574262972709039e+04
2.185211734892736786e+04
3.360618603583749791e+04
1.942039435089453036e+04
1.490930290159329161e+04
2.398928915256867185e+04
1.814513945116394461e+04
1.749518804289002583e+04
1.354152220708629466e+04
2.088132266721952328e+04
1.712930536968876186e+04
1.400384573065722361e+04
1.799842352584709442e+04
1.710872051870811629e+04
1.780610022266835949e+04
1.922508502732435591e+04
2.276015734582095320e+04
2.306845015164211509e+04
3.238567162614210974e+04
1.925694551551283803e+04
2.373678487246249279e+04
2.676184266066087366e+04
1.612507533142267494e+04
2.259078942279615876e+04
1.809828709250029351e+04
2.354712643446884613e+04
2.065302016165935493e+04
1.102840364659830811e+04
2.011627223420201335e+04
1.871041206506959861e+04
1.079514964246471573e+04
1.293172837305238136e+04
1.216556467147365038e+04
1.064491772685192336e+04
1.173935784516044077e+04
8.932655888409693944e+03
3.107815986112145401e+04
1.802115969759722429e+04
9.261771910066210694e+03
9.411810836948068754e+03
1.250850527272093314e+04
1.273515672469522724e+04
1.082409391842116383e+04
1.043437725766473523e+04
3.410559132372731256e+04
7.435700954617810567e+03
3.475252422981530981e+04
9.767632543095402070e+03
1.203455330698248872e+04
1.044186551280441927e+04
1.216390728356031832e+04
1.226140397740632761e+04
1.320113163094625088e+04
1.663599542414029565e+04
1.203920199006930488e+04
9.363264914645820681e+03
1.245727212957127631e+04
1.013228700769674833e+04
9.069012333357561147e+03
1.766900284057085810e+04
1.112037764254406648e+04
9.763936591667777975e+03
1.297490701875350169e+04
1.143189715124625582e+04
8.931528363534374876e+03
1.799769705087449256e+04
1.100409924925208907e+04
1.323968295902272439e+04
1.520529261821695036e+04
2.770262873761867377e+04
1.113674273938774786e+04
1.540274520937078159e+04
1.875993619008710812e+04
8.938991695081400394e+03
1.469023999472516152e+04
9.407150482839437245e+03
1.463263340868862360e+04
1.200914362262382201e+04
1.330551284182484051e+04
1.663249856547100717e+04
1.028362473920092089e+04
1.522894457127219175e+04
1.517238565481261958e+03
1.522953055042147753e+03
1.050489618357896234e+03
2.420966322136392591e+03
1.467746186326412862e+04
3.119894176327286914e+03
1.154972392914361990e+04
4.876208178282704466e+02
1.623371733045394194e+03
1.748486989685145090e+03
3.968134540905512040e+02
2.021542569771474064e+03
1.677998913186476420e+04
7.378443253570794695e+03
1.692047462736903981e+04
1.610408080056680774e+03
6.232046872819296368e+02
1.140529660005133701e+04
1.047626531071847239e+03
1.295449356863253342e+03
1.660672448622265165e+03
5.264471590937086148e+03
2.050398217064830533e+03
7.464755292482686855e+03
1.233059274213992467e+03
1.351494916497809754e+03
6.112957630487544520e+02
1.727065609478703118e+04
1.993529223563048618e+03
7.941178884049736553e+02
1.506084399902178666e+04
1.528140344093038266e+03
9.469265167600437962e+02
2.249820340876372211e+04
4.303033261857265643e+03
2.301199145557043721e+03
1.385988787610250256e+03
1.347315657931402893e+04
7.197957636382575402e+02
4.182815169897370652e+03
8.705257476607795979e+03
8.460580392703761390e+03
1.650855112405086857e+03
9.680088115154144361e+02
1.512369295385096393e+03
1.436844858650310925e+03
1.549180849472504815e+04
9.469423471405603777e+03
1.134062857335818080e+03
1.865201984547107713e+04
1.672751127795945285e+04
1.718198131117952289e+04
1.498957130271780625e+04
3.034095472821467411e+04
3.598929076500065275e+04
1.097409901696307134e+04
1.513889790998238277e+04
2.048447381478544412e+04
1.736943777461617356e+04
1.741518075339827919e+04
1.925281461787764420e+04
1.954840554806437285e+04
1.115352087371350535e+04
2.254409929622286290e+04
1.792864812069977779e+04
1.779523957881255774e+04
1.974346136972209933e+04
2.092291940949572381e+04
1.844237266852088578e+04
2.218953305347332935e+04
4.049848560894475668e+04
1.814763710726165300e+04
1.366579013738132016e+04
2.465980611758938176e+04
1.526924892345118860e+04
1.432988807500002258e+04
5.855923476276456313e+03
1.858791811203780526e+04
1.589741324135194373e+04
8.879722946648380457e+03
1.345872465242003273e+04
1.424758300555173810e+04
2.782502211567910763e+03
1.725171339352180803e+04
2.008699802451870346e+04
2.557151186216305359e+04
2.218194417703675572e+04
1.950497429637473033e+04
2.390739904571889929e+04
3.062661987379979837e+04
1.933094183592054469e+04
2.305532792308070930e+04
1.529535889015708381e+04
2.470024183740044828e+04
1.754800975991065206e+04
8.620349034513179504e+03
1.912407594402381437e+04
1.507083129267390359e+04
1.013608965123830785e+03
5.235798524702545365e+02
2.506498289064693381e+03
1.380356468342899279e+04
2.536294149389250379e+03
1.116593270429966651e+04
1.575025663410435754e+03
1.409141404654810685e+03
6.324380452701625472e+02
1.343922562529263814e+03
2.750481513031969826e+03
2.066648921269801212e+04
6.375841627513227650e+03
2.068383499365134776e+04
1.501664872471027593e+03
1.849257009741781985e+03
8.993944500547942880e+03
1.055703941588154066e+03
5.197287494823704037e+02
1.537232555220360609e+03
2.844381680476642032e+03
2.715998531040678245e+03
5.636736171742986699e+03
1.868933498722052263e+03
9.145275576643225577e+02
1.665659603768577654e+03
2.035290130110817699e+04
2.528527206657217448e+03
8.213653927442555869e+02
1.577715734504182728e+04
9.574420366147933237e+02
1.136030734329152892e+03
2.513112507439593173e+04
5.065771579950727755e+03
1.525499849599418667e+03
3.119299238041335229e+03
1.381713605136746082e+04
1.681405529446789387e+03
4.023550678965358202e+03
9.207256482733124358e+03
6.778373067674070626e+03
1.382514328425588246e+03
1.396181906958090167e+03
2.167213595289470959e+03
4.994947716847791526e+02
1.423031918490281896e+04
1.326059382727035336e+04
8.822982244851964424e+02
8.505380296827743223e+02
1.547789516955244835e+03
1.190357777170688860e+04
3.026374409040982300e+03
9.973336869895865675e+03
1.546943078443015111e+03
7.746130933706144788e+02
9.475518564233325378e+02
1.675843182999129112e+03
3.292875306158824060e+03
1.865965091036286321e+04
6.334846381815275890e+03
1.788736287167108821e+04
2.001207871205583160e+03
1.884543427895579043e+03
8.860744009518770326e+03
1.083223468131924164e+03
1.102037786139645959e+03
1.639702380602440826e+03
3.717623468856968429e+03
3.354674831521558190e+03
5.451135636484053066e+03
2.138218964024554225e+03
1.212944685321967881e+03
1.382072044676008318e+03
1.874567105311713749e+04
1.511520502000658325e+03
1.605350797622905702e+03
1.534216908065670032e+04
1.107178383554296033e+03
1.784387977921392121e+03
2.314687539288868720e+04
5.417419744440943759e+03
6.942158486000676021e+02
2.788576063031348895e+03
1.252949938905101226e+04
1.686359242670574986e+03
4.004975982187579120e+03
8.753330546314156891e+03
8.732073605274654255e+03
1.491255616858934900e+03
2.050484395789349037e+03
1.971864736197495404e+03
8.371338519758951406e+02
1.603287334110512711e+04
1.249521011537867525e+04
6.291538257749634795e+02
1.977454308590418577e+03
1.428744589373816234e+04
2.739443042392293592e+03
1.103140239567479694e+04
1.287177889844393576e+03
7.820095121690237647e+02
6.330685497979661704e+02
9.985518619923263941e+02
2.161317167034055274e+03
1.980319505857028707e+04
7.117626687912236775e+03
1.922434938644344220e+04
1.637515697299499607e+03
1.207755116068909047e+03
9.571756484028846899e+03
5.484464632320241435e+02
3.384093162903677694e+02
1.231678722960788036e+03
3.663625029970811283e+03
2.224557126204748783e+03
6.087979514072316306e+03
1.320780675246554893e+03
5.045441082295087654e+02
1.209762236946602115e+03
1.837155253844291656e+04
1.630428587155871355e+03
9.511286184990490256e+02
1.565007003313645328e+04
6.781270993720609113e+02
1.096946260449081819e+03
2.403170965877615163e+04
4.608906785171318006e+03
1.019569795897531549e+03
2.039839783677268770e+03
1.381668078710530244e+04
1.083235441245291440e+03
3.194460195324672895e+03
8.609242375571071534e+03
8.077785069434688012e+03
1.229899056009385731e+03
1.123947020758674171e+03
1.424052735620609383e+03
3.726710870898582471e+02
1.465724673087800693e+04
1.066169916046058461e+04
5.858491239926420349e+02
1.507261047505142233e+04
5.478353702110104678e+03
9.241952302931207669e+03
1.952971388813843987e+03
2.072349940345031428e+03
2.236007099816816208e+03
2.343590496661551697e+03
4.171279346725834330e+03
2.032323431715430343e+04
4.127938765145619982e+03
2.006281882117106579e+04
3.190662558146051197e+03
2.733651420892350870e+03
7.446209097765026854e+03
2.569091261778336957e+03
2.253479137684918896e+03
2.882153050759912730e+03
5.877190490573279931e+03
4.141946501483622342e+03
3.850067339274322421e+03
3.679527611418644483e+03
1.496383827027172174e+03
2.086187408855241301e+03
1.700391863551994174e+04
2.226859987253025793e+03
2.524565178363513951e+03
1.349583342660785274e+04
1.778784454010005902e+03
2.696757323736069338e+03
2.211237724998050544e+04
5.902709571673341088e+03
2.281051378453695179e+03
4.782799074166830906e+03
1.510343531800203891e+04
2.814896317472404917e+03
5.453067514743032916e+03
9.679772758179222365e+03
6.227696075871062021e+03
3.328643898633931258e+03
2.443928820289624582e+03
4.095619262416147649e+03
1.980373533029762257e+03
1.366604173339157569e+04
1.070796031079650493e+04
1.695762567394106100e+03
2.503497779305558652e+04
2.798192387965451417e+04
1.680416260450173286e+04
1.392865561266813711e+04
1.177157751801588529e+04
1.612807401645042410e+04
2.230688749771816219e+04
1.399539158063764989e+04
2.335220134978370334e+04
1.178386392853278085e+04
1.650623051790596946e+04
1.948695199532471452e+04
2.556527409224628718e+04
1.504468740857992816e+04
1.473509437732778133e+04
1.323188719350601241e+04
2.430765578959845516e+04
1.929913247591666732e+04
2.027966206888497254e+04
2.025441471216002537e+04
1.448191876786907960e+04
1.388432821338729627e+04
3.188553938186744563e+04
1.499119176417852213e+04
1.702198558056105685e+04
3.074322823079069349e+04
1.073615426117766765e+04
1.900078254565246971e+04
3.631259558502126310e+04
3.925093197756314476e+04
1.145235705317933753e+04
2.409224682845803181e+04
1.629147851491654365e+04
1.726758640684161946e+04
3.722771068898883095e+04
2.812695954708371573e+04
2.768746954588532026e+04
1.388669259439675079e+04
1.757793239689572147e+04
1.669240210441821182e+04
1.202315036656747179e+04
3.107212153756602493e+04
2.650605375226666001e+04
1.304708991386510024e+04
1.670919739096765989e+04
3.026162738558396086e+03
3.060018489681563096e+03
2.626111662852821610e+03
3.181342104897423269e+03
5.367898312656827329e+03
3.979312278206169140e+04
1.267940061044909635e+04
3.904000709369586548e+04
4.016655274847744295e+03
2.774050993986323647e+03
1.485947019921740502e+04
2.972652341019444066e+03
2.611652669022848841e+03
2.557813347373303259e+03
5.158114906485648135e+03
4.987898649196421502e+03
1.056758540027143863e+04
4.372936144520253947e+03
3.251467780024497188e+03
3.202377820846128543e+03
3.587328882148901175e+04
4.159311611381913281e+03
3.160949602559974210e+03
2.231615351673537589e+04
3.011969123572212993e+03
3.986955502450614858e+03
3.979788016170456831e+04
6.637776909349351627e+03
3.271417681335789439e+03
4.512908605154425459e+03
3.023798351662332061e+04
3.006280753562495192e+03
7.689732804082455914e+03
1.010328039655988323e+04
1.168040067798521159e+04
2.453406466749084757e+03
3.973593083375556489e+03
3.318843485532966952e+03
2.582198823635455938e+03
2.010431163887726143e+04
1.561940124845336686e+04
2.613930936549271792e+03
1.055074235693702576e+04
1.195373687534533565e+04
1.126365642181757721e+04
1.158656972937988394e+04
1.229352628440165972e+04
2.954360820293958750e+04
8.573781512959400061e+03
3.177078289277702424e+04
1.034847558902055425e+04
1.230427683642245393e+04
1.122767839077246390e+04
1.242541751180424035e+04
1.149084623789786565e+04
1.251393439786363160e+04
1.631607456187525167e+04
1.310259072485091019e+04
7.291734452462578702e+03
1.345346361941526993e+04
9.982493726323649753e+03
1.013804635975910060e+04
1.354402910345743476e+04
1.183539604657068230e+04
1.027280808750143296e+04
5.704209154662406945e+03
1.027706483489094535e+04
9.952204554895462934e+03
1.599065738583129860e+04
1.203043442034220425e+04
1.266259074718858756e+04
1.638980105378633380e+04
2.442968504285914241e+04
1.200494801042514882e+04
1.382054974013483661e+04
1.985099049592135998e+04
1.036445653704600045e+04
1.335941012403663990e+04
1.053208635734798372e+04
1.609859102629613699e+04
1.088428743877665693e+04
5.031016677928674653e+03
1.962989754362205713e+04
9.652319549450839986e+03
1.920225788376697892e+03
2.126541179219548212e+03
3.055069529220290860e+02
1.837567711528773089e+03
2.191232900713893832e+04
5.689662870898020628e+03
2.145970216904535118e+04
1.479750235734503804e+03
7.124303063580796334e+02
1.021683813122277934e+04
1.248199685115631382e+03
1.609065531857241695e+03
2.038329180818977875e+03
4.984654947276640996e+03
2.207449616110144689e+03
6.368173829837521225e+03
1.516678134711363327e+03
1.153290279357587679e+03
7.028654715662642047e+02
1.770894923722260137e+04
1.950340569856484308e+03
7.921856978799801254e+02
1.439057320072983021e+04
1.799988965575021894e+03
8.608390155541146669e+02
2.239820365384899924e+04
3.887389286565557086e+03
2.398509935047417457e+03
1.866848052700386233e+03
1.524487498379543104e+04
8.206954109240723483e+02
4.761994278519250656e+03
8.794904666442585949e+03
7.521220090243868981e+03
2.172253256930076986e+03
7.909999662933619220e+02
1.716528605617205358e+03
1.674100964513220788e+03
1.503483512607364355e+04
1.001947727878116893e+04
1.470976839796048807e+03
1.019906781835246420e+03
1.753254618498501259e+03
3.289266636386904338e+03
2.159581900969840353e+04
8.471387730611741063e+03
2.036746884359213072e+04
2.412845503463255227e+03
1.989949623291250646e+03
1.066281043893874630e+04
1.115498387074943366e+03
8.573407330022278074e+02
1.314276617286634064e+03
4.572442678940288715e+03
3.133389523800886309e+03
7.029331599615314190e+03
2.006728429760766630e+03
1.190797534968003674e+03
1.361053464340528535e+03
2.118894842161346969e+04
1.640172134238141098e+03
2.038458127762687127e+03
1.779511470845130680e+04
1.112796210207347940e+03
2.390146989203472003e+03
2.744203660243913328e+04
6.129083768420296110e+03
8.016649776365679827e+02
2.288561807942689484e+03
1.400185050145503374e+04
1.533658276214197940e+03
4.005829424581161675e+03
8.419251674292252574e+03
1.015712345022323279e+04
1.136401634996425855e+03
2.198987149041714474e+03
1.725903050015113422e+03
8.240700592715379571e+02
1.693867236016848619e+04
1.199137792739615179e+04
4.464774713664037336e+02
1.804758872252937635e+03
4.087579989796761765e+03
1.691568779715759592e+04
7.641693404858146096e+03
1.691258346521759449e+04
2.096403508825513654e+03
2.016272937279471080e+03
9.309972557895214777e+03
9.233733742450272075e+02
3.484142370091981320e+02
8.807272146125678773e+02
3.808266896122488106e+03
3.008068088558402451e+03
5.962088035868472616e+03
2.631040243905911211e+03
1.065300390849852192e+03
1.573615840224152180e+03
1.913547440754759009e+04
2.517604317672746674e+03
1.543610998314192784e+03
1.553316354671197951e+04
3.784105230594782370e+02
2.166769290984433610e+03
2.419777193503332819e+04
6.268579884692585438e+03
8.466774008122620216e+02
3.639735219583757043e+03
1.375672327500723804e+04
1.769859432113019466e+03
4.488835843868563643e+03
8.795494010731579692e+03
9.147493677007822043e+03
8.166980511038659643e+02
2.120290403657716524e+03
2.129145076803606116e+03
3.187534590385953379e+02
1.495012503966063923e+04
1.148719011185067757e+04
5.703365270201879866e+02
1.994919529880944992e+03
2.161816959919927831e+04
6.696482034345430293e+03
2.100397457619208581e+04
1.534827312809791238e+03
6.903383737897274841e+02
1.113459506780192714e+04
9.545248365662541801e+02
1.299907692182436676e+03
1.762854298832246968e+03
4.686753248371725931e+03
2.121867984151974269e+03
6.891611967374157757e+03
1.308818455221358818e+03
1.148016028169208312e+03
8.900786894641128129e+02
1.929412695423385594e+04
2.013821407177651963e+03
7.616501194322395349e+02
1.642674787803608342e+04
1.636952164059084907e+03
7.905462177950644218e+02
2.499783454071328015e+04
4.308951274496650512e+03
2.056491738409748905e+03
1.622305722257980960e+03
1.488578401199436121e+04
7.999632988193166057e+02
4.512236142506416400e+03
8.710081293285185893e+03
8.213007485922275009e+03
1.826782184722610964e+03
7.929497360562422728e+02
1.532312571644132277e+03
1.397321502998684991e+03
1.590212384497503081e+04
1.055593230539903016e+04
1.311871088779925230e+03
3.160768848277383950e+04
7.375209016766017157e+03
3.048332469433007282e+04
2.664944775628887328e+03
2.494841014119554075e+03
1.149258112562736278e+04
2.171960877646822155e+03
2.865367417464374284e+03
4.140809229843526737e+03
6.040379257870697984e+03
2.407390847290201691e+03
8.340896505622860786e+03
1.578608512124373192e+03
2.164545358192784079e+03
2.308726064738988498e+03
2.042995458679652438e+04
2.767717894104501738e+03
1.710491469455494098e+03
1.687937479014047130e+04
3.842234504407357690e+03
1.495730239455606807e+03
2.497183367556102894e+04
4.128104445381901314e+03
4.592333492786208808e+03
2.416841096099594324e+03
1.928224077823682819e+04
2.267660865877394826e+03
5.854123809843359595e+03
1.010129484558024160e+04
6.968329249601757510e+03
4.469954804786741079e+03
1.404219430232161358e+03
2.726899797070137083e+03
3.254798424273108139e+03
1.538678196560769538e+04
1.296228320158881252e+04
3.292055049565392437e+03
2.358552983734592635e+04
1.329186051449494244e+03
2.483760637333898921e+04
2.569429297834870158e+04
2.747292272299245451e+04
2.203500472263208212e+04
2.064866028781584464e+04
2.094682523413084709e+04
4.662282476740293350e+04
2.816637091521552065e+04
2.229910724615550134e+04
3.132928834956237188e+04
1.941046745001074305e+04
1.751839942665252238e+04
2.466559166816312427e+04
2.212916654778446900e+04
2.213927497456793208e+04
2.970511906780738718e+04
1.333640087283736284e+04
2.367690820365506443e+04
2.639505194921039947e+04
5.500324430755259527e+04
1.814649203209514235e+04
3.475102642650292546e+04
1.487318584263501907e+04
2.427273898091004958e+04
5.380886487212045904e+04
4.770084759079946525e+04
3.141828375150455759e+04
2.130757850887935274e+04
2.280915130562046761e+04
2.488564785420266708e+04
1.854853235137547381e+04
2.951081896702343147e+04
2.445395883480253178e+04
1.833694463983340393e+04
2.626500902023433810e+04
5.262818881154929841e+03
8.531569379913500597e+03
2.017102754131113670e+03
8.258523502820724389e+03
7.644922719611256070e+03
9.125884144035204372e+03
1.039443602836729769e+04
8.632475238621180324e+03
2.276908262540672240e+03
9.120652643181587337e+03
5.676547062960398762e+03
6.160118461985920476e+03
1.213116310234993944e+04
7.276078452972636114e+03
5.169275026660530784e+03
1.034724439511040327e+04
6.398005318728144630e+03
4.378074030982342265e+03
1.741858989526518053e+04
6.963754524158201093e+03
8.434646853004760487e+03
1.182821548340168738e+04
1.886740527306054719e+04
7.735100590781855317e+03
1.063745929015292859e+04
1.660711404080007924e+04
3.681309406139958810e+03
9.873593206854684468e+03
5.174601401154983250e+03
1.058721588322645403e+04
7.104596829972810156e+03
1.186894583664915990e+04
1.621573557498908849e+04
6.520019099666962575e+03
2.524549979909071772e+04
2.480584193348011468e+04
3.007862879481534037e+04
2.162218775395592820e+04
2.032538285161247040e+04
2.073255151365334314e+04
4.627715208729612641e+04
2.726040405482683127e+04
2.433533470195073096e+04
3.073214869068579355e+04
1.915626487324578920e+04
1.742445576762926794e+04
2.636704634714453277e+04
2.040925654067896539e+04
2.237904520406034862e+04
3.263764583984749333e+04
1.388334348227836745e+04
2.391878805635469689e+04
2.880306765354205709e+04
5.466682863753013226e+04
1.737937578130931797e+04
3.316291562440173584e+04
1.446252193237471147e+04
2.383493581256070320e+04
5.369792260349008575e+04
4.646570574597619998e+04
3.374599556106767704e+04
2.045486818694999238e+04
2.281459906400216278e+04
2.378513056446989867e+04
1.819213851621065260e+04
3.268804269911751908e+04
2.261320461980679829e+04
1.792182490610398236e+04
1.990365038558852575e+03
8.725750143316481626e+03
1.717997709676370505e+03
1.838987950603161607e+03
2.488018034366900793e+03
4.755059191277770879e+03
2.909833065281934523e+03
5.912071826868438620e+03
1.823639572052406493e+03
1.546964757738100616e+03
1.567699786514759126e+03
2.016310207719851678e+04
3.434530689674009864e+03
9.910290672474297935e+02
1.502246496554093392e+04
2.138894322449816627e+03
1.213033645282631824e+03
2.480208350532597979e+04
4.425631002458483636e+03
2.908783615817776536e+03
2.649314609505096996e+03
1.492606854744238080e+04
1.665358010128505612e+03
4.958971528142998068e+03
9.712299906687027033e+03
6.461874627780950505e+03
2.882319252477394457e+03
1.276417492150862472e+03
2.368775460466945788e+03
1.901658250355885684e+03
1.417921553194543594e+04
1.565757609053236047e+04
1.884560440020446094e+03
1.254277913823060589e+04
1.145583300657753171e+03
1.349344934974199987e+03
1.745036351680025291e+03
5.060508651141915834e+03
2.510570620290417537e+03
8.318114011009693058e+03
1.509518280813739693e+03
1.486295643742064840e+03
1.039615124647769335e+03
2.044456371536672305e+04
2.419147572224573651e+03
1.205735901183246824e+03
1.593684980961951987e+04
1.889838525385455341e+03
1.360300115114987875e+03
2.424106178321009793e+04
3.615967682429405158e+03
2.340053672747239943e+03
1.440554076060005173e+03
1.924316206980375136e+04
6.795544259594144023e+02
3.436638484810267528e+03
7.572748621527084651e+03
8.974543340678908862e+03
1.824495167665775170e+03
1.401230837809603599e+03
1.445327726089662974e+03
1.733466772822441726e+03
1.598852176082854203e+04
9.993678809165550774e+03
1.535847924961126864e+03
1.101522874433060315e+04
9.922984156085081850e+03
1.135282493704260924e+04
1.270863147351567932e+04
1.215914831172004051e+04
3.156157033173732998e+03
1.307571732708225863e+04
8.127488007425831711e+03
9.694133865100273397e+03
1.753570495147545080e+04
1.036191635218270676e+04
8.858960828724499152e+03
1.315701746645274034e+04
8.398080947821272275e+03
8.539246221491695906e+03
2.606149676688922045e+04
1.168503535629853650e+04
1.090511995943508555e+04
1.638643377229082398e+04
2.383547566161886789e+04
1.144967963944445364e+04
1.473785081393141627e+04
1.932565826060122345e+04
7.050386145378091896e+03
1.242799102820659027e+04
8.867403724166442771e+03
1.440295827213336815e+04
9.140085257305534469e+03
1.552862687315207040e+04
2.045998377736063412e+04
8.753383218049963034e+03
6.771050318949542088e+02
1.146507408205887714e+03
3.841436784751226696e+03
2.188468510345735922e+03
7.671908674467909805e+03
9.325223110789283965e+02
9.466275408711426280e+02
1.005462305122708585e+03
2.161828165247270954e+04
2.143823035199224705e+03
1.144239648357567603e+03
1.799408250026726455e+04
1.187161309793106284e+03
1.342278641838405292e+03
2.831422095304876348e+04
4.608676650012822392e+03
1.112740104292120577e+03
1.481224122084172450e+03
1.427866432658143094e+04
6.339648834183090003e+02
3.789605537665624979e+03
8.675597472091099917e+03
8.772957671758771539e+03
1.297427620871192175e+03
1.136271793834615892e+03
1.230859812953875007e+03
8.593844657543618268e+02
1.640024253476206650e+04
1.128926986458767351e+04
1.101905877450726621e+03
6.965920308319336982e+02
3.526078534675577430e+03
2.531830866409653936e+03
6.562288517606011737e+03
1.601975344520707495e+03
7.926530149287555105e+02
1.329044533170058003e+03
1.995921473339178556e+04
2.202307442962914138e+03
1.107606819614914457e+03
1.596814633115270408e+04
5.407808021141950121e+02
1.533203849414614069e+03
2.550909958809855380e+04
4.512577432251533537e+03
1.153186257579203811e+03
2.437605017812551523e+03
1.509267599976986094e+04
1.156238010189144916e+03
3.211318476982845368e+03
8.275757743737187411e+03
8.817103792731948488e+03
7.545737631420433900e+02
1.542052196533922597e+03
1.656634187439066409e+03
2.505436019932144518e+02
1.480526211122750647e+04
1.091785310921969904e+04
4.645182165406263266e+02
4.758596295551633375e+03
3.117982709222717858e+03
7.600641925883843214e+03
2.313399357448636692e+03
1.773146002288101499e+03
1.156314070074741267e+03
2.322426079683521311e+04
3.044673049895838631e+03
1.811188426590939798e+03
1.850113562499403997e+04
9.655774538035934711e+02
2.530071855767066609e+03
2.928994342589432199e+04
5.686297332284741969e+03
1.606384238307109172e+03
2.955029291084667420e+03
1.549791213240126126e+04
1.083066790481382668e+03
3.983406222514481215e+03
8.248219868793550631e+03
1.056724809285093943e+04
6.249364066659936725e+02
2.415723793514890986e+03
1.640808593639604169e+03
8.985779099487735948e+02
1.705846984463837725e+04
1.223177674664968799e+04
9.383666486854704090e+02
6.426975796296315821e+03
9.296462392972925954e+03
4.109961396048470306e+03
4.662144891374617146e+03
5.565732095945928450e+03
4.134773229323705891e+04
5.964264232411755074e+03
4.044656985074694148e+03
2.702614415685793938e+04
4.720942929857583295e+03
4.258243622883859643e+03
4.791807416387587000e+04
7.053774348515575184e+03
4.456490776943295714e+03
5.928982551976410832e+03
2.415696613806793539e+04
4.855322781202095939e+03
6.601514220993307390e+03
1.168941161744418241e+04
9.946008581514677644e+03
4.605262058494001394e+03
5.161352709989033428e+03
4.920346995553368288e+03
3.509462102838842839e+03
2.457631655048419270e+04
2.874294080894330546e+04
4.046831900721941111e+03
9.012729807793837608e+03
2.284323649258887144e+03
2.374635614890099532e+03
2.072556170872021539e+03
1.960955361016937968e+04
3.446006467503054409e+03
1.959289748618012709e+03
1.486695299142508156e+04
3.071818805630661245e+03
1.990309591374612410e+03
2.454719296318062334e+04
4.506566779091976059e+03
4.024532645921551648e+03
2.699977217002046473e+03
2.003871623943231680e+04
2.248048090456814862e+03
5.697107250541675967e+03
8.567935637975024292e+03
8.228614011225097784e+03
3.352095444611185030e+03
1.526189289351842490e+03
3.036492484941562452e+03
3.029792806814231881e+03
1.490997203414671276e+04
1.113405823135784522e+04
3.020597497513695089e+03
9.554516234394115600e+03
5.160869622678756059e+03
6.331047655827706876e+03
1.380108174193999730e+04
6.656359557610275260e+03
5.695069958591256182e+03
1.139012006951384319e+04
5.403504506794540248e+03
5.336694068752987732e+03
1.980394974200196884e+04
8.911208082814506270e+03
6.928578696841935198e+03
1.222612435350604210e+04
1.845774192073415179e+04
7.761368337844422058e+03
9.951914457682005377e+03
1.570030177730181276e+04
4.784207808034740992e+03
8.118762252007676580e+03
6.200993608720106749e+03
1.025614499702070316e+04
6.014876886949893560e+03
1.134753872319098264e+04
1.766361248451202118e+04
5.419296118035204017e+03
2.037867632092626536e+03
1.575883981904109532e+03
2.505035452419161447e+04
3.139855492972892080e+03
1.217289757308286426e+03
2.014947042838502966e+04
2.788657019204763401e+03
1.312686077551355538e+03
3.175839684707020206e+04
4.281971560457544911e+03
3.142248318464103704e+03
9.644220538507152014e+02
1.784787278591550057e+04
1.123532173730149225e+03
3.982967507643765657e+03
9.298338948149423231e+03
8.668619940371700068e+03
2.694491431290164655e+03
1.143757035731167889e+03
1.672337526176920619e+03
2.068368983395198484e+03
1.834845236176870822e+04
1.484754116438469828e+04
2.067332480870884410e+03
1.253869552581022617e+03
1.746018847124626336e+04
1.705420536935377640e+03
1.115753150925080718e+03
1.407214737442423939e+04
6.716777982011722088e+02
1.296466463395434857e+03
2.231341918634097237e+04
4.586433550817700961e+03
1.351823029274458349e+03
2.584179239000740836e+03
1.442690022197508006e+04
1.267059798847687489e+03
4.424962713986782546e+03
8.841917967225086613e+03
7.716197586911456710e+03
1.931740938775055838e+03
9.054494707364074202e+02
2.150857824112209073e+03
7.526296183695440050e+02
1.342246092628295082e+04
9.779521799335238029e+03
1.049549024843872303e+03
1.675213025817475136e+04
2.234443658500760648e+03
9.470656020922779135e+02
1.361812951441597397e+04
1.182497104583374039e+03
1.127357279653064325e+03
2.108135573685125200e+04
4.192293621326240100e+03
2.083244391564826401e+03
1.408776718864910436e+03
1.389093814180209665e+04
3.930814705940520071e+02
4.430936481449849452e+03
7.367204825181718661e+03
8.078910444808527245e+03
1.379009601753144580e+03
8.838271889593579544e+02
1.440033321523430459e+03
1.462013778025845568e+03
1.417848264730694427e+04
9.128079207276943634e+03
9.982811426552752891e+02
1.926161193555880163e+04
1.836213452175084240e+04
1.037935985268335571e+04
1.639814668873933260e+04
1.660470770383865602e+04
8.676365921113610966e+03
2.028295101953427729e+04
2.141028766945949974e+04
2.510681002465499478e+04
2.501401636460715235e+04
2.094782644124823491e+04
2.510651044437426754e+04
2.961720600298955105e+04
1.835066790360148661e+04
2.289313581375544891e+04
1.770435496935807896e+04
2.326064496882404637e+04
1.952503040257866087e+04
1.060935448508434820e+04
2.180454406849791121e+04
1.738133151722165348e+04
2.644102061829464219e+03
1.653731811382156229e+04
2.158814050308888909e+03
2.498124118961995919e+03
2.520458727463837931e+04
5.863143768043037198e+03
1.939400316684260360e+03
3.407878478867661670e+03
1.471449452478648709e+04
2.451013104987332099e+03
5.473280101342536909e+03
9.746310667569152429e+03
9.829072913544256153e+03
2.456946876827158121e+03
2.742807107717329927e+03
2.087148946479121605e+03
2.060636992734799605e+03
1.709467575730503813e+04
1.053006682035278573e+04
1.740971756602415098e+03
1.393929439651232678e+04
1.574881057653679591e+03
2.752524049665275925e+02
2.183006330030299796e+04
3.174584369616638469e+03
2.606993906469769172e+03
1.929023553033647204e+03
1.521203051019819759e+04
1.028878067311049108e+03
4.384976573091119462e+03
8.828178514329527388e+03
5.590667529190994173e+03
2.266504199268155389e+03
5.548113402227431834e+02
1.783172757623883172e+03
1.320505887279047329e+03
1.294582296513213259e+04
1.116727542183153128e+04
1.334990618742372135e+03
1.399592437314881863e+04
1.354804899225470217e+04
1.337350210695444912e+04
1.357910670677658527e+04
1.855044059524857585e+04
2.163664151175905135e+04
2.910414845721617166e+04
1.726384955347869618e+04
2.016059489535944158e+04
2.325956678068235487e+04
1.412506851024761818e+04
1.880056449982529011e+04
1.448157574776308866e+04
2.052098020072287909e+04
1.566591957935090250e+04
5.163702375766226396e+03
1.917556638935692536e+04
1.411654853482403269e+04
2.108274353376014915e+03
2.082581989841718314e+04
6.676948280971499116e+03
1.067688516552931560e+03
3.788488616519986863e+03
1.229462274648132734e+04
1.642888792096718134e+03
4.964854850197796623e+03
8.584930768376856577e+03
9.157201717987301890e+03
1.061023215676819746e+03
1.647734711580068506e+03
2.329173006505558078e+03
3.399970865684645105e+02
1.406137113333549132e+04
9.537702940025556018e+03
6.748689334527766732e+02
1.995279208336874581e+04
3.214685104878095444e+03
2.804218591495607598e+03
2.071036167639979340e+03
1.533987605910492675e+04
1.207882191155080363e+03
4.091500605467892001e+03
9.235782172179955523e+03
5.234013129868503711e+03
2.851672283889035953e+03
6.110732840858404415e+02
1.811461473689062586e+03
1.758133897984111172e+03
1.314557793899922581e+04
1.111689961034585212e+04
1.716251650490967677e+03
2.354869555422977646e+04
2.632366872458847502e+04
2.939744382637661329e+04
2.618294971404271928e+04
2.605370349783550046e+04
3.128366254349216979e+04
3.495218452035119844e+04
2.365603456012068636e+04
2.922035284999677242e+04
2.237225535169401701e+04
2.796044065560728632e+04
2.442830388022482657e+04
1.374932241235539550e+04
2.242126564118369788e+04
2.155464203435030868e+04
6.648135449380084538e+03
4.528797337572419565e+03
3.800661464357594377e+04
4.054193648716100597e+03
4.056733989606481373e+03
9.626426900521462812e+03
7.940891051895609962e+03
6.846578735783050433e+03
4.611297739272149556e+03
4.560411510686122710e+03
5.889635961271355882e+03
1.513621441993161716e+04
1.455556136196669104e+04
5.514780240271644288e+03
3.778683531156425033e+03
1.332738347996964512e+04
2.132099724374705602e+03
4.325673057508181046e+03
8.783995910476056451e+03
1.106192744506120835e+04
1.520975978892274725e+03
3.068312951429212262e+03
1.884197429761644344e+03
8.495929529345539777e+02
1.845458051740028168e+04
1.256985162690161633e+04
8.902881617976545385e+02
2.362132319346136501e+04
1.000811963646753611e+03
4.403815514135285412e+03
8.574208129562784961e+03
1.000785015615671909e+04
2.997966889544901278e+03
1.927908347805347603e+03
1.789676231735202236e+03
3.326413688057511990e+03
1.878032252275205246e+04
1.207611554135293409e+04
2.609655562607098545e+03
1.687726890844429727e+04
3.667705475172544539e+04
4.033188769417197909e+04
2.189548670712128660e+04
1.592750445925751410e+04
1.516937512597951536e+04
1.609267310226642621e+04
1.357348636445146622e+04
2.891516250002192464e+04
2.020638781105155795e+04
1.377535940656101229e+04
3.910388421520550764e+03
8.016681632405076016e+03
8.528735929460002808e+03
1.421110255004902228e+03
1.087643823057261216e+03
1.145054826817437970e+03
1.540642356819746965e+03
1.608700563119987419e+04
1.019785175887943478e+04
1.302225804315234654e+03
8.389529408734819299e+03
1.149983507223911511e+04
4.695128838249332148e+03
5.550502215873496425e+03
3.640416349169143814e+03
4.043225927442537795e+03
1.841638291246957670e+04
1.514594999992757766e+04
3.912382370057111530e+03
1.696506542365933274e+04
8.172714343723359889e+03
8.754281300426240705e+03
8.452710252702956495e+03
8.974294795556032113e+03
2.358691439051899215e+04
1.853242402639953798e+04
8.407462823193474833e+03
1.064448447007287723e+04
6.464466808030008906e+03
9.880031684916717495e+03
9.313013619777648273e+03
1.280012273152396483e+04
1.958217726786259300e+04
8.839391275457659503e+03
2.754902682905318670e+03
2.010246192521542525e+03
9.932055643318062721e+02
1.675588298750826289e+04
1.180530106097076350e+04
7.505850606105805127e+02
2.312858469218136634e+03
1.614259685603723028e+03
1.335560952027514395e+04
1.065337003410929174e+04
1.818058962653858543e+03
1.883366337342360566e+03
1.922677849849864651e+04
1.228387524115788801e+04
1.843218006051682096e+03
1.536925609527603956e+04
1.191711284797271946e+04
4.822480919284016636e+02
2.004419381931087628e+04
1.461726681565419494e+04
1.058953301568481766e+04
