1.200000000000000000e+01 6.400000000000000000e+01 1.148304012180447444e+03 2.000000000000000000e+00
7.100000000000000000e+01 8.300000000000000000e+01 2.081360512200702942e+03 2.000000000000000000e+00
5.400000000000000000e+01 1.070000000000000000e+02 2.114637332746395259e+03 2.000000000000000000e+00
2.600000000000000000e+01 1.090000000000000000e+02 2.521467973125877506e+03 3.000000000000000000e+00
3.700000000000000000e+01 1.120000000000000000e+02 2.627860670242600463e+03 4.000000000000000000e+00
9.000000000000000000e+00 2.300000000000000000e+01 2.804812084881926694e+03 2.000000000000000000e+00
4.300000000000000000e+01 1.050000000000000000e+02 2.991608433151559893e+03 2.000000000000000000e+00
6.300000000000000000e+01 1.100000000000000000e+02 3.052712559981280265e+03 3.000000000000000000e+00
2.800000000000000000e+01 7.000000000000000000e+01 3.455955648768646370e+03 2.000000000000000000e+00
5.800000000000000000e+01 8.100000000000000000e+01 3.481521050198437933e+03 2.000000000000000000e+00
2.200000000000000000e+01 1.130000000000000000e+02 3.525212188802908713e+03 5.000000000000000000e+00
4.900000000000000000e+01 8.700000000000000000e+01 3.768424437539959854e+03 2.000000000000000000e+00
6.100000000000000000e+01 6.700000000000000000e+01 3.868567282051614711e+03 2.000000000000000000e+00
9.500000000000000000e+01 1.160000000000000000e+02 3.909531129025383507e+03 4.000000000000000000e+00
3.000000000000000000e+01 3.500000000000000000e+01 4.025540291765204074e+03 2.000000000000000000e+00
3.000000000000000000e+00 1.300000000000000000e+01 4.087107670789592248e+03 2.000000000000000000e+00
2.100000000000000000e+01 1.190000000000000000e+02 4.126997349902037058e+03 6.000000000000000000e+00
3.200000000000000000e+01 7.300000000000000000e+01 4.925533000877874656e+03 2.000000000000000000e+00
3.100000000000000000e+01 6.800000000000000000e+01 4.930377366661916312e+03 2.000000000000000000e+00
2.000000000000000000e+00 1.080000000000000000e+02 5.123527067005107710e+03 2.000000000000000000e+00
4.400000000000000000e+01 1.110000000000000000e+02 5.322743841583765061e+03 3.000000000000000000e+00
7.700000000000000000e+01 9.800000000000000000e+01 5.401553724009719190e+03 2.000000000000000000e+00
8.000000000000000000e+01 1.240000000000000000e+02 5.890421013847668291e+03 3.000000000000000000e+00
2.400000000000000000e+01 9.400000000000000000e+01 5.894204621456950917e+03 2.000000000000000000e+00
1.170000000000000000e+02 1.220000000000000000e+02 5.929880874250980924e+03 6.000000000000000000e+00
6.900000000000000000e+01 1.200000000000000000e+02 5.931511452930546511e+03 3.000000000000000000e+00
4.600000000000000000e+01 7.600000000000000000e+01 6.020262941049205438e+03 2.000000000000000000e+00
1.140000000000000000e+02 1.250000000000000000e+02 6.802761906103070032e+03 8.000000000000000000e+00
7.800000000000000000e+01 1.300000000000000000e+02 6.910316300938921813e+03 3.000000000000000000e+00
1.100000000000000000e+01 1.310000000000000000e+02 6.988291446584293226e+03 4.000000000000000000e+00
5.500000000000000000e+01 1.330000000000000000e+02 7.226390206243277134e+03 7.000000000000000000e+00
1.150000000000000000e+02 1.390000000000000000e+02 7.566392305902229054e+03 9.000000000000000000e+00
5.200000000000000000e+01 8.900000000000000000e+01 7.830155680742394907e+03 2.000000000000000000e+00
7.500000000000000000e+01 1.290000000000000000e+02 8.292348196240902325e+03 4.000000000000000000e+00
2.900000000000000000e+01 7.400000000000000000e+01 8.311254883761708697e+03 2.000000000000000000e+00
1.210000000000000000e+02 1.350000000000000000e+02 8.361530409300918109e+03 4.000000000000000000e+00
6.500000000000000000e+01 1.340000000000000000e+02 8.487886791983422881e+03 4.000000000000000000e+00
6.000000000000000000e+00 2.700000000000000000e+01 8.668170875158406488e+03 2.000000000000000000e+00
4.100000000000000000e+01 1.280000000000000000e+02 9.050112510266109894e+03 3.000000000000000000e+00
4.200000000000000000e+01 1.260000000000000000e+02 9.465957905705990925e+03 3.000000000000000000e+00
9.300000000000000000e+01 1.460000000000000000e+02 1.007749251311767512e+04 3.000000000000000000e+00
2.000000000000000000e+01 1.370000000000000000e+02 1.026697719097274967e+04 4.000000000000000000e+00
1.230000000000000000e+02 1.360000000000000000e+02 1.046497314826361435e+04 1.000000000000000000e+01
1.270000000000000000e+02 1.410000000000000000e+02 1.065154909592878721e+04 4.000000000000000000e+00
1.320000000000000000e+02 1.440000000000000000e+02 1.122772821239945370e+04 6.000000000000000000e+00
4.800000000000000000e+01 1.400000000000000000e+02 1.125337258602131078e+04 1.000000000000000000e+01
1.420000000000000000e+02 1.540000000000000000e+02 1.158143221017031829e+04 1.400000000000000000e+01
0.000000000000000000e+00 9.200000000000000000e+01 1.185383466256274551e+04 2.000000000000000000e+00
1.000000000000000000e+02 1.030000000000000000e+02 1.230649078024298433e+04 2.000000000000000000e+00
1.000000000000000000e+00 1.470000000000000000e+02 1.255328527275134365e+04 4.000000000000000000e+00
1.380000000000000000e+02 1.450000000000000000e+02 1.277155029162652500e+04 8.000000000000000000e+00
8.200000000000000000e+01 1.180000000000000000e+02 1.308770819853241119e+04 3.000000000000000000e+00
3.800000000000000000e+01 9.100000000000000000e+01 1.320769345630663156e+04 2.000000000000000000e+00
1.500000000000000000e+02 1.550000000000000000e+02 1.336026603569636973e+04 1.800000000000000000e+01
1.600000000000000000e+01 1.430000000000000000e+02 1.356356418895665047e+04 3.000000000000000000e+00
6.200000000000000000e+01 8.800000000000000000e+01 1.356941323838865719e+04 2.000000000000000000e+00
5.000000000000000000e+00 1.490000000000000000e+02 1.422534721122207338e+04 4.000000000000000000e+00
8.000000000000000000e+00 3.400000000000000000e+01 1.439872665993657210e+04 2.000000000000000000e+00
4.000000000000000000e+01 7.900000000000000000e+01 1.443617287014704198e+04 2.000000000000000000e+00
1.480000000000000000e+02 1.580000000000000000e+02 1.463522514035097629e+04 7.000000000000000000e+00
4.000000000000000000e+00 1.640000000000000000e+02 1.575859987090423419e+04 3.000000000000000000e+00
1.010000000000000000e+02 1.600000000000000000e+02 1.617322516397785694e+04 4.000000000000000000e+00
1.020000000000000000e+02 1.650000000000000000e+02 1.624183954316890595e+04 5.000000000000000000e+00
9.600000000000000000e+01 1.610000000000000000e+02 1.634954950677948545e+04 3.000000000000000000e+00
1.630000000000000000e+02 1.710000000000000000e+02 1.724940029217918709e+04 8.000000000000000000e+00
1.620000000000000000e+02 1.680000000000000000e+02 1.725596767301097134e+04 2.500000000000000000e+01
1.520000000000000000e+02 1.700000000000000000e+02 1.745942198229748828e+04 8.000000000000000000e+00
3.900000000000000000e+01 1.670000000000000000e+02 1.791530266933445455e+04 3.000000000000000000e+00
6.000000000000000000e+01 1.690000000000000000e+02 1.840095465066301767e+04 4.000000000000000000e+00
5.700000000000000000e+01 8.400000000000000000e+01 1.859878458850564493e+04 2.000000000000000000e+00
1.900000000000000000e+01 5.300000000000000000e+01 1.859925097220680618e+04 2.000000000000000000e+00
9.900000000000000000e+01 1.530000000000000000e+02 2.125582905547011251e+04 7.000000000000000000e+00
1.590000000000000000e+02 1.750000000000000000e+02 2.139562561293197359e+04 1.600000000000000000e+01
4.500000000000000000e+01 5.900000000000000000e+01 2.264154011693926441e+04 2.000000000000000000e+00
1.660000000000000000e+02 1.800000000000000000e+02 2.447870841018999272e+04 9.000000000000000000e+00
2.500000000000000000e+01 1.730000000000000000e+02 2.800633354529373901e+04 9.000000000000000000e+00
8.500000000000000000e+01 1.780000000000000000e+02 2.804236296655794649e+04 3.000000000000000000e+00
1.740000000000000000e+02 1.760000000000000000e+02 2.840275239983072242e+04 2.800000000000000000e+01
3.600000000000000000e+01 1.720000000000000000e+02 2.906943008544659097e+04 4.000000000000000000e+00
5.600000000000000000e+01 1.560000000000000000e+02 2.983360182492040258e+04 3.000000000000000000e+00
1.570000000000000000e+02 1.820000000000000000e+02 3.063909304099676592e+04 4.000000000000000000e+00
1.060000000000000000e+02 1.840000000000000000e+02 3.072755848850050825e+04 1.000000000000000000e+01
8.600000000000000000e+01 1.830000000000000000e+02 3.331262665277661290e+04 1.000000000000000000e+01
1.040000000000000000e+02 1.870000000000000000e+02 3.470444362347493006e+04 5.000000000000000000e+00
7.200000000000000000e+01 1.770000000000000000e+02 3.841029990266941604e+04 5.000000000000000000e+00
1.860000000000000000e+02 1.910000000000000000e+02 3.915406143735168735e+04 3.800000000000000000e+01
1.700000000000000000e+01 5.100000000000000000e+01 4.038479572386197106e+04 2.000000000000000000e+00
1.790000000000000000e+02 1.810000000000000000e+02 4.133877483565451985e+04 1.800000000000000000e+01
1.850000000000000000e+02 1.920000000000000000e+02 4.303791877306022070e+04 8.000000000000000000e+00
1.400000000000000000e+01 9.700000000000000000e+01 4.463737422882516694e+04 2.000000000000000000e+00
1.000000000000000000e+01 1.880000000000000000e+02 4.830551468580606888e+04 4.000000000000000000e+00
1.900000000000000000e+02 1.930000000000000000e+02 4.984845411821329617e+04 1.500000000000000000e+01
4.700000000000000000e+01 6.600000000000000000e+01 4.996821615208626463e+04 2.000000000000000000e+00
5.000000000000000000e+01 1.970000000000000000e+02 5.350007305831542908e+04 9.000000000000000000e+00
7.000000000000000000e+00 2.000000000000000000e+02 5.512231821804057836e+04 1.600000000000000000e+01
3.300000000000000000e+01 2.020000000000000000e+02 5.588667326711647911e+04 1.000000000000000000e+01
1.960000000000000000e+02 1.980000000000000000e+02 5.703012173741553124e+04 2.000000000000000000e+01
1.510000000000000000e+02 1.890000000000000000e+02 6.195134775321144843e+04 1.400000000000000000e+01
1.950000000000000000e+02 2.030000000000000000e+02 6.963648541344969999e+04 1.800000000000000000e+01
1.990000000000000000e+02 2.050000000000000000e+02 7.562348942545903265e+04 2.400000000000000000e+01
2.040000000000000000e+02 2.080000000000000000e+02 8.598925581020025129e+04 3.400000000000000000e+01
1.940000000000000000e+02 2.070000000000000000e+02 8.932747572576388484e+04 5.600000000000000000e+01
2.010000000000000000e+02 2.090000000000000000e+02 9.798288341034238692e+04 3.600000000000000000e+01
9.000000000000000000e+01 2.110000000000000000e+02 1.187550457461318001e+05 3.700000000000000000e+01
2.060000000000000000e+02 2.100000000000000000e+02 1.595658738968288526e+05 7.000000000000000000e+01
1.800000000000000000e+01 2.130000000000000000e+02 1.892488881713415612e+05 7.100000000000000000e+01
2.120000000000000000e+02 2.140000000000000000e+02 2.536188436723682389e+05 1.080000000000000000e+02
1.500000000000000000e+01 2.150000000000000000e+02 5.682148122119735926e+05 1.090000000000000000e+02
