4.000000000000000000e+00 4.700000000000000000e+01 2.838500941151466783e+00 2.000000000000000000e+00
2.100000000000000000e+01 6.300000000000000000e+01 3.540608153591542351e+00 2.000000000000000000e+00
1.100000000000000000e+01 6.000000000000000000e+01 3.855755843074218703e+00 2.000000000000000000e+00
2.600000000000000000e+01 5.300000000000000000e+01 3.911314896412795949e+00 2.000000000000000000e+00
1.300000000000000000e+01 4.300000000000000000e+01 4.067989874744950107e+00 2.000000000000000000e+00
3.800000000000000000e+01 4.100000000000000000e+01 4.134477068364204477e+00 2.000000000000000000e+00
1.200000000000000000e+01 1.600000000000000000e+01 4.280486700907851549e+00 2.000000000000000000e+00
1.000000000000000000e+00 2.500000000000000000e+01 4.312968725275711179e+00 2.000000000000000000e+00
0.000000000000000000e+00 6.500000000000000000e+01 4.482539631521813561e+00 2.000000000000000000e+00
6.700000000000000000e+01 7.000000000000000000e+01 4.530159691407188660e+00 2.000000000000000000e+00
5.200000000000000000e+01 7.400000000000000000e+01 5.155891319383984595e+00 3.000000000000000000e+00
7.300000000000000000e+01 8.000000000000000000e+01 5.781187716416891220e+00 4.000000000000000000e+00
5.400000000000000000e+01 7.700000000000000000e+01 5.890067899220796654e+00 3.000000000000000000e+00
2.200000000000000000e+01 8.300000000000000000e+01 5.945548086015808309e+00 4.000000000000000000e+00
2.300000000000000000e+01 4.600000000000000000e+01 6.176464499706528777e+00 2.000000000000000000e+00
2.000000000000000000e+01 6.900000000000000000e+01 6.211209321255338978e+00 2.000000000000000000e+00
7.500000000000000000e+01 8.200000000000000000e+01 6.400209622533857612e+00 4.000000000000000000e+00
1.700000000000000000e+01 7.600000000000000000e+01 6.441939979816009298e+00 3.000000000000000000e+00
3.100000000000000000e+01 8.100000000000000000e+01 6.595948826975078561e+00 3.000000000000000000e+00
6.000000000000000000e+00 1.500000000000000000e+01 6.623144820077816242e+00 2.000000000000000000e+00
4.800000000000000000e+01 8.500000000000000000e+01 6.778028771502765615e+00 4.000000000000000000e+00
8.000000000000000000e+00 7.800000000000000000e+01 7.038880551335174651e+00 3.000000000000000000e+00
3.500000000000000000e+01 7.100000000000000000e+01 7.120387075167004198e+00 2.000000000000000000e+00
8.400000000000000000e+01 9.100000000000000000e+01 7.434395395345626767e+00 7.000000000000000000e+00
3.600000000000000000e+01 7.900000000000000000e+01 7.649497710665978722e+00 3.000000000000000000e+00
1.000000000000000000e+01 4.900000000000000000e+01 8.933413807169518606e+00 2.000000000000000000e+00
9.300000000000000000e+01 9.700000000000000000e+01 9.361276961627917004e+00 7.000000000000000000e+00
7.200000000000000000e+01 9.000000000000000000e+01 9.403520413444717008e+00 4.000000000000000000e+00
5.000000000000000000e+00 9.500000000000000000e+01 9.502915422426490011e+00 3.000000000000000000e+00
5.900000000000000000e+01 8.700000000000000000e+01 9.599761415066076609e+00 3.000000000000000000e+00
2.700000000000000000e+01 8.600000000000000000e+01 1.004332749121314983e+01 5.000000000000000000e+00
8.900000000000000000e+01 9.900000000000000000e+01 1.011437205018963148e+01 1.100000000000000000e+01
6.600000000000000000e+01 9.200000000000000000e+01 1.052956441594956871e+01 3.000000000000000000e+00
2.000000000000000000e+00 2.800000000000000000e+01 1.095679841865655391e+01 2.000000000000000000e+00
3.900000000000000000e+01 1.010000000000000000e+02 1.253644382527253498e+01 4.000000000000000000e+00
3.000000000000000000e+01 1.020000000000000000e+02 1.336664260966756856e+01 4.000000000000000000e+00
3.400000000000000000e+01 1.040000000000000000e+02 1.337725235578208860e+01 1.200000000000000000e+01
2.900000000000000000e+01 4.400000000000000000e+01 1.364202850076540052e+01 2.000000000000000000e+00
5.100000000000000000e+01 5.600000000000000000e+01 1.376243263188403354e+01 2.000000000000000000e+00
8.800000000000000000e+01 9.400000000000000000e+01 1.513435174775873726e+01 5.000000000000000000e+00
5.700000000000000000e+01 9.600000000000000000e+01 1.585131346883031078e+01 8.000000000000000000e+00
6.100000000000000000e+01 1.000000000000000000e+02 1.618198596619261664e+01 5.000000000000000000e+00
2.400000000000000000e+01 3.200000000000000000e+01 1.666914051720836198e+01 2.000000000000000000e+00
1.050000000000000000e+02 1.110000000000000000e+02 1.685879404988064678e+01 5.000000000000000000e+00
1.800000000000000000e+01 1.100000000000000000e+02 1.801805146458436724e+01 3.000000000000000000e+00
6.400000000000000000e+01 1.060000000000000000e+02 1.839861113692534289e+01 3.000000000000000000e+00
9.000000000000000000e+00 4.200000000000000000e+01 1.904807722904334355e+01 2.000000000000000000e+00
3.000000000000000000e+00 5.000000000000000000e+01 2.035592054297449138e+01 2.000000000000000000e+00
1.030000000000000000e+02 1.140000000000000000e+02 2.043515981969828488e+01 1.000000000000000000e+01
5.800000000000000000e+01 1.130000000000000000e+02 2.052721984718195003e+01 9.000000000000000000e+00
9.800000000000000000e+01 1.090000000000000000e+02 2.101848611125527100e+01 1.400000000000000000e+01
1.900000000000000000e+01 1.070000000000000000e+02 2.242768564926396024e+01 5.000000000000000000e+00
1.080000000000000000e+02 1.210000000000000000e+02 2.278388927852307333e+01 1.400000000000000000e+01
3.700000000000000000e+01 1.170000000000000000e+02 2.459662650705358189e+01 4.000000000000000000e+00
3.300000000000000000e+01 1.200000000000000000e+02 2.486632953439120186e+01 3.000000000000000000e+00
1.220000000000000000e+02 1.240000000000000000e+02 2.839352765958372160e+01 1.400000000000000000e+01
1.160000000000000000e+02 1.180000000000000000e+02 2.947449209591848529e+01 8.000000000000000000e+00
5.500000000000000000e+01 1.150000000000000000e+02 3.131792789272767408e+01 3.000000000000000000e+00
1.230000000000000000e+02 1.250000000000000000e+02 3.137856875081481434e+01 2.800000000000000000e+01
1.120000000000000000e+02 1.280000000000000000e+02 3.210475098581571274e+01 1.900000000000000000e+01
4.000000000000000000e+01 6.200000000000000000e+01 3.307776460117008099e+01 2.000000000000000000e+00
4.500000000000000000e+01 1.190000000000000000e+02 3.371851280443375032e+01 3.000000000000000000e+00
1.260000000000000000e+02 1.290000000000000000e+02 3.545192816079487841e+01 1.200000000000000000e+01
7.000000000000000000e+00 1.310000000000000000e+02 3.595090941854385846e+01 2.900000000000000000e+01
6.800000000000000000e+01 1.330000000000000000e+02 3.966426477529257255e+01 3.000000000000000000e+00
1.270000000000000000e+02 1.340000000000000000e+02 4.751584197711186164e+01 6.000000000000000000e+00
1.350000000000000000e+02 1.360000000000000000e+02 5.213484275217877695e+01 4.100000000000000000e+01
1.300000000000000000e+02 1.380000000000000000e+02 6.126804348906765085e+01 9.000000000000000000e+00
1.320000000000000000e+02 1.390000000000000000e+02 8.850395948991614148e+01 6.000000000000000000e+01
1.370000000000000000e+02 1.400000000000000000e+02 9.386682319168757260e+01 1.200000000000000000e+01
1.400000000000000000e+01 1.420000000000000000e+02 1.391402358455281387e+02 1.300000000000000000e+01
1.410000000000000000e+02 1.430000000000000000e+02 2.271991644129001600e+02 7.300000000000000000e+01
