1.189825469463446872e+01
5.556324962173264481e+01
6.466379529500373735e+01
8.139088347319846761e+00
3.224136643154522375e+01
3.714541045078138382e+01
2.623759228731748649e+01
5.277412306612372817e+01
3.609206814391347251e+01
1.763030311655298377e+01
9.544740190143764735e+00
1.411969887569039628e+01
1.283441732425075266e+01
1.494621039004893248e+02
3.544864648768425042e+01
1.198158649750311078e+01
1.879175162567659640e+01
5.103443954721839759e+01
4.272296470885210340e+01
3.416362454141013671e+01
3.779613321433176054e+01
1.803038275685752367e+01
1.855555205252898432e+01
4.361315763302760473e+01
1.057961516395035240e+01
1.589712129808886587e+01
2.648580677784695681e+01
4.469872445727389731e+01
3.357905757382268774e+01
3.075748530831500815e+01
1.146875592182948012e+01
7.172756630538491152e+01
4.334026773590726833e+01
2.025443988680604335e+01
1.985917886133604782e+01
1.462283069196078245e+01
3.494186571125877094e+01
3.467311602224255296e+01
1.221917503240429781e+01
6.058595032511282596e+01
2.783958085488067624e+01
5.215626311557863914e+01
1.309077119660501154e+01
5.235546328645002490e+01
6.624063912175580526e+01
2.359540964841882982e+01
6.447882306339370651e+00
2.260101971748899174e+01
1.904827115820112127e+01
4.297839573467199159e+01
4.797348007206390008e+01
2.563646933197153288e+01
1.809146131757572817e+01
1.623193293426351502e+01
3.185673236879463843e+01
4.314562602887224330e+01
3.533190514958003092e+01
3.267813006257087238e+01
2.511208056151073009e+01
1.336277635651499018e+01
1.910008745191615986e+01
5.755500268268220765e+01
2.622268291044713351e+01
4.153458161039402086e+01
8.549970570269037395e+00
3.670623890821401147e+01
1.033944459423940643e+01
4.426006772300718239e+01
3.033637097554878537e+01
1.230169999993001362e+01
1.356506665733694028e+01
2.133817966369992547e+01
5.046408768216918617e+01
5.920911371970699122e+01
1.153851435891455246e+01
2.592534843372417086e+01
3.126757384722596456e+01
2.899595308382631487e+01
4.998704744846840242e+01
3.342845958940060314e+01
1.660288052766140865e+01
1.570649050808803615e+01
1.654787837765567460e+01
1.576319884753688605e+01
1.441893713687828438e+02
3.114898061758428938e+01
1.379299669655357974e+01
2.071201196441267456e+01
4.771027116854132544e+01
4.218769892063369298e+01
3.196502742536954145e+01
3.445356711270933658e+01
1.752556709719118544e+01
1.898703672899415906e+01
4.083675025713394291e+01
1.088500952666453259e+01
1.556484829241428258e+01
1.994216184340459819e+01
3.869742615797822793e+01
2.919806466801770739e+01
2.829049390205674896e+01
1.396333439491461981e+01
6.887180921096999953e+01
4.096208740666806847e+01
1.989909194055739405e+01
1.603244186288845441e+01
1.684606063093933415e+01
2.920243900255072944e+01
2.926546817770567088e+01
1.704904907079453480e+01
5.941018452394264671e+01
2.296192550008587574e+01
4.873298354085131479e+01
1.635216350229594440e+01
4.539061545247652418e+01
6.142923984048644570e+01
2.070988340138038808e+01
9.552958556948603075e+00
1.773513066016073836e+01
1.627972641923096475e+01
4.111088752139861668e+01
4.402296451135583766e+01
2.603805164969512020e+01
2.059812084103299767e+01
1.700981362406221109e+01
3.417562656992115677e+01
3.657435264388806218e+01
2.848078788793772986e+01
3.151243191482212325e+01
2.173792143124854448e+01
1.593716919505576080e+01
1.720199516424382224e+01
5.689594405107018105e+01
2.656184182482788003e+01
3.500507818439610475e+01
1.144654062225938063e+01
3.043715275705820389e+01
1.167725267837111325e+01
3.736588562524698176e+01
2.854442092190291547e+01
1.185366769071152504e+01
1.670694503600954661e+01
2.086099325105907099e+01
5.096623600337908044e+01
5.415410774956725959e+01
6.161749655325083097e+01
3.003965987746466482e+01
6.160443618397065535e+01
6.122172529238161331e+01
4.867322456785964135e+01
4.908300425509393961e+01
5.098718924235978989e+01
5.365317080360152602e+01
4.748235855042400289e+01
1.164750136812133690e+02
3.090435332700596760e+01
4.937892126771497203e+01
4.390785663475412548e+01
3.283364602700076063e+01
7.107923107412223374e+01
5.136566193196603791e+01
2.676343446725505260e+01
4.519440199283238258e+01
4.850382559108050629e+01
6.075331594078549813e+01
5.342871446078028441e+01
4.496706308323636136e+01
3.942655148272763910e+01
3.085612343999884644e+01
4.607262638743924299e+01
5.821503400796002126e+01
4.941181720503570318e+01
7.404162386640201987e+01
4.085317327966578915e+01
5.149064039909123380e+01
5.856513845037257227e+01
4.970631619812719038e+01
5.166097784137407700e+01
4.797497074438287257e+01
6.140562837498544724e+01
6.986636613699518250e+01
4.868663779843970474e+01
5.328257259811019253e+01
4.942337334809241156e+01
2.884245141035075477e+01
5.508308605485072462e+01
4.526142888060746117e+01
5.155530366095793227e+01
4.376695766778746588e+01
5.386789938480947626e+01
4.627022457708751801e+01
2.947804146240035905e+01
4.721570910385121067e+01
4.724607117197396633e+01
4.844332184740606806e+01
6.371659425979541425e+01
2.699713957004415832e+01
4.235341869281907634e+01
6.555326105735811382e+01
4.161854967266960870e+01
4.960579216853056295e+01
4.972850515759795798e+01
6.561751706115086336e+01
4.720372232272330848e+01
3.628611749759590310e+01
5.166037728282874042e+01
3.384780363229775446e+01
5.204353602145248914e+01
6.211592331163143399e+01
4.675394567504807242e+01
5.258534144720247383e+01
5.907656579639936467e+01
4.665356802890936905e+01
6.270739425262904376e+01
5.215073319616747938e+01
4.290263393443431994e+01
6.977244976188733006e+01
6.050998207680768104e+01
4.885891717127314848e+01
6.227672852303579276e+01
6.401288933105746537e+01
6.624488936023456631e+01
6.560844205862464662e+01
7.873020880613222516e+01
4.505030735396898223e+01
6.436081457857579835e+01
6.449514802725357754e+01
4.047847708781687004e+01
7.383187527415286411e+01
5.467344827762648407e+01
4.605746130403353078e+01
6.597596947691802427e+01
6.579877855173755563e+01
5.104061512228590658e+01
6.446731346732414636e+01
6.552819464423627949e+01
6.484630648514807660e+01
6.012989196341906251e+01
5.741165143327653198e+01
7.518187243877086701e+01
6.175839919630022479e+01
5.569248129598634023e+01
3.619844449089652016e+01
6.478355726477474263e+01
6.211799558335593474e+01
6.315024251907017572e+01
6.380593291872850159e+01
4.398830042491918846e+01
6.717825624652138572e+01
4.944451507878609675e+01
5.374957138402386647e+01
5.058319963393039842e+01
6.340994495723464297e+01
4.684487761058532129e+01
3.496713491997759604e+01
6.714358104112136516e+01
6.282589523450944569e+01
6.161785458421430661e+01
5.606103840665659277e+01
3.250093900297368066e+01
4.471330718359470069e+01
6.878992342155028439e+01
6.754292315395626645e+01
6.517208020591084505e+01
4.843981822257060088e+01
4.987774194605260902e+01
4.636344627632647075e+01
8.122641405290991656e+01
6.726830949843630947e+01
6.339123645310792909e+01
6.463103653176496266e+01
5.400574920822025149e+01
6.960574174011068749e+01
5.750536709243780820e+01
6.178307784604533026e+01
4.419161216928333147e+01
6.324338518525978259e+01
5.838187647869023067e+01
5.388954673723966948e+01
6.482547502589679311e+01
6.149534694433324233e+01
6.695015569234439567e+01
2.777449991663925744e+01
3.577163107425547395e+01
2.596045895082789201e+01
5.167208466334714245e+01
3.416504433254755924e+01
1.369906381015242935e+01
1.054671581026313731e+01
1.295161973275167711e+01
1.207138784034734513e+01
1.471436949815512207e+02
3.416946695051309746e+01
1.142762086340874461e+01
1.633275933682993042e+01
5.072338983460595330e+01
4.170095076449175053e+01
3.297747789228029092e+01
3.653823232841134683e+01
1.482814616509561390e+01
1.770494264113638394e+01
4.214653013705737550e+01
6.871971397166277029e+00
1.488657000986532175e+01
2.495815565348535614e+01
4.323116000254663049e+01
2.787737743032176496e+01
2.968833749092199170e+01
1.030988454070492999e+01
7.107628891182550035e+01
4.309375778655628153e+01
1.772120393481886680e+01
1.539495647477763285e+01
1.079684200733692911e+01
2.702844165182476033e+01
3.428439203276413139e+01
1.526053145771796338e+01
6.086048297396685314e+01
2.685134593757832633e+01
4.923837299861475003e+01
1.174152982704037029e+01
4.897264531254420206e+01
6.652374286563110672e+01
2.418275652442190449e+01
4.447238859347777407e+00
1.860923666231116158e+01
1.503240999671796452e+01
4.319069004634260978e+01
4.784268154925435823e+01
2.430809119273552099e+01
1.778308032605060163e+01
1.290755376351535766e+01
3.335736106823457447e+01
4.129844609179983195e+01
3.387018726944342717e+01
3.274611935361923543e+01
2.396121499816206679e+01
1.130822585422246362e+01
1.952885620361174190e+01
5.466533028460750643e+01
2.205541867623556840e+01
4.146139733704798402e+01
5.772301155103383152e+00
3.516933820141872502e+01
1.231164114259653175e+01
4.442617086994816589e+01
3.017818016469672671e+01
9.677968558962790624e+00
1.227249479262265019e+01
1.829032596001771793e+01
4.036669910484849311e+01
4.890524972724401209e+01
4.697610730267125945e+01
3.400182117544193261e+01
3.001070900317671786e+01
3.607319331679862273e+01
3.705847338075891173e+01
3.781655418971944016e+01
1.298071398624609571e+02
4.593330465312172350e+01
3.303948199390853802e+01
3.713798614442588786e+01
4.783205162026933976e+01
4.483163446029350041e+01
3.822499456791283734e+01
4.545475130715664847e+01
3.535558799947007458e+01
3.730802830845085793e+01
4.625234087092545820e+01
3.054423582519095248e+01
3.582836339312776630e+01
3.655246547341010910e+01
5.361446663162888626e+01
3.544992886997773240e+01
4.160014372293832707e+01
3.356502494242747048e+01
6.381205575925697104e+01
4.527627409526053981e+01
3.495518833183183460e+01
2.205356687615812206e+01
3.656386801951266818e+01
3.705043073065023407e+01
3.330009261796077880e+01
2.903606263632840623e+01
5.939031872812019230e+01
3.377249949806636664e+01
5.329452744995576552e+01
3.395916794853652476e+01
4.909404720708076297e+01
5.839177474936508361e+01
4.254313162906142054e+01
2.834323129447830070e+01
3.122505904145068456e+01
2.663389198241695510e+01
4.008421819174728284e+01
5.115122042722526885e+01
4.381779979893704535e+01
4.016291557647830501e+01
4.155917907674018608e+01
3.620765407199156272e+01
4.590057707260673681e+01
3.954620662807548115e+01
4.384181858223337969e+01
3.801411122898405637e+01
3.514646268090173464e+01
3.505215339757036475e+01
5.518246110327832810e+01
4.906768339764701636e+01
4.631086891118012261e+01
3.183419292862188499e+01
3.956678481140611581e+01
3.183339759426444004e+01
4.451351886436789584e+01
3.636289507396287490e+01
3.209126190275028989e+01
2.214752888224775873e+01
4.581940500192305166e+01
4.579449836566715959e+01
4.422810531929515321e+01
4.058490231445991014e+01
3.489513375123593164e+01
3.375256315008886787e+01
3.566718978292826137e+01
3.299950058335257808e+01
1.201944894677688183e+02
1.072674119829619244e+01
3.146393121172993190e+01
3.448934175885939624e+01
2.149181816968940950e+01
5.597373633807217885e+01
3.220743708187195864e+01
1.404690934726032481e+01
3.554328795352207493e+01
3.418359723353717783e+01
5.102040640673634897e+01
3.493076736010230832e+01
3.254006856473468901e+01
3.137067995280222377e+01
3.189955923795753989e+01
3.673042645191206645e+01
4.632181597865584166e+01
3.124802178915242123e+01
6.710517227240183047e+01
2.769362249438945867e+01
3.494453302492413371e+01
3.845435838374184812e+01
3.436245075117929559e+01
3.783170038588376372e+01
1.961711971258269571e+01
4.228454839073213378e+01
5.649687653819091793e+01
2.861839083531803141e+01
4.961909415526756817e+01
3.302570634032052510e+01
2.030188258886995811e+01
4.351492998791224665e+01
3.432163637992626803e+01
3.446434561072370428e+01
2.950403395092577341e+01
3.538539645697656510e+01
3.069120693250555831e+01
2.126232901632880612e+01
3.903745278802840346e+01
3.535707570068919381e+01
3.506073840723835389e+01
4.537900605336608351e+01
1.594023520484774181e+01
1.313152350071015384e+01
5.150453480118204652e+01
3.479226717251396650e+01
3.292954333205256745e+01
3.369934426220604706e+01
5.448434682539764395e+01
3.986840860629864380e+01
3.054284137576831171e+01
3.371763780282103795e+01
1.524334912846985901e+01
3.409170800826341718e+01
4.893047131596269139e+01
2.892785306364158515e+01
3.394391671626257789e+01
3.959941905929989758e+01
3.409046189809100014e+01
6.391083647739331752e+01
4.545264900606702696e+01
2.984765266220637869e+01
2.447791897545492645e+01
2.092021978292346063e+01
2.686708740768549575e+01
1.552469782179793469e+02
4.273017255666333369e+01
2.478679413881749127e+01
2.664130687843777423e+01
5.214326081878667196e+01
5.252952838930822566e+01
5.415575839349889975e+01
4.438208546549089561e+01
3.000653717766624595e+01
2.731714503956688134e+01
6.233579899129175317e+01
2.692942001088409398e+01
2.426030243871687020e+01
3.888413412154489635e+01
5.339594298452690424e+01
4.426815658379146612e+01
4.443810669444138739e+01
2.385581302562683703e+01
8.691418028781951932e+01
4.725091566233811591e+01
3.088921072609587526e+01
3.737747001732634544e+01
2.580980847285927027e+01
4.242059606603739752e+01
4.813861443223006376e+01
3.145329561524636119e+01
6.153039411200074937e+01
4.489175627903725996e+01
5.635921049112234016e+01
2.148303229075411735e+01
6.113541255128794205e+01
5.944715145595228734e+01
4.002185542053679512e+01
2.468139681750444225e+01
3.550881896699878126e+01
2.940733842627041383e+01
5.091171959828096050e+01
5.410809950246719779e+01
3.046272467730963385e+01
2.359958261052122808e+01
2.902384424044905131e+01
4.429836927136751257e+01
4.954232193932755735e+01
4.490051119930993195e+01
4.810682276931530765e+01
4.213454382965223743e+01
2.559349998248038105e+01
2.887707807963633044e+01
6.176257560531109903e+01
2.718057803668475003e+01
5.535977075594895780e+01
2.537249442933998367e+01
5.113616116657883026e+01
2.570275268745616160e+01
4.946592683439795479e+01
5.143177473046135617e+01
2.390641172244642121e+01
3.063277932682580484e+01
2.485300117375472695e+01
6.673758693072235815e+01
5.412689300191229336e+01
5.849623436452745295e+01
5.500450963185649300e+01
5.707282982587150855e+01
1.306336204627335178e+02
4.868743167522692517e+01
5.640505371106253563e+01
6.147997136452552525e+01
5.856055842548407497e+01
4.684127919984175747e+01
4.101151570013402647e+01
4.607933376355691024e+01
5.794620454930960562e+01
6.260494439690043578e+01
6.907905699125670651e+01
5.297549946190554948e+01
5.878548093924334239e+01
5.803222130777751175e+01
6.477136316049481479e+01
6.298930936842446471e+01
6.090797617962517307e+01
5.263000586640590939e+01
6.947002514828925257e+01
5.680422747194901945e+01
5.570178282036851414e+01
4.722363170983580005e+01
5.412359398445071434e+01
7.074384701616725124e+01
3.189380924046188426e+01
4.991004071862631264e+01
7.704972876265577497e+01
4.149330751137764395e+01
8.280027107100697492e+01
5.388009338587993824e+01
5.729944354991252453e+01
6.594349491276713593e+01
6.030735632366471322e+01
4.997987797586053915e+01
5.432587260765214410e+01
5.371907850121818484e+01
4.777785749260471704e+01
5.086831811152072191e+01
5.793446808235036372e+01
5.849838889210045068e+01
6.175494656292059403e+01
5.658101562870856327e+01
5.034030107679985377e+01
4.250228597016896970e+01
6.110475662828589094e+01
5.826369492122586280e+01
5.556512388945002101e+01
5.856781576496222641e+01
8.331848918056549280e+01
6.621206917627743849e+01
5.280152016156234396e+01
5.461373622807813177e+01
4.375141668837954256e+01
5.111007855773909370e+01
6.513477420695133446e+01
4.475045708910896280e+01
5.290528018618996242e+01
4.795924545350133172e+01
6.610931632624374288e+01
2.406785480567009827e+01
3.353826762869697831e+01
3.384677636218006569e+01
2.844982443831487728e+01
1.283812782685973843e+02
3.661679557797453555e+01
2.802972213137736190e+01
2.837903160244958656e+01
4.014921297815830314e+01
5.047714965968548029e+01
4.729565810943899606e+01
3.977145052406448400e+01
3.274882496765746964e+01
3.452472327904694538e+01
2.617422261034034392e+01
3.579162023094671952e+01
2.864749665019477121e+01
2.948420822130868757e+01
3.572694186808954697e+01
2.173241606955563299e+01
4.533946857649792150e+01
3.205758295591430596e+01
6.615578321231654968e+01
3.978501771154675737e+01
2.796320490285508598e+01
3.776902565933839639e+01
2.987136985569652126e+01
3.039946552627328913e+01
4.954889251075773871e+01
4.441002272774996840e+01
5.598652656945768058e+01
4.184436677991678266e+01
2.260779838060362934e+01
2.636094114922906329e+01
4.343922208498812410e+01
4.859069715702853642e+01
3.190449841322542213e+01
3.025295816431775364e+01
2.888208568369173435e+01
2.898785615144793582e+01
4.049778869884509902e+01
4.219377128707492375e+01
3.505938536374909376e+01
3.176276224975516982e+01
2.857231389968385216e+01
3.849612008097200544e+01
4.270454403443147839e+01
4.424787204956972175e+01
5.229978902358655546e+01
3.294308856466393820e+01
3.105817743844405499e+01
3.411728449516284201e+01
5.221680642015235208e+01
3.546779802036206064e+01
3.926040314462132841e+01
3.176136709996452012e+01
3.944386094438768708e+01
3.160991539529959482e+01
5.357610004661924563e+01
4.087166335788010230e+01
3.427962862473182071e+01
3.720857134240327468e+01
2.833713635174033385e+01
1.302148432587358151e+01
1.655245733213441284e+01
1.122600488043598155e+01
1.465542797813686207e+02
3.086264365499016904e+01
1.154979371703997337e+01
1.284897537827777825e+01
4.104464097116142796e+01
3.977224993059711977e+01
3.516493126243165079e+01
3.646354751588876297e+01
1.644916027741547992e+01
1.526245254658856787e+01
3.613069531627112951e+01
1.375453957974744412e+01
1.211844089271068725e+01
1.860957089459222757e+01
3.720372184445061947e+01
1.823723546016946884e+01
3.194166822137762907e+01
1.244002919937337737e+01
7.075137950168111445e+01
4.178244668764795478e+01
1.386086935715207602e+01
1.915070899270427773e+01
1.598340134447692407e+01
2.097983633566490624e+01
3.887994607602152541e+01
2.317337362209775620e+01
5.935027926147071042e+01
3.169741427245342891e+01
3.699021611225431627e+01
9.844817916812246494e+00
4.484648601638522081e+01
6.195889699456412103e+01
1.737202997316456177e+01
1.146074558179349800e+01
1.750369756718533765e+01
1.570194678132885002e+01
4.421716805559854180e+01
4.324009587112973918e+01
2.091419322208130538e+01
1.761619986534148197e+01
1.401678975005255445e+01
3.757637976791428969e+01
3.744812784729828792e+01
3.628680471744431202e+01
3.837601915406657582e+01
1.900163184787751902e+01
1.365079665951185817e+01
2.061802367056085927e+01
5.356500212537072514e+01
2.044316407444521033e+01
3.885783910061607571e+01
1.259036573018900640e+01
3.539027298859814152e+01
1.754600493024528518e+01
4.334813131547896603e+01
3.020025167412165246e+01
1.332017477483688239e+01
1.706976661145358065e+01
1.144637022905266122e+01
1.474506941580117392e+01
7.816276613234378168e+00
1.508614838242087330e+02
3.039434255079095593e+01
1.127278000124507962e+01
1.384400589902556078e+01
4.658745911629007708e+01
4.711834272012949043e+01
3.712107100258089076e+01
3.499310406206136292e+01
1.334448108715044157e+01
1.274635235696051438e+01
4.285433932803386625e+01
1.025291057577921450e+01
1.156040277384055237e+01
2.377737802043720450e+01
3.990962687501673400e+01
2.626161636066468219e+01
2.857200260896398447e+01
8.105254569826417566e+00
7.529579119896176564e+01
4.277453317317453951e+01
1.931656771336382761e+01
2.340394667274811269e+01
1.428358694524149541e+01
2.514571381920544013e+01
3.850845217405441190e+01
2.095944546929014152e+01
6.111156878394868386e+01
3.093323748981443799e+01
4.588018993819871127e+01
1.091590123047860139e+01
4.780693886029870754e+01
6.504881458364471314e+01
1.983607120009339297e+01
7.518726062815185962e+00
1.925133049938311558e+01
1.892962726964929487e+01
4.326631775490606913e+01
4.397091619401105334e+01
2.257082080478082986e+01
1.688971864105485565e+01
9.100603323207451467e+00
3.772167985961313263e+01
3.892677596338120338e+01
3.357426783268562076e+01
3.524971060085852059e+01
2.209744159809511999e+01
8.817841688726179683e+00
1.788498319504834200e+01
5.565556743890427072e+01
2.112448807514343230e+01
3.958509786055333990e+01
8.435531242420013953e+00
3.532099268568378392e+01
1.367186020547087288e+01
4.532185727861777025e+01
3.280547386026362489e+01
1.055031704658387071e+01
1.897038930163716941e+01
1.402692904198913126e+01
1.102967366070633304e+01
1.467101429784945026e+02
3.438178215370608370e+01
8.027665025668440535e+00
1.734223664512166252e+01
4.827200941260944234e+01
4.531914893978407122e+01
4.098806322320827888e+01
3.524757290378405372e+01
1.919404364932000817e+01
1.502032966612794596e+01
4.631862242046243239e+01
1.321047608001765639e+01
1.264198009141495582e+01
2.490507073352550194e+01
4.221050761483662228e+01
3.346850765026424313e+01
3.333799642998290835e+01
1.045147948231432089e+01
7.633981647325443021e+01
4.420710099247249758e+01
1.584933467695139520e+01
2.575792324028867952e+01
9.745670170949784605e+00
3.377249714718539764e+01
3.841924686376429321e+01
1.972069830039414740e+01
5.910620772237300002e+01
3.208660418896478461e+01
5.007085856950551772e+01
9.630979305403766233e+00
5.006758802404895192e+01
6.439537717047205945e+01
2.338795704000148845e+01
1.092904079237261961e+01
2.230696729201414996e+01
2.156583072587675787e+01
4.553278189883953075e+01
4.647222221362807204e+01
2.243851798943101628e+01
1.124288257955624992e+01
1.342979048213261883e+01
3.663832421826773356e+01
4.252066509379765336e+01
3.515914072300844850e+01
3.561858036136245431e+01
2.948678737351662349e+01
1.218210131045323941e+01
2.003528724852142062e+01
5.722750404645353228e+01
1.763235200172850625e+01
4.176600328926525663e+01
1.272453241313102623e+01
3.782045291259312592e+01
9.916301075949721877e+00
4.424861552916958374e+01
3.810692696596838402e+01
1.043211747088605890e+01
2.025771658421465204e+01
1.314404614151175821e+01
1.474737380957617745e+02
2.829874916789452044e+01
7.815902127553301604e+00
1.115202400775280367e+01
4.444224843194201924e+01
4.555135447956177330e+01
3.695465559789574428e+01
3.296672934906567320e+01
1.068614612447255929e+01
1.158671035667858362e+01
3.977588558787285677e+01
9.994355953048705388e+00
9.367988680957344272e+00
1.668179397085592797e+01
3.570200158202381147e+01
2.121356163204490031e+01
2.521241328915098023e+01
9.566649232088250798e+00
7.519432220206613238e+01
4.298184939762029444e+01
1.459163265366008133e+01
2.305422415965909266e+01
1.108578954800789340e+01
2.404520155530458325e+01
3.997545662431215163e+01
2.231409093818750478e+01
5.925529148603179408e+01
3.077568195752692759e+01
4.165264157063265316e+01
8.699582997784654381e+00
4.550101298591755494e+01
6.459623162065939539e+01
1.449196670954088617e+01
9.074470250885793732e+00
1.362637729567477507e+01
1.798575108800560685e+01
4.389517809720562980e+01
4.104650218261900818e+01
1.636873773532554210e+01
1.304072181563257971e+01
5.883545705214523025e+00
4.009090532595315892e+01
3.608322471328958159e+01
3.453549127146201414e+01
3.190816680172492070e+01
1.783020666628144113e+01
7.365571604498722280e+00
1.702209038026915522e+01
5.344586307393902302e+01
1.773863615129248927e+01
3.677878726242234819e+01
9.062625758626671413e+00
3.245518557988640396e+01
1.196493712851340874e+01
4.463824923972468639e+01
3.250428065343871253e+01
8.227333367828856936e+00
2.124035517269788897e+01
8.830900977553300280e+00
1.241508989496968240e+02
1.448131086068148079e+02
1.462411216527758029e+02
1.122538090710791607e+02
1.550567152183164126e+02
1.317102844296564967e+02
1.213715824294090169e+02
1.505476487512468111e+02
1.515319038537552956e+02
1.115875392588000210e+02
1.497200683660838081e+02
1.446796520111391260e+02
1.445144314303767317e+02
1.293666436053044606e+02
1.472757071465155718e+02
1.881989111036041322e+02
1.459828520483085015e+02
1.059195018871419904e+02
9.583795880271391354e+01
1.459290676495879495e+02
1.456336616289938206e+02
1.456845925912895723e+02
1.493073641155510245e+02
1.223513081987978524e+02
1.511413423579568303e+02
6.501347133657357347e+01
1.302975475241401853e+02
1.125767094288840440e+02
1.461071600064557288e+02
1.249262998644221625e+02
9.629182304094496203e+01
1.458272584052299408e+02
1.473456999284636026e+02
1.422944127530714695e+02
1.458633021278781428e+02
1.043314960332555756e+02
1.198788132381159954e+02
1.486791262921591965e+02
1.465427536070786232e+02
1.471638050432842988e+02
1.081510397394610834e+02
1.243982671300998248e+02
1.227828432697400842e+02
1.830051751403691753e+02
1.480361555799850066e+02
1.466740462442198805e+02
1.447449837513872239e+02
9.525088395108068084e+01
1.493446636934426976e+02
1.267465651503057131e+02
1.463979717961987035e+02
1.276577627545851499e+02
1.489704546417811173e+02
1.055674048698017344e+02
1.317083986901791661e+02
1.503812351390814115e+02
1.517465256980124195e+02
1.455232425919850812e+02
3.050812822033788052e+01
2.936748446483548136e+01
2.001807880155973507e+01
5.794886101664049960e+01
3.440951027206530455e+01
1.286108576542495108e+01
3.182784562776827642e+01
3.153450419576326169e+01
5.048265893533235271e+01
3.335576163313238851e+01
2.791465047677451494e+01
2.802667140485656816e+01
3.014615323140474601e+01
3.395002720780846062e+01
4.317325203229594877e+01
2.899159182400418899e+01
6.879136084361620362e+01
2.815745657875361374e+01
3.325760595101895234e+01
3.975645644118642963e+01
3.138582136162484559e+01
3.724988312258896883e+01
2.672504507606709367e+01
4.385633834304588419e+01
5.484122388022980488e+01
3.086013293280705483e+01
4.688387823372193708e+01
2.906751602468531104e+01
2.548149264484546350e+01
4.428932704979902724e+01
2.983988755739565946e+01
3.257660390735434675e+01
2.879384859419021581e+01
3.387640421072374863e+01
3.097280142522390278e+01
1.906662477107278875e+01
3.354153777373822010e+01
3.221050093939965819e+01
3.003542420743201902e+01
4.725801040689046317e+01
1.339496659142872304e+01
1.770580725701491076e+01
5.186058194736812510e+01
3.387560923493175835e+01
3.001263715694992129e+01
3.386687682050812498e+01
5.516068613383130526e+01
3.083249391960714547e+01
2.896932745851364288e+01
3.116437463420766463e+01
1.904147793185376614e+01
3.138675209174309799e+01
4.584292873601232543e+01
3.047328256930146040e+01
3.093640831546678527e+01
3.979516128913886064e+01
2.856024767418258037e+01
1.444846151861067085e+01
4.501298627941650921e+01
4.855181988747863642e+01
3.817804784357343095e+01
3.362814777585369086e+01
1.521993288635153974e+01
1.458849094266431479e+01
3.822945628815164554e+01
1.032996289543754642e+01
1.103781042833927550e+01
1.884087382649557085e+01
3.829731970125445883e+01
2.722942803745372231e+01
2.775595696839307180e+01
9.262567018701719945e+00
7.414813623637333251e+01
4.265115549203549961e+01
1.003303394832229323e+01
2.195913316455069264e+01
1.008120809533766682e+01
2.771685366580362242e+01
3.940195714871732946e+01
2.007852481624960461e+01
6.007392620722966114e+01
3.125183722080998194e+01
4.693273691141403958e+01
8.664459584864971475e+00
4.730601511386505820e+01
6.366361457289357872e+01
1.557294575881913978e+01
8.542496111783441037e+00
1.394377708857901155e+01
1.589164464751754124e+01
4.260920423075994279e+01
4.169315917788466663e+01
1.970779740056988416e+01
1.039106737763657584e+01
1.378709612217877734e+01
3.753913216755684346e+01
3.845460595024769646e+01
3.217681079451509163e+01
3.757873509921310529e+01
1.945107417607398759e+01
8.920308223062280106e+00
1.548378779753031864e+01
5.493590233666377287e+01
2.049668157237066879e+01
3.710702789088247755e+01
9.564621333187989904e+00
3.174995077213088379e+01
1.037497996194720962e+01
4.298342107938893264e+01
3.349636656528829803e+01
8.381053239595699367e+00
2.026703656218538896e+01
1.143622169789464849e+01
4.018886410232017425e+01
5.144903218634464537e+01
4.031035584846130604e+01
3.034108764146802883e+01
1.045622955048128588e+01
1.296499782509426169e+01
4.426927924598901143e+01
1.612128453008801898e+01
9.386837885254109892e+00
1.488353556208904394e+01
3.233460585837266876e+01
1.865674549096987178e+01
3.185889756757087099e+01
1.290405462486327437e+01
7.745517166212019333e+01
4.413390828568496715e+01
1.845085197753592610e+01
2.703990113382738514e+01
1.456811049266080715e+01
2.266074425819423155e+01
4.307673373962949626e+01
2.793791481576418079e+01
6.059637349768907200e+01
3.401025365174523785e+01
3.904651897852369302e+01
1.232351049304230273e+01
4.170543078078230792e+01
6.333167358230105037e+01
1.984129205284564534e+01
1.369437070575932580e+01
1.729648113591226632e+01
2.110570490755683082e+01
4.605129872798987378e+01
4.057963510561792475e+01
1.591609705973229971e+01
1.264061780288311532e+01
1.220678065159573578e+01
4.381451243896965764e+01
3.355813603399842293e+01
3.746281195597340030e+01
3.972440747145315498e+01
1.417129161764510137e+01
1.323916093564556817e+01
1.962908854918337198e+01
5.137950016725489633e+01
1.375212924446147156e+01
3.834623284020538136e+01
1.425053870207352524e+01
3.632950745764810563e+01
2.037748870823163116e+01
4.443836635415260616e+01
3.583817136496537614e+01
1.621334593803291213e+01
2.542372699647124179e+01
9.630782848322686718e+00
6.322728058344386426e+01
4.602824632332431776e+01
1.608568126959519518e+01
4.281826521233409721e+01
4.568687461119795756e+01
4.664421403778263908e+01
4.801738944609013515e+01
4.117562053119645071e+01
4.060360015809355616e+01
3.358022646208485895e+01
3.792877671818018825e+01
5.739565508816225048e+01
4.482741396645311482e+01
6.923845509495411932e+01
2.697049143179093633e+01
4.614601579071274529e+01
5.038809772434161971e+01
4.539067879404496608e+01
4.219749257772343753e+01
3.590880795773180267e+01
5.899018531505080887e+01
5.116776516552011600e+01
4.238403413115548801e+01
4.190203504320646033e+01
4.218623892206267811e+01
2.367763659464157655e+01
3.097451764719293266e+01
4.572629432710412090e+01
4.815377616388289539e+01
4.700925685571585433e+01
4.855835907999189516e+01
2.656753748304380025e+01
2.791953705941999075e+01
4.498561016966559123e+01
4.437252850050392539e+01
4.630897403396629386e+01
4.646746018350987839e+01
1.675121443643096342e+01
2.705897334451117331e+01
6.350631029479468737e+01
4.369173136467230023e+01
4.515381775187481139e+01
4.344813611188672553e+01
5.613762651160385531e+01
4.238997507109400686e+01
3.831273124044530931e+01
4.874751352366124735e+01
2.935423675063053395e+01
4.801418994616622626e+01
5.589670306689743740e+01
4.094236502667919808e+01
4.821321076045318677e+01
5.548564986051853509e+01
3.880526151292619375e+01
4.377403203326275616e+01
5.933199770262445583e+01
4.959146107790500224e+01
5.517934261076199220e+01
5.981198985133634238e+01
4.535027892555336848e+01
4.868457935896319100e+01
5.082428195421148587e+01
6.607562248951326467e+01
5.139590127150336940e+01
4.175064227360778091e+01
4.504246656713634422e+01
8.340968863828307178e+01
6.164830502217276376e+01
4.681726929324658215e+01
3.790438061740613307e+01
4.671988030899366606e+01
5.543175715775113588e+01
4.733298978253289846e+01
4.118891370604419677e+01
8.183759929891186857e+01
3.983035686560008060e+01
7.028839096623907778e+01
4.480892484628768102e+01
6.675319274042287532e+01
7.500539844501099651e+01
5.053249523655260589e+01
3.983748623437585223e+01
4.789932190850640126e+01
4.303576277238418157e+01
5.240222385597881782e+01
6.454711589701611274e+01
5.302611917664667374e+01
5.211499172762794529e+01
5.102816047158107438e+01
4.934023275960977628e+01
6.022325710104075824e+01
5.539938575729428294e+01
4.529692732290480706e+01
5.137190923491605332e+01
4.639709087532104803e+01
5.400157400109769412e+01
8.074299807134374873e+01
5.436749717030256335e+01
5.676927244577601783e+01
4.435335629391776280e+01
5.539313441163929497e+01
4.372429977224386732e+01
5.980208424874821560e+01
3.757170114933824578e+01
4.335252479206312870e+01
3.480394669912324446e+01
5.603006940931437896e+01
3.678218793656323982e+01
3.998756348707154018e+01
4.107176685278237471e+01
5.405999873110709331e+01
3.400108980661418911e+01
3.848558082715020845e+01
4.027002288711665301e+01
4.500126218462206396e+01
4.430832445615671134e+01
4.666577690893120689e+01
3.631889818194966324e+01
5.960650960775077323e+01
4.291190272220260482e+01
4.149002000323154249e+01
3.165491723132538127e+01
3.903239497272247860e+01
4.982801499578724957e+01
3.090093630529285562e+01
3.598134860642161925e+01
6.304798720084779973e+01
1.471939873092464701e+01
6.451715143972457156e+01
3.999146181521833654e+01
4.659450022434749883e+01
6.675831767741389910e+01
3.878117046583960104e+01
3.144566664037948200e+01
3.643742763480669566e+01
3.722329504080519058e+01
3.758697967159640285e+01
4.093971261884459523e+01
4.904369275679971452e+01
4.382480156476625410e+01
3.986543629060577842e+01
4.849986208681216482e+01
3.954300578286274970e+01
3.783691662102629749e+01
4.966461885424267564e+01
3.952678338275813985e+01
3.708259611010424095e+01
3.790848646995476656e+01
6.237149885486012124e+01
4.829588707458628249e+01
3.790489859297011321e+01
3.561421232833183836e+01
3.184241769627305985e+01
3.690489138318275053e+01
4.542403834277313024e+01
1.087033049948426822e+01
3.900450315901837683e+01
3.402343501596450182e+01
4.479043164213983630e+01
3.254401295310257325e+01
3.478165439173639584e+01
5.177927840443293661e+01
3.579101877361983242e+01
3.073490136763927083e+01
2.969779254277048253e+01
2.926739705357344334e+01
3.430598480987179499e+01
4.681373615338097238e+01
3.421108928151219430e+01
7.170653808784003047e+01
2.928475365567526367e+01
3.544085472156937300e+01
4.018281068191860328e+01
3.289136292045601806e+01
3.996636946457110184e+01
2.322092124603159746e+01
4.241785136081170293e+01
5.616591465280876605e+01
3.211069437727542208e+01
4.920423404096236197e+01
3.269512844817309372e+01
2.074041988416821169e+01
4.374240446738794219e+01
3.403226678511961723e+01
3.517508067853700027e+01
3.239684278830543462e+01
3.823686182528039268e+01
3.317512966139564412e+01
2.142551840474653346e+01
3.181300900967586998e+01
3.236848181816579029e+01
3.413975525383672505e+01
4.690323172980305344e+01
1.280449105773753438e+01
1.780227923056617101e+01
5.260399084755862020e+01
3.326849309216262895e+01
3.315062467825277537e+01
3.626888230828136983e+01
5.315339259050237786e+01
3.121068796708009074e+01
3.097339679075631125e+01
3.568754530329515973e+01
1.867912056506452956e+01
3.527590199637108270e+01
4.920725789828546226e+01
3.319525898045549184e+01
3.500208460504646979e+01
4.158283209308991957e+01
3.263533847838697000e+01
1.288397445453943035e+01
4.638668420188908215e+01
1.537921528272833882e+01
1.405673876820277002e+01
1.656961531758577166e+01
3.542552436770746027e+01
1.954304977770819107e+01
3.291348750946464463e+01
1.333525972481797162e+01
7.893619322564168783e+01
4.627902107978304969e+01
2.147453186964261818e+01
2.409280892647157302e+01
1.810292696773676724e+01
2.197981717693124537e+01
3.994631041934359672e+01
2.325702288008384500e+01
6.170716170881040341e+01
3.283851339612390063e+01
4.182636874787750969e+01
1.692504935788530318e+01
4.253387433538398454e+01
6.461000226894371679e+01
1.959724213069362264e+01
1.280938748938433491e+01
2.120226745791816469e+01
2.334238507232944215e+01
4.739863045732543156e+01
4.445894966543703219e+01
2.103758532003108428e+01
1.741354089662970495e+01
1.237062641246539663e+01
4.054112723484138314e+01
3.499500634420662948e+01
3.811996975407275556e+01
3.447269390767499431e+01
1.644714771949868037e+01
1.422780103592409695e+01
2.225971815268371401e+01
5.216961120378023509e+01
1.386267779181580906e+01
4.099893928198651594e+01
1.645917750412100844e+01
3.851605343415516813e+01
2.005864230237111201e+01
4.723001611544622591e+01
3.655502928341791602e+01
1.799962190825871389e+01
2.208594732345791911e+01
1.532209632492555684e+01
4.593572415290827138e+01
1.455552282445059120e+01
1.155415010275992138e+01
1.969906121900440255e+01
3.710562456063112791e+01
2.452693611319941880e+01
3.813171910312806290e+01
1.285459134528545277e+01
7.876437600885948598e+01
4.388724562292660636e+01
2.155505456009840159e+01
2.662706644284569890e+01
1.524462738121677141e+01
2.397514885062039980e+01
4.177723719177041772e+01
2.156481383850744749e+01
6.286361214667356734e+01
3.443895626849948144e+01
4.456427451907996584e+01
1.464343371363722568e+01
4.699237355288185114e+01
6.556965299966763894e+01
1.818349156264050492e+01
1.569585195044234638e+01
2.059929195167889660e+01
2.401258780233389345e+01
4.481882546905403331e+01
4.271416105268060903e+01
2.482498878837443002e+01
1.305147162727758570e+01
1.255893578158173440e+01
4.169876497095228984e+01
3.673102449242774981e+01
3.710536297606855527e+01
4.220418719246616490e+01
2.079941462071278124e+01
1.397435974834251660e+01
2.033658754580741856e+01
5.435452146188302436e+01
1.592477766563762209e+01
4.031521885632682967e+01
1.609863512959122644e+01
3.703790565220447206e+01
1.882514719870225406e+01
4.547185164823507364e+01
3.704286750763618841e+01
1.692827505671599297e+01
2.409917567476746569e+01
1.325196772479472784e+01
4.328897177626542003e+01
4.389292488407390636e+01
4.346987671283587673e+01
4.500292759105795426e+01
4.292216592129573627e+01
5.854823933077302200e+01
4.236474177809103026e+01
3.865913173300454986e+01
4.468432051016192474e+01
4.249148463691345512e+01
5.038322701337080645e+01
4.298766984835758365e+01
4.926257105930911706e+01
5.680296063382038341e+01
5.384589771565477179e+01
5.234757269655079170e+01
4.989510943083083561e+01
2.642329870589522045e+01
4.472995419820131957e+01
5.925555335410019353e+01
5.455508975605994948e+01
4.031707845355767006e+01
3.791769392316077614e+01
3.846689963260885037e+01
3.863490047001932481e+01
4.058809733161814393e+01
5.231791983683732639e+01
4.856480457905806247e+01
4.884098672937296470e+01
3.924998811030554435e+01
3.513684467075679407e+01
5.402005666497706926e+01
5.298112660343664260e+01
6.686172283316670928e+01
4.262596532669407168e+01
4.304816637270931778e+01
4.491751284031528257e+01
6.038775558368820384e+01
5.706885683976606316e+01
4.371436519916111507e+01
3.958067333883840888e+01
4.657148877227805173e+01
3.930042913641060665e+01
6.404477971945725301e+01
4.945951972061028101e+01
4.391776281048613129e+01
4.974066305463749416e+01
4.418294769349139983e+01
1.326169050612843137e+01
2.494909034924318547e+01
4.243157852179830059e+01
2.938050924409342457e+01
3.048615976652423143e+01
9.916683511924412997e+00
7.135929702663462137e+01
4.239296416376359389e+01
1.837997240427423051e+01
1.572438812413491149e+01
1.442281157271560410e+01
2.758053620218413471e+01
3.460972755345176211e+01
1.638663815631113962e+01
6.088116705714955401e+01
2.703899558723654906e+01
5.057210778865962197e+01
1.225001901792118275e+01
5.036198406126671046e+01
6.673502786738335146e+01
2.286873948865056860e+01
5.928787332966205526e+00
2.287649335754134938e+01
1.758625161466206066e+01
4.293399033596850956e+01
4.751211216995478281e+01
2.392125622090141235e+01
1.741867477389653729e+01
1.215993400022267501e+01
3.415233897308735322e+01
4.007539184489546358e+01
3.233105182955160473e+01
3.506536531736943374e+01
2.611710535253992305e+01
1.172485871596440887e+01
1.846841379512069281e+01
5.683728495808770020e+01
2.328610283541333814e+01
4.052799587102391854e+01
7.070974435087624244e+00
3.637828316404996798e+01
1.336799756834775721e+01
4.489261301332980736e+01
3.032237336151054308e+01
8.488136537483494948e+00
1.312218328558257596e+01
1.616506842797465637e+01
1.671709942775267876e+01
3.296138103252850726e+01
2.460268549109735048e+01
3.100853326639026264e+01
1.182578848654905990e+01
7.491575914625701671e+01
4.341756460772432291e+01
1.622768071636408038e+01
2.621067734837171059e+01
1.118695976606923992e+01
2.311395838673408321e+01
4.004114700811901884e+01
2.407290253225918519e+01
5.985082886063112539e+01
3.120809399563756159e+01
4.163258498513234684e+01
1.062706562016461831e+01
4.277423943942785201e+01
6.161983575342762265e+01
1.795665687812530109e+01
1.198021612738773456e+01
1.851169798155466140e+01
2.040179386612483015e+01
4.386180062376881494e+01
3.947829209486454971e+01
1.817284077020163480e+01
9.197460089355180557e+00
1.156190777300740891e+01
3.951171263784323173e+01
3.246000721634597141e+01
3.377883659588317045e+01
3.843710187833344349e+01
1.813879058468203453e+01
1.227914871215151749e+01
1.667940013548471967e+01
5.342574236860748016e+01
1.316127227218857065e+01
3.692720885598489389e+01
1.302329037770574516e+01
3.591312636676074987e+01
1.510212564179972361e+01
4.155506177250671840e+01
3.441978688374988593e+01
1.339280692848481458e+01
2.420254285275280637e+01
7.970806041031726963e+00
2.549311537664031491e+01
1.868809185562707498e+01
3.281373701576644919e+01
2.069505502131351449e+01
7.910848765904964353e+01
4.352328227249245174e+01
2.246990284113038783e+01
2.757746991568009065e+01
2.260988880609352947e+01
2.572330197315171674e+01
4.351089794878090800e+01
3.298718658939972670e+01
6.283121028972116306e+01
3.019187332271404500e+01
4.258144068379984759e+01
2.268826475743395577e+01
3.652232488857644199e+01
6.843663526566199096e+01
1.534249688799249967e+01
2.088665340298263473e+01
1.444363625224060144e+01
2.456123390326839129e+01
4.639091424834163746e+01
3.600708773749558844e+01
1.854878669057543306e+01
2.000380089480918500e+01
1.630255607675751506e+01
4.718741169162407800e+01
2.795931284076690204e+01
4.066222980028563683e+01
3.856310381600614789e+01
1.462917496522043770e+01
2.087608267905082471e+01
2.225778435611309902e+01
5.787474552601548794e+01
2.441732786518181086e+01
3.295087700113422358e+01
2.105060348177529406e+01
3.156812326642670996e+01
2.375755568799220896e+01
3.939789234795435391e+01
3.550619894622629147e+01
2.444420036415257158e+01
3.046604284456282841e+01
1.797591686069122829e+01
3.210999811433529061e+01
4.992797451138851272e+01
3.826522385085280575e+01
6.402153473735162947e+01
4.077542116997653920e+01
4.140790951893776395e+01
4.766197442103087667e+01
3.944121027218595543e+01
4.176370593577102142e+01
4.768173920037301627e+01
5.170975953384962054e+01
6.086977134778466336e+01
4.037687818050893895e+01
4.063214322687012725e+01
3.903890097440124407e+01
3.533490521537655127e+01
6.007430365547207884e+01
3.384254945203568354e+01
4.027498457632971451e+01
3.178081004177764868e+01
4.215004575920273311e+01
4.515398074093391045e+01
3.033493200512937804e+01
3.766484654232654350e+01
3.761883322979880262e+01
3.634185302093233361e+01
5.329593034965740372e+01
2.438183314253188172e+01
4.131336024037805998e+01
5.578321102947582943e+01
3.159067749326363028e+01
3.782748411467325411e+01
3.939269632319682302e+01
5.976760732788109465e+01
3.741780640041251615e+01
1.382566831707039334e+01
3.950078485354096358e+01
3.347113221649684078e+01
4.114086024014864051e+01
5.125078245633827834e+01
3.900527836149639427e+01
4.264993281238923828e+01
4.829544497452946672e+01
3.397019660792491180e+01
3.551951297974665067e+01
2.639800971514036121e+01
8.098252358098299908e+01
4.079693249141479328e+01
3.214278899922997113e+01
2.965417265921529477e+01
2.975450107276287781e+01
2.259270652012807901e+01
4.778406904433634850e+01
3.878666650106773517e+01
6.750292441651374986e+01
3.794150479650100749e+01
3.402461814247466521e+01
2.579786644735889212e+01
3.540489807018809643e+01
6.503800964952675656e+01
2.330884746615759440e+01
2.492277154009742191e+01
2.379788353108679644e+01
2.795591566742675127e+01
4.492394122420639491e+01
3.878077674316730139e+01
2.914491379546952743e+01
2.946112905174492624e+01
2.103921831211168580e+01
4.964140278101841375e+01
3.437482698095149658e+01
4.611766696377725339e+01
4.337819869859332300e+01
2.067767766492844217e+01
2.377735083703629471e+01
3.129099130708775078e+01
5.544984990670970859e+01
2.847112275597028841e+01
3.725987821686088353e+01
2.585690535373656473e+01
3.778804147239423372e+01
3.333288594338749533e+01
4.947053138802874628e+01
3.854943070646729808e+01
3.177335204594606921e+01
3.057159105922083597e+01
2.445464340814718796e+01
2.742478347775655578e+01
9.083744530534609396e+01
5.250957379822305882e+01
3.509936705837665016e+01
2.972777787639847347e+01
3.281664849048623012e+01
3.966477729452584100e+01
5.011625514061235265e+01
3.397834304297553842e+01
8.502602677286807875e+01
4.255237329125962020e+01
6.438707247083861773e+01
3.427260590803896179e+01
5.914612629594779492e+01
8.605016258550458019e+01
3.025481846423517851e+01
2.675807724594643844e+01
2.791403046050547232e+01
3.023886864529950458e+01
5.090854315560672916e+01
5.225680563322070071e+01
3.456098305917710434e+01
3.655838853169249347e+01
2.954579838414872128e+01
5.530682322716198485e+01
4.948162014107477091e+01
5.055114749143684350e+01
2.177965530249723969e+01
3.722119278946514953e+01
3.009048278492929640e+01
3.778445716369792251e+01
7.550388735745190161e+01
4.135997232006572943e+01
4.645156380475842184e+01
2.876574602005081616e+01
4.013167260416248894e+01
2.965738907567279625e+01
5.828661754699417941e+01
4.539728463459645980e+01
2.819666658877598309e+01
3.116617928526145676e+01
3.316836663272136576e+01
7.279390043400194088e+01
4.178709361125702770e+01
1.623349726648734048e+01
1.921360220360381277e+01
1.147687418475658916e+01
2.493346234561692754e+01
3.426820027022439064e+01
1.797335538788586007e+01
5.917534466140396177e+01
2.928070615655856201e+01
4.477303682682461528e+01
1.051141768933036502e+01
4.514268931740519974e+01
6.233799712532464810e+01
1.848729532466823855e+01
8.315669319878207233e+00
1.797823391818030814e+01
1.909663101143179986e+01
4.327631757409202606e+01
4.286011579152315676e+01
2.124130574413531392e+01
1.367336602335261020e+01
9.732975961070158277e+00
3.560854604103416676e+01
3.463178708833612518e+01
3.047788591074767695e+01
3.239697545014271185e+01
1.998115922393445842e+01
1.055063554223819011e+01
1.721854261918399231e+01
5.402925400416086177e+01
2.116614274307071497e+01
3.847505937264853060e+01
7.791606706974887331e+00
3.321014904820323466e+01
1.278330254063199156e+01
4.200879991073357189e+01
3.248560065909205008e+01
9.452931609933736823e+00
1.705052933739516163e+01
1.210753496901007153e+01
6.748559184008300349e+01
7.826270443083878092e+01
6.947800175425240354e+01
7.554949303407268246e+01
8.333518304068040550e+01
6.175609663389120385e+01
7.146216345368861766e+01
5.629448247081629120e+01
5.320699469062785170e+01
4.954301183657813112e+01
7.488915830438793364e+01
7.630526182459385609e+01
4.682040119957751045e+01
8.231125997976560882e+01
6.914620179318566784e+01
7.714996389644956309e+01
7.546771076041504500e+01
4.994141223520254158e+01
7.172599878027196496e+01
8.729921107686200799e+01
7.843529093074515401e+01
7.781298952794334411e+01
4.321382507179495036e+01
6.859575281503666133e+01
6.465529823574851775e+01
8.906065300216503999e+01
8.197288685928123186e+01
7.339487643784497095e+01
7.246387738356543196e+01
8.698265504662576575e+01
8.324631679693490582e+01
5.489637011448569126e+01
7.378743486883188041e+01
6.940441393924052704e+01
7.352431852145950586e+01
8.263216052901532294e+01
5.959734881583137422e+01
7.630423484334549755e+01
7.217951638749552501e+01
7.913467240406539815e+01
4.430453427467557503e+01
4.589049561476283401e+01
4.261482360458781926e+01
4.622474708157731271e+01
3.445636953553702142e+01
4.842511060938333145e+01
4.371465762667912003e+01
4.219439931231310226e+01
4.538310521908679362e+01
4.296803956584106743e+01
3.439778617007186057e+01
4.568601576126548736e+01
4.401932790586464961e+01
4.256316330379475943e+01
4.000108151137118284e+01
3.963757484934149034e+01
2.048120428920263336e+01
3.229118369024357094e+01
4.966526124873288950e+01
4.487727054981954922e+01
4.327578959361741795e+01
4.177793089015109729e+01
2.948318250652933159e+01
2.972618792644329133e+01
5.749428975867875380e+01
4.514762692449445325e+01
4.329241468669855664e+01
4.180692581071222236e+01
4.666247273830002484e+01
4.830434929377248920e+01
3.836141364297622403e+01
4.242248273424387861e+01
2.833351442145369958e+01
4.285990487982770958e+01
4.033824098450904216e+01
3.979874128836335245e+01
4.445972459865406279e+01
4.438925428827336361e+01
4.294239934970057959e+01
2.765241246749178572e+01
1.508133978745671122e+01
3.153539703984556652e+01
3.989023355720122765e+01
2.748412136185886823e+01
5.936751469574001305e+01
3.413298731011492748e+01
4.510057602323276882e+01
1.370520550204162369e+01
4.964659254570540980e+01
6.468599459683890984e+01
1.649872349429929841e+01
1.494950466858786520e+01
2.155720589710598034e+01
1.544612469650224362e+01
4.420032465944577638e+01
4.184889515297013673e+01
2.018935865963639387e+01
1.500252404493579306e+01
1.791934604879801896e+01
4.189641583708525019e+01
4.129990225710417207e+01
3.699760143702668813e+01
4.518041978348970389e+01
1.978946495487873136e+01
1.515773695903633467e+01
2.110126486568822557e+01
5.800803195935640133e+01
2.539327635361073732e+01
4.147048587462421665e+01
1.750018954122666415e+01
3.822931683413582959e+01
1.647411972799064372e+01
4.369422858582819913e+01
3.702913285686113198e+01
1.648616143084813501e+01
2.546591886910922398e+01
1.611202892924516661e+01
2.397401175206527668e+01
3.381730164230316404e+01
3.080064253971413635e+01
1.709880256220195704e+01
6.403604538385405931e+01
2.634395866510332596e+01
5.929553820992057922e+01
2.135077148138334735e+01
5.188823499305362930e+01
6.729326119677423890e+01
2.816879746881691204e+01
1.408558893206926932e+01
2.532317777660837166e+01
1.997370537543599767e+01
4.418167853739815598e+01
5.226612046421795554e+01
2.921795217757401986e+01
3.069061321730001879e+01
2.597991790097785980e+01
3.646503791295842234e+01
4.103013756508635623e+01
3.699234976187061363e+01
3.137458419617916761e+01
2.892529518283800627e+01
2.024422834798060222e+01
2.857658934880203105e+01
6.249385308975512032e+01
3.652960384215467826e+01
4.164572057012119899e+01
1.574124375995500102e+01
3.874011235966430888e+01
2.176733401415765101e+01
4.654743758026587130e+01
2.827481601867946637e+01
1.723019762330376992e+01
9.996359969835916459e+00
3.327831178344649743e+01
3.203134558484558170e+01
3.851239790587838741e+01
2.171132847591405834e+01
5.805511411396024357e+01
3.214207953477600199e+01
4.439972365044382485e+01
9.429484769602661132e+00
4.750411383898664752e+01
6.229447727199313078e+01
2.298943142357198255e+01
1.101736648522819628e+01
1.968916701111238154e+01
2.110545198928787514e+01
4.302507390615990346e+01
4.207241911989635952e+01
1.965115769177986493e+01
1.191599228091948426e+01
1.405092252650704943e+01
3.597172762827415937e+01
3.966312734990016509e+01
3.433076925474827590e+01
3.808910483940899638e+01
2.516986046928488818e+01
1.209890738983787273e+01
2.084916266751474723e+01
5.426118478565558689e+01
1.849963218462232817e+01
3.969645936532216268e+01
1.177430418739232465e+01
3.631854628873704627e+01
1.105527873653492499e+01
4.545572878739599787e+01
3.608768136881170108e+01
1.195967510654860355e+01
2.080381461419838729e+01
1.230334365256835127e+01
4.752932510773843688e+01
4.142176794671250661e+01
6.474603739103282862e+01
4.305641035515477455e+01
4.204890291483278730e+01
2.495265509268994109e+01
3.967921083979737062e+01
6.459582357980323764e+01
3.092413290158509653e+01
2.710884386056274309e+01
2.870999438722314068e+01
3.051266695203828760e+01
5.023659197700533952e+01
4.870339697805946599e+01
3.524636983945745783e+01
3.261561932888451310e+01
2.589988173480281830e+01
5.147990296497012253e+01
3.939647148695389944e+01
4.107050451091290455e+01
4.840259307698863722e+01
3.074142255543621616e+01
2.551063803266660912e+01
2.985642213487435015e+01
5.363675246214283732e+01
2.722007731742872494e+01
4.425922588274065106e+01
2.705049539687686888e+01
4.284278237385206012e+01
3.393836841271783555e+01
4.645291159125829950e+01
4.527538753065235255e+01
2.883169264491948169e+01
3.216542267294076396e+01
2.553033995157802494e+01
3.280742448259903199e+01
5.696875304814223284e+01
2.437744746928454376e+01
6.351162114397963876e+01
3.669800681023547639e+01
3.723583851911155307e+01
4.894406445470296774e+01
4.481665764363066984e+01
3.346393515842598987e+01
4.000167990199537371e+01
3.696129860479669560e+01
3.246275728654477177e+01
3.767156505546410017e+01
4.461265041909535967e+01
4.170780534678925733e+01
4.143991930232315468e+01
3.746011906980511696e+01
2.841692595960180512e+01
1.626601611412447213e+01
4.629162709435226475e+01
4.661424020356403730e+01
3.856642835822651705e+01
4.099026321322699573e+01
6.004701755040201760e+01
4.653493183845861125e+01
3.900106567891855036e+01
3.437874923887558509e+01
2.838938156842822025e+01
3.562912476844617515e+01
5.009127379410740843e+01
2.936521892775530063e+01
3.537041407048393182e+01
3.141114006894802202e+01
4.833414297313625951e+01
6.292614991109104494e+01
2.884434483493148349e+01
6.331741475952860299e+01
2.066488153909012482e+01
5.705483597450734123e+01
6.978908935691811166e+01
3.125342100691096903e+01
1.345839573295635816e+01
2.843303407921565551e+01
2.393687853807723087e+01
4.469919357559076900e+01
5.587272593034546020e+01
3.430215335369499030e+01
2.384952287352091815e+01
2.435481743708793800e+01
3.199425022996729240e+01
4.814133013448937959e+01
3.915680423120130627e+01
3.009913659230966232e+01
3.383297769141609734e+01
2.227237380424516999e+01
2.912549654527466458e+01
6.088281970994653847e+01
3.274275910310404925e+01
4.608019267882762193e+01
1.698907698563218815e+01
4.218432134531017397e+01
1.596696524529149741e+01
4.755479139757457574e+01
3.626490842357813449e+01
1.840181972640646890e+01
1.045717055423596342e+01
3.310189009591211118e+01
5.369992803611945931e+01
5.600957300779163717e+01
5.786136769404486557e+01
6.586873260696836496e+01
5.202911429441473956e+01
6.752381416791797619e+01
5.907150773917761910e+01
6.608890778691147716e+01
6.181230451917159030e+01
5.258767602232865102e+01
6.434544507227573718e+01
6.255958843023211102e+01
6.079431702610671095e+01
5.957064909710791767e+01
3.653516994815629459e+01
5.555244505373035224e+01
5.581454706038573477e+01
8.297975538541356855e+01
6.829033830479238532e+01
6.045288653289482284e+01
5.832323121476461836e+01
3.605558389496017213e+01
6.247697314227023213e+01
6.005987893779321496e+01
5.988552245710890531e+01
6.517559837256654021e+01
6.114592649559277504e+01
3.570991138779439211e+01
5.760564685180436584e+01
6.078957358596114346e+01
6.339000031526256151e+01
5.931914030094402079e+01
5.868289554970824184e+01
3.130583580172248759e+01
4.362829051105870803e+01
5.780957849720894615e+01
3.548530984695205603e+01
2.499827562278536774e+01
3.102972548193634594e+01
3.230657475789238475e+01
3.843513936651042684e+01
4.149991985068339773e+01
4.312531115937360227e+01
3.489884875634756156e+01
3.261015624498519827e+01
4.017785241105342919e+01
3.551312411888516607e+01
2.950220964532130097e+01
4.116763956266535018e+01
3.457651169825635407e+01
3.005620915842450458e+01
3.121822128018353482e+01
5.658367397710537716e+01
3.950817361264545013e+01
3.294458173514980359e+01
2.868431347841524470e+01
2.931911665207406514e+01
2.977275929950260291e+01
4.222719287496558138e+01
1.355344749841934160e+01
3.121768914501811309e+01
2.777902666077870109e+01
3.787297488033068049e+01
4.042009611369506672e+01
5.070438734412317672e+01
4.383666665865434453e+01
4.595514784027331245e+01
4.527465283169362209e+01
4.472398820239736494e+01
4.657932150592649378e+01
4.687807799878682857e+01
4.955894507673581018e+01
5.279942454636300653e+01
4.705999903609785662e+01
4.100035931673396306e+01
4.796826318576366077e+01
4.901343774705981104e+01
5.358712202873086028e+01
7.016400077919722378e+01
4.629711910913273698e+01
4.461501099916883106e+01
4.863465774136442121e+01
5.538796553570340819e+01
4.512086060619141392e+01
4.442672352027710758e+01
4.711828856959611045e+01
5.319258072953635974e+01
4.944795469579859315e+01
6.450379233292864001e+01
5.786307838512185242e+01
5.016102838686423127e+01
5.858285464768108852e+01
4.387818182288017255e+01
4.558996178469697469e+01
6.044515255861769276e+01
2.101903129502352385e+01
9.365335377149957452e+00
1.931798379244434116e+01
1.836220253207372721e+01
4.370839217684349620e+01
4.282463235203331209e+01
1.495172781663198869e+01
1.122196241959516883e+01
1.102452736567531844e+01
3.601306562687008750e+01
3.727121134270389291e+01
3.454857559512376497e+01
3.848794861643538212e+01
2.423446673926512318e+01
8.866016999087461770e+00
1.872827169939125724e+01
5.377131714641966198e+01
1.685138385586034815e+01
3.937858362118623745e+01
9.529813740934134358e+00
3.664695834043874356e+01
1.097527717030297012e+01
4.375061369737633754e+01
3.527049159595647865e+01
8.407563211140496762e+00
1.831495586449680957e+01
8.550429128269106727e+00
5.737057683884802373e+01
4.255192828921406090e+01
4.802501263185315850e+01
4.040313919268673715e+01
4.778109379378346944e+01
3.960416561183336626e+01
2.843861693249264277e+01
4.612819574092031871e+01
4.630578284316141691e+01
4.576181986969219651e+01
5.587679349696038855e+01
2.073233224793332852e+01
3.396054710386374609e+01
6.671134472990850384e+01
4.028646674408411599e+01
4.644282395634637339e+01
4.859641050248369964e+01
5.835633551554819576e+01
4.495171928116959492e+01
3.709614511060232189e+01
4.655809735293960472e+01
2.677045417868304256e+01
4.917606087360558575e+01
5.823468440151458481e+01
4.431011992496344476e+01
5.085579235160854950e+01
5.179602876002436318e+01
4.362896560506948873e+01
7.425696162851983217e+01
6.511953480274806338e+01
6.604921797652269788e+01
6.469540619864750397e+01
3.835473652840321535e+01
5.685517279170265681e+01
6.440691568094183594e+01
6.278446145032445003e+01
6.540310614097856501e+01
4.870669226640011118e+01
4.943345697046908072e+01
4.608469493156742658e+01
8.463838186898954064e+01
7.395984034857579559e+01
6.465485401980285474e+01
6.253296298178081258e+01
6.466556053193812659e+01
6.238987756951661368e+01
5.917560988157092083e+01
6.423270386943143251e+01
5.791269542358058686e+01
6.335788925536379423e+01
7.024556414386704262e+01
6.348779240294806669e+01
6.333221979415473868e+01
6.825432721882265241e+01
6.223623805046547375e+01
1.876689957247376839e+01
1.778431275465835171e+01
1.979540351546118515e+01
4.477084523244832326e+01
3.869293301917039685e+01
2.049220733250195181e+01
2.217040887892999379e+01
1.421156253925447466e+01
4.811096774128512976e+01
3.431931082109732500e+01
4.361160601977582729e+01
3.861995979350862740e+01
9.825082077427319760e+00
1.938697873111282988e+01
2.487509243360989686e+01
5.802535884649041265e+01
2.872889883155264812e+01
3.637678047206633636e+01
1.845356274016408804e+01
3.367574427053519059e+01
2.127987488179799414e+01
4.514673418842689046e+01
3.414305377694113730e+01
2.235534426548906950e+01
3.076025972372269024e+01
1.722026678277617862e+01
1.489650323151815670e+01
1.511663826316116221e+01
4.256852057062427264e+01
4.515072967528742254e+01
2.177146937838386265e+01
1.541718070987167977e+01
1.003910293690387157e+01
3.200040834364240538e+01
3.999643607272862766e+01
3.262609824395627101e+01
2.961899846859550323e+01
1.930496122467153697e+01
9.579078677839603984e+00
1.638921026875630815e+01
5.360570536575371392e+01
2.262322986158272542e+01
3.909078332683250068e+01
5.136815050818963613e+00
3.233947455786415048e+01
9.703921608568730761e+00
4.355273849773310246e+01
2.827238745638710427e+01
7.742084743105420941e+00
1.317845658095551364e+01
1.485654657204263529e+01
1.862299822589481479e+01
4.290448374909284723e+01
3.786025232366692705e+01
1.945445683036625439e+01
2.387598139633076499e+01
1.589384963983057375e+01
4.388978053885809771e+01
3.774124514817166443e+01
3.664641263130577187e+01
3.439805393347783280e+01
1.974060003413594799e+01
1.647665486855175843e+01
2.220424446606827473e+01
5.914228658282534923e+01
2.885802751021995860e+01
3.141591866962331991e+01
1.514735048060589051e+01
2.588722559836356041e+01
1.781840689511709286e+01
4.684975804849228354e+01
3.410704458940795547e+01
2.194919144429601232e+01
2.355013626680386452e+01
1.861661926166139480e+01
4.074044819642605830e+01
4.358216611600592216e+01
2.483372713290178524e+01
2.310735060435507293e+01
2.225740556239510326e+01
3.941072803213364750e+01
4.072135071368355597e+01
3.751056222129177087e+01
3.828643396377940888e+01
2.052638347951401343e+01
1.732029651283843918e+01
2.253253738713233290e+01
5.725193760087542216e+01
3.274633078588507828e+01
3.949645037001872083e+01
1.592781193829555875e+01
3.320878193299304115e+01
1.978080784423282168e+01
4.264144354232414003e+01
3.291432739100201843e+01
1.774358461080348448e+01
1.802911503920786274e+01
2.485688047361147568e+01
3.316740106516543563e+01
5.069423138238872184e+01
4.658127662536783475e+01
4.425504981755626943e+01
3.336540389377115901e+01
3.492621098943858016e+01
3.193549245592446439e+01
5.838004786228434995e+01
4.602620356127193446e+01
4.425790591008923514e+01
4.225094987141349634e+01
5.651095803356939484e+01
5.325528952528974713e+01
4.102208774037364236e+01
4.331973157932388574e+01
3.018485457304102582e+01
4.225083887964986928e+01
5.363417703651231250e+01
3.615107705459719512e+01
4.487404459953346958e+01
4.171958146327375516e+01
4.648483436218971576e+01
4.365399469519712738e+01
4.094594639136722236e+01
4.325523920457843019e+01
5.335528244603577264e+01
2.174046474053201905e+01
3.326629756629813528e+01
6.130721281736706629e+01
3.808831809593645090e+01
4.261860349568478767e+01
4.260907115994454131e+01
6.138604616485307020e+01
4.589197435986682194e+01
3.010857189210588558e+01
4.529125186825625349e+01
2.441964832134007324e+01
4.410159105417001513e+01
5.563004639352841707e+01
3.927088483642660321e+01
4.665735188850492676e+01
5.362414445549195818e+01
3.969366406570715355e+01
1.868873896866183770e+01
2.286606946696116793e+01
4.956561119799468429e+01
3.584725635039978897e+01
4.261728131139108200e+01
4.539918125650741842e+01
2.000659907708475416e+01
1.779276091117319680e+01
2.710665034860331701e+01
6.142589583447413304e+01
2.014036651703092673e+01
4.142632892837846015e+01
2.084050075026495463e+01
3.881463037449255893e+01
2.019725283816038086e+01
4.461821142395390893e+01
4.421077515373502820e+01
1.609900397055362475e+01
2.866907871401157593e+01
1.925689362824120465e+01
1.518049415933231927e+01
4.083046515079774252e+01
3.556610204736035286e+01
3.676836339882174798e+01
4.315340070921806159e+01
2.550004488799006808e+01
1.373979630152291875e+01
2.076656943056644167e+01
5.578375895320780842e+01
1.429318271858728906e+01
4.101036977831810049e+01
1.613233869907460161e+01
4.003906391021270395e+01
1.540273529010586095e+01
4.524320225950917518e+01
3.992392706157870919e+01
1.652911394468076978e+01
2.557285675358072297e+01
1.124611156295598846e+01
4.124762726031644178e+01
3.737487238830127012e+01
3.471793920358091157e+01
3.388707145955972777e+01
1.734532273054400164e+01
7.738259770487854183e+00
1.988483651624371618e+01
5.315947708703494357e+01
1.862253865407680209e+01
3.793547936912921870e+01
1.027914545005180535e+01
3.366195832727228776e+01
1.724310186913994869e+01
4.469806309813310463e+01
3.473835563786592218e+01
1.429868463604025308e+01
2.393943084660917719e+01
1.295590024344886793e+01
4.632697014570228333e+01
4.055760755796589478e+01
5.286828024942570892e+01
4.811856959188593663e+01
3.924565136951981970e+01
4.281147044206033314e+01
5.441763843875644113e+01
5.025473471764588140e+01
4.609934923938719464e+01
3.519844595692137545e+01
4.686621089225512549e+01
3.461694725916341042e+01
5.124334820397115209e+01
4.482575177488374152e+01
3.615958936653099443e+01
3.125913699272438251e+01
4.766334181490884703e+01
2.399968480398511161e+01
5.458729644527106473e+01
3.150172928875195311e+01
3.771408972933367210e+01
3.716486097397534394e+01
5.648639228560190872e+01
3.381727267883559307e+01
2.779928213589649388e+01
3.859849256886413116e+01
2.396747187008022451e+01
4.019883105667309309e+01
5.093579909954672758e+01
3.392115907519281848e+01
3.913687202217354866e+01
4.500931458649664307e+01
3.321952671002259194e+01
5.174436024582359295e+01
4.754369076656253412e+01
3.552059726894885472e+01
3.342372937998439397e+01
5.784198536790739098e+01
3.979969300293628010e+01
3.622984457498219513e+01
3.234954027162626744e+01
2.804100436291728116e+01
3.026109573810437325e+01
5.019684665278274593e+01
3.490535815879270132e+01
3.223112690814966186e+01
3.675139370735661259e+01
3.551325096306464246e+01
4.259272484075262355e+01
3.628758336597700662e+01
4.462728070996320895e+01
7.719161931379551334e+01
4.623630163763056800e+01
5.050727707478539230e+01
3.072575329442862113e+01
4.768524775213366240e+01
3.470208032500779893e+01
6.101252217720242754e+01
4.647400895922920228e+01
3.400032202961857308e+01
3.020789645030167492e+01
4.295800749478165415e+01
2.143965049250019206e+01
2.409288715985874418e+01
5.669659857481739351e+01
2.794026344907085857e+01
3.894266742093488887e+01
2.119104755008219598e+01
3.605704364348031987e+01
2.595565550953127243e+01
4.584459713505864187e+01
3.434148158328213896e+01
2.648713114105026989e+01
3.073585980862939948e+01
1.904865200018785742e+01
1.826970018945557683e+01
5.321769548413671203e+01
1.817376457533335454e+01
3.873062244927850628e+01
8.398362766421543668e+00
3.383471289281575878e+01
1.374360985890734277e+01
4.486054584869687289e+01
3.278730948168161063e+01
9.888079289627849988e+00
1.934665906843038385e+01
1.274295475478110262e+01
5.526778909366811376e+01
2.330617245803280468e+01
3.790635485276063577e+01
1.693362269571641576e+01
3.486309275553040266e+01
1.767910892625799235e+01
4.060235569872279626e+01
3.276167498295380653e+01
1.733595350420139525e+01
2.684154324608733333e+01
1.638624372393194761e+01
5.349384483502178966e+01
6.096214197989972661e+01
5.512401079202394527e+01
6.336439970160340351e+01
5.903082396437569201e+01
3.239845684371628209e+01
6.047656431157807333e+01
5.902526181220954271e+01
6.159581619197228264e+01
5.447958498267196603e+01
4.396861342919240201e+01
2.152374060347679929e+01
4.342633005448229966e+01
2.356061798125335116e+01
5.095345264963455634e+01
4.397692344990982605e+01
2.034328177735581988e+01
3.329802843166494597e+01
1.592372981408360921e+01
3.859073580685116411e+01
2.826746837678901159e+01
3.701696645068103919e+01
5.154753267707573627e+01
3.370984747405932325e+01
4.084331345039846184e+01
4.178116604161700565e+01
3.495986645406355819e+01
3.269114171271844782e+01
1.158970420609833774e+01
4.440467782467360536e+01
3.159631396609495368e+01
8.173061446571081134e+00
1.530560277138596703e+01
1.551785006804272982e+01
3.235292252696210369e+01
4.974880282080526683e+01
2.977132173082606315e+01
3.752658102675770380e+01
3.700971454978687802e+01
3.691672620278644956e+01
4.312442351330146550e+01
3.308312890652199201e+01
8.205019556753462950e+00
1.735197484884255914e+01
1.810137667557298968e+01
4.542640674270138845e+01
4.394754177105782844e+01
4.459304606869770282e+01
4.681795487009385681e+01
3.503496645002118726e+01
3.042572107724740249e+01
3.959413155185055189e+01
1.519231862876922179e+01
1.372963986955764071e+01
3.200919346730093906e+01
