2.200000000000000000e+01 5.700000000000000000e+01 4.447238859347777407e+00 2.000000000000000000e+00
7.100000000000000000e+01 7.300000000000000000e+01 5.762948478888310078e+00 3.000000000000000000e+00
2.700000000000000000e+01 4.700000000000000000e+01 5.883545705214523025e+00 2.000000000000000000e+00
3.000000000000000000e+01 7.400000000000000000e+01 7.275934141519827314e+00 4.000000000000000000e+00
2.400000000000000000e+01 4.200000000000000000e+01 7.970806041031726963e+00 2.000000000000000000e+00
3.000000000000000000e+00 9.000000000000000000e+00 8.027665025668440535e+00 2.000000000000000000e+00
5.500000000000000000e+01 7.500000000000000000e+01 8.034270525022771281e+00 3.000000000000000000e+00
2.000000000000000000e+00 2.900000000000000000e+01 8.105254569826417566e+00 2.000000000000000000e+00
5.900000000000000000e+01 7.000000000000000000e+01 8.205019556753462950e+00 2.000000000000000000e+00
3.600000000000000000e+01 5.200000000000000000e+01 9.429484769602661132e+00 2.000000000000000000e+00
5.000000000000000000e+00 7.600000000000000000e+01 9.795628330935448602e+00 5.000000000000000000e+00
4.100000000000000000e+01 5.600000000000000000e+01 9.825082077427319760e+00 2.000000000000000000e+00
1.200000000000000000e+01 7.700000000000000000e+01 9.969882288964576844e+00 3.000000000000000000e+00
3.300000000000000000e+01 6.200000000000000000e+01 9.996359969835916459e+00 2.000000000000000000e+00
7.800000000000000000e+01 8.200000000000000000e+01 1.027323895460451375e+01 4.000000000000000000e+00
1.500000000000000000e+01 1.600000000000000000e+01 1.072674119829619244e+01 2.000000000000000000e+00
2.500000000000000000e+01 3.800000000000000000e+01 1.087033049948426822e+01 2.000000000000000000e+00
7.900000000000000000e+01 8.000000000000000000e+01 1.134069947622270114e+01 5.000000000000000000e+00
3.900000000000000000e+01 8.500000000000000000e+01 1.202886871074168340e+01 4.000000000000000000e+00
8.100000000000000000e+01 8.700000000000000000e+01 1.221881731900488965e+01 6.000000000000000000e+00
1.100000000000000000e+01 5.000000000000000000e+01 1.280449105773753438e+01 2.000000000000000000e+00
7.000000000000000000e+00 1.800000000000000000e+01 1.288397445453943035e+01 2.000000000000000000e+00
8.000000000000000000e+00 8.300000000000000000e+01 1.309618252082989187e+01 6.000000000000000000e+00
3.100000000000000000e+01 5.300000000000000000e+01 1.382566831707039334e+01 2.000000000000000000e+00
1.700000000000000000e+01 3.400000000000000000e+01 1.386086935715207602e+01 2.000000000000000000e+00
2.300000000000000000e+01 4.400000000000000000e+01 1.444363625224060144e+01 2.000000000000000000e+00
4.500000000000000000e+01 8.900000000000000000e+01 1.508364667464616815e+01 3.000000000000000000e+00
4.300000000000000000e+01 8.600000000000000000e+01 1.531356389475846136e+01 3.000000000000000000e+00
5.400000000000000000e+01 9.400000000000000000e+01 1.555150540166624928e+01 3.000000000000000000e+00
8.800000000000000000e+01 9.300000000000000000e+01 1.608137820064280987e+01 4.000000000000000000e+00
6.100000000000000000e+01 9.700000000000000000e+01 1.610532109160532954e+01 3.000000000000000000e+00
4.900000000000000000e+01 6.300000000000000000e+01 1.626601611412447213e+01 2.000000000000000000e+00
9.100000000000000000e+01 1.010000000000000000e+02 1.720080541784357919e+01 7.000000000000000000e+00
9.000000000000000000e+01 9.200000000000000000e+01 1.958512502272062861e+01 1.100000000000000000e+01
4.800000000000000000e+01 9.800000000000000000e+01 2.030146241306330168e+01 3.000000000000000000e+00
4.000000000000000000e+01 6.700000000000000000e+01 2.048120428920263336e+01 2.000000000000000000e+00
9.500000000000000000e+01 1.060000000000000000e+02 2.112932428766698933e+01 1.700000000000000000e+01
1.900000000000000000e+01 1.020000000000000000e+02 2.128999490595747801e+01 5.000000000000000000e+00
6.000000000000000000e+00 2.800000000000000000e+01 2.173241606955563299e+01 2.000000000000000000e+00
2.600000000000000000e+01 6.500000000000000000e+01 2.177965530249723969e+01 2.000000000000000000e+00
8.400000000000000000e+01 1.070000000000000000e+02 2.200005679752161925e+01 5.000000000000000000e+00
6.400000000000000000e+01 1.090000000000000000e+02 2.267475932480018130e+01 1.800000000000000000e+01
4.600000000000000000e+01 6.900000000000000000e+01 2.441964832134007324e+01 2.000000000000000000e+00
6.000000000000000000e+01 1.100000000000000000e+02 2.573358187417384357e+01 6.000000000000000000e+00
1.030000000000000000e+02 1.140000000000000000e+02 2.638229597174688834e+01 2.100000000000000000e+01
1.000000000000000000e+01 7.200000000000000000e+01 2.642329870589522045e+01 2.000000000000000000e+00
1.150000000000000000e+02 1.160000000000000000e+02 2.734102558064562061e+01 8.000000000000000000e+00
3.500000000000000000e+01 1.110000000000000000e+02 2.826551418339523636e+01 3.000000000000000000e+00
2.100000000000000000e+01 1.000000000000000000e+02 2.874673507608533640e+01 4.000000000000000000e+00
5.100000000000000000e+01 6.800000000000000000e+01 3.239845684371628209e+01 2.000000000000000000e+00
1.300000000000000000e+01 1.050000000000000000e+02 3.298736908884777108e+01 8.000000000000000000e+00
1.400000000000000000e+01 6.600000000000000000e+01 3.496713491997759604e+01 2.000000000000000000e+00
1.000000000000000000e+00 1.190000000000000000e+02 3.567965771377178186e+01 9.000000000000000000e+00
3.700000000000000000e+01 5.800000000000000000e+01 3.653516994815629459e+01 2.000000000000000000e+00
1.170000000000000000e+02 1.230000000000000000e+02 3.695191324663678500e+01 2.900000000000000000e+01
1.040000000000000000e+02 1.080000000000000000e+02 4.159645976458946848e+01 4.000000000000000000e+00
1.130000000000000000e+02 1.200000000000000000e+02 4.307326707999905580e+01 8.000000000000000000e+00
0.000000000000000000e+00 4.000000000000000000e+00 4.684127919984175747e+01 2.000000000000000000e+00
9.600000000000000000e+01 1.250000000000000000e+02 4.859209702203968817e+01 1.100000000000000000e+01
2.000000000000000000e+01 1.180000000000000000e+02 4.898940790918405952e+01 3.000000000000000000e+00
1.120000000000000000e+02 1.210000000000000000e+02 4.951633361672638500e+01 6.000000000000000000e+00
9.900000000000000000e+01 1.300000000000000000e+02 5.170554978296140547e+01 5.000000000000000000e+00
1.270000000000000000e+02 1.290000000000000000e+02 5.351544726012363640e+01 3.700000000000000000e+01
1.220000000000000000e+02 1.260000000000000000e+02 5.374888073597666249e+01 4.000000000000000000e+00
1.280000000000000000e+02 1.310000000000000000e+02 5.502230632106418540e+01 1.500000000000000000e+01
1.240000000000000000e+02 1.320000000000000000e+02 6.457031668540284386e+01 5.000000000000000000e+00
1.330000000000000000e+02 1.350000000000000000e+02 6.701678490023196844e+01 4.300000000000000000e+01
1.360000000000000000e+02 1.380000000000000000e+02 9.305698136149555921e+01 9.000000000000000000e+00
1.340000000000000000e+02 1.370000000000000000e+02 9.340265943618931033e+01 2.000000000000000000e+01
1.400000000000000000e+02 1.410000000000000000e+02 1.226834409747874020e+02 2.900000000000000000e+01
3.200000000000000000e+01 1.420000000000000000e+02 1.558462342884537861e+02 3.000000000000000000e+01
1.390000000000000000e+02 1.430000000000000000e+02 2.042280736855764758e+02 7.300000000000000000e+01
