6.272926420748075543e+03
7.135072458790800738e+03
1.276456691886740009e+04
6.093970999280581964e+03
1.372562552324605531e+04
1.033068632639936550e+04
7.491089068312271593e+03
1.186248219119828718e+04
6.115481840684497001e+03
7.874990180459119074e+03
3.518659666927314447e+03
9.615874447958662131e+03
6.207129510180548095e+03
6.280693669437416247e+03
9.952344951540722832e+03
3.096140065516086906e+03
6.555066287089091929e+03
8.032150780633778595e+03
8.862377415044444206e+03
3.505550549820237848e+03
3.414495038783607924e+03
8.954378961055534091e+03
6.732939140797501750e+03
5.900931172686869104e+03
1.163226365085238103e+04
4.460746763665057188e+03
6.719007678901736654e+03
9.303779750621748462e+03
1.167060805173504741e+04
3.697273253995213054e+03
9.127318422662629018e+03
4.166295198095074738e+03
8.290733971140003632e+03
8.590510561337898253e+03
7.983408156825586957e+03
1.102071395175983344e+04
6.209745178318344188e+03
3.781822052489417729e+03
6.006949023327599207e+03
3.471680570914410964e+03
4.279212704642368408e+03
3.332434805001481436e+03
3.884775887113447880e+03
4.640627427465409710e+03
4.514308164055311863e+03
3.679111597780116426e+04
1.468683961589627506e+04
8.694828587729429273e+03
4.084436831272795644e+03
6.031729775317355234e+03
1.149160801009899296e+04
7.617507431111153892e+03
3.040122774048331848e+03
6.246010887122520217e+03
3.965272103956090632e+03
6.950248007343161589e+03
7.964293134768868185e+03
4.301588535915900138e+03
6.994581533230622881e+03
4.097081732201673731e+03
6.704445524001517697e+03
3.600475477320514983e+03
6.982545192452364063e+03
6.537575839671411813e+03
4.391852275139888661e+03
2.895545415866165968e+03
9.914096313648540672e+03
8.632451932575859246e+03
9.096011842364901895e+03
8.142533450232450377e+03
6.080987403104922123e+03
6.253093008986746099e+03
3.604167821227677905e+03
2.976893991225814261e+03
6.293417473702963434e+03
1.965383290855379983e+03
6.462431958917100019e+03
6.118697124642210838e+03
2.075636264862042026e+03
4.338186298735437958e+03
2.092339965934299471e+03
2.965100478575732723e+03
2.883040998371829119e+03
4.965592319091134414e+03
4.391186560932153952e+03
5.452999573908268758e+02
2.780534614329981650e+03
2.986741675445456167e+03
2.207193173666431449e+03
6.905361512185058018e+03
4.507400344341870550e+03
2.762803514902569987e+03
3.346942441053228777e+03
3.610793661251717822e+03
1.615303398357209289e+03
1.625440716811287757e+03
6.570847720423740611e+03
4.118144887111657226e+03
5.574514856770892948e+02
1.280492868129070757e+03
1.569404809885052782e+04
3.256860669952684475e+03
2.469412891918203059e+03
4.597843944618120986e+03
3.507281771632653545e+03
4.473176094395541440e+03
2.678747775153242401e+03
4.584449460207139055e+03
2.210729641680709392e+03
3.463252021085062097e+03
2.257066707748603676e+03
3.227958069510791574e+03
5.443047091499640374e+03
3.294681232098008877e+03
3.102676688176709376e+03
3.712872203678529786e+03
6.852457207904174538e+03
2.225561606263332214e+04
5.956315651600909405e+03
3.056095998714482903e+03
4.054017022949054990e+03
7.807797128185897236e+03
5.413560152692441989e+03
6.138473533809356013e+02
3.761559407128525891e+03
2.573196578058168598e+03
3.276875527010761743e+03
2.506599317083753704e+03
1.759569305869924847e+03
4.644973447482266238e+03
2.930465513889322665e+03
3.010899315012790794e+03
1.588077691564023780e+03
3.251701992001230792e+03
2.097536449478126997e+03
1.929521412306827187e+03
3.235601176302589010e+03
2.472396349659265070e+03
4.590202988729276512e+03
2.360402611806261120e+03
3.684839366849277212e+03
3.524693567805324619e+03
2.305472407296195797e+03
1.953058181961092259e+03
3.376392625690021760e+03
6.087691115294968768e+03
2.744318635015224572e+02
6.007305688685859423e+03
2.711422136603935542e+03
2.650665362285334140e+03
5.718643327847363253e+03
3.691881972893695547e+02
1.869464576844876774e+03
1.901129386507220715e+03
3.938007776036326959e+03
4.656696247174633754e+03
2.114773856207794779e+03
2.278019408132356602e+03
1.944618396937095667e+03
4.894584406314631906e+02
5.868156174245701550e+03
2.781256241888472687e+03
2.796524825076756315e+03
2.032687302471863177e+03
3.643715471635225640e+02
1.264698300968716467e+03
8.438429182485251658e+02
4.717445814363511090e+03
3.605460106000663473e+03
3.341781598644258793e+03
5.334680669233792287e+03
1.545456399569994392e+04
1.774475165132803795e+03
1.960952921129316110e+03
3.806830545487397103e+03
1.234391652639219728e+03
2.529959384026820771e+03
2.088708161678499891e+03
6.613047899307710395e+03
3.526923374447460446e+02
3.026486198903039622e+03
1.522435884166834512e+02
2.373307122224736759e+03
7.527995696119040076e+03
2.020951102683843146e+03
2.018264878528616919e+03
2.858367224139403334e+03
5.492757800928873621e+03
1.309451914853931157e+04
8.402823752183627221e+03
4.540999978513364113e+03
3.711402326427761182e+03
6.154082195507915458e+03
7.161503254141176512e+03
2.515720232929939357e+03
4.220400660570565378e+03
1.764844102558494797e+03
2.188134839109767654e+03
1.800351849131544895e+03
2.929768372169062786e+03
3.162954625627863152e+03
1.403306354081339123e+03
3.032848394284825190e+03
2.442665878328977669e+03
2.506744618069141779e+03
1.627104749115750565e+03
1.137329832856675239e+03
2.912841105618652819e+03
2.180342987092926251e+03
6.651938554456821294e+03
1.370426669227863613e+03
4.556052699153120557e+03
6.069257358036031746e+02
1.115736446291430184e+02
7.434612381503372944e+02
2.642885137563509943e+03
5.602858414755758531e+03
9.688211544513656008e+02
7.468034955086888658e+03
6.367007199062762993e+03
1.275920567718532311e+03
5.807352134841903535e+03
6.237820160665814910e+03
8.047949090569734835e+03
3.864505654845286244e+03
1.016747139301442076e+04
5.988092334001629752e+03
9.906217086571527034e+03
8.160908175621108967e+03
6.197363636906471584e+03
1.276254033175142831e+04
4.838193461876129732e+03
8.404869731872946431e+03
8.366361937669087638e+03
9.198801537827555876e+03
6.224408983734092544e+03
6.161439320224333642e+03
4.634271480671133759e+03
9.353254712893742180e+03
5.835915117736121829e+03
5.807575782169836202e+03
2.214008583843289671e+04
7.930710716433217385e+03
7.891979439050621295e+03
1.058773651530701682e+04
6.952548706727347053e+03
4.160691035696250765e+03
6.463355682811712541e+03
1.184120689103264112e+03
5.985083420182432747e+03
9.181988552163324130e+03
5.724309539460555243e+03
8.331150592224841603e+03
1.189669857111685087e+04
8.468415524788297262e+03
8.072745621851348005e+03
8.901291193863567969e+03
1.245991129245313277e+04
2.204639038780604460e+04
1.211024132949928571e+03
8.187958843088891626e+03
9.471205719561181468e+03
1.403922700785866982e+04
5.389536114225626079e+03
5.745005434220267489e+03
9.260401986187967850e+03
6.561375079676090536e+03
8.531093313839373877e+03
6.966983719415673477e+03
6.847869083246223454e+03
1.079448034037455363e+04
5.348636245749627051e+03
8.509087108782921860e+03
6.309770290476906666e+03
8.337141995209509332e+03
6.324280220727647247e+03
6.118849619580037142e+03
8.869393816041403625e+03
8.093829746111242457e+03
1.271536740438792913e+04
7.583829877298067913e+03
8.884393273993930052e+03
6.440873197197250192e+03
5.442531754758212628e+03
6.011298383640785687e+03
8.719873185968004691e+03
5.757771844757068720e+03
3.062813923757271368e+03
2.287024781063725641e+03
4.641913120656441606e+03
1.571438242895806070e+02
1.439430191061496316e+03
1.801788868273930575e+03
3.571498922372539255e+03
3.619141167920952284e+03
1.627177234735850561e+03
1.888355497040102136e+03
1.814060678586320591e+03
1.532135180608161136e+02
5.477953293511052834e+03
2.684110658723718188e+03
2.306323165848353710e+03
2.035488056764688736e+03
2.971356754849575736e+02
7.523083121113713787e+02
4.930495069560406591e+02
4.605047131484917372e+03
3.440553566304180094e+03
2.394191642555757426e+03
4.249889743197245480e+03
1.478080793882368744e+04
1.827621639934840687e+03
1.540170117067025330e+03
3.605140433254568507e+03
1.464660255143463019e+03
2.609179082248951545e+03
1.672900055063855916e+03
5.098227857069610764e+03
1.494416953319523600e+02
2.621155790204861205e+03
1.778216525176662799e+02
2.267969426821231991e+03
6.446019341519971022e+03
1.940644528104049641e+03
1.998909832475167605e+03
2.758900089280677093e+03
4.835706105045063850e+03
1.399621402585726537e+04
6.800889312196271931e+03
3.532403140248369709e+03
3.334341457371064280e+03
5.912289856034765762e+03
5.765165174549452786e+03
1.711843704415161483e+03
3.461019885550130766e+03
1.193142022367879235e+03
2.033236589915048853e+03
1.320564863973195770e+03
2.087774194073489525e+03
2.923772070976740906e+03
1.295855321938155612e+03
2.463013018718780586e+03
1.746724363183226615e+03
2.260090710869234499e+03
1.614524976546541893e+03
6.437347041306979918e+02
2.629820071273072699e+03
1.724121267638458221e+03
4.098998395010479726e+03
1.256352938080622607e+03
3.374134548649914905e+03
9.766338448735214115e+02
2.293964813976735968e+02
5.816724930597358707e+02
2.388879231606793837e+03
6.225338903157022287e+03
6.776299647378186819e+03
7.687037740339847005e+02
6.259965859169245959e+03
6.094870957498755160e+03
8.693850374529734836e+03
4.199812834985968948e+03
1.043185673867228979e+04
6.246545093787175574e+03
8.428420979453378095e+03
8.798830499957874054e+03
6.281267517221234812e+03
1.299689689059200100e+04
4.417462598745689320e+03
9.203145720424163301e+03
9.180571918716248547e+03
7.992386749790224712e+03
6.365500411223538322e+03
6.388142816888665038e+03
4.401657035206243563e+03
9.910640257133061823e+03
6.094509192634321153e+03
5.767378705310551595e+03
2.142245767074009927e+04
8.521995453707733759e+03
7.362238229404611047e+03
1.011004937247677663e+04
5.961045278520477950e+03
4.000143557163389687e+03
6.210046221014550611e+03
1.521244834920765697e+03
6.386440243033537627e+03
9.393320123484798387e+03
5.893362424919661862e+03
9.190718787618379793e+03
1.261046270579716293e+04
9.098443903120853065e+03
8.776064636496143066e+03
9.486569495569190622e+03
1.442926060167562537e+04
1.585381529853842585e+04
1.521181658937731299e+03
8.447801505599087250e+03
1.008877540446230341e+04
1.344831894763713717e+04
6.228295625022599779e+03
5.880591204901418678e+03
1.007180092430751574e+04
7.056007358507587014e+03
9.091909348063407379e+03
7.231374777737857585e+03
7.240523396712780595e+03
1.067919842912098829e+04
4.940441963352773200e+03
9.281943679884472658e+03
6.637042075155277416e+03
9.201770622612715670e+03
6.601290716393789808e+03
6.287734908018004717e+03
9.278864560593639908e+03
8.620100549550586948e+03
1.414063107494706856e+04
6.578584074816270004e+03
9.383496883847945355e+03
5.617037174146905272e+03
5.574402687741408954e+03
6.093924283695176200e+03
9.239532813902656926e+03
5.861018976309360369e+03
6.745953730781584454e+03
3.288740155729069556e+03
2.501189268010289197e+03
4.633761083713850894e+03
2.979150803569838445e+03
6.551017399717270564e+03
5.795761451957559984e+03
6.416080985883321773e+03
4.816538103915017928e+03
3.652161174265126647e+03
8.532875202104456548e+03
1.133898654569013388e+03
4.998741234523843559e+03
5.071153479322078056e+03
4.116419242627308449e+03
4.638802644763193712e+03
4.409517566336051459e+03
3.102453781762900235e+03
5.946287158732027819e+03
6.411905424700838921e+03
7.689429204432713959e+03
1.804578440671146382e+04
4.666403030768058670e+03
5.398694360141937068e+03
6.300650613887144573e+03
1.364517278917568319e+03
1.529407624702422709e+03
4.277679014291249587e+03
7.889425502002858593e+03
3.511272734016747563e+03
5.655132573788880109e+03
2.938780374777144061e+03
4.984197967079824593e+03
9.259620602315575525e+03
5.218036033250542459e+03
4.781721135568421232e+03
5.248981769340740357e+03
9.175739330176082149e+03
6.704347275224114128e+03
9.326480015047291090e+03
7.791563271443844314e+03
6.612751005950702165e+03
9.612286920806736816e+03
6.219562243325071904e+03
5.654992593955274060e+03
6.304718457307022618e+03
4.815352771363386637e+03
4.893445432996331874e+03
5.506782592455644590e+03
6.353142289482721026e+03
6.721938353262847158e+03
1.059940127943362768e+03
5.597610622332127605e+03
5.711347545060563789e+03
5.147250068594952609e+03
5.068274938204032878e+03
3.724673574998676031e+03
5.396875694030033628e+03
4.900831243865202850e+03
1.196184332338606691e+04
3.634813865893657749e+03
7.540706330133965821e+03
1.622890090012461997e+03
2.688330730222950478e+03
3.222812861776507816e+03
5.098309472170391928e+03
5.889432176474994776e+03
2.548307257579334419e+03
3.946723125851297027e+03
3.021981955148437919e+03
3.523517603544325539e+03
5.477636390563336136e+03
1.305324222748449756e+03
1.126254371271188802e+03
3.356066490943175722e+03
2.843736126389448600e+03
7.275890300986700822e+03
3.485067394207309007e+03
4.053656520786277724e+03
3.372185017053237971e+03
3.363223954061535551e+03
1.263879395869788141e+03
1.373095226447983350e+03
5.101342672491372468e+03
4.470960635365307098e+03
1.886480314138077119e+03
3.091222882129994105e+03
1.762028274279173638e+04
3.257060509840497616e+03
1.315996158989722517e+03
5.368318107233972114e+03
2.433042961369094883e+03
3.593155748993764973e+03
1.746644261139416130e+03
4.925023387735549477e+03
2.462403321873760433e+03
4.619574865844112537e+03
2.189003879718280132e+03
3.506382418337961099e+03
8.673825916895566479e+03
3.462585558957152898e+03
3.099469924671665467e+03
4.355031728682234643e+03
8.242952680757009148e+03
1.630232415185030550e+04
7.432135804342993652e+03
1.346503250149645737e+03
5.204096888331983791e+03
8.310310093606673036e+03
5.978981123656194541e+03
2.417897093932445387e+03
5.431273910283249279e+03
3.810139842967111235e+03
3.466056205737714663e+03
2.023337428771194254e+03
6.522764039266978671e+02
5.845053907821405119e+03
3.306698976880196369e+03
4.419853306644880831e+03
2.220058639803864935e+02
3.727442762492572911e+03
3.981219745827871748e+02
3.119554422535182766e+03
4.582966890923085884e+03
3.393091214553352984e+03
7.451991265343026498e+03
1.188317228335483378e+03
5.134274322375355041e+03
2.245480555031203494e+03
2.095678300505566767e+03
1.663085032513282385e+03
4.075306798276867084e+03
5.072930282847464696e+03
5.305792879854071543e+03
7.528726400875382751e+03
4.188570168255368117e+03
8.658065182449154236e+03
4.902241998205277923e+03
8.248076654237011098e+03
7.500767785805523090e+03
5.164674044010868784e+03
1.211922820095699535e+04
4.860848314426861180e+03
7.401128889872868967e+03
7.964632355944040683e+03
7.994461298373302270e+03
5.125705745175322591e+03
5.177250164008154570e+03
4.624258422438093476e+03
9.067428140619558690e+03
4.365780335255999489e+03
4.114894671311290949e+03
2.140038686109062110e+04
7.530879804846455045e+03
7.243797178224178424e+03
9.898328307461579243e+03
6.488577016492226903e+03
4.394270367647673993e+03
5.661155247029732891e+03
1.559077713886980291e+03
5.242784788234993357e+03
7.964009698702704554e+03
5.073482649745978051e+03
8.026152587462456722e+03
9.987121967564222359e+03
7.858108410549890323e+03
7.790807931493965953e+03
8.623238489634466532e+03
1.195605429496320357e+04
1.922156596902015008e+04
6.174700606408368913e+02
6.752202885101793072e+03
8.544101644399157522e+03
1.387601080962842207e+04
4.438944534896754703e+03
4.022840051958807635e+03
8.234416159910670103e+03
5.290648405765417920e+03
7.914415665836961125e+03
6.013256654128143055e+03
5.650774513113520698e+03
1.015372105575873502e+04
4.657824866246167403e+03
7.352820516505113119e+03
5.242989616224002020e+03
7.901564282073759387e+03
6.058627375623916123e+03
4.715994236473025921e+03
7.948805646817952947e+03
7.047418378995785133e+03
1.033784617397783586e+04
6.567689834280136893e+03
6.859248058296272575e+03
5.989458956299548845e+03
4.947998678482223113e+03
5.347878281365183284e+03
7.901619580943470282e+03
1.734610071913445381e+03
1.669246453848064220e+03
3.561940030923813993e+03
4.014743376957878354e+03
1.628487256458495949e+03
2.393978153756182110e+03
1.786998817818081307e+03
2.296780511802517140e+02
5.541576475582160128e+03
2.997122860292100086e+03
2.246080129754611789e+03
1.898770798862114134e+03
4.015210488834441094e+02
8.754250319845657486e+02
5.419602998781856513e+02
5.060168081555173558e+03
3.500523425170829796e+03
2.292227414866756135e+03
4.514235861350129198e+03
1.473706555459727679e+04
1.812160945335488123e+03
1.509094751421957426e+03
3.816572582845506986e+03
1.411125393960573092e+03
2.860130896145121369e+03
1.940542325794315730e+03
4.676332918888410859e+03
1.262244215441946835e+02
2.772355109190676103e+03
1.587670917795765035e+02
2.112203602764754578e+03
6.694255450791222756e+03
1.919202731339008096e+03
1.926975199989987914e+03
2.666489128691948281e+03
4.869917789739655746e+03
1.574435776872236420e+04
7.161079352853923410e+03
3.852134499026669801e+03
3.391746090309253304e+03
5.794714709686322749e+03
6.193401117332296963e+03
1.910593317204115237e+03
3.597721137055735198e+03
1.423584170174071460e+03
1.962709434398963367e+03
1.372255628084584259e+03
2.436682621075038696e+03
2.934666649334332305e+03
1.460995343169273610e+03
2.554418484194533448e+03
1.904085048764009116e+03
2.155008099356455659e+03
1.621266946835210092e+03
7.460259015241731504e+02
2.660640995444713099e+03
1.740032331067164250e+03
3.683406963829245797e+03
1.492878947164662350e+03
3.578991724986662121e+03
1.115114046712922118e+03
2.820190579311451984e+02
5.754144734465983220e+02
2.339959406804602168e+03
3.123230732184950739e+03
4.676599982688232558e+03
3.454502294956857440e+03
3.266641189275196666e+03
3.875081831510987286e+03
3.037530447091955011e+03
1.487360399408001740e+03
6.945499502236772969e+03
2.777538485203778237e+03
3.077332099732370352e+03
3.495139810520690844e+03
2.078536931759478648e+03
2.146245817791226727e+03
1.977544647818315525e+03
4.605877828247846082e+03
4.473869295895937285e+03
4.019548537188856244e+03
5.511747720705791835e+03
1.543791317365333452e+04
3.251510850465538169e+03
2.965929102353446979e+03
4.350847094843010382e+03
2.060092553201330702e+03
2.957182061158804117e+03
2.530094244904885727e+03
7.294410515012704309e+03
1.603703746326805685e+03
3.519308618427968668e+03
1.823037079456644733e+03
3.674509360718178414e+03
6.042838415682651430e+03
3.430619197514885855e+03
3.301915725627936354e+03
3.711902737334298763e+03
5.326863417765157465e+03
1.058611264773572839e+04
7.758584391046847486e+03
4.565961935829857794e+03
4.466571595626454837e+03
7.405362515773751511e+03
5.510808440182358027e+03
2.942233637428535985e+03
3.769894847814226978e+03
1.967477841823754716e+03
3.356925364969608381e+03
3.064130554528358971e+03
3.560562299468590481e+03
4.454415018641083407e+03
1.398440513823766651e+03
2.936886216388163120e+03
3.267593642449860454e+03
3.432241090855273796e+03
3.249332830215842932e+03
1.229534082425057932e+03
3.509029957258504055e+03
2.930023999438243663e+03
6.678090981991953413e+03
2.152607856371561866e+03
3.460247855978740972e+03
2.093124179414494392e+03
1.676691171444745351e+03
1.724069576566850174e+03
3.530100750500537288e+03
4.333234525046224007e+03
2.413194289573743390e+03
2.449307834211173486e+03
3.560453318102465346e+03
1.713129119176401218e+02
1.864696888911357519e+03
3.147788009838739981e+03
4.145037250022707667e+03
4.577167608053225649e+02
1.573925308748296175e+02
2.360736688377975952e+03
2.490701904681554879e+03
1.728126162764896890e+03
6.145465993304935182e+03
1.101429677315922163e+03
2.844780004680363163e+03
5.151213556439972308e+03
1.039548795458046880e+04
2.139135145241991722e+02
3.037230121148555554e+03
1.714433437007020302e+03
2.511533855892273095e+03
3.516714412436077509e+03
3.734891693126446626e+03
5.879498505630576801e+03
1.526371044099048959e+03
9.055096534815907034e+02
1.599754004046875707e+03
1.973124545093185134e+02
3.556442370799350101e+03
1.921074669152887964e+02
1.669978926412854889e+02
2.731879912427609725e+02
2.700094421988035720e+03
2.013104300101859917e+04
9.921969645497025340e+03
4.427293048009413724e+03
1.435664175999425879e+03
3.404799231069212055e+03
7.825974552035368106e+03
3.736879025394183827e+03
1.728087749141941003e+03
3.103926491413907570e+03
2.093879336716781836e+02
3.092379565046995594e+03
3.798986876511625269e+03
1.062383833948500296e+03
2.278713367549944451e+03
9.535779285210915077e+02
2.654586099348390235e+03
7.718958418743927723e+02
2.186613518353457039e+03
2.418105875335437304e+03
7.350118003904624402e+02
4.887021371452844960e+02
4.908438413314127502e+03
2.731075340297353250e+03
5.655529969103543408e+03
2.284851688339008888e+03
1.475852657969746815e+03
1.578936338600301497e+03
6.690072650817385238e+02
7.223153093679423364e+03
4.038172570246268606e+03
6.676053324823522416e+03
4.913153922213099577e+03
4.685124631755656083e+03
9.716998213479015249e+03
1.617007266788109519e+03
5.574797528827800306e+03
4.738436370558194540e+03
6.511965416079247007e+03
4.287963684970791292e+03
3.994396936208144780e+03
3.687942083753189308e+02
6.227912246961941491e+03
4.663977548347796983e+03
5.976586856730113141e+03
1.970336500131919456e+04
4.785272147406039949e+03
5.187114454331609522e+03
7.578749689196187319e+03
3.551490438865492706e+03
1.109913590971263602e+03
4.149891206934001275e+03
3.019484345491592649e+03
4.023711273332211022e+03
6.601120476824471552e+03
3.246492560981364477e+03
4.426908747753880562e+03
9.626554525580166228e+03
4.929223671970789837e+03
4.441861229724559053e+03
5.908583679207396926e+03
9.676275522860121782e+03
4.907602195083307379e+03
4.948935464430901447e+03
5.888257949472656037e+03
6.333768623877344908e+03
1.064672618623374001e+04
3.845215092720419307e+03
5.411307472807560771e+03
6.753041537137738487e+03
5.146732880028262116e+03
5.075396180520350754e+03
4.387786640442287535e+03
4.796087675754255542e+03
7.991534681912775341e+03
2.795981644036624402e+03
6.083618622380274246e+03
3.791026564807952127e+03
4.525503785240274738e+03
3.716523904000644507e+03
4.527384780752832739e+03
5.941115146773557171e+03
5.039018325335654481e+03
8.700024856919213562e+03
4.527262227696280206e+03
7.715547026127449499e+03
3.091695608514000469e+03
3.191255520423641883e+03
3.862014112272969214e+03
5.646728459412644952e+03
5.249862180544682815e+03
5.059361279010823637e+03
2.491983543044017097e+03
3.332003538354499597e+03
5.891986329194114660e+03
6.237956656761962222e+03
2.424456966623706649e+03
3.083175515295395599e+03
4.370337051536451327e+03
4.152839849544465324e+03
3.450664029021087117e+03
7.737651199756648566e+03
3.447944997277245420e+03
5.504568256495242167e+03
7.665209907627517168e+03
1.318417602990475643e+04
2.678584414568593729e+03
5.139707956661019125e+03
3.747617217203604923e+03
5.108101462992828601e+03
5.701335421921272427e+03
5.146745737950022885e+03
9.334341984437236533e+03
3.409169513001682390e+03
2.549016856502582414e+03
4.087010548579877650e+03
2.794438065392581393e+03
4.652791282336314907e+03
2.612248707158424622e+03
2.624685653420270683e+03
2.622439697686601903e+03
2.866567015061700658e+03
2.169757711821588600e+04
1.132000341933466188e+04
5.701652690826375874e+03
3.894803028731556878e+03
6.430705976255352653e+03
8.388464957874368338e+03
5.637171005306383449e+03
3.063652991934810416e+03
3.766282194340309161e+03
2.272129690193445185e+03
5.258814780196618813e+03
5.112141487495652655e+03
3.365822813764441435e+03
3.304850637185825235e+03
2.197414184808389109e+03
4.628569990750060242e+03
2.743327242755287443e+03
4.988454053757855036e+03
3.107310748457065074e+03
2.903234226033588129e+03
2.078979856482824289e+03
6.548022510074894853e+03
4.939546027160731683e+03
5.523945692496314223e+03
4.943485607707052623e+03
3.870633652552856802e+03
3.622370320394608825e+03
2.914021971305666284e+03
2.140696495682359455e+03
2.636468894224022733e+03
2.046392829438592798e+03
6.671180919913942489e+03
3.855908487917366983e+03
3.005618715067429093e+03
2.699205888497307569e+03
2.997157203088353072e+03
1.112315368596021926e+03
9.999061726043161116e+02
5.914733455440678881e+03
3.865767190118989674e+03
6.419096939085443410e+02
1.745779137213398144e+03
1.589396592790125760e+04
2.747480386776855084e+03
1.551352140149119350e+03
4.366481101593198218e+03
2.533860237575829160e+03
3.803670054656954562e+03
2.077899930648038662e+03
3.851256569057359684e+03
1.732465078275487031e+03
3.632857780926247870e+03
1.572253118039056517e+03
2.630011718486676727e+03
6.943006516078412460e+03
2.793412577901183795e+03
2.669241216096747394e+03
3.385526244522487104e+03
7.243340132096641355e+03
2.023199880696991750e+04
6.501610207527335660e+03
2.751451621346224783e+03
4.012998018196675730e+03
7.209968957700502870e+03
6.452686160336734247e+03
9.163558051367140251e+02
4.257221790869883989e+03
2.821044372339598340e+03
2.909033357118320055e+03
1.725687948468485956e+03
1.680890093510859742e+03
4.440975612845189062e+03
2.805112019367871198e+03
3.575344114472525689e+03
1.150914436592162701e+03
2.816839760921327979e+03
1.062660346208452211e+03
2.142130822483680276e+03
3.251610164227175119e+03
2.624742172624289196e+03
5.006794212669343324e+03
1.573780579348709352e+03
4.593593323048602542e+03
2.385699268536298405e+03
1.537783067761550001e+03
1.290234620215350787e+03
3.241647093086010500e+03
3.708740925780257385e+03
2.278174997859368887e+03
7.556599541180310553e+03
4.719109532962054800e+03
4.742301664408607394e+03
3.996102313306561427e+03
2.206831669364208210e+03
1.046665810792550701e+03
1.060232280142532318e+03
7.059627463722435095e+03
4.801289261719550268e+03
3.520016957932547939e+03
5.166659332649662247e+03
1.748729424873698372e+04
3.372027070883997112e+03
1.601274795866247132e+03
5.354122114636261358e+03
3.208596775283757779e+03
5.085453408145011963e+03
1.519520771681306087e+03
9.976611013279822146e+03
2.121654873243061047e+03
4.427229950481580090e+03
1.994335392988967897e+03
4.164582448866551204e+03
9.243519039166698349e+03
3.594172050014815795e+03
3.434916580860670365e+03
4.562442587728817671e+03
8.779980179489932198e+03
1.749837959640713234e+04
1.185703414155001701e+04
2.281368941702090069e+03
5.852647806114782725e+03
7.849671641048666061e+03
8.697212443748136138e+03
2.739127208742107541e+03
6.041095071949803241e+03
3.269730648313422080e+03
3.553189724284401564e+03
1.912156397775087953e+03
9.927862308276094154e+02
4.740745424365367398e+03
3.925796957915737948e+03
4.601689957765329382e+03
1.138689046808866806e+03
4.645022120616667962e+03
9.629719435439742483e+02
2.830090017314980287e+03
4.568274757256122030e+03
3.729156921421631523e+03
1.088001748296152800e+04
1.263138638543405705e+03
4.911865495210690824e+03
2.186385506754312246e+03
1.991638463561255548e+03
1.752600102213632454e+03
4.402498686585285213e+03
1.871546879941205589e+03
3.263110136033235904e+03
4.296821296998770777e+03
3.835795258453167662e+02
1.699857436519055227e+02
2.406505381229256272e+03
2.536805413521763057e+03
1.916175635256282931e+03
6.467241943766364784e+03
1.186262829210515974e+03
3.216854745924222698e+03
5.354036852282814834e+03
9.660972009967306803e+03
2.264057001817704986e+02
3.292005958186482530e+03
1.591590283385259681e+03
2.812806837712425477e+03
3.691323598450520876e+03
3.815236131905326147e+03
6.932639878272606438e+03
1.586587160744866878e+03
6.221066588785856766e+02
1.706559897829503370e+03
3.008638234479126368e+02
3.225669614715192438e+03
1.478867375533536688e+02
2.823269536289401458e+02
3.383436625657921013e+02
2.368198832548677728e+03
2.087791528038582692e+04
9.939331219465535469e+03
4.637190909330647628e+03
1.208405983783640067e+03
3.268115719503790388e+03
7.820836314254660465e+03
3.643714861454952370e+03
1.389293465911926432e+03
2.991000195956728021e+03
2.985818087682032456e+02
3.185806197952525963e+03
3.970816801040422888e+03
7.354381414426304673e+02
2.439187404179013356e+03
8.373642148261028524e+02
2.905428684417376189e+03
8.372625699067763207e+02
2.572591312770704917e+03
2.414314483908673083e+03
6.503697145369410464e+02
3.548718079822144773e+02
5.756835392468335158e+03
2.839577560918990912e+03
5.705758738998265471e+03
2.530341757995660828e+03
1.601392672194128863e+03
1.800903830856558898e+03
6.092680630189436215e+02
5.487856481452635308e+03
3.319576149602936312e+03
2.207996864356496644e+03
2.165327218201416144e+03
2.816484449414415394e+02
8.934108475872703821e+02
5.615359175175633482e+02
5.431872526752433259e+03
3.409662107895644112e+03
3.034461202262671122e+03
4.759837216401921978e+03
1.474467891725456502e+04
1.922519248511052410e+03
2.010750903015180484e+03
3.527710074045363854e+03
1.687278513542322798e+03
3.085884597095554909e+03
2.011806529295353357e+03
6.897281255728700671e+03
1.380803621666332219e+02
2.577309806762018525e+03
3.158245265859459323e+02
2.466785040702416609e+03
6.179260212972178124e+03
2.066147675408424675e+03
2.093809513879408769e+03
2.760168291129230056e+03
4.734516591315978076e+03
1.551596820804447270e+04
7.999518963868345963e+03
4.094744305353843629e+03
3.611850285192042520e+03
6.109634886199437460e+03
6.511034685036816882e+03
1.940821487342910586e+03
3.454010079193861657e+03
1.044178650309525892e+03
2.089395808444714021e+03
1.636158717194840847e+03
2.421449883941531425e+03
2.952672229275731752e+03
1.556117745767805218e+03
2.280837788478838320e+03
2.205572365284645912e+03
2.573421618350882454e+03
1.987441286862331481e+03
4.028859248535000006e+02
2.656898851298196405e+03
1.723753740651002317e+03
5.472805601046939955e+03
1.473314251661843628e+03
3.340184040669914339e+03
1.343588232359816629e+03
3.722707140366796921e+02
6.516695680098237062e+02
2.452271091442944453e+03
8.301834644742899400e+03
3.093946599807679831e+03
3.057631710303274303e+03
6.136356651773036901e+03
6.300981857075181324e+03
5.714231393532885704e+03
1.064763319138232691e+04
5.464505779238086689e+03
7.290269928482607611e+03
9.357653926579047038e+03
1.241914385401991240e+04
3.212394206568958907e+03
7.154086531680940425e+03
3.414581779364504200e+03
7.149866731983331192e+03
8.323954734876939256e+03
7.201533871575174999e+03
1.223953254362435837e+04
5.339636116682750981e+03
3.390638400852626546e+03
5.487269436614391452e+03
3.550710239517982700e+03
7.351871369582240732e+03
3.047442892190743805e+03
3.171911374662762682e+03
3.333487618304475291e+03
7.112146071074004794e+03
2.771715676829569202e+04
1.436346611435964223e+04
8.941334414654640568e+03
2.682278483978687746e+03
5.023953122830187567e+03
1.150430042091898213e+04
7.214904706785511735e+03
4.970866108005289789e+03
6.567791924615994503e+03
3.327227615526538557e+03
7.073867597223331359e+03
7.698821729156675246e+03
3.578724684006379903e+03
6.465095787904236204e+03
3.606603990635725495e+03
7.210421531813645743e+03
3.062593326780216103e+03
6.592966247074818966e+03
6.033828442417725455e+03
2.681839747889921910e+03
3.686361930241039772e+03
1.101596505305740357e+04
7.097818332559563714e+03
8.656246511600993472e+03
6.859716747128184579e+03
5.461877785907519865e+03
5.609097145464282221e+03
2.896983266282849854e+03
4.619903995352148740e+03
4.430656786541167094e+03
3.973529344481670705e+03
3.041712919501283068e+03
3.202236245283831522e+03
1.791443218590990455e+03
5.459248554018954565e+03
4.541116889128268667e+03
5.497430634330763496e+03
1.728641058798415906e+04
4.214312416901693723e+03
3.806308304861218858e+03
5.455452738927249811e+03
1.345280368391855973e+03
1.097388942304789907e+03
3.231225357528160202e+03
5.088440908832612877e+03
3.084030093686466898e+03
5.099183568634363837e+03
2.769980262632524500e+03
4.434719159731872423e+03
8.251455973996551620e+03
4.674908359204737280e+03
4.339241191217777668e+03
4.959454049629239307e+03
8.632435342034190398e+03
4.050452170671420390e+03
6.464083311385332308e+03
5.566285563142710998e+03
5.538276233957634759e+03
8.835943055612591706e+03
4.025002309880312168e+03
4.021562838558955264e+03
5.199261102771200967e+03
4.304115014411564516e+03
4.576581920874782554e+03
4.059974544611558940e+03
4.247686265755615750e+03
6.465643160806326705e+03
1.570877241656316301e+03
5.270394584721287174e+03
3.597538966580560555e+03
4.248598163280689732e+03
3.129349633268300749e+03
3.287813023133390288e+03
4.966004109125766263e+03
4.544137980982874979e+03
9.518732715446309157e+03
2.533635025381160176e+03
6.216369481456998074e+03
1.581307047024210533e+03
2.333237493669044397e+03
2.626016567839541040e+03
4.453334560637553295e+03
5.818397954057588777e+02
3.189327606566165741e+03
2.839116659387796972e+03
2.337249377260872279e+03
6.836872965535654657e+03
1.753846800937371654e+03
3.431563383700501163e+03
5.297216480615859837e+03
9.697879251500664395e+03
7.461375933761219130e+02
3.724867694352396484e+03
1.936448067462404651e+03
3.160009259708487662e+03
4.211741400564836113e+03
4.305044994707076512e+03
7.738468594501829102e+03
2.089299323452415592e+03
8.929453520755346290e+02
2.388094545219247266e+03
7.134262408472770858e+02
2.963788945933770719e+03
6.523119445127288145e+02
7.731487398282552022e+02
5.470503627408374996e+02
2.539592879873821403e+03
2.191764542761991106e+04
9.921187832923202222e+03
5.200078246464691802e+03
1.255202286297249884e+03
4.065561988948555154e+03
7.370156478651548241e+03
3.588512564782540267e+03
1.276949466488461894e+03
3.125416381103668755e+03
6.952341879005693954e+02
3.835041556203449545e+03
4.284632296135814613e+03
1.365262608537327651e+03
2.537902155905414020e+03
7.179631272930064370e+02
3.386206973586204640e+03
1.103194585546164490e+03
3.261799915948577109e+03
2.449865349472151138e+03
7.340954892987679159e+02
4.908790332817834496e+02
6.163108500490354345e+03
3.402788827340558782e+03
5.156033182798740199e+03
3.400122314136484874e+03
2.294492670248727336e+03
2.127461775378472339e+03
7.168638878693470815e+02
2.681236799430898373e+03
2.753775928838805157e+03
2.033564078095850164e+03
6.646052171776010255e+03
1.420642955562168254e+03
3.396193137190526613e+03
5.713914528074984446e+03
9.726756432516165660e+03
2.604082095071282765e+02
3.423368252428240339e+03
1.983959725009963677e+03
2.760955507668795690e+03
3.726101340672310471e+03
4.062898689531962646e+03
6.703523584855634908e+03
1.763006482168246293e+03
9.819663861126496158e+02
1.778103472548208629e+03
2.417231614947156686e+02
4.090105603756228902e+03
1.481137389871983032e+02
2.419551565816473158e+02
3.773549664807246700e+02
2.684129313788551826e+03
2.159865253742515779e+04
1.040493724087648297e+04
4.864117131956169032e+03
1.236206129179920481e+03
3.154615647393422023e+03
8.361917820846492759e+03
4.014977884652966623e+03
1.949057633959460418e+03
3.445559525211717755e+03
3.697556567359376913e+02
3.311328188576767388e+03
4.283616395117535831e+03
8.173654170128979786e+02
2.749996262570163708e+03
1.235602481986306429e+03
3.035484003679618127e+03
8.452301698277007063e+02
2.384095680896395606e+03
2.752377604318397971e+03
8.071975163124161554e+02
6.637515548131452761e+02
5.972241203300034613e+03
2.944419031125014953e+03
6.201299885506215105e+03
2.424518259731748003e+03
1.633143577386214702e+03
1.874617536520257090e+03
7.578517624904357035e+02
1.339335012379058753e+03
8.640554092729810236e+02
7.048513000035449295e+03
4.046266244513992206e+03
4.454353167326497896e+03
6.802153045876852048e+03
1.643694036039834464e+04
2.200165933398580819e+03
2.460950146071584641e+03
4.270688448932054598e+03
1.896830018903091513e+03
3.985355789533769894e+03
2.390983261584826323e+03
1.047107113878960627e+04
3.117154346672623433e+02
3.246212517207732162e+03
3.297651561672109892e+02
2.986119412963928880e+03
8.019148580670694173e+03
2.455568281201818536e+03
2.443691104602922223e+03
3.301899207932763147e+03
6.153448657971122884e+03
1.527797631296659165e+04
1.169524654758940960e+04
5.300051968631255477e+03
4.639782421469174551e+03
6.840790413102458842e+03
9.066868717463299618e+03
2.815803435144853665e+03
4.735473417485778555e+03
1.600014500933588806e+03
2.409523362546849967e+03
2.069617769058374961e+03
3.149929376489985316e+03
3.481958090563384758e+03
2.130102254365707722e+03
3.144067469413276285e+03
3.065473684633626362e+03
3.327354892495630338e+03
2.289484314525343962e+03
1.022687996587154885e+03
3.381586984425353876e+03
2.323587989719378584e+03
9.528793501172654942e+03
1.672037775058953684e+03
4.151204974775109804e+03
1.192330539557511202e+03
4.168802612827755638e+02
9.317213386602586525e+02
3.045283089025376739e+03
1.788988751296496957e+02
5.243002260463003040e+03
4.218507589182312586e+03
2.144886682116929933e+03
3.658516563778701766e+03
1.540770663906719892e+04
2.638441901332737416e+03
4.641859616775095674e+02
4.142637801830329408e+03
1.732773299242905523e+03
3.404671634304489089e+03
1.070632566993444016e+03
6.060121484341112591e+03
7.796526258015542226e+02
3.332026441669716860e+03
8.942966764007912843e+02
3.012276539594134647e+03
7.170503866503298013e+03
2.804106844381742121e+03
2.832980733892682565e+03
3.406372999810420424e+03
6.079793886514320548e+03
1.634939415904791167e+04
7.509181821526552994e+03
2.546085123694593676e+03
4.069880738172734709e+03
6.853862803354719290e+03
6.049112818661199526e+03
1.355741173935894494e+03
4.176479436129294299e+03
1.858150278723667270e+03
2.854981274700795893e+03
9.329756608033771954e+02
1.076133898324530946e+03
3.994474675142358592e+03
2.100099694102037574e+03
3.306987283455544457e+03
9.017572659286445287e+02
2.895257681668857913e+03
8.367887066068983586e+02
1.189246170033684393e+03
3.292438140844099507e+03
2.489900102366384090e+03
6.102972309457214578e+03
6.758912234829490444e+02
3.234861977411554562e+03
1.578847382440523916e+03
8.893411760861179118e+02
5.210091965136482486e+02
3.105037492855447454e+03
5.202064531824577898e+03
3.352766514765913143e+03
2.020148628771920357e+03
3.707211035438181170e+03
1.479784667781458484e+04
1.896780533026901594e+03
5.793080338486477103e+02
3.471657283481889863e+03
1.413544143591972443e+03
3.180167979990781078e+03
1.140391923322937828e+03
5.586931406627519209e+03
4.067184230696668692e+02
2.706180445999648782e+03
4.968879011377662209e+02
2.088739724805292553e+03
6.667012951025464645e+03
2.027181823472141332e+03
1.990117621068520748e+03
2.532807777104871093e+03
5.162669679838073534e+03
1.653432777375911974e+04
7.439569026012661197e+03
2.531821163288102525e+03
3.529146317131692740e+03
6.020453789363058604e+03
6.372408875415934745e+03
1.506884404407916236e+03
3.678549003312653895e+03
1.563602655407441262e+03
1.991758026736900092e+03
8.863197165720432622e+02
1.358853843885239712e+03
3.161941484735635186e+03
1.816135778574455344e+03
2.792732790856851352e+03
1.045359234643839045e+03
2.249317753399156118e+03
7.693703918809516153e+02
9.583912677391808757e+02
2.695732166871642221e+03
1.941764999228271790e+03
5.488245486614448055e+03
7.003120212839744454e+02
3.395747130458462379e+03
1.160934246368476579e+03
5.186275795536128044e+02
2.797017614411229260e+02
2.437644952589543664e+03
7.596146744554494035e+03
6.590101759179880901e+03
7.074403160980684333e+03
1.982470769705131897e+04
6.189292232221041559e+03
5.995095023433508686e+03
8.059919788641953346e+03
4.296640695931448136e+03
1.403129242617409318e+03
4.822421570407449508e+03
4.687530299626431770e+03
5.095035019721779463e+03
7.399317714015502133e+03
4.662503343691752889e+03
6.288166058190427066e+03
1.052358355754924924e+04
6.652874850752567909e+03
6.191639710952475980e+03
6.771687139911642589e+03
1.087410206626402214e+04
4.160492998715408248e+03
5.548600457996823025e+03
7.009872998050987007e+03
7.731173449891530254e+03
1.148602203024356459e+04
3.217936188755405055e+03
6.457376645871288929e+03
7.706822826299838198e+03
6.229471400581452144e+03
6.589338397331401211e+03
6.020850906005980505e+03
5.871629999746324756e+03
8.765646449626541653e+03
3.210032937350053089e+03
7.084647206317683413e+03
5.256484901803840330e+03
6.459407155947006686e+03
4.941417879614800768e+03
5.329460648591559220e+03
7.058073380991291742e+03
6.805914393360930262e+03
1.172983621030086397e+04
5.098063099998737016e+03
8.374990373161159368e+03
3.777020805930088954e+03
4.237374173406672526e+03
4.776031982708177566e+03
6.968754865440388130e+03
4.395702902658578751e+03
6.483684320743728676e+03
1.142181277873660656e+04
9.544837309578932718e+02
4.801106535175098543e+03
1.356126474280360071e+03
4.069305507343946374e+03
4.559304711707873139e+03
5.552719772061013828e+03
8.349616846517519662e+03
3.133885361147911681e+03
1.624737383617352862e+03
3.269607927005145484e+03
1.090347984544254814e+03
3.229034868282667958e+03
1.458590308318711322e+03
1.059370787394220770e+03
1.364842718504603454e+03
3.749692905335698470e+03
2.262972222847902231e+04
1.184948764002433018e+04
5.967601055831219128e+03
2.854129771145748236e+03
4.233772099013252046e+03
9.618609081639337091e+03
5.501784092551028152e+03
1.875273778864240057e+03
4.806447449500665243e+03
1.421718622306877933e+03
5.424217737331333410e+03
5.424044591667518944e+03
2.697430675687151961e+03
3.516608581024077921e+03
2.035683528164565587e+03
4.158315201710051952e+03
1.585863249037532341e+03
3.679103327011977854e+03
3.753494834788449225e+03
1.806781108164881516e+03
1.418188332150945143e+03
7.581504388500911773e+03
4.056527875895149919e+03
7.248232410212467585e+03
3.925114028171428799e+03
3.045257594999518005e+03
2.979881525596221309e+03
1.539024323065842509e+03
6.599154795946437844e+02
1.676120033638092355e+04
3.249944077469565855e+03
2.978194440340546407e+03
5.235373713101484100e+03
3.891488233729985041e+03
4.716549749100538975e+03
3.044882162791553583e+03
3.222372711747076664e+03
2.737911105751228206e+03
4.053536534758586640e+03
2.359699694541881854e+03
2.966094676240084027e+03
6.895681773872216581e+03
3.362212253655745371e+03
2.957173147100772439e+03
4.011070458831567521e+03
8.120814651154596504e+03
2.438325567411400334e+04
5.763785942851847722e+03
2.862519855940746311e+03
4.332278949809942787e+03
8.484547468598731939e+03
5.933076408613784224e+03
1.004153132975940935e+03
4.700180572208652848e+03
3.371298709091017372e+03
3.276694931728107349e+03
2.724969428773583786e+03
2.075943870499772402e+03
5.555304724252539017e+03
3.460073652868438330e+03
3.627387337123180259e+03
1.557733218748436684e+03
3.089967620774941679e+03
2.043702758387914173e+03
2.931974487862309161e+03
3.839717569216774791e+03
2.652238651570003185e+03
4.643528961920670554e+03
2.949180986852737533e+03
4.674987916637865965e+03
3.688513828800398187e+03
2.589349839426942708e+03
2.383009278658869334e+03
3.739811007198843072e+03
1.925175765813133694e+04
5.348007183073460510e+03
5.160011646565561023e+03
7.324742605849608481e+03
5.707406349562132164e+03
6.025963882327072497e+03
4.473083098077123395e+03
4.025954589890281113e+03
4.544932515087063621e+03
6.028564415484226629e+03
4.406342694101937013e+03
5.498103997742353386e+03
8.523382954235989018e+03
5.719781531001386611e+03
5.325049599385080910e+03
6.105640941152489177e+03
1.133084050817891512e+04
2.701019360515635344e+04
5.325488175376294748e+03
3.652914088921710118e+03
6.680861332891334314e+03
1.173480114934954145e+04
6.445188022237271070e+03
1.933505968092424609e+03
6.488510318048409317e+03
4.994485657381199417e+03
5.510650455443559622e+03
4.605587891882961230e+03
3.244161528510414428e+03
8.355277110277882457e+03
5.012339302503791259e+03
5.413538618480777586e+03
2.586716245564731253e+03
5.988883991798452371e+03
3.581002009680938045e+03
4.318187961828898551e+03
5.866919073294188820e+03
5.018662406175337310e+03
1.032754464560843553e+04
4.606391050898243520e+03
6.410129599309613695e+03
5.512051498529775927e+03
4.342942479216464562e+03
3.960930946470758045e+03
5.804475508237069334e+03
1.008855218247843550e+04
1.588157990211855576e+04
1.093345901815409707e+04
1.665588470867637807e+04
1.727722812648347826e+04
1.793670426162261356e+04
2.250721562533073666e+04
1.466618989530594627e+04
9.119115017695590723e+03
1.494145560653245229e+04
1.056582046355131934e+04
1.016670241924165020e+04
9.699347039797086836e+03
1.068383605741601423e+04
1.082898060238634389e+04
1.110594651801473810e+04
6.558045933542805142e+04
2.394257848493057099e+04
1.934888835673515132e+04
7.591944598297316588e+03
6.372066621166835830e+03
2.063029582143663720e+04
1.647894125651361537e+04
8.582594754413119517e+03
1.545321342645636832e+04
1.138578767773771688e+04
1.833865928302890825e+04
1.751843252022663364e+04
8.804825661953953386e+03
1.563742267911124691e+04
9.755666072575131693e+03
1.692276273695097916e+04
8.824748550857082591e+03
1.613882398610780001e+04
1.454101053767877602e+04
9.580679760163455285e+03
1.023384433941214593e+04
2.027302111659397633e+04
1.693243822545010335e+04
1.774266652368949872e+04
1.646295059529315768e+04
1.492413945076427990e+04
1.483000734088761783e+04
9.212554360448359148e+03
3.273175817440452192e+03
1.423093737024530583e+03
2.608415278070428030e+03
3.549024411099941972e+03
3.884270823697612286e+03
6.926155603694549427e+03
1.587228102497780128e+03
7.762693904643367659e+02
1.635953740753950115e+03
2.956393793626768911e+02
3.588762449901338186e+03
2.462325055735450405e+02
1.867436486515803153e+02
3.544832385013687599e+02
2.913092721652069940e+03
2.038356955609418583e+04
1.001607916085143188e+04
4.607576708790349585e+03
1.232732163918824881e+03
3.030853415364476859e+03
8.187404422371057990e+03
3.781551813720626342e+03
1.552430907819027652e+03
3.230881510483926832e+03
3.695765848178114084e+02
3.234171742258246923e+03
4.114100240098272479e+03
1.036010705703025678e+03
2.524635387229232037e+03
1.122656218479870176e+03
2.939091877171592387e+03
6.322592425467089470e+02
2.296114665368545502e+03
2.606221549890159167e+03
6.369218986289358782e+02
6.423167865954742410e+02
6.315019365319109056e+03
2.774642912434133450e+03
5.993684574085858003e+03
2.164268557714810413e+03
1.456327675487350916e+03
1.757661529499928520e+03
5.276049605780062848e+02
5.106427815243234363e+03
2.232634922150239163e+03
4.286497252959794423e+03
1.609252682942434149e+03
7.347929584439740211e+03
1.460411248097832868e+03
4.274503849310121950e+03
1.545578173649480959e+03
3.400952071598275325e+03
8.402418624022127915e+03
3.697765553774930595e+03
3.435762128732522797e+03
3.905281530504139937e+03
8.041718093652578318e+03
1.707143859430090015e+04
8.868540770816647637e+03
3.417587334446275690e+03
5.313635490511991520e+03
7.119997882675397705e+03
7.770394302635983877e+03
2.150444116311708967e+03
5.230177209297795343e+03
3.120430411971567537e+03
3.466166653951774151e+03
1.551938045296067912e+03
1.557825777468801107e+03
4.774966347253702224e+03
2.665368010719411814e+03
4.346362100147490310e+03
1.239112025786848335e+03
3.874063565948514224e+03
7.813701074973079130e+02
2.039158505619842117e+03
4.087586199836744527e+03
3.449766971222222310e+03
8.876866991497743584e+03
1.041612661382195029e+03
3.956309412484614313e+03
1.962309020562303658e+03
1.451333562024428375e+03
7.951145209700500800e+02
4.028404032927991466e+03
4.112737489062880741e+03
5.047692371158642345e+03
5.258568365350614840e+03
1.087875145356699613e+04
3.348749926292532109e+03
1.494780445983412847e+03
3.571426418366784219e+03
1.846099049621060431e+03
2.751934917243245309e+03
1.907389084721881090e+03
1.734019178986899078e+03
1.974381597734576189e+03
3.925367948870556575e+03
2.217781196517972421e+04
1.339897403143566771e+04
6.675894109490862320e+03
2.344293503134351795e+03
4.121064756450434288e+03
1.015401392936884258e+04
5.362569729280562569e+03
1.375717022229157692e+03
4.272676771394898424e+03
2.006928623615277047e+03
5.118795684775094742e+03
5.821508734087548874e+03
2.704823805863218695e+03
3.778711153772605940e+03
2.028896177033787353e+03
4.851309662610743544e+03
1.538203538471936326e+03
4.377516069566329861e+03
3.748167135206108014e+03
1.990778362734147777e+03
1.823455673146611616e+03
9.408003354221880727e+03
4.245257890599774328e+03
7.030185579262449210e+03
4.072176801703050842e+03
3.285215915916916856e+03
3.287560357977720287e+03
1.621715596652272779e+03
2.056948550389128741e+03
2.289184410131900677e+03
7.365302899822931067e+03
1.376559435739961600e+03
3.906769273961399449e+03
1.203825721225139432e+03
2.881788537589174211e+03
7.848905524706928190e+03
3.136570460664424445e+03
2.782712189867009783e+03
3.254775599617943044e+03
6.890833689702671109e+03
9.014299845883870148e+03
9.420685500883022542e+03
5.076055537071300932e+03
4.677268976959966494e+03
7.444875699780733157e+03
6.859579156982130371e+03
3.036150680517192541e+03
4.601054133189320055e+03
3.045058960077811662e+03
2.952558149468081865e+03
2.685864937667065078e+03
3.369016652023605729e+03
4.583608840073799001e+03
1.126010401481220697e+03
3.946128791470183842e+03
2.834701586021964431e+03
3.076305790224206703e+03
1.742274866236188700e+03
1.917343425913094961e+03
3.655707100795236329e+03
3.116227179728316969e+03
1.128372301571573007e+04
1.146880534684363283e+03
5.177432509312343427e+03
5.304754905706613499e+02
9.659605644506266344e+02
8.719906168144618732e+02
3.176729625133439185e+03
3.483025543390353960e+03
4.598861844897426636e+03
2.891766728872238673e+03
4.721536232291413398e+03
2.486041203075946214e+03
3.710005448502267427e+03
7.960825400144763080e+03
3.883408828279056706e+03
3.530924026276663426e+03
4.212182537924050848e+03
7.358403816211521189e+03
4.006838617952573259e+03
6.101756519012460558e+03
6.125822273751566172e+03
5.159588426114446520e+03
8.450407174736605157e+03
4.735445117373316862e+03
4.611376117902071201e+03
5.171866132054601621e+03
4.084422676688728188e+03
3.910354818826680003e+03
3.972343240162914299e+03
4.543887291765651753e+03
5.859251744388937368e+03
1.462954715313088400e+03
4.753517570007243194e+03
3.826210972254774788e+03
3.770168018093363116e+03
3.192293455617012114e+03
3.143091861028673520e+03
4.267026356313510405e+03
4.026698197827828153e+03
9.277603459324571304e+03
2.921463720088159789e+03
6.711237929664030162e+03
1.913252691575568861e+03
2.144489671111912230e+03
2.677572883420881226e+03
4.217035439991550447e+03
6.450751841262283051e+03
1.907004818004380695e+03
4.406857848510982876e+03
1.750300606064320618e+03
4.308150045091952961e+03
8.565612397909300853e+03
4.004116672426510377e+03
3.880812169438970614e+03
4.701583699681835242e+03
8.001489687801570653e+03
1.168420474505673155e+04
7.974950578943082292e+03
2.600246255299611676e+03
5.389198469628733619e+03
7.955336010381870437e+03
6.047489622724496257e+03
2.461915497861687072e+03
5.467835487322539848e+03
2.130427793116581597e+03
3.808386379985947315e+03
8.161955479382263547e+02
1.600253969071960682e+03
5.139295086500999787e+03
2.316464897419975841e+03
4.715026882735442996e+03
1.620654861159489656e+03
4.252973161756493937e+03
1.575661322989630662e+03
2.377426776198237349e+03
4.522822022733233098e+03
3.759528803377855183e+03
7.601922372124239700e+03
1.352007144798176341e+03
3.236403426258721538e+03
1.852017520399493151e+03
1.818188986509200959e+03
1.480982835638964389e+03
4.349493136001308812e+03
6.032708936074232952e+03
8.829782142398067663e+03
4.500071021292436853e+03
5.374429921947426919e+03
1.076335833707158963e+04
6.625695883055847844e+03
5.904237726724094500e+03
8.894325468568069482e+03
1.250897349754926290e+04
2.614768093023590336e+04
1.479592997973143611e+03
6.739905151844827742e+03
8.357437592608119303e+03
1.293829784703648875e+04
6.381976633803738878e+03
5.430270019744664751e+03
8.627950365454851635e+03
6.551814905408759842e+03
6.882157098731450787e+03
5.066373658958926171e+03
6.356427217566502804e+03
1.064022249354511405e+04
5.440553493358509513e+03
8.207344812043058482e+03
4.756253444482303166e+03
5.526270515370943031e+03
5.725260386147147983e+03
6.238686179401573099e+03
8.018050714469102786e+03
5.696020637318247282e+03
8.240706871946204046e+03
8.067119803145135847e+03
8.996124363208511568e+03
6.545078545125793426e+03
5.122635075960753966e+03
6.072054063945794951e+03
7.622480956372551191e+03
2.551837383453876555e+03
2.056924580697698275e+02
2.012448981882244425e+03
6.500023467802026062e+03
1.794804814782352651e+03
1.733515465041879679e+03
2.382774207146075696e+03
4.587855992582277395e+03
1.566954810811042444e+04
7.568111655876004988e+03
3.752501716917026442e+03
3.361548508066935938e+03
5.726000162595755683e+03
6.495164225985037774e+03
1.996675637006896295e+03
3.362125840851626890e+03
1.328675321732433076e+03
1.776122301649910241e+03
1.397415256914668134e+03
2.396481286626851215e+03
2.806975378962088143e+03
1.505178602729108206e+03
2.292952689091262982e+03
1.893738532856940537e+03
2.113884813027185828e+03
1.532616332377259369e+03
6.533639398466957573e+02
2.524875941298968883e+03
1.670916080429363774e+03
5.290732254372811440e+03
1.203280590958200719e+03
3.597465948022265820e+03
1.063593949371853796e+03
2.164121277710703453e+02
4.648609495554774185e+02
2.215640238393745676e+03
2.714918799338302051e+03
1.186667455696202069e+03
2.644034573846794501e+03
6.805741319409553398e+02
1.038692114715116077e+03
1.037971943164468712e+03
2.983652944979048698e+03
2.203992138355041243e+04
1.108959896663664404e+04
5.455821194996278791e+03
1.018948003194324883e+03
3.092236415231880073e+03
8.343316563173068062e+03
4.088045912281481378e+03
1.376740626007274841e+03
3.118416987438851720e+03
8.786348575232534586e+02
4.275892131470070126e+03
4.654642167098076243e+03
8.549851350398826071e+02
2.922419439390469961e+03
1.044611247598875707e+03
3.957048728389203461e+03
1.119693684561075088e+03
3.944448588949420810e+03
2.733274301191083396e+03
6.463490750215082699e+02
7.380426446167803078e+02
6.835290624993705933e+03
3.865735369938718122e+03
5.456013541490337957e+03
3.650075903874366304e+03
2.684848298265827907e+03
2.659327100279808292e+03
7.613245711935014697e+02
2.008334384810124902e+03
6.934039278198642933e+03
1.795046754502132217e+03
1.814049996737991933e+03
2.658327596466352588e+03
5.016092745461226514e+03
1.412523290244775308e+04
7.251639550808614331e+03
3.662453953908677704e+03
3.340794598739497815e+03
5.724991492960165488e+03
6.379904750863321169e+03
2.104795856402085064e+03
3.792626760357298281e+03
1.405120887089971802e+03
1.942653144363686351e+03
1.322220626014363006e+03
2.351444627567607768e+03
2.904195473345523169e+03
1.308140528519841155e+03
2.723442760482505491e+03
1.743980990999433061e+03
2.030211009094019573e+03
1.375683628674183410e+03
8.573475025219449890e+02
2.669103468943541429e+03
1.744840760801513625e+03
4.269395236646606463e+03
1.233984662961752747e+03
4.027871389445036584e+03
6.871312127228279678e+02
1.128176395914447312e+02
4.902929837489778038e+02
2.309108637322132381e+03
3.638015562071691420e+03
3.696982652932069868e+02
1.832397480039344373e+02
2.716986699422141101e+02
2.739655621547592091e+03
2.090493122544174912e+04
1.032835316646248612e+04
4.822886490731823869e+03
1.666869007110287839e+03
3.546694004937040518e+03
8.184945563929188211e+03
4.147430865261635518e+03
1.864758411105207642e+03
3.629031010868322483e+03
3.199100678232571227e+02
3.493201903485468847e+03
4.515573773946460278e+03
1.321975776175399005e+03
2.707364896294160189e+03
1.294235239665071504e+03
3.040567680548919270e+03
7.950892527493697344e+02
2.491177783474134685e+03
3.054891192708442759e+03
9.974151050172317809e+02
6.465381975234663514e+02
4.736882814011401933e+03
3.117105069748037749e+03
6.249307914286176128e+03
2.670283985760723226e+03
1.874786913514690468e+03
1.932983298948525771e+03
8.873002506678775489e+02
3.717684108418174219e+03
3.745362428085516513e+03
3.662147705444818712e+03
4.428240306275352850e+03
2.688239277468656292e+04
1.251226880504294968e+04
8.854850261955078167e+03
4.041741372986058650e+03
5.812597318741117306e+03
8.347308038379482241e+03
6.936964862264881049e+03
1.747160137593928994e+03
5.545073786100632788e+03
3.833410980246516374e+03
8.306586892372699367e+03
8.398967024393785323e+03
4.121641890063277970e+03
6.083087469500629595e+03
2.664600725071196393e+03
7.617665994048225912e+03
3.607795364242304913e+03
8.240156994769582525e+03
5.492791278597542259e+03
3.373217014400178414e+03
2.786992576858853681e+03
6.516483628962300827e+03
8.171910545360566175e+03
7.301650667902954410e+03
8.234906167825734883e+03
6.825666083826507020e+03
6.519154736912321823e+03
3.234821029019416983e+03
2.961228442756503227e+02
5.056570063877620669e+02
2.545630547601858325e+03
2.163839250130928122e+04
1.038572678605481815e+04
4.682427737368829185e+03
1.170781606253310656e+03
3.246957709345029798e+03
8.248932994707553007e+03
3.974404581589166810e+03
1.878307649969559407e+03
3.173675266465324512e+03
3.107652215956554755e+02
3.346569541744268918e+03
4.096765652275207685e+03
5.473610569082259190e+02
2.726055638827768234e+03
1.073963011040343645e+03
3.051741307886811228e+03
9.357578116164813764e+02
2.673436308899580126e+03
2.744498099805773563e+03
7.146002132408652869e+02
4.853457252640794195e+02
5.253110547529403448e+03
3.200915660943982402e+03
6.035949015826730829e+03
2.573220877917873622e+03
1.724333847410808403e+03
2.007366103644387067e+03
7.308063324893214485e+02
2.524341320683199683e+02
3.019651193546358172e+03
1.989632072581082684e+04
1.015973451447566549e+04
4.423157313820047420e+03
1.582788760854513384e+03
3.263814564068800792e+03
7.806577670700704402e+03
4.023826703519723651e+03
1.628051273021150109e+03
3.213926752364818640e+03
2.090041305794118216e+02
3.419000756614098464e+03
4.114535704852544768e+03
1.166468177510085752e+03
2.543127488973989784e+03
1.089115408884290218e+03
2.822385857064663014e+03
8.433191897271817652e+02
2.277140062221477820e+03
2.671159143121058605e+03
7.616560671012366583e+02
6.810274777347642612e+02
4.908273102499992092e+03
2.895831510332175640e+03
6.070122361513522264e+03
2.378313942713500182e+03
1.624334484735204114e+03
1.810613788750491040e+03
7.470336765902366096e+02
3.217040699196188598e+03
2.079442830587291610e+04
1.167441671118293380e+04
5.580965869908111927e+03
1.630161068286993668e+03
3.883396697332776057e+03
8.917230930763271317e+03
4.500945782227915515e+03
1.977643308885959868e+03
3.917721484120584137e+03
2.750687733487216065e+02
4.287283397382512703e+03
5.115279518533269766e+03
1.292067150086761558e+03
2.877120861831354432e+03
1.080121186583265171e+03
3.831170995839549505e+03
1.093401294667457023e+03
3.200219002379296398e+03
3.227845103624684725e+03
6.400783708913695591e+02
7.737006344447700030e+02
8.495241864853827792e+03
3.430233505211731426e+03
6.335249688537085603e+03
3.215014652074084552e+03
2.429167689905456427e+03
2.261669338521895952e+03
8.104841227980150506e+02
3.396764611839324061e+04
1.548291707240247342e+04
9.061956605941417365e+03
3.799144970155369720e+03
6.401593648279714216e+03
1.117335663109031157e+04
7.791411532749969410e+03
3.085829601341999023e+03
5.198267768730282114e+03
2.956989956327176969e+03
7.235162542769869106e+03
8.234562636828653922e+03
3.045144609483053046e+03
5.403558111786358495e+03
2.491699735127705935e+03
7.071516608046404144e+03
3.031618815320622616e+03
6.689675233643592946e+03
4.986584801497698209e+03
3.723052750665166059e+03
2.248852038960617392e+03
8.613661540072727803e+03
7.423453613970694278e+03
7.563067600564461827e+03
6.855590686942597131e+03
4.977628277304551375e+03
5.192646321983384041e+03
3.377213309795867644e+03
2.602279171496006893e+04
2.302628395104931406e+04
2.671310321514823954e+04
3.422012690878722060e+04
7.528299910044963326e+03
1.898865599214227404e+04
2.381385994407631370e+04
1.586091625158383613e+04
2.000610774611314991e+04
1.633983792816313326e+04
1.919834326204767422e+04
2.459176213254467439e+04
7.721628226172233553e+03
2.128468253994378756e+04
1.790851152820153220e+04
2.320712828162901860e+04
1.582831989251918458e+04
1.515487811626910116e+04
2.205223650660741987e+04
2.085157580087117822e+04
6.140846311291064194e+04
1.152364181537306649e+04
1.900896425616533816e+04
8.279694016883106087e+03
1.268560238637276780e+04
1.377011461466426772e+04
2.241164358352351337e+04
8.869114295075243717e+03
1.074279929947469282e+04
1.596336143627008278e+04
5.190802610251417718e+03
5.737669744682036253e+03
1.056299079244446330e+04
7.664696573395312953e+03
1.038811185969299549e+04
8.094745672199987894e+03
7.401442673391222343e+03
1.291868650692497249e+04
6.845634584284951416e+03
9.807935645111385384e+03
7.092591080830567989e+03
1.011448559942331849e+04
8.284845297245665279e+03
7.044525088647239500e+03
1.060687757872264774e+04
9.627977543446935670e+03
1.238542904689280476e+04
9.847683007132371131e+03
9.121378469032164503e+03
8.907798900502824836e+03
7.205093132347004939e+03
8.053758121856340949e+03
1.041759939389368265e+04
6.575180947435708731e+03
1.059801038388945199e+04
6.961021403351264780e+03
3.626483076876691484e+03
6.168941417651342817e+03
4.584435812943528617e+03
4.438551084191827613e+03
2.990926770545347608e+03
1.330898056798546577e+03
7.349774337013462173e+03
4.608338552019348754e+03
4.997361813457609060e+03
9.992665289435192335e+02
5.013924970711053902e+03
2.261838554548988213e+03
4.182896291522362844e+03
5.659960399685518496e+03
4.471216102945821149e+03
8.676275903995448971e+03
3.270599417311914749e+03
4.263749879477177274e+03
4.253711457815782524e+03
3.693083346806718509e+03
3.123231632596907730e+03
5.061500742903876016e+03
2.119690624750233837e+03
8.519638927800935562e+03
4.598233268644828058e+03
2.059536977816396757e+03
4.365422876196280413e+03
1.653848461422842092e+03
4.830453109359779774e+03
5.623706902174853894e+03
1.386994340973587441e+03
3.781705084335287211e+03
1.759359167126155853e+03
4.620003138122103337e+03
6.903686448577113879e+02
4.389943165223105098e+03
3.890647561193715774e+03
8.312123635355965234e+02
1.522002943179982594e+03
6.744877571156894192e+03
4.894634665369339928e+03
6.808870892085201376e+03
4.405661141675884210e+03
3.301967623601488413e+03
3.523569855602703228e+03
7.269177412910439671e+02
1.373314544687251328e+04
8.466396329607701773e+03
3.236534289117779736e+03
7.131422889116722217e+03
3.847572925380350171e+03
7.391219249288496030e+03
8.869305919673057360e+03
3.342075376401995527e+03
6.980783849231809654e+03
4.141998448052686399e+03
7.968204678564461574e+03
2.055970767201568833e+03
6.702190036279548622e+03
6.564347919642337729e+03
2.947345874667203134e+03
3.868846098681356125e+03
1.179026728404261121e+04
7.762207277869019890e+03
1.006104417183877740e+04
6.736150282340580816e+03
5.700224302727448958e+03
6.089836372100774497e+03
2.387141627937467547e+03
5.267409036853047837e+03
7.756161219364043063e+03
5.238732380587001899e+03
8.141472645496434779e+03
6.603758693910733200e+03
5.741085193190213431e+03
1.056190045244689099e+04
4.909070594302882455e+03
6.698931508993059651e+03
5.615055225133295608e+03
8.199869516621300136e+03
6.840552096485993388e+03
5.706752075995416817e+03
8.184109422536217608e+03
7.331522633001301074e+03
9.449732730660980451e+03
6.836624299274186342e+03
5.700218130242097686e+03
6.836430765666756997e+03
6.317383418494530815e+03
6.597278107283902500e+03
8.415580612863734132e+03
4.770179142570934346e+03
2.516905155820548771e+03
3.921414100733235045e+03
2.450533363275547345e+03
1.951674210809930628e+03
5.100551648900165674e+03
2.984146735841279224e+03
3.720505380550770951e+03
1.952690483812863476e+03
4.078638789635688681e+03
2.273663841113232593e+03
1.947006205288366800e+03
4.063432721104692064e+03
3.301013261111893826e+03
6.320823914602912737e+03
2.020359984493952197e+03
3.425904267858406911e+03
2.987473296737771761e+03
2.137107273875650662e+03
1.926009454262258032e+03
4.027548798514178998e+03
3.768315495058077886e+03
1.987132300586847123e+03
5.129078846095548215e+03
5.571689764032988023e+03
2.435189442857262293e+03
3.748151646919394807e+03
1.364385949480861200e+03
4.627626628269042158e+03
1.532895692743877589e+03
4.826458604719347932e+03
3.415464840131532128e+03
1.735362096975697341e+03
1.476995507103474665e+03
6.039544795860102568e+03
4.973950498525230614e+03
6.231178897771903394e+03
4.711806327853531911e+03
3.592911460092258039e+03
3.597888098581671329e+03
1.181437119267473008e+03
3.231555158038165246e+03
1.868944226075439019e+03
3.130462048520774260e+03
3.827901980743590684e+03
2.359668903104533456e+03
2.997993654992311349e+03
3.003185282281802301e+03
3.624863984588317180e+03
3.250853200077563088e+03
1.217650897413177518e+03
3.560541550919003839e+03
2.565716811442707694e+03
4.204926212409906839e+03
2.800237766343630938e+03
3.026758886501233519e+03
2.674973202664273231e+03
1.597980064956507249e+03
1.752301153451029450e+03
3.524193624231845661e+03
3.375593074118363802e+03
4.084074081335876144e+03
1.017373229978122254e+03
2.505519362944520253e+03
1.028793752334033115e+03
3.028126481924090967e+03
1.056414118828844721e+03
2.723772384239870462e+03
2.799232133584759140e+03
8.253721892722671782e+02
5.090480424176464567e+02
5.807150109269625318e+03
3.117333257635140399e+03
5.721113088102822076e+03
2.618547907516025589e+03
1.888204048855467363e+03
1.893021366665115465e+03
7.486404355709523770e+02
2.066739554223045161e+03
4.692725817648568409e+03
2.729185346823978762e+03
4.295768750274635750e+03
1.651279338280221282e+03
3.386421719941609808e+03
1.572753699390634665e+03
2.105340678043468870e+03
4.211856897488342838e+03
3.167960740489958425e+03
5.087507318695925278e+03
1.699738668348079045e+03
3.267096755896875948e+03
2.248601735368064055e+03
1.442087090435909886e+03
1.283162720289270510e+03
3.867691146664769803e+03
5.835363685491312935e+03
3.602119979467227040e+03
4.523134783254106878e+03
4.338849318261777626e+02
4.574067357899867602e+03
1.160841719994176401e+03
2.598899914243312196e+03
4.901713661009378484e+03
3.674749171072303398e+03
6.732540159322265026e+03
1.882855151584376472e+03
4.035073895783264106e+03
3.041365152539236533e+03
2.457083832398834147e+03
1.998513674786869615e+03
4.488707689709013721e+03
4.093904187465753239e+03
1.418738049899624912e+03
5.217907297514117090e+03
1.863291291256069599e+03
4.222138205317367465e+03
3.595028982773664211e+03
1.142286014253938674e+03
8.953755787586926544e+02
8.541333399836039462e+03
4.609436615074866495e+03
6.751450616476509822e+03
4.002783766379649478e+03
2.997540613908106479e+03
3.291603254951539839e+03
1.273300472394400231e+03
2.916739395851099744e+03
2.928062928662866398e+03
2.649071751419877273e+03
2.657649242228875210e+03
1.443765127532294628e+03
2.805912796503394475e+03
2.263328682051529086e+03
6.575847242213199934e+03
1.892923655618567864e+03
3.799971394826644428e+03
1.238559325231409957e+03
1.225117992509843589e+03
1.265838880786435993e+03
2.792215098472471709e+03
3.745916043239209102e+03
1.656336797665702761e+03
3.785132061806588354e+03
2.454979508987808003e+03
1.230768179267933647e+03
8.203791241942594752e+02
5.468956787518198325e+03
3.909083461313859061e+03
4.038556851194547107e+03
3.928976421667417526e+03
2.645821766900609873e+03
2.718544706970717925e+03
1.269509549776577387e+03
3.168495749496311873e+03
6.327586959698190867e+02
2.360804185354007132e+03
3.917415773648057439e+03
2.794112501383916879e+03
6.408503395505552362e+03
1.216276253205866851e+03
4.345827111350113228e+03
2.387647416974634325e+03
1.774080158185804976e+03
1.362553836261606648e+03
3.518138536920795559e+03
2.811502764941914393e+03
2.982816558094598804e+03
8.418076578692846397e+02
1.070723581371828004e+03
4.547015257379927789e+03
3.390613693104198319e+03
6.034611707705338631e+03
2.892957369499205015e+03
1.968078182822922372e+03
2.165308336840030279e+03
4.096232489169290147e+02
2.413051961224367005e+03
3.531197273039190350e+03
2.831148013299736704e+03
7.943387957171597009e+03
7.093319076801915344e+02
4.856946352122122335e+03
1.364993161589899273e+03
1.185742707925550121e+03
8.994174028754550818e+02
3.255062496111969722e+03
2.906187131119308560e+03
2.122360893273884358e+03
4.885751504888191448e+03
1.729724964775373110e+03
3.189964941279745744e+03
1.960824413404933239e+03
8.732669333651074339e+02
9.073191559120346028e+02
2.959429022581605295e+03
9.787835881292592148e+02
6.376119541511471652e+03
3.767731610521241237e+03
5.765624946516368254e+03
3.512043854319259481e+03
2.563109493552037748e+03
2.469395907709373660e+03
3.690043457236765789e+02
4.013547644556011619e+03
3.134586551277338003e+03
4.881151155569739785e+03
2.881589333004517357e+03
1.828499160133190799e+03
1.818780378501601490e+03
8.209677274645673606e+02
1.204901162654991276e+04
5.814604260526801227e+03
9.415867090305922829e+03
5.384913448758945378e+03
7.027317664704178242e+03
6.353512008514617264e+03
4.369720225258502978e+03
9.551131358988276361e+02
9.806728155977544930e+02
5.651103282030080663e+02
3.582565313088920448e+03
5.270152825883210426e+03
4.229201886426379133e+03
3.794826991713863208e+03
5.866615839257240623e+03
5.385787294893382295e+02
8.330037709360703957e+02
3.049300630118897061e+03
4.281778337376742911e+02
2.285069227214230523e+03
2.321743998340023609e+03
