4.000000000000000000e+00 6.100000000000000000e+01 3.913920898437500000e+02 2.000000000000000000e+00
3.000000000000000000e+01 3.600000000000000000e+01 4.482253417968750000e+02 2.000000000000000000e+00
1.800000000000000000e+01 6.500000000000000000e+01 4.582285156250000000e+02 2.000000000000000000e+00
2.700000000000000000e+01 7.200000000000000000e+01 4.953543701171875000e+02 2.000000000000000000e+00
4.900000000000000000e+01 5.600000000000000000e+01 5.119504394531250000e+02 2.000000000000000000e+00
5.000000000000000000e+00 8.000000000000000000e+01 5.177135021575764995e+02 3.000000000000000000e+00
2.800000000000000000e+01 7.500000000000000000e+01 5.196203613281250000e+02 2.000000000000000000e+00
1.000000000000000000e+00 7.600000000000000000e+01 5.201647451154620967e+02 3.000000000000000000e+00
9.000000000000000000e+00 2.000000000000000000e+01 5.393041992187500000e+02 2.000000000000000000e+00
2.200000000000000000e+01 5.000000000000000000e+01 5.400148925781250000e+02 2.000000000000000000e+00
5.500000000000000000e+01 6.300000000000000000e+01 6.172639160156250000e+02 2.000000000000000000e+00
5.900000000000000000e+01 6.900000000000000000e+01 6.355065917968750000e+02 2.000000000000000000e+00
6.000000000000000000e+00 8.500000000000000000e+01 6.372595471398506106e+02 3.000000000000000000e+00
6.200000000000000000e+01 7.000000000000000000e+01 6.952534179687500000e+02 2.000000000000000000e+00
3.100000000000000000e+01 7.100000000000000000e+01 7.440292968750000000e+02 2.000000000000000000e+00
1.700000000000000000e+01 2.600000000000000000e+01 7.752033691406250000e+02 2.000000000000000000e+00
4.200000000000000000e+01 6.800000000000000000e+01 8.412578125000000000e+02 2.000000000000000000e+00
7.800000000000000000e+01 8.600000000000000000e+01 8.437834590146209166e+02 4.000000000000000000e+00
0.000000000000000000e+00 8.300000000000000000e+01 8.637213381027831929e+02 4.000000000000000000e+00
7.700000000000000000e+01 8.100000000000000000e+01 9.595161155527536039e+02 5.000000000000000000e+00
2.400000000000000000e+01 3.500000000000000000e+01 1.058097900390625000e+03 2.000000000000000000e+00
9.100000000000000000e+01 9.400000000000000000e+01 1.075305537927500836e+03 6.000000000000000000e+00
3.700000000000000000e+01 6.400000000000000000e+01 1.088275390625000000e+03 2.000000000000000000e+00
1.300000000000000000e+01 3.200000000000000000e+01 1.161542480468750000e+03 2.000000000000000000e+00
2.000000000000000000e+00 3.300000000000000000e+01 1.163368652343750000e+03 2.000000000000000000e+00
6.600000000000000000e+01 8.900000000000000000e+01 1.272465943137600334e+03 3.000000000000000000e+00
9.000000000000000000e+01 9.500000000000000000e+01 1.329092520877368315e+03 7.000000000000000000e+00
3.900000000000000000e+01 9.300000000000000000e+01 1.435950082083298867e+03 5.000000000000000000e+00
9.200000000000000000e+01 1.000000000000000000e+02 1.489456647343446093e+03 4.000000000000000000e+00
1.400000000000000000e+01 4.500000000000000000e+01 1.505107910156250000e+03 2.000000000000000000e+00
9.600000000000000000e+01 9.700000000000000000e+01 1.512194676946359323e+03 8.000000000000000000e+00
2.100000000000000000e+01 8.200000000000000000e+01 1.534237087941803111e+03 3.000000000000000000e+00
7.000000000000000000e+00 1.200000000000000000e+01 1.572771484375000000e+03 2.000000000000000000e+00
8.000000000000000000e+00 1.010000000000000000e+02 1.576469563187761651e+03 4.000000000000000000e+00
7.900000000000000000e+01 8.400000000000000000e+01 1.799032905658749996e+03 4.000000000000000000e+00
4.100000000000000000e+01 6.000000000000000000e+01 1.862877685546875000e+03 2.000000000000000000e+00
1.600000000000000000e+01 8.800000000000000000e+01 1.876633415111701879e+03 4.000000000000000000e+00
5.400000000000000000e+01 1.110000000000000000e+02 1.958540413650145638e+03 3.000000000000000000e+00
8.700000000000000000e+01 1.060000000000000000e+02 1.972351047032705537e+03 1.000000000000000000e+01
1.020000000000000000e+02 1.070000000000000000e+02 2.060003348075332269e+03 1.000000000000000000e+01
2.300000000000000000e+01 1.090000000000000000e+02 2.154010166412009312e+03 5.000000000000000000e+00
9.800000000000000000e+01 1.030000000000000000e+02 2.283392285234718656e+03 7.000000000000000000e+00
9.900000000000000000e+01 1.120000000000000000e+02 2.351956797649090731e+03 6.000000000000000000e+00
1.040000000000000000e+02 1.170000000000000000e+02 2.410997507538800164e+03 1.100000000000000000e+01
1.050000000000000000e+02 1.180000000000000000e+02 2.618163725504287413e+03 8.000000000000000000e+00
3.400000000000000000e+01 1.100000000000000000e+02 2.684132383957628917e+03 5.000000000000000000e+00
7.300000000000000000e+01 7.400000000000000000e+01 2.747856201171875000e+03 2.000000000000000000e+00
6.700000000000000000e+01 1.130000000000000000e+02 3.653293165445975319e+03 4.000000000000000000e+00
1.140000000000000000e+02 1.150000000000000000e+02 3.657889235062676107e+03 2.000000000000000000e+01
5.200000000000000000e+01 1.080000000000000000e+02 3.734183746140422500e+03 3.000000000000000000e+00
1.000000000000000000e+01 4.300000000000000000e+01 3.796476562500000000e+03 2.000000000000000000e+00
1.160000000000000000e+02 1.190000000000000000e+02 3.809701676875059093e+03 1.600000000000000000e+01
1.220000000000000000e+02 1.240000000000000000e+02 3.957362820030625699e+03 2.200000000000000000e+01
3.000000000000000000e+00 1.200000000000000000e+02 4.015358155024873668e+03 9.000000000000000000e+00
1.500000000000000000e+01 5.700000000000000000e+01 4.392534667968750000e+03 2.000000000000000000e+00
1.230000000000000000e+02 1.270000000000000000e+02 4.939370500812712635e+03 2.000000000000000000e+01
1.280000000000000000e+02 1.290000000000000000e+02 5.608251811407899368e+03 3.100000000000000000e+01
4.700000000000000000e+01 1.310000000000000000e+02 6.511112720733476635e+03 2.100000000000000000e+01
1.260000000000000000e+02 1.330000000000000000e+02 6.637590692538750773e+03 2.300000000000000000e+01
3.800000000000000000e+01 5.300000000000000000e+01 7.469584472656250000e+03 2.000000000000000000e+00
5.100000000000000000e+01 1.320000000000000000e+02 8.294809204738005064e+03 3.200000000000000000e+01
1.300000000000000000e+02 1.340000000000000000e+02 8.595006497676697109e+03 2.500000000000000000e+01
2.500000000000000000e+01 1.210000000000000000e+02 9.145964580369900432e+03 6.000000000000000000e+00
2.900000000000000000e+01 1.370000000000000000e+02 1.028196226840559029e+04 2.600000000000000000e+01
1.100000000000000000e+01 1.390000000000000000e+02 1.280045687937059120e+04 2.700000000000000000e+01
1.900000000000000000e+01 1.360000000000000000e+02 1.441418161776945999e+04 3.300000000000000000e+01
4.800000000000000000e+01 1.380000000000000000e+02 1.805057699917358696e+04 7.000000000000000000e+00
4.600000000000000000e+01 1.350000000000000000e+02 1.827930617760607856e+04 3.000000000000000000e+00
1.250000000000000000e+02 1.400000000000000000e+02 2.105230014505947838e+04 3.000000000000000000e+01
1.430000000000000000e+02 1.440000000000000000e+02 2.914875238865059509e+04 3.300000000000000000e+01
4.000000000000000000e+01 4.400000000000000000e+01 4.698125390625000000e+04 2.000000000000000000e+00
1.410000000000000000e+02 1.420000000000000000e+02 6.335614031325805263e+04 4.000000000000000000e+01
1.450000000000000000e+02 1.460000000000000000e+02 8.046012645545667328e+04 3.500000000000000000e+01
5.800000000000000000e+01 1.480000000000000000e+02 9.051096042687460431e+04 3.600000000000000000e+01
1.470000000000000000e+02 1.490000000000000000e+02 1.077118806390694517e+05 7.600000000000000000e+01
