2.913627947085515757e+02
2.625994537871089562e+01
1.215605288414160157e+02
3.554055767882327643e+01
2.751798842880568685e+01
3.384467585571849213e+01
2.906696955615154465e+01
3.231410279520162021e+01
6.359749249389179226e+01
2.692538635258442881e+01
4.379117337313230252e+01
3.192809273710137674e+01
3.487977849250587070e+01
3.175234075098866242e+02
2.591310673344163433e+02
1.374078630088805824e+02
2.945677837724306514e+01
4.203048902728899350e+01
2.484838923224829799e+01
2.388620026454614376e+01
2.758240895357124600e+01
2.087858700849725153e+02
3.475290507817108931e+01
1.129492812780854649e+02
4.172331071418894766e+01
5.676338703187879275e+01
1.302510584632821349e+02
4.561599842688796258e+01
9.591274480234190492e+01
4.942948794594855144e+01
3.208444550225368630e+01
6.611227137607978932e+01
2.098475434733128964e+02
1.026084158007809748e+02
6.503385708927608277e+01
2.772765963054760618e+01
2.769528265462354355e+01
2.991103728106049431e+01
3.168032317845505474e+01
3.679124283159820266e+02
2.774568049692245353e+01
2.826361124911834963e+02
3.460187801248400774e+01
2.131406286356875057e+02
1.853728795860081746e+01
2.689540742208744462e+01
2.131445456909421239e+02
1.748368820254333968e+02
3.442964184527732385e+01
9.067187933236833430e+01
3.929923285623443974e+01
3.038156350740071687e+01
3.489542288121621993e+01
6.505872389881916718e+01
3.594146461058101494e+01
7.245809654814080147e+01
4.604965569215012522e+01
2.063524217372856810e+02
3.019131126068738240e+02
3.803347486430201485e+01
3.134644785873170747e+01
4.655451269636883183e+01
5.457640724216838635e+01
3.293643850399130457e+01
2.998839254924658704e+01
1.044145921413524718e+02
4.107512606092709007e+01
2.493503824092567100e+01
3.797602292681403924e+01
3.605609809274017152e+01
6.966373891729207912e+01
2.289131843504480344e+02
5.218790740471514766e+01
2.807759908172787888e+01
6.957617619804454989e+01
2.494983059245657557e+02
3.480949032744733529e+01
2.937372751376354927e+02
2.974817478532839132e+01
1.242351840224366697e+02
2.681988314327622902e+02
4.525249978651563083e+02
2.699735024917799251e+02
2.573378404584074133e+02
2.491396434433213756e+02
2.904221331765485843e+02
2.789503466892722372e+02
3.844074946397355461e+02
2.860400287488857316e+02
2.512265959482296580e+02
2.702429268249530878e+02
2.733657465958120838e+02
3.702553666372121484e+02
2.445925345071459844e+01
2.538295637812269661e+02
2.656816996732375173e+02
2.550463796914331738e+02
2.411319104686002674e+02
2.572786113180913503e+02
2.857720797375329198e+02
1.304858490858367190e+02
2.466460673421472336e+02
3.834852925126863283e+02
2.602353054235420586e+02
2.770787887785469934e+02
2.620470817619367949e+02
3.363594096943149907e+02
3.595476803818161784e+02
2.941502295349625342e+02
2.931754874816008964e+02
3.097288792543590716e+02
2.669050376786254901e+02
3.343907308856145164e+02
3.804299977101287595e+02
2.344114191084879053e+02
2.934908073117755407e+02
2.853794803391074879e+02
2.262253931577992319e+02
5.295350116032062715e+02
2.837438163833457452e+02
4.064684819794565840e+01
2.461909050591984567e+02
5.255542260901908094e+02
2.833467051009651527e+02
3.449575771239743176e+02
2.080323902881410163e+02
3.402732338085430683e+02
2.721881163049183101e+02
3.575601040475037848e+02
2.919717072201813153e+02
3.035424432665527092e+02
2.490983325571103535e+02
4.309871722119557944e+02
3.518902609399175958e+02
3.381649810460678509e+02
3.251337373328573221e+02
4.532524616591985591e+02
5.956116357691377061e+02
2.810854798842395894e+02
2.754136040829765761e+02
2.983386634031408562e+02
3.352884060644087185e+02
2.670499478906017430e+02
3.365432493284414477e+02
3.876240936492622495e+02
2.571068732229774696e+02
2.658913700296210436e+02
2.871523636131549324e+02
2.745157618371858916e+02
4.387199926153159026e+02
3.742338752442304894e+02
3.211089576618970227e+02
2.529217474278231634e+02
4.120937335418466319e+02
4.953281889452627524e+02
2.760475926551450243e+02
2.461140934073031872e+01
2.757563218308359296e+02
2.996298147795001796e+02
1.215674334237717886e+02
3.742995427925990271e+01
1.841532807375006087e+01
3.652115996170842038e+01
3.054429866491245349e+01
3.036917977632300847e+01
5.685683895680897137e+01
3.126833517841587451e+01
4.622360251968538591e+01
2.539751039496950114e+01
2.858403667576338592e+01
3.177335162806420499e+02
2.442538104430044541e+02
1.521628620762392643e+02
3.305694775032008437e+01
4.227451548021289085e+01
2.842751138791738796e+01
2.260970841870544135e+01
3.154103976199013815e+01
1.809577076904000137e+02
2.309624085807058336e+01
1.223369373445959098e+02
2.817320936494825290e+01
5.669330819798216936e+01
1.234334900841850811e+02
3.979989369261486587e+01
1.066102807725633994e+02
3.992034406364225418e+01
2.662816063769606245e+01
7.167767517055851556e+01
2.129341739287647783e+02
1.094981045906854717e+02
7.443822950432831931e+01
1.912581949020649930e+01
3.113805131262443737e+01
2.460124872662574091e+01
2.383838896199097590e+01
3.534548216611829616e+02
2.778574006949654418e+01
2.626213217797399579e+02
3.303274316020603862e+01
2.163778900749530294e+02
2.809679353068777274e+01
4.004195753530418500e+01
1.938958169691444766e+02
1.930791921163496170e+02
2.239329262610449334e+01
1.062843353536076449e+02
3.895013799292436829e+01
3.103770679255759291e+01
2.440286909222623279e+01
6.335348759422323894e+01
4.651390228598738474e+01
7.351575337084150874e+01
4.545366807096833384e+01
2.145739428297823395e+02
3.085697862723077947e+02
3.352375116640419606e+01
3.419542840667201489e+01
4.177972800314584134e+01
6.525250086165068808e+01
2.540439587033918301e+01
2.778886874893618497e+01
1.085704805722285045e+02
4.335685654831272728e+01
2.229966262676564526e+01
3.628687007000316811e+01
4.157515156797578726e+01
6.923665205063426242e+01
2.440541031101955411e+02
5.517561069915259253e+01
3.334671978722093399e+01
5.918539874970312553e+01
2.487110631597305428e+02
5.010891303889883375e+01
2.698707436387953749e+02
2.138550496771456366e+01
1.211169438233405629e+02
1.197084606918234044e+02
1.251702621531523789e+02
1.315318218191518156e+02
1.354084951071492924e+02
1.212869030079304622e+02
1.214607327417794949e+02
1.261892453679405577e+02
1.364749119188763018e+02
1.203792400790528347e+02
1.356776038766823547e+02
3.429447506419131173e+02
4.337729349084264072e+02
1.894220722143135731e+02
1.231847164155297065e+02
1.316321744809532674e+02
1.236220276103909015e+02
1.216062782768015893e+02
1.301295532524142686e+02
3.328026150755178492e+02
1.375049486458043191e+02
1.616554806543802556e+02
1.391591935495108316e+02
1.272877308424094167e+02
2.107499066025992818e+02
1.174224036069609269e+02
1.469558866223812004e+02
1.158941186257498828e+02
1.276511727140252219e+02
1.399712179893529083e+02
2.306974875371097369e+02
1.309508378956965089e+02
9.153109144876812309e+01
1.298537092337327294e+02
1.258694944817704453e+02
1.267774659606412513e+02
1.383104275167884225e+02
3.062378156738968187e+02
1.266940166113300563e+02
4.469363984484515981e+02
1.468130503174469368e+02
2.243156884877314496e+02
1.234944608838623452e+02
1.174142684135439083e+02
3.064625433860781527e+02
2.156982387623108650e+02
1.268541197794626072e+02
1.180543238354928661e+02
1.296744440722151523e+02
1.221298191071996655e+02
1.422007983489458240e+02
1.458917603070804319e+02
1.278801656656109031e+02
1.114318427199997217e+02
1.183361057288203142e+02
1.882403319898074869e+02
2.719998790289578210e+02
1.300653278270818589e+02
1.205633534467777537e+02
1.362039706968239159e+02
1.108244495231433859e+02
1.373265795594096517e+02
1.229752134455672490e+02
1.820120604540992133e+02
1.304000665244224990e+02
1.310949550009170821e+02
1.320209550604436686e+02
1.266257112834936862e+02
1.219658956903201386e+02
2.612071768381787820e+02
1.334899323980200450e+02
1.258440930464828256e+02
1.118410000703897822e+02
2.373395932249409555e+02
1.274908330802370955e+02
4.577487620337018939e+02
1.345498710496150352e+02
1.363181999946404517e+02
3.673895675890573642e+01
5.076509470087400189e+01
4.640140101290032959e+01
4.343733677115612579e+01
6.864814864190076094e+01
3.654935309048603642e+01
4.941342461969670552e+01
4.698101398214584634e+01
4.085609579304507122e+01
3.204341232769371572e+02
2.472119885355726581e+02
1.398232650239532120e+02
2.451926223842527364e+01
4.303250220613947619e+01
3.983595850852144338e+01
3.897528518260003239e+01
3.883633598155871880e+01
1.938864545911061157e+02
4.186064385241125763e+01
1.201258534840560372e+02
5.305258219095244954e+01
5.288720704678446793e+01
1.429710591444336103e+02
4.860024384325735980e+01
8.104314832319556672e+01
5.468872790324214606e+01
4.413377970422224905e+01
6.148081083057189034e+01
2.052513111949069469e+02
9.542604904523653886e+01
5.917008450949845866e+01
4.215589501786110560e+01
3.444426342206465819e+01
4.370982567406297647e+01
4.256990338264171214e+01
3.653087770458600403e+02
4.399282119662053248e+01
2.623010271976771719e+02
4.289609103736003703e+01
2.095717525697718315e+02
3.683243717328155498e+01
4.331489521876842019e+01
2.009887636320858917e+02
1.769558722413227088e+02
3.830557412612720469e+01
9.165207628774300019e+01
5.248833641242451620e+01
3.602856673403696419e+01
4.802254843493312819e+01
7.926734956864306980e+01
4.724056317766749657e+01
7.646589322565628777e+01
6.058938818084459399e+01
2.076363542313148685e+02
3.081321834436106997e+02
4.965733744955161200e+01
3.114099322759909683e+01
4.719617504970807431e+01
5.391968918766403362e+01
4.733484467210055158e+01
4.670893131350305794e+01
1.169507814635565524e+02
4.549459483954894523e+01
3.445680646628080979e+01
4.590669613507488833e+01
4.070742761016472144e+01
8.005773597228198923e+01
2.352482745857495843e+02
3.820949851771491268e+01
3.290160865574750915e+01
6.260350804568152228e+01
2.374613363541768933e+02
2.767201441406153251e+01
2.741366549998928122e+02
4.140323852702750429e+01
1.177475929837980857e+02
2.764172545801752534e+01
1.854099284322100516e+01
3.260116129194591394e+01
5.708683989638939238e+01
3.137542843913369595e+01
4.379842295315510370e+01
2.219351103993481189e+01
2.315290670040629806e+01
3.105929850046184697e+02
2.348079784220960846e+02
1.528628721771849257e+02
2.881445604418481921e+01
3.905610919769777212e+01
2.690453601648125925e+01
1.978702961680648187e+01
3.126881287246153462e+01
1.818591737375953414e+02
1.813783619435202965e+01
1.290977944284039154e+02
2.611337819189057541e+01
6.040638424246223792e+01
1.300065176834935983e+02
3.892028985947450792e+01
1.022864155067053247e+02
4.347400956498838553e+01
2.804060492004908411e+01
6.981384580619631208e+01
2.171606413898672088e+02
1.137567534183521047e+02
7.496486903855293349e+01
1.731926433742179583e+01
2.849345825985841785e+01
2.695517574169814523e+01
2.187500332602800412e+01
3.648821280618220158e+02
2.046280463661840443e+01
2.516528539879789435e+02
2.777852265606540527e+01
2.179792748789290044e+02
2.824260588848950349e+01
3.687584534398830982e+01
1.985013122614200825e+02
1.851751475417025290e+02
2.047832879514423965e+01
1.074565817333171793e+02
4.002726070701960737e+01
3.044995963685622442e+01
1.663679491710566793e+01
6.052359079130432917e+01
4.508103107957897038e+01
7.611582551967899235e+01
4.130429195575239021e+01
2.142600703862328260e+02
3.057448740343454574e+02
3.052552352194324570e+01
3.369235948752163523e+01
4.075562539390769246e+01
6.576297810056118465e+01
1.759095876948133252e+01
2.887450038193068735e+01
1.112779817123935260e+02
3.986394238909552712e+01
1.754146342599892350e+01
3.964055702129948600e+01
3.943637428650043830e+01
7.571121463452635680e+01
2.481323140228747093e+02
5.587025150754635661e+01
3.212010032913656943e+01
5.965627868409170986e+01
2.521670938817147487e+02
4.536391597188941205e+01
2.590956250965472236e+02
2.144617597341687443e+01
1.227746356075528098e+02
3.077164227127384777e+01
3.831658345099283736e+01
7.068392175277959666e+01
3.860992670233024171e+01
5.143845734833760019e+01
2.918022213723196501e+01
3.512858623729462693e+01
3.006678178979038876e+02
2.230373413100304560e+02
1.348206535704834437e+02
3.784159131621142080e+01
4.639506068187692023e+01
3.276471487050513076e+01
2.635331486614800767e+01
4.083124248582145555e+01
1.821664548079495489e+02
3.599978960630546965e+01
1.233919451270324856e+02
4.380992008673652549e+01
6.678419080013733833e+01
1.294212382356422211e+02
5.195594646447099763e+01
1.079656271706607100e+02
5.199455786565560800e+01
4.571950104384042390e+01
7.703238436435913172e+01
2.208995677618102036e+02
1.112139641377968076e+02
7.787212889270078620e+01
3.218082310135542912e+01
3.673618393928314418e+01
4.400323400424265685e+01
3.778225935045642814e+01
3.663749848186672580e+02
2.609218427347930813e+01
2.393279992123372324e+02
4.520792495240582554e+01
2.037285983400484497e+02
3.624599674878010092e+01
3.667384549933539972e+01
1.869379275900390098e+02
1.459513308384246955e+02
3.620732413475714395e+01
1.002257093560303645e+02
3.831587533457558692e+01
3.758585873148195589e+01
3.279823292811818902e+01
5.083515213866060378e+01
4.693096894655714379e+01
7.128003651777787297e+01
4.210351317929164594e+01
1.935546005539521559e+02
2.790080241781334962e+02
3.406232911293023591e+01
4.916316873187192016e+01
4.700780758530861902e+01
6.951344594691389034e+01
3.251437397291084608e+01
3.059071341092001006e+01
1.029567254738317388e+02
3.817901076243624914e+01
3.571041468729024615e+01
5.413842072459381427e+01
4.365362574400183604e+01
8.437918790087923071e+01
2.269843950008372531e+02
6.482492045082950938e+01
3.374364214886219315e+01
7.683543773933753585e+01
2.441038218352673539e+02
4.900210091994286188e+01
2.507287574535997408e+02
4.101234225019091184e+01
1.241744785070384154e+02
4.081267503496880522e+01
6.338692834640404783e+01
3.813033484801603379e+01
5.155985518539945645e+01
3.315126032156295821e+01
2.057919748838803997e+01
3.335926626878485308e+02
2.608442267086336983e+02
1.548066170198727889e+02
2.798579784039634077e+01
4.217649990900445545e+01
3.494455219884340380e+01
2.815300230100300638e+01
3.701313566764681440e+01
2.036210018863147297e+02
2.325862717098428334e+01
1.297299296513637614e+02
3.071708483738328610e+01
6.303157555961865199e+01
1.365950732859695620e+02
4.596407947768370406e+01
1.014854913268416965e+02
5.380198709190221962e+01
3.996846156970661212e+01
6.592164576050737423e+01
2.318128833376110265e+02
1.118177212438053658e+02
8.510763237509061696e+01
2.441041803698472279e+01
4.068691524472208698e+01
3.799466422334648996e+01
2.604724386373948164e+01
3.687159844235527544e+02
2.842801904970216853e+01
2.763477856588422696e+02
3.035422432526450010e+01
2.308029694589853307e+02
3.622303177404248231e+01
4.579201792174532670e+01
2.118933564427379679e+02
2.026014404884538749e+02
3.131454035878461895e+01
1.084099528892429163e+02
4.615036352336812087e+01
4.057144161777082303e+01
2.172047234624535861e+01
6.386741015658727605e+01
5.333746327321293990e+01
9.027215630864624529e+01
5.200541317605247116e+01
2.301512359351640669e+02
3.343649002031565942e+02
3.409565169508285720e+01
3.800791532073458967e+01
5.043500300602879349e+01
7.494330323604737032e+01
2.381486147787959951e+01
3.724072232712110520e+01
1.148378102656612043e+02
4.003759471582566221e+01
2.442554342792584166e+01
4.823091414754038198e+01
4.556211104540844303e+01
8.857875852096195501e+01
2.605073496509393749e+02
5.984765124091908461e+01
3.687550814874579430e+01
7.101219260319629711e+01
2.578436524588302063e+02
4.700420512225941394e+01
2.914389543995139888e+02
3.073934269356403348e+01
1.240580720891487658e+02
5.572354269557546047e+01
3.221184534116689235e+01
3.849296133779196083e+01
3.183404829188076945e+01
3.665149110591756454e+01
2.962172442523736891e+02
2.575641504474500607e+02
1.442107745323543213e+02
3.897025027114001006e+01
4.192667086133326393e+01
2.191675006032383877e+01
2.609689122332724054e+01
3.284815062908756289e+01
2.038057515007605218e+02
4.139810805647948655e+01
1.193209965443795824e+02
4.626240769429718824e+01
5.348464924134126619e+01
1.380136558059878382e+02
3.609559927497429754e+01
1.036749109162624052e+02
4.465711245887520420e+01
2.839192378315624055e+01
7.156320811745941057e+01
2.092171483683343354e+02
1.007045671604473682e+02
6.436844798643106458e+01
3.117611434244061286e+01
2.873853110704956393e+01
2.591191314093444831e+01
4.187491040007345333e+01
3.540631306470052095e+02
2.918153579300874156e+01
2.751568444221580876e+02
4.530225521911006581e+01
2.114671970872995246e+02
2.704144412411321241e+01
3.951413093638834084e+01
2.202363116999915178e+02
1.740475538538887008e+02
3.003129220399735999e+01
9.082453956195521982e+01
3.044620375382049104e+01
2.321664795241363421e+01
4.123372478788653694e+01
6.807366954355245525e+01
3.099774233440337667e+01
6.340710089569616770e+01
4.647613109471269865e+01
2.054692471310577560e+02
2.909706177086268895e+02
3.595941891916133670e+01
4.512484628003290510e+01
3.888738611558827074e+01
6.099461996420087928e+01
3.826054510675788123e+01
3.201057565424099494e+01
1.042170410446249917e+02
3.992677470990081900e+01
3.417148551780074683e+01
3.610069559795665839e+01
3.892630668465000809e+01
7.421953163539936327e+01
2.345117069302815764e+02
5.206864542441704202e+01
3.212162093458285739e+01
7.152654170653021026e+01
2.458439384029544783e+02
4.525919563499887488e+01
2.816808605301395119e+02
3.545678573228140351e+01
1.143316087301090107e+02
6.445174233377900919e+01
6.155203201935766799e+01
5.857107088654653637e+01
5.965702272168620368e+01
3.586951561215998368e+02
3.670974594304558423e+02
2.310608128088725550e+02
6.535222113998474924e+01
6.223273102493998010e+01
5.680297322120942027e+01
5.632458281666659161e+01
6.838767857292933172e+01
2.728925305260765413e+02
5.404239332377399307e+01
1.231737778563582566e+02
5.636478749922629561e+01
8.163869825192254837e+01
1.727083229684872663e+02
5.814884781183600637e+01
1.173320086243979574e+02
6.804347688817475159e+01
5.508694501004450217e+01
8.529154017345433658e+01
2.447475142141741458e+02
1.220378123094673555e+02
9.329954271482718298e+01
5.646246158180578334e+01
5.561200608679509116e+01
5.785395208947876000e+01
6.082093582923544517e+01
3.364596515943724171e+02
5.479974443923296690e+01
3.877482082704326558e+02
5.724161910389653940e+01
2.766962636447613022e+02
5.968975799682726802e+01
6.764109386119829992e+01
2.731263923888225804e+02
2.840554688715759539e+02
5.822659247823183648e+01
1.072266758724868652e+02
6.076282164993111223e+01
5.831136425681133062e+01
5.716755512308878195e+01
1.285374357174680426e+02
6.093507335836257255e+01
8.599744765436324201e+01
6.869143195066217800e+01
2.629466085434551132e+02
3.816137300700323181e+02
5.189274862075917127e+01
6.108595039535164517e+01
6.261146913850814144e+01
8.041557456162745154e+01
5.487451473689613124e+01
5.951304237459947899e+01
1.561945605445550882e+02
6.256806438074927712e+01
5.866925293785131146e+01
7.206730932806360101e+01
7.079945758913369502e+01
9.195601148791998014e+01
3.208729143305660045e+02
7.885145232432417117e+01
5.989567961368360471e+01
7.211229002976864422e+01
2.770445345994788227e+02
7.617694737230740998e+01
3.890634075695091951e+02
5.038695745905374679e+01
1.130809084238847220e+02
3.796451625979397448e+01
3.162162047472688542e+01
3.684647167707122861e+01
3.060961824115674972e+02
2.564177573655252900e+02
1.468939458780623397e+02
3.003870603842106135e+01
4.331847121665221323e+01
2.076982951062408844e+01
2.523953256721441463e+01
3.560475883988200962e+01
2.087122019517358353e+02
3.988498447448046136e+01
1.106385359418160022e+02
4.260970389497091304e+01
5.275050836117128483e+01
1.358821634879729174e+02
4.662379545567056027e+01
1.075977884763050128e+02
4.769332566692566644e+01
3.275742234730489599e+01
6.744706770568366494e+01
2.057554356171688994e+02
1.014259791391039869e+02
6.844396872491294914e+01
2.749334598231263271e+01
2.867998568252566116e+01
2.417924652824061482e+01
3.232606463594383683e+01
3.640915155009216733e+02
2.779613230643095179e+01
2.743730192989345937e+02
4.076752362193651891e+01
2.192453610906865720e+02
2.254645006709253252e+01
3.944013528702026861e+01
2.191680433777509620e+02
1.762483455611804004e+02
3.359720349910269022e+01
8.824193059333867950e+01
3.867085466108557057e+01
2.657111117598476113e+01
3.758403382973697404e+01
7.645689257774918701e+01
3.572240027274060736e+01
7.256368780451454370e+01
4.704492187066033182e+01
2.071333040329409982e+02
2.901516486540468804e+02
4.039616105744864427e+01
4.099896065529603817e+01
4.841671310612398571e+01
6.264588642672482877e+01
3.689956511072356449e+01
3.327247524129835199e+01
1.128113778918435059e+02
4.737913422253169671e+01
3.108289439836278589e+01
2.044316393216308825e+01
4.105461745430123699e+01
7.751059312820085268e+01
2.227284578446024454e+02
5.430911333326510260e+01
2.258946475341864613e+01
7.836071739490694199e+01
2.578495967635501529e+02
4.358782547688544184e+01
2.894421211248127861e+02
3.518163426038577057e+01
1.269636662276374466e+02
4.257489476168694864e+01
3.539273841096574102e+01
2.929566286624541362e+02
2.318124442660094928e+02
1.509469910836815814e+02
4.467768800451131028e+01
4.118925066829559256e+01
3.116883729071726350e+01
3.815500877568909743e+01
4.678330815296237688e+01
1.780286463466604516e+02
4.796202285754577588e+01
1.150808275913901468e+02
5.258031511882138176e+01
6.103342989956426834e+01
1.397898050941636541e+02
4.762857848650866543e+01
9.874425028539876337e+01
5.354644730859131130e+01
4.189843222979091308e+01
7.213262749141406971e+01
2.168581556209456949e+02
1.143785477614613768e+02
8.223690192727069359e+01
4.078174073604937888e+01
2.198868974126515496e+01
4.120925152259385982e+01
4.614663597135814399e+01
3.640271652687541177e+02
4.151154255293744200e+01
2.528296960949473657e+02
3.417342580060719115e+01
2.162932913587844723e+02
3.876427801046990851e+01
5.411444767212052653e+01
2.051303676926419257e+02
1.757843434243233389e+02
2.680349799944224287e+01
1.024777831679553657e+02
3.092412863940045753e+01
3.531589380611761442e+01
5.309578138635416877e+01
7.431365334370860865e+01
2.916878776842567333e+01
8.245168221159822508e+01
5.789794031637939042e+01
2.102497005846950344e+02
3.054041399737808433e+02
4.982313059755001916e+01
4.611940342595786291e+01
4.374721838428737897e+01
6.790308449070658980e+01
4.672271374767531427e+01
5.185599492169269809e+01
1.047448135035339476e+02
4.754074530654415298e+01
4.249178301583473427e+01
5.259273739182709306e+01
4.756860090073389813e+01
8.853789248473447060e+01
2.330232431520996670e+02
5.899780350636503812e+01
2.696145990528870939e+01
8.053528108404958630e+01
2.500629702382570372e+02
5.549907356030301031e+01
2.555032983649695382e+02
4.340164575524591584e+01
1.212709453895171521e+02
3.284565164722926056e+01
3.041993169621666766e+02
2.504899089434809980e+02
1.556947210150252090e+02
4.278497474986755833e+01
4.786533485026441070e+01
2.698048223720476457e+01
2.153160015943257477e+01
4.438719349718527241e+01
1.944887991011402164e+02
3.035009052757882841e+01
1.173147254829326869e+02
3.480109327612605341e+01
6.067677009635107765e+01
1.381430456493161500e+02
4.218140046562789536e+01
1.233778649498313484e+02
3.485225162760185214e+01
3.576732742042413093e+01
7.849651981212450380e+01
2.123697844657985172e+02
1.106596578257063470e+02
6.911640320191537512e+01
2.461233910501732325e+01
3.167905999585341448e+01
3.056439130438802110e+01
3.211696188202648017e+01
3.543973451802248746e+02
1.683638763748221123e+01
2.662316683890045965e+02
4.350801178748952935e+01
2.228170816642301872e+02
3.180786883645305352e+01
3.777756261853959785e+01
2.090602569508482702e+02
1.775756686630197407e+02
2.545741414514126078e+01
9.622670829562201789e+01
3.500975724233512665e+01
3.266415184792177939e+01
3.197847073133002027e+01
6.315059516796401340e+01
4.141417895149717765e+01
6.225622385397191039e+01
3.126630487760041888e+01
2.106357645852994835e+02
2.941003774612627808e+02
2.844322529608695405e+01
4.688015518743644350e+01
4.565594756069203441e+01
6.634538869518782178e+01
2.798113104164467657e+01
2.991136255565354318e+01
1.150712557740378941e+02
4.455518781079798174e+01
2.901009645114269730e+01
4.416518982625936474e+01
4.514388624578303677e+01
7.032426585141500652e+01
2.426649195851987884e+02
6.540092184610699633e+01
3.308012751731189383e+01
6.266246769298854957e+01
2.562235022362531254e+02
5.437601276991666310e+01
2.726352388278055514e+02
3.255442240024961364e+01
1.286927922735518166e+02
3.258088935303745188e+02
2.452578690624543469e+02
1.546087633887030393e+02
2.569187075306592050e+01
3.505697471853826386e+01
3.141996855494967988e+01
2.682119388526662718e+01
3.721837377101142863e+01
1.851770271644621175e+02
2.130610677933208308e+01
1.255039315987511657e+02
2.941584146597503491e+01
5.900716428447595518e+01
1.379951982808136961e+02
4.231614252414512833e+01
1.037094525292551737e+02
5.469766943711486817e+01
3.039015744604661151e+01
7.375042761052084472e+01
2.285380743282696869e+02
1.096731603948763478e+02
8.732058763880263541e+01
2.246724656797685427e+01
3.182883547586394002e+01
3.793703915606479171e+01
2.634596525796525057e+01
3.680420316606407596e+02
3.010105461784512926e+01
2.677627418195801283e+02
2.542581018024740658e+01
2.190723251792663007e+02
3.780574054349695956e+01
4.705058917097613858e+01
1.982686876571131620e+02
1.935593471182021119e+02
2.570442015123944302e+01
1.123425081581412854e+02
4.259153626024514949e+01
3.997116494146388987e+01
2.967118954969792100e+01
5.990982592802993167e+01
4.501193422340858774e+01
9.068965652153872270e+01
5.371538142157973539e+01
2.174929343107022532e+02
3.243055060384887156e+02
3.747424212546485478e+01
3.547255805868875456e+01
4.763189339201187522e+01
6.954280350810469713e+01
2.724792324144046418e+01
4.269975070720217758e+01
1.117176825114261050e+02
3.789871783256882054e+01
2.166658733324773323e+01
5.010648546585888852e+01
4.410159040464027669e+01
9.147718206631670057e+01
2.491354392302623637e+02
5.550473250573973871e+01
2.788531244074629356e+01
6.832011622985226040e+01
2.547047356529117508e+02
4.785313384882958587e+01
2.768457432679408043e+02
2.737648188647767711e+01
1.223816105517320523e+02
3.821712941732970990e+02
2.941297175122903127e+02
3.126026466357550362e+02
2.964965851611428889e+02
2.799679193221140849e+02
3.006273873549772020e+02
3.245940722907143936e+02
4.809207439472816645e+02
3.140505543525375742e+02
3.484727771684474078e+02
3.182331971820326544e+02
2.940123776407795049e+02
3.551094384503816173e+02
3.242617514462850181e+02
3.459580929204767585e+02
3.119374440141208993e+02
3.315075743042460772e+02
3.207980376067555994e+02
3.299901035503154958e+02
3.158899948731024097e+02
3.418170359565664853e+02
2.918841343989001871e+02
3.171403908650724475e+02
3.127423221578958419e+02
2.917860774769354180e+02
4.418546104429519801e+02
3.207930647274824310e+02
3.848879389785001308e+02
3.057370635884107628e+02
4.688116010852875206e+02
3.066157832447020155e+02
3.404817689615527456e+02
5.023129388604912151e+02
3.583738797065965400e+02
3.212132327997965717e+02
3.326338085108313294e+02
3.088297888410504584e+02
3.056791731883204193e+02
3.215021015748656055e+02
3.669926596279253772e+02
3.292322510034586571e+02
3.138197718751725915e+02
3.315546231517634510e+02
4.001260927757500667e+02
4.629248320010918292e+02
3.128679050851119428e+02
3.215571814013663356e+02
3.380151130306861091e+02
3.434025787534343976e+02
3.127768117289289194e+02
3.410573971042402377e+02
3.094305856901539755e+02
3.039180686836048153e+02
3.138878130452824280e+02
3.130639035281319025e+02
3.064118332387242845e+02
3.639878844243398248e+02
3.650639773290583889e+02
3.506633102541184712e+02
2.987491296913610768e+02
4.038659599367150008e+02
4.718751570695117152e+02
3.315302292666223138e+02
3.887114040356674991e+02
3.187897650714417637e+02
2.382604169955974101e+02
2.111651674719179539e+02
2.384056507065389496e+02
2.286254279444813164e+02
2.154827421939515091e+02
2.332042807184468813e+02
2.574410034646044778e+02
1.402555642332527555e+02
2.229189225587525414e+02
3.627670683768071171e+02
2.369103199417821486e+02
2.519140178662121059e+02
2.441812893732132750e+02
3.126147890762801467e+02
3.495551201898019826e+02
2.785622778858428887e+02
2.689196387320491226e+02
2.840819698949951544e+02
2.487548602015295671e+02
3.130751791655036413e+02
3.608710291518294753e+02
2.070221465606460924e+02
2.709596566645199118e+02
2.601571493158990052e+02
1.999664297015840191e+02
5.163349801476965695e+02
2.610926116365804432e+02
2.047879984634399975e+01
2.174850180815786018e+02
4.969305137309192446e+02
2.564898858499368544e+02
3.194454135255618894e+02
1.800255912103085052e+02
2.948120649993683173e+02
2.524434640704778587e+02
3.333362505023060862e+02
2.715998520065234629e+02
2.772572489076972033e+02
2.228803403929260298e+02
4.020520910301368076e+02
3.296337244487605744e+02
3.219462914350962706e+02
3.046901381554707768e+02
4.198607120183675647e+02
5.664081599243393157e+02
2.639503854839567794e+02
2.461863401271650673e+02
2.773346643400817015e+02
3.161430904156087536e+02
2.438009754910121671e+02
3.111340997027039066e+02
3.721454427428016061e+02
2.316586642294174396e+02
2.397671119124357517e+02
2.588565274253161874e+02
2.473079029729997274e+02
4.180944865429497668e+02
3.312240778085897546e+02
2.926929317590999631e+02
2.273716074269646015e+02
3.930909249808818231e+02
4.656544733054908534e+02
2.483408968311358365e+02
2.108824458286500203e+01
2.490867576616243468e+02
2.949099245560544773e+02
1.392873211987490549e+02
1.357099570946623146e+02
1.381056466578496043e+02
1.402826728774995217e+02
1.401685142045462555e+02
2.557944247381579146e+02
1.602679421348701965e+02
1.597811821712225537e+02
1.659949525770148853e+02
1.329378207610810136e+02
2.278898846337033604e+02
1.680279775322089506e+02
1.572150396894445521e+02
1.583540442925156810e+02
1.834873951415722502e+02
1.493554017497664290e+02
1.672932567545816198e+02
1.513165506404923519e+02
1.539280002027215914e+02
1.482255628750581593e+02
1.617401919920506259e+02
1.600689709822333384e+02
1.510201694074905845e+02
3.408126489464528959e+02
1.589609018038465820e+02
2.316237490231659137e+02
1.506334370901084299e+02
1.833892397941266950e+02
1.396608008940305865e+02
1.522625557821166353e+02
1.775304943139384477e+02
9.346641386758776093e+01
1.683676040369323346e+02
1.412240889150294834e+02
1.590122715967892759e+02
1.525210772163764545e+02
1.594795744347167670e+02
1.516990712990034922e+02
1.697400595056943189e+02
1.377016771018352870e+02
1.624573950717401090e+02
1.661962980704061579e+02
2.228072492678826109e+02
1.583779951755344655e+02
1.444845015729190436e+02
1.612668918514183929e+02
1.416353044018637490e+02
1.639699721841149653e+02
1.556069216782464082e+02
2.071739913424585495e+02
1.471313046187243003e+02
1.552062529066469665e+02
1.534324360313401030e+02
1.465098823890439803e+02
1.729508396307673479e+02
6.899675698631043019e+01
1.695157584292048796e+02
1.434294380051776443e+02
1.893959205019156116e+02
2.806527443152622254e+02
1.294338796336985524e+02
2.512058922097255618e+02
1.702589319497833742e+02
1.856752927139662290e+02
3.779245579111588427e+01
3.257498721080588666e+01
3.058797926300652392e+01
3.507304145699401943e+01
1.893030386976691943e+02
3.278107424061816744e+01
1.135852494892488664e+02
4.136482664323339975e+01
4.784939626238653432e+01
1.357960380946377086e+02
4.325219119794395795e+01
7.728611058538514555e+01
5.696089337432989907e+01
3.640569571304823882e+01
5.790419559358725365e+01
2.159492800785408235e+02
9.786826169691805433e+01
6.746488518839130677e+01
3.036695875760883823e+01
3.147075772871755817e+01
3.575406992976419929e+01
3.350083360121600151e+01
3.682626603418805189e+02
3.510390185287737097e+01
2.547920002138637869e+02
3.136724747523330947e+01
2.074442827009259531e+02
3.494084576967200206e+01
4.461342443567618687e+01
1.965072407685642872e+02
1.686469458552990091e+02
3.573155801365808060e+01
9.313032184491031273e+01
4.619695621994294044e+01
3.597100042425469724e+01
3.734613768919388832e+01
7.021658310782973444e+01
4.689700950954211578e+01
7.213057405273504230e+01
5.909647561974186658e+01
2.159291054244115458e+02
3.144498824445705054e+02
4.338685570077152676e+01
3.256982674511947806e+01
4.441699445237269117e+01
6.391568749113002923e+01
3.896347319157385414e+01
4.521859360827776442e+01
1.086103803341096921e+02
4.229228217706003790e+01
2.577697959497342595e+01
4.177761724086082751e+01
3.660905092795251647e+01
8.450817358373632260e+01
2.339356462514118107e+02
4.152645039274171523e+01
2.791447634852314152e+01
6.476180713509363329e+01
2.430734532909401082e+02
3.107057890898157737e+01
2.714896492188967727e+02
3.247188513160912038e+01
1.215253947372635253e+02
4.173696714608818326e+01
4.269451649902578083e+01
3.264462249743382927e+01
1.715289347257379688e+02
4.274615025863479900e+01
9.666320783949755935e+01
4.454455797277610429e+01
5.792215415039125048e+01
1.301021935037803132e+02
4.269808780488416033e+01
9.381772633602024314e+01
5.522541530469067084e+01
3.603269916891269276e+01
5.044990073565391242e+01
2.170627048771923171e+02
9.032583575601682924e+01
7.901464003888068532e+01
4.150614084293163586e+01
4.040672877064601920e+01
4.702472479456806553e+01
4.416076442574171779e+01
3.448823410078810525e+02
4.628204338351220315e+01
2.461969022234007411e+02
3.580313306715854083e+01
2.147717202524021332e+02
4.192522773718464180e+01
5.590924514410618684e+01
1.889527908166452050e+02
1.730358843604523713e+02
4.075112476651948157e+01
8.031107563238457203e+01
4.319773212620508218e+01
3.716246084113511472e+01
4.196826150586684889e+01
6.809934801819714778e+01
4.802960218007680027e+01
7.035101082927876348e+01
6.318480432950325110e+01
1.971785944002835436e+02
2.956851169153537739e+02
4.025705538513807369e+01
4.324743420357900447e+01
5.347630717980196380e+01
6.891864854942220120e+01
4.067055506464630810e+01
4.893072387652192390e+01
1.039941810107826115e+02
3.030148332749572049e+01
4.132186260524115795e+01
5.316938341729250794e+01
4.519665058323656126e+01
8.863375449238712633e+01
2.244321384497419558e+02
5.161486518918614763e+01
3.702561556862346492e+01
7.157686877705467055e+01
2.415775520829356253e+02
4.766217686175441060e+01
2.590335675862319249e+02
4.207804414893094247e+01
1.104787651267700141e+02
2.254401836044810992e+01
3.552993676412643254e+01
1.777838671384274960e+02
3.543509757982042174e+01
1.129150981908354083e+02
3.680433990231954056e+01
5.120918909742228209e+01
1.231360496715020787e+02
3.845341149271052927e+01
1.098370755433621611e+02
4.403110309041849035e+01
2.476923886401852926e+01
6.618579849083160127e+01
1.954394853527894043e+02
1.020331813617371921e+02
6.487976224973046158e+01
2.486601406472995990e+01
2.311058587207276460e+01
1.909590411856442671e+01
2.850337386901296099e+01
3.587878385484366959e+02
2.077980814376310903e+01
2.336334840735929959e+02
3.395200194487266288e+01
2.063780886529356735e+02
2.104132518354792580e+01
3.508191945698856529e+01
1.902930606744028239e+02
1.585284426348117677e+02
2.885321294415309978e+01
8.537116813892355083e+01
3.169961055477065059e+01
2.287630458378156462e+01
3.259205518486662356e+01
6.326757729112643602e+01
2.734544578009845139e+01
6.170135536342899485e+01
4.246490552028616605e+01
1.904469324383723858e+02
2.690057059834894062e+02
3.410097357570604260e+01
3.857638193617964362e+01
4.182724408555729667e+01
6.038888811314171789e+01
2.977997312580239253e+01
2.888964289113168604e+01
9.998725027813196675e+01
4.450066729485384798e+01
2.738294221596456879e+01
1.908609100952947912e+01
3.910443563819851676e+01
7.325699548081389878e+01
2.034556009629498590e+02
5.523158024431391055e+01
2.453947815781566533e+01
7.168343701299161808e+01
2.490254875882172030e+02
4.268857937916666145e+01
2.430719926349766240e+02
2.886120461771426804e+01
1.219134503979067716e+02
3.549047276746726709e+01
1.864168299020992379e+02
2.852178811490095001e+01
1.169003064805945371e+02
3.475732267055157365e+01
5.747892731830744140e+01
1.321203695075147664e+02
4.387317206170134654e+01
9.228159258741825965e+01
4.051720810448037469e+01
3.477923864187795289e+01
7.205099825270927738e+01
2.021825452733279178e+02
1.062343395023374484e+02
6.378934024037617689e+01
2.111443329753294051e+01
1.928824635377721464e+01
2.189772172289510976e+01
2.818977643459561122e+01
3.664372915298340558e+02
1.459437238072649556e+01
2.509253474257832579e+02
3.801937117125136467e+01
2.094718521557513498e+02
1.801650272969932232e+01
3.388293207255352968e+01
2.015409387453136389e+02
1.629176893030262363e+02
2.034749943082144341e+01
9.596632468914390302e+01
2.501808562199196118e+01
2.771049879749808653e+01
2.806237710465748236e+01
5.587975197361274127e+01
3.227210506785954891e+01
6.699259041249760571e+01
3.798148976111973951e+01
2.071498286454213940e+02
2.940078740541969751e+02
2.646378368441511242e+01
3.908982008031391331e+01
3.722372172169065152e+01
6.081943931119797497e+01
2.391124017035511073e+01
2.626866580067333956e+01
1.073414687575288582e+02
4.320675262028457553e+01
2.135491467904104823e+01
3.534499117698036486e+01
3.141691744861973135e+01
7.345886646084588278e+01
2.375475286662996268e+02
4.842645175152937043e+01
2.420530848683415570e+01
6.849146081966857480e+01
2.483509234576124527e+02
3.927886344124900830e+01
2.610526536392651451e+02
2.800051713728839431e+01
1.216859812737088617e+02
1.965447427351239469e+02
3.882386052763031614e+01
1.197563854085955057e+02
4.551519729080614241e+01
6.001935600201134235e+01
1.286020155716364286e+02
4.705362174824315247e+01
9.601847433525855990e+01
6.014589270040131908e+01
2.644869082846391350e+01
6.594536334836777769e+01
2.134177182590197788e+02
1.056531755450743759e+02
7.829046012849973124e+01
3.150756174747414917e+01
3.753737185824334688e+01
3.929414281204934412e+01
3.812853529050849488e+01
3.602996358500486735e+02
4.147910141710794107e+01
2.791836446375515379e+02
3.734543266045623255e+01
2.139655887409344359e+02
3.242056751852797447e+01
4.203937540826586883e+01
2.041954755857959469e+02
1.793762615608945907e+02
3.734214044753428396e+01
1.036687120331535823e+02
3.593764108233418142e+01
2.897540741659372898e+01
3.817856867865803849e+01
6.329804075289234078e+01
4.054215048247392161e+01
8.603227423102376292e+01
5.915115575984068386e+01
1.996189802771108930e+02
3.020525815786319299e+02
4.850224459133348631e+01
3.721250057196277794e+01
4.989259212286533085e+01
6.228164648960913041e+01
3.882732128602508936e+01
4.324836303325161424e+01
1.024586570556913898e+02
3.576914307084079780e+01
3.508567002971523863e+01
4.328298945007188792e+01
3.926805550503610220e+01
8.271685299357727672e+01
2.330089867002620849e+02
5.094893128804918803e+01
3.502596695020606887e+01
7.491443019222015209e+01
2.405647837419226107e+02
3.941053360627194735e+01
2.905890669743129138e+02
3.286568451092760768e+01
1.151419635845138032e+02
1.743000389093421347e+02
2.956393033388960703e+02
1.873040132789453480e+02
2.144252564393480327e+02
1.545114870005427008e+02
2.397400541285971087e+02
2.720110884649627678e+02
2.087412349476572615e+02
2.155463910228382360e+02
2.282761159803950477e+02
2.683969925814120074e+02
2.647115885650967471e+02
2.761038323477273480e+02
1.699022406871598321e+02
2.073615873457809187e+02
2.073690485392408789e+02
1.694186477673212607e+02
5.063295123440168481e+02
1.990595164554368637e+02
1.549353479935501809e+02
1.746353934433185771e+02
4.325989476983237410e+02
2.006509622302961589e+02
2.383614599403468901e+02
2.065734562795659599e+02
3.166537188716106925e+02
1.876234191592766649e+02
2.817913798520221462e+02
2.025960389899879601e+02
2.221971279884053843e+02
1.721112360454062582e+02
3.046196972448157112e+02
2.456462360534578409e+02
2.629848760439577973e+02
2.271435338812599696e+02
3.661762876865581120e+02
5.340034470487501039e+02
1.928282217307275346e+02
1.875082361261507913e+02
2.064751897185318512e+02
2.347738000148927142e+02
1.883224772864743102e+02
2.265130056066562076e+02
2.511164667096320500e+02
1.783391891221347123e+02
1.908465645129731740e+02
2.098637208274374473e+02
1.903487352153496772e+02
3.244838486326755742e+02
3.757930262742466994e+02
2.171487964556731924e+02
1.838484396952969462e+02
2.525839425594272427e+02
4.055248336717955908e+02
1.969006541564505426e+02
1.350411238638932900e+02
1.931336028689815407e+02
2.441583636282499015e+02
1.351250918720208745e+02
2.039209822929964133e+01
6.347506706043826341e+01
1.276277499852343595e+02
4.719433665903261499e+01
1.078566506338451774e+02
5.215504902906844364e+01
3.000582292210844315e+01
7.106595958876603447e+01
2.182928979648230836e+02
1.174803804033077768e+02
8.966432154845979596e+01
1.498086045900988950e+01
3.946738059100661644e+01
3.364329195642041270e+01
1.792015447322793165e+01
3.656355357998378963e+02
3.017679414418540773e+01
2.423352758765210240e+02
2.803153980179350313e+01
2.288014076121176004e+02
4.028877140599234963e+01
5.229068639375829264e+01
1.908662878726382814e+02
1.965502774640916925e+02
2.208150214442722259e+01
1.170945209491420655e+02
4.314933080742206073e+01
4.240134318884339137e+01
1.538469378835872803e+01
6.913432432452053433e+01
5.629427512808078404e+01
8.561249070633127189e+01
5.440797229830802451e+01
2.280482571144388544e+02
3.318995332753596585e+02
3.139204506086096913e+01
3.534856472886998802e+01
4.810872608887851953e+01
7.884967470290349922e+01
1.738742549115451652e+01
3.936701151870543214e+01
1.147077598975125170e+02
3.871969552872373299e+01
2.206872387139903324e+01
4.547873443100792912e+01
4.376368945038314706e+01
9.083462520250745342e+01
2.598497834543156273e+02
5.709525847639871188e+01
3.752773665680898318e+01
6.488988535239694500e+01
2.532674780724357788e+02
5.580298258601084171e+01
2.476229716577745137e+02
2.067504890866438672e+01
1.240768388120437749e+02
1.193667578485744798e+02
1.016709029193025060e+02
2.299786146972419942e+02
1.213034049922184607e+02
1.275977147978556587e+02
1.183994122690110231e+02
1.234808235193941073e+02
8.724583559544379341e+01
2.629090578585997946e+02
1.104510083232132587e+02
1.321998978144075636e+02
1.291366682156218246e+02
1.163928378528481744e+02
1.206415691535800505e+02
1.355368004562110968e+02
3.352118784791280177e+02
1.228747165890471109e+02
3.776192103908036870e+02
1.257774610797985986e+02
2.440602246554454098e+02
1.123773857620895740e+02
1.255078502372532370e+02
2.934693861716479546e+02
2.001531025202908438e+02
1.261263369830244585e+02
1.027664738602440195e+02
1.232199531238145482e+02
1.117325331574288896e+02
1.391750588089414009e+02
1.428209072724148143e+02
1.212121614010174113e+02
1.193586973290114912e+02
1.275476698857449236e+02
2.343480104721707278e+02
3.279486676158359160e+02
1.142846806151974022e+02
1.131527477581476973e+02
1.260382629336964868e+02
1.081332889061604021e+02
1.336745471095078699e+02
1.198873748847187954e+02
1.835265975010914019e+02
1.117904107194853225e+02
1.310094443197408225e+02
1.266556661588193009e+02
1.096746226538315199e+02
1.430518485946934106e+02
2.475382357647341109e+02
1.001471135365605107e+02
1.068680504589705578e+02
1.305816401575503676e+02
2.831068759043876639e+02
1.075293910516186457e+02
3.948286531440090812e+02
1.338704883251740796e+02
1.414860349363429464e+02
5.476914416106722427e+01
1.364692273334318031e+02
4.680115324893547779e+01
1.250731227755831014e+02
4.911166475501553208e+01
3.196430764149452486e+01
5.507088888212766165e+01
2.235690916884790624e+02
9.807457468739769979e+01
9.591748489978468228e+01
2.317198512022147483e+01
4.145879840379449632e+01
3.799175636618846852e+01
2.315931969026271986e+01
3.532959868602154643e+02
3.493811351463010340e+01
2.542758076426315768e+02
2.697994754299838860e+01
2.453257818799165477e+02
4.281052536791533214e+01
6.076758289215270992e+01
1.992459761065456689e+02
2.049957419076029339e+02
3.283204392041093911e+01
1.001371241750811407e+02
5.085170443153167241e+01
4.698182109982597865e+01
2.082549690585674540e+01
8.174130639564953071e+01
6.110743296225756893e+01
7.067948795823163266e+01
5.911995337956122398e+01
2.341927427414455565e+02
3.403844056073364754e+02
3.876477420400324547e+01
4.078109383385378095e+01
5.537636932668258538e+01
7.372499399228304640e+01
2.292894781339551002e+01
4.360866423329538577e+01
1.253135490552172655e+02
4.446074774305395749e+01
3.267663317186365646e+01
4.950614168968701989e+01
5.384107277380332590e+01
8.886517787019221259e+01
2.645988867846073163e+02
6.807948643368027319e+01
3.916415825760024916e+01
5.770402670607128925e+01
2.658240306549816410e+02
6.379689799582394727e+01
2.630913512685489763e+02
2.406650791899237518e+01
1.243979423157506687e+02
1.638596444621627199e+02
5.363435889865918682e+01
9.574781450024133278e+01
6.372623520397623764e+01
5.771992881128360864e+01
5.390774881220960424e+01
2.142791914653690810e+02
8.624400569137657158e+01
7.938693057302792511e+01
6.082501304907277273e+01
5.377397123239708066e+01
5.625861482875606612e+01
6.538508720399386220e+01
3.456748469356587066e+02
6.038127455079841610e+01
2.677872769077095541e+02
5.844129191408821100e+01
2.147474669391684188e+02
5.690982271935978787e+01
7.254667363748700382e+01
2.095769428277914983e+02
1.734310872954527269e+02
6.485789489390397478e+01
8.153981887128027495e+01
7.195843784126411435e+01
5.482346419269514115e+01
6.623145900941366904e+01
9.761596139325926913e+01
6.557777843931455664e+01
5.950710957538142054e+01
7.247559880912282892e+01
2.109238199967703338e+02
3.108164689276736681e+02
6.491114708281713774e+01
5.073467933480866066e+01
6.087945588238735439e+01
6.208235959133487825e+01
6.692882711911229876e+01
6.865964271173761801e+01
1.338417971581301344e+02
6.895625095704063767e+01
5.499109176898159745e+01
6.564505621191219120e+01
5.973917652826357738e+01
9.189509082849127708e+01
2.249002864948037654e+02
5.543209624798934243e+01
4.876498798738870022e+01
6.566828223780495932e+01
2.478333249227464421e+02
4.795415886722378218e+01
2.833998200466472213e+02
6.368406471415184456e+01
1.241212199116030916e+02
1.554605140104693248e+02
2.082734561192397109e+02
1.523724548929658908e+02
1.427837072430586147e+02
1.684950463568643215e+02
2.047465540087962381e+02
1.970961405326395095e+02
1.660519843168948739e+02
1.191986268284439063e+02
1.468078154869861578e+02
1.360130853953689325e+02
1.156693233914769081e+02
3.863885562120869395e+02
1.407320319912571733e+02
2.470484378641957903e+02
1.307477047914639172e+02
2.719780766390879307e+02
1.334986162762409947e+02
1.439838048624995395e+02
2.373614097328405990e+02
2.715179006744339745e+02
1.418964088547905078e+02
1.898897241140301162e+02
1.392353137173472248e+02
1.452904888579725196e+02
1.237000142813168821e+02
1.938248473967895507e+02
1.579980139140424171e+02
1.720126701354067222e+02
1.372988875891472560e+02
2.875179904354602058e+02
4.026452434717967321e+02
1.430784889860456417e+02
1.383375248447185299e+02
1.543251743278183028e+02
1.740516118137531407e+02
1.336686103618129096e+02
1.375994505302163304e+02
1.304081513631530242e+02
1.269030512627961969e+02
1.306472251011724097e+02
1.367728990721788875e+02
1.370026329348848435e+02
1.748608054866141401e+02
2.975331563967287707e+02
1.696139134994508595e+02
1.377866526353092524e+02
1.732363819399595570e+02
3.321241267305227893e+02
1.504670595046186463e+02
2.596248339090795980e+02
1.289404752171845985e+02
2.068805530521598257e+02
9.704585811624443181e+01
5.023490821244633509e+01
4.014492774450703649e+01
7.366310106718684381e+01
2.221564904108281553e+02
1.017107037243157919e+02
6.626316036396978859e+01
4.259170428951464515e+01
4.211398686052026363e+01
4.441267156656846282e+01
4.987492665078869436e+01
3.484981564493618862e+02
4.528477038339166683e+01
3.281883794623623203e+02
5.003042898835722241e+01
2.234686254849825673e+02
4.850802215889133606e+01
5.462791095644595885e+01
2.530846677173735202e+02
2.187957737132664988e+02
4.590174229447794119e+01
9.058197090029614174e+01
5.377671416701657847e+01
4.079033603496787208e+01
4.938268397326326209e+01
8.695074458234918779e+01
4.776585071721346765e+01
6.640111841694408668e+01
5.652792232238350323e+01
2.185679737384602959e+02
3.289235625316826486e+02
4.596802347027895763e+01
4.561000578949547446e+01
5.535196335608320339e+01
6.401505029109478073e+01
4.688573048893814388e+01
4.959909196927142716e+01
1.190238094533754349e+02
4.005906920951465366e+01
3.687994242743446449e+01
5.344034988171019052e+01
5.299141410370711469e+01
8.083306135707923090e+01
2.579701761836427067e+02
5.834798535780359430e+01
4.467884368684883611e+01
4.855342038496747392e+01
2.522964315879893604e+02
5.778019901482930720e+01
3.375435471204936562e+02
4.546563409179542958e+01
1.179004359056530689e+02
1.227467671914419611e+02
1.058833217277394141e+02
8.633222471071388782e+01
2.197831331674053104e+02
1.053055250131467488e+02
9.060335174520180601e+01
1.145823127755159305e+02
8.453258714233498949e+01
1.165148518941942797e+02
1.176580715415519336e+02
3.468494115611228494e+02
1.056811973097261728e+02
3.677423662038582961e+02
1.064007085738965088e+02
2.222290530274869980e+02
1.028676969705103659e+02
9.892266831838135488e+01
2.744945364494372484e+02
1.777906457031205036e+02
1.082664971526244528e+02
1.129452066335484517e+02
1.189494117827231179e+02
9.590875885844208426e+01
1.221670623695574136e+02
1.318030928220748024e+02
1.037881080856504070e+02
1.279572499379505217e+02
1.251626260246936369e+02
2.296411691661783436e+02
3.235072107263021621e+02
1.066779524540353492e+02
7.317015870128898314e+01
9.586867117071089694e+01
9.350924066657061928e+01
1.228413500870884718e+02
1.218708521824981688e+02
1.635354705700120519e+02
1.097461999710297960e+02
9.267283749326388431e+01
1.245255858321248184e+02
7.987973347599023555e+01
1.378424851253054726e+02
2.490883475859205021e+02
7.478231158439484716e+01
7.421509235039017938e+01
1.103129922432215864e+02
2.385335710002266012e+02
6.522614437678224419e+01
3.727595917990936982e+02
1.172163146757039272e+02
1.096132105548537794e+02
5.137257127584760497e+01
7.715742160574595232e+01
2.220199000480136249e+02
1.080174304366085778e+02
7.734335485399587640e+01
4.759814143067676184e+01
4.665100046399291500e+01
4.104980302553774152e+01
5.400931544538729412e+01
3.454576178098000128e+02
4.311426813545710957e+01
2.941186520144229348e+02
6.305824196321599118e+01
2.124800022789176239e+02
4.491468204169289180e+01
4.900461038140738879e+01
2.138503225167030735e+02
1.891356137391496191e+02
4.359848053696205739e+01
9.252590740851518092e+01
5.535023786068616403e+01
4.608158815666845953e+01
5.284260649774405749e+01
7.627858415283822069e+01
5.333201463330984637e+01
6.976408436299962545e+01
5.216616408740548394e+01
2.035329667193178125e+02
2.892646657035434714e+02
4.368098468549827373e+01
5.872207056296593919e+01
5.188398929901816814e+01
6.083066582923972021e+01
4.908879902270807349e+01
4.211319943203256599e+01
1.229951940133030774e+02
6.486963246806827499e+01
4.559376568917286221e+01
5.452420260594677615e+01
6.007769532829996706e+01
5.786052372943768063e+01
2.425996137717306453e+02
7.247178187508825431e+01
4.914048166398691819e+01
5.611965214455454287e+01
2.269074762438624759e+02
6.576978660249577047e+01
2.996357144339644378e+02
5.311172178747696648e+01
1.268246144844487162e+02
6.534173790759433587e+01
2.171154124803701961e+02
1.063509264414914242e+02
8.193223406533888920e+01
2.709145238339107920e+01
3.819171840070216462e+01
3.428210799130194175e+01
2.867552589212066749e+01
3.576851428706318643e+02
3.632970214368216944e+01
2.900722461985437235e+02
2.766098579584750894e+01
2.443386472872933268e+02
3.422460237826235385e+01
4.335766363349830499e+01
2.314364527212679832e+02
2.297898546160227795e+02
3.328558786098163580e+01
9.483138438558344774e+01
3.355344821166048064e+01
2.827413069914634747e+01
2.888734914431710621e+01
1.043489850801292391e+02
4.157892885654434423e+01
7.381491191215864944e+01
5.243183220867990002e+01
2.466928539634546667e+02
3.489273871282566120e+02
4.089404624403992727e+01
3.685855398928982396e+01
4.754733535573415537e+01
6.746605442500091954e+01
3.020645704696136491e+01
4.012225230951113986e+01
1.282864358090269263e+02
3.821807356015106905e+01
3.118522563916176438e+01
3.711282561713962735e+01
4.056905594377935387e+01
7.724728455853157527e+01
2.717893860146874090e+02
5.074617778172802218e+01
3.516512707125775705e+01
6.335168588421625913e+01
2.747423393495200230e+02
4.896733945170124969e+01
2.970006242410901791e+02
2.433869854343844708e+01
1.172136673154894311e+02
2.154548226079782012e+02
8.274203185450107867e+01
1.041739328169038146e+02
6.988720678695808886e+01
6.470633267193839799e+01
7.197816427224412905e+01
6.738162097619456858e+01
3.466232000889340839e+02
7.738818928251453144e+01
3.012261441038379530e+02
6.180484565637490846e+01
2.413869914580740499e+02
7.189706916890314403e+01
8.548113499683387317e+01
2.392254285188514018e+02
1.971701407859289930e+02
6.473453855614918950e+01
8.185900508359105743e+01
7.446069444712989593e+01
6.716974454446669540e+01
6.980753240446095731e+01
1.123386883299244658e+02
8.681046835685437202e+01
7.991473409387860727e+01
9.427350924981577407e+01
2.289234177210673522e+02
3.412663264433105610e+02
7.555166029473926415e+01
5.591514014872410598e+01
8.042025809713373974e+01
7.562266544325545681e+01
7.203817232320686514e+01
8.254160392793329493e+01
1.369543244935222788e+02
6.912461730873069143e+01
7.201938785550019873e+01
8.174003330501986397e+01
6.814478351143065993e+01
1.114994687135131812e+02
2.415809785730816657e+02
5.447515762508662363e+01
6.112959575902388565e+01
7.484273173282188907e+01
2.624318105310726992e+02
5.218271377598110661e+01
3.172112254969899823e+02
6.674320513047511838e+01
1.234809242252510018e+02
2.430270759682143478e+02
2.068581766328008484e+02
2.099818787464358252e+02
2.165518832308287642e+02
2.104076804242801302e+02
2.123315578414076867e+02
3.603239832386386183e+02
2.123132453283642178e+02
2.674959356960011405e+02
2.203038617240297867e+02
2.768749722981445984e+02
2.033590815160034424e+02
2.138874617418847492e+02
2.227509632651979530e+02
2.105419091338957287e+02
2.234202492464720251e+02
2.169213703177248931e+02
2.146138199738436754e+02
2.160001659985515232e+02
2.258896531228512004e+02
2.848241493154983459e+02
2.314760961967345168e+02
2.229577334100665098e+02
2.271853439075788685e+02
2.693383084868348760e+02
3.285739582534463352e+02
2.205083756097186267e+02
2.007420276914676549e+02
2.173945697455862955e+02
2.080046491174684888e+02
2.249127758102846997e+02
2.309167574876104254e+02
2.648675517923236953e+02
2.196081350988214922e+02
2.157060387555310399e+02
2.081767682459883702e+02
1.941173282657213974e+02
2.339816824024312609e+02
1.755116109097004653e+02
2.075485553707590327e+02
2.073046430110838969e+02
2.523411571698467810e+02
3.563983415352520296e+02
2.016854162585632082e+02
2.713928576728328608e+02
2.232643480667279334e+02
2.539285800751868010e+02
1.017892921307682457e+02
1.118037639065135096e+02
1.025154752281032415e+02
1.041357085986782209e+02
1.178482108001682462e+02
2.948395925087137925e+02
1.087933828229271569e+02
3.267667165681248207e+02
1.103170196742727285e+02
2.145230222039105570e+02
1.027335395276131607e+02
1.177065486965100121e+02
2.500904354909446283e+02
1.827457599204881831e+02
1.118163600087172682e+02
9.181483233501209895e+01
1.170096936599873061e+02
1.001276906724409343e+02
1.185863407572988990e+02
1.332451597787962214e+02
1.119166481245326850e+02
7.405517005421690158e+01
1.123766934729635381e+02
2.168916366768518174e+02
3.018792638406979449e+02
1.095444084859010587e+02
9.640492832044668603e+01
1.052294233069524125e+02
8.546563271629766234e+01
1.163944431126688812e+02
1.140748079436615399e+02
1.693809688507845124e+02
1.082508524270128021e+02
1.091899076394346224e+02
1.143445095377243632e+02
1.042398372758915741e+02
1.191375979850311353e+02
2.471223915131432420e+02
9.123825885763739052e+01
9.548609099580126269e+01
1.112698690450739605e+02
2.133148231975716840e+02
9.687893363101915156e+01
3.414729117057964913e+02
1.140410062607655988e+02
1.422958014562702544e+02
7.763684273923448131e+01
6.899274976213479249e+01
7.535308395213162669e+01
9.456937613798733366e+01
3.377811133480481658e+02
7.060020030266137780e+01
3.704201021047241511e+02
9.472125175537520647e+01
2.001343081300705364e+02
6.617282309000916030e+01
6.998593407479955886e+01
2.816712035765104929e+02
1.765523149990493437e+02
7.642064595808690797e+01
9.678450224826509896e+01
7.919232193871667391e+01
6.310683499544224162e+01
9.546425000710739539e+01
1.035875253139407164e+02
7.340177270287216515e+01
7.497339497502890993e+01
6.870307651469192933e+01
2.117211193876558184e+02
2.952249556522137937e+02
7.654152743631638600e+01
6.434756880369904763e+01
7.879226458211404349e+01
7.747843365221416434e+01
8.997438907894293436e+01
7.976539584076840583e+01
1.418534416563347520e+02
7.748033171777038319e+01
7.146553312228213883e+01
7.609125795790501456e+01
6.429769111752625577e+01
9.161429421398227646e+01
2.401106976082608355e+02
7.461702915273879455e+01
6.772759668733321803e+01
8.680496010025508724e+01
2.266930261824309696e+02
6.768969291201496219e+01
3.875106096422928204e+02
8.834111237383284276e+01
1.374500462285193407e+02
2.886900042674305311e+01
2.065834577969522456e+01
1.382179271036626389e+01
3.665560816195879283e+02
2.183035366019904444e+01
2.266242430526616829e+02
2.541907237088803129e+01
2.254381694515596450e+02
2.742539981896877066e+01
4.289292650166898113e+01
1.824508893402625063e+02
1.804725788228797114e+02
2.000559700891825088e+01
1.077674582239332324e+02
3.245179286695685050e+01
2.866539045054315693e+01
1.659984219833947350e+01
6.384359695199567852e+01
4.534588678132771378e+01
7.875412482084541921e+01
4.728676768985783241e+01
2.144960642622854152e+02
3.149675471761721610e+02
2.774834719868438881e+01
3.853144773218633645e+01
4.770121230642903498e+01
7.354913983195720562e+01
1.595299748924228211e+01
3.341057406618878645e+01
1.055224432891553619e+02
4.118348545848559894e+01
1.961012180502849134e+01
3.253086550525122789e+01
4.188241627620056562e+01
7.943193904104460046e+01
2.390946565481396817e+02
6.078881562606792954e+01
3.042066402297419359e+01
7.091372105351173616e+01
2.576642702898734001e+02
5.191501743431243199e+01
2.336728626025056315e+02
1.816943360048846046e+01
1.282904488940654915e+02
2.529029085003639565e+01
3.901187573774738837e+01
3.690767870626727927e+02
2.380066236356066156e+01
2.915808765387136532e+02
3.688164845560248750e+01
2.185901986827174994e+02
2.141761638682164204e+01
4.170106894063661684e+01
2.287461077034408277e+02
1.885931939925961842e+02
2.201630456491742649e+01
9.389799358873274571e+01
2.658237570193846722e+01
2.734675404283431277e+01
3.769745505061467128e+01
7.572030651630345233e+01
2.547288427690887147e+01
6.604438556668320359e+01
4.376047911139413316e+01
2.216532255121442176e+02
3.203018781911260362e+02
3.315503864256544375e+01
3.636360833394406455e+01
3.690162611613038024e+01
5.555384856266783800e+01
3.292040476932301374e+01
3.323516262925468112e+01
1.110882763514133842e+02
4.824791382766056813e+01
2.741641873903843063e+01
4.098296404779662083e+01
3.136192176240284368e+01
7.800511364053919294e+01
2.481806855217535599e+02
4.608695570120024598e+01
1.715574660485829028e+01
6.715441556045125537e+01
2.533991519741050524e+02
3.533981411858602684e+01
2.956361901806231458e+02
3.204146387710976285e+01
1.226538917587175206e+02
2.606966653152627345e+01
3.652518629275008379e+02
2.514465784494972667e+01
2.809781576543495589e+02
3.728938751456458078e+01
2.328678092952239069e+02
1.831547958157524647e+01
3.941655127080868226e+01
2.189941484645295020e+02
1.985122647828766276e+02
2.775568264716449463e+01
9.401990872180948600e+01
3.512187535776280356e+01
2.914360306373635012e+01
3.230821180371486889e+01
7.939710206341960941e+01
3.966648013399176165e+01
6.916427285968612182e+01
4.720959591216978168e+01
2.184997839596841800e+02
3.088268348874501044e+02
3.134446103467570310e+01
4.274106452610059392e+01
4.494042704755420914e+01
6.410583571695948990e+01
2.898658793107285447e+01
3.240316846540275719e+01
1.181677035156972551e+02
4.874363539246807875e+01
2.560594572193258500e+01
2.769634466156470509e+01
4.610203775442842300e+01
7.382445056803743455e+01
2.447627062166750136e+02
6.425465374507649585e+01
2.819693731607470610e+01
7.688997062905416158e+01
2.563131447794779092e+02
5.187411037112073586e+01
2.889869582157758714e+02
2.986394096220203664e+01
1.295942319913967253e+02
3.684315364079513415e+02
3.094633840074190800e+01
2.158807999228313008e+02
2.655282529706846617e+01
2.263640565066546912e+02
3.551346374830334440e+01
5.084151118624952659e+01
1.802726902579683212e+02
1.835471786554267908e+02
2.514342767129634382e+01
1.110998296543387056e+02
4.108366863981338213e+01
3.956691889408389073e+01
1.809500061775093727e+01
7.274192162627039693e+01
5.502015005909113654e+01
8.505906337880512069e+01
5.711044866035663148e+01
2.142072010924638619e+02
3.051043986471548806e+02
3.633170560168682073e+01
4.002444347174061079e+01
5.472026863603305458e+01
8.517019781586674299e+01
1.987348248192122213e+01
3.731171643749331679e+01
1.094401614155995190e+02
4.238207349470214780e+01
2.168889091324438212e+01
3.333099513649600709e+01
4.542446979391073114e+01
9.143345065078557354e+01
2.322778357509866964e+02
6.160254624812354507e+01
3.611718073429793208e+01
7.133397852933897809e+01
2.613318089200248551e+02
5.784160385124335590e+01
2.253585298112043063e+02
1.915059639421110305e+01
1.305184077662549669e+02
3.692991415619910640e+02
5.321319035925791923e+02
3.714401769746536957e+02
3.011720896049374687e+02
3.664493733394148194e+02
3.549876710514157026e+02
3.843157757516265178e+02
3.445828228169511931e+02
3.633450463341479804e+02
3.382982840472115527e+02
3.583460493481845788e+02
3.572315449760119463e+02
3.698219481010788741e+02
3.737059757445428545e+02
3.613617829726272248e+02
3.384008520382687379e+02
3.540547458805898486e+02
3.189956717527718979e+02
3.091982982686022865e+02
3.581341561980428310e+02
3.626791750053333203e+02
3.608245690818440607e+02
3.315847142684110054e+02
3.684708669318582679e+02
3.597581526772065672e+02
4.109976134463110498e+02
3.537992671688493260e+02
3.680521100731942283e+02
3.616910749228572399e+02
3.691221928219558777e+02
3.540243896492892191e+02
3.566560034104739998e+02
3.548994625440025743e+02
3.675506421461633408e+02
3.447362937705181594e+02
2.647154219471472629e+02
3.719783392614101558e+02
5.368735883408298832e+02
3.666233600868148983e+02
3.242666535244847523e+02
2.778734963175106145e+02
3.857688401426477753e+01
2.233559192635307511e+02
2.548869070584209595e+01
3.516976444302117244e+01
2.200468707813471667e+02
1.856631269578745389e+02
2.312495044799097244e+01
9.736845554361411814e+01
3.056492624877248332e+01
2.868906767865867025e+01
2.804866351342985453e+01
6.725469683495271056e+01
3.793370112121924365e+01
6.668014531464828565e+01
3.370583243388352912e+01
2.195759618945894545e+02
3.119005108432336328e+02
2.390280186738862156e+01
4.457718502375944070e+01
3.956314909322576767e+01
6.455713905085569593e+01
2.188340750484857722e+01
2.513814284849651060e+01
1.136128813816712437e+02
4.387692805268689966e+01
2.343349395355147635e+01
4.121093906100183091e+01
3.805880362492622737e+01
7.768293347638498858e+01
2.554811377451400745e+02
5.314767340547825825e+01
2.470302849502952469e+01
7.373695237725041807e+01
2.599520310145601343e+02
4.737273370368694714e+01
2.856892081252865978e+02
2.881246695954565951e+01
1.282589731723896875e+02
2.367211270983038673e+02
5.124909585261342500e+02
2.787419219836848470e+02
3.392238941945414581e+02
1.954323077337842278e+02
3.166775924583533879e+02
2.686763551027049743e+02
3.539051133594604721e+02
2.916919212833225856e+02
2.971506993627843940e+02
2.393200109949658554e+02
4.175016489644453941e+02
3.490489041445172802e+02
3.340790377354359180e+02
3.210740730747036764e+02
4.486813522121581741e+02
5.904135681637750395e+02
2.795466365079261095e+02
2.681948820392437938e+02
2.952375653210510222e+02
3.335536939160165844e+02
2.606199962077923828e+02
3.300912349013642029e+02
3.748466439067806277e+02
2.488801361866569835e+02
2.592819099389903386e+02
2.758435928357462785e+02
2.681989693439777511e+02
4.361102178475691176e+02
3.662022927647591359e+02
3.129943153897433490e+02
2.471857541178679867e+02
4.108851483137045193e+02
4.920795084947210967e+02
2.697575634576080006e+02
3.352291187711914944e+01
2.694620728910555272e+02
3.061544304028716397e+02
2.396009757303395986e+02
3.876898874774164483e+01
6.088794243782892579e+01
1.953136759298939182e+02
1.927736330805190619e+02
3.335446076635148671e+01
1.096258707732367128e+02
4.602596960053489283e+01
3.987710030863225796e+01
2.492236987573900109e+01
7.739777715424253302e+01
5.304054588905880507e+01
9.035430142900061412e+01
6.488474762416255714e+01
2.269386512744978006e+02
3.371087070556312710e+02
4.605372214059864433e+01
3.257079699350654778e+01
5.195022838490929473e+01
7.736801923116048840e+01
2.830180647260269211e+01
4.954077079197010391e+01
1.134014233873505191e+02
4.341856460281640295e+01
3.504933768756546897e+01
4.877633844263780816e+01
4.603895203693583227e+01
9.606667234907327213e+01
2.529485233028961204e+02
5.366076502528901671e+01
2.863648864729017163e+01
7.570309921804330600e+01
2.623389262226316418e+02
4.816811038129356604e+01
2.466746546261223898e+02
2.375012224383879200e+01
1.211955526913170473e+02
2.167917050962494159e+02
1.949531052912794280e+02
3.209469419280673605e+02
1.966961620312150103e+02
2.346961594562050664e+02
2.152613803864293232e+02
2.246777743069653468e+02
2.179579612273591636e+02
2.409401964681867696e+02
2.282668356269250296e+02
2.191072127041347244e+02
2.123073313423497837e+02
2.190513049170696149e+02
2.008813561663216092e+02
2.426749102134754139e+02
2.138466649232968280e+02
2.131887468073726382e+02
2.137099706185819059e+02
1.989941204743694811e+02
2.370309012140798473e+02
2.151602630007727726e+02
2.779424084179312331e+02
2.153112876026481501e+02
2.101982962308619278e+02
2.277484342711156557e+02
2.174575554628641498e+02
2.159444512629004009e+02
2.291766291210217048e+02
2.402768482911892534e+02
2.094320000099734216e+02
2.196953229102350065e+02
2.103372617489391416e+02
2.105004275411458821e+02
5.283284202351335352e+02
2.364614503285145304e+02
2.374532863271963379e+02
3.489606805346029006e+01
2.153788886521820984e+02
1.692879749791064796e+02
2.714400806444033520e+01
9.313036238423036650e+01
3.012033879442391893e+01
2.867248291732773779e+01
3.608037817065239494e+01
5.907008401723261670e+01
3.416481076338803291e+01
7.574529558273839314e+01
4.724264346777516721e+01
2.050149228035076590e+02
2.912675928097321503e+02
3.609874879137326786e+01
3.580235178375774296e+01
4.617916838298283011e+01
5.577689038228909624e+01
3.449539021787404636e+01
3.208115703551859355e+01
9.999783838489324239e+01
5.007360892750544679e+01
3.099829532091745676e+01
2.837829851500485745e+01
3.489052112321947163e+01
6.844246942570862302e+01
2.269187420272714348e+02
5.149180847573628483e+01
2.482287021549912964e+01
7.654301281676494284e+01
2.518138304405879921e+02
4.126542052242795933e+01
2.877699570390291797e+02
3.242529617056923286e+01
1.244199366361392691e+02
2.378098372408627768e+02
1.803167148193389266e+02
4.002208789034168035e+01
1.028659782728655188e+02
4.247175008548887831e+01
3.676572212997574951e+01
5.516925213408906359e+01
6.499927432640160418e+01
5.003259466393065935e+01
7.686063583921200859e+01
5.085909436864335476e+01
1.879441792947813497e+02
2.697056730560484539e+02
4.509384667206675346e+01
4.772778615993127715e+01
5.331445624464586075e+01
6.235982509439758559e+01
5.173215626359651509e+01
3.578927650821911755e+01
1.066078049784959632e+02
4.390345372762544685e+01
3.684156403541421554e+01
4.694074559695164339e+01
4.282622587449276352e+01
6.571914425283665651e+01
2.309785972010834598e+02
6.400765844681345129e+01
4.127237417897507754e+01
6.997144583061690071e+01
2.236300852843751557e+02
5.271941392883945809e+01
3.474942455107121191e+02
4.881475261207896921e+01
1.254692698497335357e+02
2.380803365786908898e+02
2.104253500243793837e+02
2.720729500472008340e+02
2.185178027390462319e+02
2.381863948099108370e+02
1.906776817020866019e+02
3.048730528619661868e+02
2.621907245600551732e+02
2.669599083819038015e+02
2.449786778980030988e+02
2.710444510913389422e+02
4.230112472859456147e+02
2.119182567561176995e+02
1.969386891865048312e+02
2.136203252965997876e+02
2.382715720518791898e+02
2.108269902414443777e+02
2.265986737329908749e+02
3.546993691871218743e+02
1.868508366586253260e+02
2.024222208224316262e+02
2.219926062737026768e+02
2.056139985644689148e+02
3.185268565095976214e+02
2.634699098756572084e+02
2.247206339615647437e+02
2.001034891688330219e+02
2.418394544546211193e+02
2.852582556749595142e+02
2.103497925978705609e+02
2.120324683464615418e+02
2.073306373823637614e+02
2.224204500780065814e+02
2.064661626540004704e+02
1.745994034772479893e+02
1.842456233180423339e+02
1.870049451023790539e+02
1.975050836069298441e+02
2.066444018983404476e+02
2.031423351387498428e+02
1.670106750164436278e+02
1.927859884782840538e+02
1.569832192146172076e+02
2.014440918671356258e+02
1.861090292109484778e+02
1.822395677930567501e+02
1.940822584762590282e+02
1.761170009518501161e+02
1.997606437417608731e+02
1.857827823668503413e+02
2.544012096539564993e+02
1.853404902868057889e+02
1.848796041633983123e+02
1.890689320464480261e+02
1.702230635097993741e+02
2.156676404714906994e+02
1.452969120134568755e+02
2.054544220682905689e+02
1.698291343475306405e+02
2.454453972717911086e+02
2.772860430010429127e+02
1.597431031244319115e+02
3.335657917588274017e+02
2.083957488613069700e+02
1.823614449531478954e+02
1.035397002780481444e+02
3.170765505289297792e+01
3.340502660655407396e+01
2.500371732147702275e+01
7.448675577148215154e+01
3.468374845381561755e+01
7.349150006437061222e+01
4.286376145578743291e+01
2.318233095526938428e+02
3.249860450131862990e+02
3.229958742936805294e+01
4.030228858463513575e+01
4.198530074826529557e+01
6.229508399218390480e+01
2.263107503242673246e+01
3.558778025763867703e+01
1.178993120618075210e+02
4.037625953837466852e+01
2.323828938051695658e+01
4.237813044164669662e+01
4.314264941669315334e+01
7.591781114020166399e+01
2.598163742104388234e+02
5.887724497882663854e+01
2.588209334193190614e+01
6.563514987116035115e+01
2.605034874155285252e+02
4.452309165602382990e+01
2.736597319543647586e+02
2.183946339708301565e+01
1.255174331719763359e+02
1.031617800239014429e+02
8.903376116336004031e+01
1.165673847081535826e+02
1.313767404890980686e+02
1.054585907595015470e+02
7.594446676486042236e+01
9.310112283656823706e+01
2.036128785825985403e+02
2.957684254709967604e+02
9.621434793947697983e+01
9.110696818026917754e+01
1.024238207201334205e+02
7.595552648840013887e+01
1.157541586740769901e+02
1.019184802012548943e+02
1.604540546003142936e+02
1.079730638556334554e+02
1.044917987211069175e+02
1.043311793790283559e+02
1.010989285128306108e+02
1.097530095879681227e+02
2.157393893421108260e+02
9.062462858015517497e+01
8.701836444163392059e+01
1.013068196555589111e+02
2.488212475951876854e+02
8.728703009009794300e+01
3.656430314070105965e+02
1.139382491632299121e+02
1.524792093047035451e+02
3.560786250395268127e+01
4.464984010898383815e+01
6.777283069086863065e+01
3.164253787982683974e+01
8.010831151313669807e+01
4.949630878885902519e+01
2.036699430635429167e+02
2.926238733942578847e+02
4.177157189354858957e+01
5.116345235807984437e+01
5.014618571918561685e+01
6.682352436262624451e+01
3.744109622207199095e+01
4.438580589001016818e+01
1.043620979304827472e+02
4.397703310375547403e+01
3.868335365787162772e+01
5.065004925639410516e+01
3.973670648365916946e+01
8.049685482890696164e+01
2.332814390035994734e+02
6.755027951224172966e+01
2.955468814666910049e+01
8.013906812816334480e+01
2.479583993346276429e+02
5.279947462886963194e+01
2.960855287042055579e+02
3.825437247228108362e+01
1.174998155993184952e+02
3.972020439536743908e+01
7.289173312986123676e+01
2.409241506706469593e+01
6.789124597638354430e+01
4.502932627949586220e+01
2.121911702807965412e+02
3.073194134163198896e+02
3.899819780729092855e+01
4.053799354272959476e+01
4.445818968313403730e+01
5.759242691004801173e+01
3.679607199232343362e+01
4.171341105081082645e+01
1.033721340797983572e+02
4.311623827350968696e+01
3.253438636511412341e+01
3.335864316440123645e+01
3.950413431326995095e+01
7.273956974708431744e+01
2.396173563293129405e+02
4.851890568130239956e+01
2.650662318368095782e+01
7.064804257581707247e+01
2.534318505005413158e+02
4.077146754116720473e+01
3.045098386763830831e+02
3.151514011723099173e+01
1.230758750432077022e+02
7.001552741332034202e+01
5.818141846200661860e+01
8.404906308736482856e+01
5.386046667588392722e+01
2.284083349035515766e+02
3.295753255945838873e+02
3.260508093742314628e+01
4.131900934123724767e+01
5.290676813912432408e+01
8.376479439974116303e+01
1.462218935231284966e+01
3.543823918198695822e+01
1.160026040778704584e+02
4.275706627827572959e+01
2.486680961059126815e+01
4.404261551956042098e+01
5.086406360728400955e+01
9.156971884198243572e+01
2.604442858148308915e+02
6.650095546252936174e+01
3.601126373706436112e+01
7.339828567278382820e+01
2.682533306261386201e+02
5.857016362554182365e+01
2.495823798435437766e+02
2.063324185869533167e+01
1.310721796817506686e+02
7.455681153719788767e+01
1.006707000992659431e+02
7.195417765693890999e+01
2.037427716413994290e+02
3.111474596978067098e+02
6.482565197413191527e+01
7.670012733880497535e+01
8.159158111394340551e+01
9.039741460001583562e+01
6.490099762851113496e+01
5.212800933973358752e+01
1.141525140738948778e+02
6.233088738962399589e+01
6.699415771525374907e+01
8.333242898963213463e+01
7.472357230374819892e+01
1.039545388543023847e+02
2.508282138629857059e+02
1.132545734129620030e+02
6.901743703777114547e+01
9.466062680852219557e+01
2.531049897888919986e+02
7.910337747294738620e+01
4.270519350311300286e+02
7.229988433007534354e+01
1.321357378768894932e+02
8.148068706706186504e+01
5.165199950668994688e+01
2.160515245502205630e+02
3.127917244050526620e+02
4.763356027670965887e+01
5.152735144995821059e+01
4.737061458400947345e+01
6.677701404172822208e+01
4.976842275708781216e+01
3.884672541743102414e+01
1.032972193694019012e+02
4.258927005089908135e+01
4.154444904825265894e+01
4.768979114105500372e+01
4.388788478861258113e+01
8.394367554848224700e+01
2.511362262049478886e+02
5.835716283993420461e+01
2.940503957475003816e+01
7.978626069763289763e+01
2.512057686699470480e+02
4.963716312651720841e+01
3.518758793431414347e+02
4.601254747768596332e+01
1.224580542504878764e+02
6.703778434597764146e+01
2.053896246257667144e+02
2.919569680680132819e+02
6.794920921442496820e+01
8.343307836838400249e+01
7.637348060053908227e+01
6.096037362013002792e+01
8.243170926581495905e+01
6.930659345109177139e+01
1.450199804021433749e+02
8.345786563329987473e+01
8.054179274581861137e+01
8.665888758739373543e+01
7.860731851793615022e+01
9.402122895974687822e+01
2.382821230475068148e+02
7.675539042342209939e+01
6.617277118411890058e+01
8.624093727431326784e+01
2.476043189494630212e+02
7.497548835566924197e+01
3.481914327684127670e+02
8.431570043270737358e+01
1.322880211711238871e+02
2.208960679429961260e+02
2.999309348678553988e+02
4.699952357429981475e+01
6.483013284141983945e+01
5.678010378798243352e+01
7.894608716215101651e+01
4.744329309067440192e+01
4.178546086038895169e+01
1.220456724253242129e+02
6.125251158255949946e+01
4.761217810353657853e+01
6.237378540050298170e+01
5.425925041875552779e+01
6.405832232816077010e+01
2.516145580698302808e+02
7.493376170255027091e+01
4.674356405229450928e+01
7.560939505975501618e+01
2.559296398430859938e+02
6.638283074656469296e+01
3.280388540829034127e+02
5.440668895257766735e+01
1.339110591386146041e+02
1.793272942151732252e+02
2.114241292174264117e+02
2.181831316239622822e+02
2.152119405746536529e+02
1.762536054888139461e+02
2.283168484356502290e+02
2.023387101889604764e+02
2.519157163380719169e+02
2.042330879178187217e+02
2.137983119290492198e+02
2.128221008335082729e+02
2.101757444883137396e+02
2.143932698472910658e+02
2.129301821465985824e+02
2.457100945529978162e+02
2.115516526421842229e+02
2.168108060953782399e+02
2.254430165533020727e+02
2.134264557208640554e+02
4.531856412593739947e+02
2.305371556267879214e+02
2.097095205164251297e+02
3.113973545678991854e+02
3.187686212958204237e+02
3.125066942531664154e+02
2.833989284836059710e+02
3.308990733532875197e+02
2.871326478740620587e+02
3.721213118446334533e+02
3.076286841743474270e+02
3.128027521682959673e+02
2.930652149305959711e+02
3.067551683466084569e+02
2.870992705875865454e+02
2.381339459252608606e+02
3.516884444336770343e+02
3.035831015266992949e+02
3.322176294893266117e+02
2.923761409367422743e+02
3.083428538347362746e+02
6.024049925711552760e+02
3.376651301177766982e+02
2.820505905217974032e+02
4.594362186300266870e+01
4.426654299484741983e+01
6.706181272520750269e+01
2.611153788908845996e+01
3.740512277384910078e+01
1.167471108857340170e+02
4.474878428473458314e+01
2.830116098643966538e+01
5.001583512375892582e+01
4.548434067277326420e+01
8.043467908610176664e+01
2.509118463179114542e+02
5.978204081886202204e+01
3.913720756674675272e+01
6.949407632646332900e+01
2.470241717979064617e+02
5.415161686146038988e+01
2.843379871057225046e+02
3.442591348533009921e+01
1.257066840060353314e+02
4.886017366568849241e+01
5.612834719082732704e+01
4.320101031619900311e+01
4.807179798017107686e+01
1.130337409603068153e+02
4.716553566389157481e+01
3.373119203250668363e+01
4.994574754761491420e+01
3.556131535900544804e+01
8.188410200726065113e+01
2.384106261768812374e+02
3.643527815849554230e+01
3.328277051844401768e+01
5.522060640900210871e+01
2.437018264100465501e+02
3.291436223889361656e+01
2.789256062475015483e+02
3.613029512646185992e+01
1.227731528100752172e+02
6.720605970261722462e+01
5.056777615291946404e+01
4.707556034057283512e+01
1.264804913732516241e+02
5.594308119234554511e+01
4.100295254628175456e+01
5.925377824413089911e+01
5.170642990383339566e+01
8.155345520507344759e+01
2.500211983668933442e+02
5.847593289301034503e+01
3.856554421537234845e+01
7.028849386726001569e+01
2.517144776150328767e+02
5.438925997453264927e+01
3.060102335455329126e+02
4.876015283103984643e+01
1.298590237446877609e+02
7.954207978236053123e+01
6.793273833002484707e+01
1.279142569562431788e+02
6.980521973266422719e+01
6.541355517278415732e+01
7.398914671959018108e+01
6.188710925435469079e+01
8.647851295143962602e+01
2.273556016454307951e+02
6.546044955589556480e+01
5.719525851428779362e+01
7.102877524587270841e+01
2.154772231968970289e+02
5.581397528983997347e+01
3.416568670306358513e+02
7.347489625401500746e+01
1.382943332441449797e+02
3.206725360494553456e+01
1.112009380767292015e+02
4.420993120046009750e+01
2.530953004118352823e+01
4.399318021491092878e+01
4.821841294737977535e+01
8.390548195287617261e+01
2.621478016695716065e+02
7.008348727263954459e+01
3.653916994682823116e+01
7.187649694079640028e+01
2.639123975150473598e+02
5.746144196226712353e+01
2.666336664958231495e+02
1.969323920850672849e+01
1.303794550065254612e+02
1.074377650164349376e+02
4.740500406588838445e+01
3.531043884433481139e+01
4.415108140033826345e+01
5.276683628454206598e+01
7.212006375195794305e+01
2.386867956349790347e+02
7.294476127940373544e+01
3.610034855058246706e+01
6.827165377983381234e+01
2.467219941275679105e+02
5.645213210238440382e+01
3.379083517850087901e+02
3.432576224372847662e+01
1.244845154023877711e+02
1.000286437583260977e+02
1.112161288978326183e+02
1.142191786703286027e+02
1.056980999746157579e+02
1.411227525213182332e+02
2.988381964786106550e+02
1.390439325976337557e+02
1.097017831310691918e+02
1.371973725244058357e+02
3.081388777142604454e+02
1.154370041366759949e+02
3.832529044691806348e+02
1.096221023130384822e+02
1.675082435342146141e+02
3.829949096152076748e+01
5.619002574860652999e+01
4.817972232284385115e+01
9.505510521348183772e+01
2.348137069829757309e+02
6.196241230230091901e+01
4.512594737778390197e+01
7.097701462855943078e+01
2.356278019742816809e+02
5.603534065137002074e+01
2.598497480471050949e+02
3.974652011433234833e+01
1.208740289051990260e+02
3.842321621858767600e+01
3.760432794188714922e+01
8.097133569432585887e+01
2.449886336707506587e+02
5.233278947966595496e+01
3.131722833157626695e+01
6.083295487230341791e+01
2.502165432653108610e+02
4.519543251206665246e+01
2.664706438211712793e+02
2.581336523132019067e+01
1.253483448274028973e+02
5.411923054713908954e+01
8.542848688804154733e+01
2.222193816649733833e+02
7.053055429390180109e+01
3.911956802421997281e+01
8.715086545982477162e+01
2.614737711712880355e+02
6.033377114374302153e+01
2.903305771450540647e+02
4.098582470147788115e+01
1.381824555229814848e+02
8.630158633683812752e+01
2.335768538378134735e+02
3.911416716424804463e+01
3.274940859038510865e+01
7.643744241813426754e+01
2.498111674941664830e+02
4.173046251814736962e+01
2.810590480063548284e+02
4.170476115381295301e+01
1.076583986242474822e+02
2.651107241444783540e+02
9.493316361613157994e+01
7.781700802247470961e+01
8.351084734874149262e+01
2.462783110077516540e+02
8.916902196304322104e+01
4.447854162319779334e+02
8.077891718236701024e+01
1.500752347474406179e+02
2.639941575262532751e+02
2.376779249761610231e+02
2.846079467689673379e+02
3.253424569396360653e+02
2.265654427178412789e+02
3.755686550113312023e+02
2.635299747092942653e+02
2.552155475375235483e+02
4.134922271338691502e+01
7.472729540808055049e+01
2.773462531292118456e+02
3.289868383184936818e+01
3.233616016349203619e+02
5.904371821639896467e+01
1.221603034962702310e+02
6.733278329345537827e+01
2.514131919974363143e+02
3.257565217040970396e+01
2.572983947734697949e+02
3.248652452441893956e+01
1.179146938736101617e+02
2.336962617683598751e+02
7.229220625813309198e+01
4.162742766674303994e+02
6.649375405954836538e+01
1.187364902078238913e+02
2.502259974706532830e+02
5.006040836875783953e+02
2.632298360618682977e+02
2.372872067775317362e+02
2.807916440417465651e+02
5.173660790658813369e+01
1.236637074337631361e+02
2.741333036003056804e+02
3.150097554930728734e+02
1.282791188522509174e+02
