2.000000000000000000e+01 6.000000000000000000e+01 1.382179271036626389e+01 2.000000000000000000e+00
6.000000000000000000e+00 7.400000000000000000e+01 1.459437238072649556e+01 2.000000000000000000e+00
4.700000000000000000e+01 7.700000000000000000e+01 1.462218935231284966e+01 2.000000000000000000e+00
3.600000000000000000e+01 8.300000000000000000e+01 1.697266738896330907e+01 3.000000000000000000e+00
5.400000000000000000e+01 6.700000000000000000e+01 1.715574660485829028e+01 2.000000000000000000e+00
2.900000000000000000e+01 5.300000000000000000e+01 1.754146342599892350e+01 2.000000000000000000e+00
5.800000000000000000e+01 6.100000000000000000e+01 1.831547958157524647e+01 2.000000000000000000e+00
2.500000000000000000e+01 3.700000000000000000e+01 1.908609100952947912e+01 2.000000000000000000e+00
7.200000000000000000e+01 8.100000000000000000e+01 2.002253202024098400e+01 3.000000000000000000e+00
8.000000000000000000e+00 3.900000000000000000e+01 2.047879984634399975e+01 2.000000000000000000e+00
2.200000000000000000e+01 3.500000000000000000e+01 2.057919748838803997e+01 2.000000000000000000e+00
5.000000000000000000e+00 8.200000000000000000e+01 2.066520266069807832e+01 3.000000000000000000e+00
3.400000000000000000e+01 8.800000000000000000e+01 2.108979744561595737e+01 3.000000000000000000e+00
2.700000000000000000e+01 8.600000000000000000e+01 2.133147583218418220e+01 3.000000000000000000e+00
8.400000000000000000e+01 8.900000000000000000e+01 2.158913263797810700e+01 6.000000000000000000e+00
9.000000000000000000e+00 4.400000000000000000e+01 2.321664795241363421e+01 2.000000000000000000e+00
4.800000000000000000e+01 9.400000000000000000e+01 2.323222113854666304e+01 4.000000000000000000e+00
1.800000000000000000e+01 3.000000000000000000e+01 2.451926223842527364e+01 2.000000000000000000e+00
3.000000000000000000e+00 4.100000000000000000e+01 2.461140934073031872e+01 2.000000000000000000e+00
4.000000000000000000e+00 9.500000000000000000e+01 2.534228708091591642e+01 7.000000000000000000e+00
1.300000000000000000e+01 1.500000000000000000e+01 2.644869082846391350e+01 2.000000000000000000e+00
0.000000000000000000e+00 8.500000000000000000e+01 2.662408653803364444e+01 3.000000000000000000e+00
1.000000000000000000e+01 8.700000000000000000e+01 2.671544871340086402e+01 3.000000000000000000e+00
6.500000000000000000e+01 9.600000000000000000e+01 2.911812863172623622e+01 3.000000000000000000e+00
4.600000000000000000e+01 9.200000000000000000e+01 2.967043727478241522e+01 4.000000000000000000e+00
8.000000000000000000e+01 9.100000000000000000e+01 3.006769111053051446e+01 3.000000000000000000e+00
2.800000000000000000e+01 6.400000000000000000e+01 3.030148332749572049e+01 2.000000000000000000e+00
1.400000000000000000e+01 5.200000000000000000e+01 3.059071341092001006e+01 2.000000000000000000e+00
4.000000000000000000e+01 9.800000000000000000e+01 3.088175453902563916e+01 3.000000000000000000e+00
7.500000000000000000e+01 1.020000000000000000e+02 3.189689019900414735e+01 4.000000000000000000e+00
9.300000000000000000e+01 1.030000000000000000e+02 3.400997987965057234e+01 6.000000000000000000e+00
9.700000000000000000e+01 1.000000000000000000e+02 3.405696386680160259e+01 1.100000000000000000e+01
5.100000000000000000e+01 1.090000000000000000e+02 3.417946622563706427e+01 4.000000000000000000e+00
1.050000000000000000e+02 1.080000000000000000e+02 3.469324676553424780e+01 6.000000000000000000e+00
1.060000000000000000e+02 1.120000000000000000e+02 3.727647790793203342e+01 1.400000000000000000e+01
9.000000000000000000e+01 9.900000000000000000e+01 3.737524792705298182e+01 4.000000000000000000e+00
4.500000000000000000e+01 5.600000000000000000e+01 3.911416716424804463e+01 2.000000000000000000e+00
1.040000000000000000e+02 1.100000000000000000e+02 4.068322140589548042e+01 7.000000000000000000e+00
1.010000000000000000e+02 1.070000000000000000e+02 4.175144543415562026e+01 4.000000000000000000e+00
3.800000000000000000e+01 1.140000000000000000e+02 4.356115826344691300e+01 7.000000000000000000e+00
1.130000000000000000e+02 1.170000000000000000e+02 4.402526408996749296e+01 6.000000000000000000e+00
1.000000000000000000e+00 1.190000000000000000e+02 4.721468459812472673e+01 5.000000000000000000e+00
5.000000000000000000e+01 1.200000000000000000e+02 4.767574695789688377e+01 8.000000000000000000e+00
4.300000000000000000e+01 1.180000000000000000e+02 5.118333927787826809e+01 8.000000000000000000e+00
7.000000000000000000e+00 1.230000000000000000e+02 5.229772769548571176e+01 9.000000000000000000e+00
2.000000000000000000e+00 2.100000000000000000e+01 5.390774881220960424e+01 2.000000000000000000e+00
7.000000000000000000e+01 7.800000000000000000e+01 6.096037362013002792e+01 2.000000000000000000e+00
1.110000000000000000e+02 1.240000000000000000e+02 6.111492713502148177e+01 1.400000000000000000e+01
2.600000000000000000e+01 6.200000000000000000e+01 6.899675698631043019e+01 2.000000000000000000e+00
3.200000000000000000e+01 4.900000000000000000e+01 7.211229002976864422e+01 2.000000000000000000e+00
1.150000000000000000e+02 1.220000000000000000e+02 7.238125513742818384e+01 1.900000000000000000e+01
1.250000000000000000e+02 1.280000000000000000e+02 7.398367752840502476e+01 2.300000000000000000e+01
1.210000000000000000e+02 1.260000000000000000e+02 7.464232168554744362e+01 8.000000000000000000e+00
5.900000000000000000e+01 1.270000000000000000e+02 8.032733225320889403e+01 3.000000000000000000e+00
1.300000000000000000e+02 1.310000000000000000e+02 8.866030231630658420e+01 2.100000000000000000e+01
6.800000000000000000e+01 1.320000000000000000e+02 8.884306799782423525e+01 2.400000000000000000e+01
1.200000000000000000e+01 1.340000000000000000e+02 8.918193141358580078e+01 4.000000000000000000e+00
3.300000000000000000e+01 1.370000000000000000e+02 9.490739453131129721e+01 5.000000000000000000e+00
2.300000000000000000e+01 1.330000000000000000e+02 9.821646338310895885e+01 9.000000000000000000e+00
6.300000000000000000e+01 1.360000000000000000e+02 9.926851353765826502e+01 2.500000000000000000e+01
1.350000000000000000e+02 1.400000000000000000e+02 1.142548733596820654e+02 4.600000000000000000e+01
1.900000000000000000e+01 1.380000000000000000e+02 1.298682168772435261e+02 6.000000000000000000e+00
1.600000000000000000e+01 6.900000000000000000e+01 1.304081513631530242e+02 2.000000000000000000e+00
5.500000000000000000e+01 1.290000000000000000e+02 1.353190967666166387e+02 3.000000000000000000e+00
2.400000000000000000e+01 1.390000000000000000e+02 1.384400745082978972e+02 1.000000000000000000e+01
7.900000000000000000e+01 1.450000000000000000e+02 1.516328490910154869e+02 1.100000000000000000e+01
1.420000000000000000e+02 1.460000000000000000e+02 1.655812923276151309e+02 1.700000000000000000e+01
3.100000000000000000e+01 1.160000000000000000e+02 1.763272427812555350e+02 5.000000000000000000e+00
5.700000000000000000e+01 7.300000000000000000e+01 1.793272942151732252e+02 2.000000000000000000e+00
1.410000000000000000e+02 1.430000000000000000e+02 2.062545322548212710e+02 4.800000000000000000e+01
4.200000000000000000e+01 7.100000000000000000e+01 2.103372617489391416e+02 2.000000000000000000e+00
1.700000000000000000e+01 1.440000000000000000e+02 2.139898941646983133e+02 4.000000000000000000e+00
1.470000000000000000e+02 1.500000000000000000e+02 2.454229981840184394e+02 6.500000000000000000e+01
6.600000000000000000e+01 1.480000000000000000e+02 2.481627033953624846e+02 6.000000000000000000e+00
1.490000000000000000e+02 1.510000000000000000e+02 2.820928487869517767e+02 4.000000000000000000e+00
7.600000000000000000e+01 1.550000000000000000e+02 3.347551342036175015e+02 5.000000000000000000e+00
1.100000000000000000e+01 1.520000000000000000e+02 4.111824712945760325e+02 5.000000000000000000e+00
1.560000000000000000e+02 1.570000000000000000e+02 5.008285792620684447e+02 1.000000000000000000e+01
1.530000000000000000e+02 1.580000000000000000e+02 6.672592032524572687e+02 7.500000000000000000e+01
1.540000000000000000e+02 1.590000000000000000e+02 8.817504002836851669e+02 8.100000000000000000e+01
