2.400000000000000000e+01 3.400000000000000000e+01 4.069105623595896759e+01 2.000000000000000000e+00
9.000000000000000000e+01 9.500000000000000000e+01 5.448688008960635898e+01 2.000000000000000000e+00
3.000000000000000000e+00 7.300000000000000000e+01 7.558889067310565224e+01 2.000000000000000000e+00
3.300000000000000000e+01 6.400000000000000000e+01 7.788491551314052685e+01 2.000000000000000000e+00
1.300000000000000000e+01 6.100000000000000000e+01 8.575776408541901219e+01 2.000000000000000000e+00
1.600000000000000000e+01 1.030000000000000000e+02 1.286645687264053777e+02 2.000000000000000000e+00
2.100000000000000000e+01 1.170000000000000000e+02 1.334605915138783985e+02 2.000000000000000000e+00
4.700000000000000000e+01 6.600000000000000000e+01 1.791555541939230807e+02 2.000000000000000000e+00
2.800000000000000000e+01 1.040000000000000000e+02 1.811092467923015192e+02 2.000000000000000000e+00
1.230000000000000000e+02 1.290000000000000000e+02 1.842623792527523676e+02 4.000000000000000000e+00
8.500000000000000000e+01 9.400000000000000000e+01 2.108378951234374199e+02 2.000000000000000000e+00
4.400000000000000000e+01 6.800000000000000000e+01 2.161087430062045769e+02 2.000000000000000000e+00
6.900000000000000000e+01 1.110000000000000000e+02 2.189391991846055134e+02 2.000000000000000000e+00
2.000000000000000000e+00 1.270000000000000000e+02 2.350672982196023781e+02 3.000000000000000000e+00
4.000000000000000000e+00 3.100000000000000000e+01 2.706098392842366138e+02 2.000000000000000000e+00
1.130000000000000000e+02 1.250000000000000000e+02 2.724818014998960507e+02 3.000000000000000000e+00
5.200000000000000000e+01 1.060000000000000000e+02 2.841818470567151280e+02 2.000000000000000000e+00
6.700000000000000000e+01 1.280000000000000000e+02 2.943326011371038931e+02 3.000000000000000000e+00
9.900000000000000000e+01 1.140000000000000000e+02 3.202722831876126293e+02 2.000000000000000000e+00
1.330000000000000000e+02 1.400000000000000000e+02 3.712789854510365330e+02 5.000000000000000000e+00
1.300000000000000000e+02 1.320000000000000000e+02 3.822887072842195835e+02 6.000000000000000000e+00
1.340000000000000000e+02 1.390000000000000000e+02 3.902257311121981616e+02 4.000000000000000000e+00
1.400000000000000000e+01 1.000000000000000000e+02 4.385015243667544382e+02 2.000000000000000000e+00
1.100000000000000000e+02 1.360000000000000000e+02 4.686303790208912687e+02 4.000000000000000000e+00
1.200000000000000000e+01 5.000000000000000000e+01 4.746608950716149593e+02 2.000000000000000000e+00
1.090000000000000000e+02 1.180000000000000000e+02 4.832040091891840348e+02 2.000000000000000000e+00
1.900000000000000000e+01 4.500000000000000000e+01 4.986095009032915186e+02 2.000000000000000000e+00
1.500000000000000000e+01 5.300000000000000000e+01 5.064835732053809352e+02 2.000000000000000000e+00
1.100000000000000000e+01 2.500000000000000000e+01 5.469484264289158091e+02 2.000000000000000000e+00
1.310000000000000000e+02 1.490000000000000000e+02 5.528274560329277847e+02 4.000000000000000000e+00
2.200000000000000000e+01 1.410000000000000000e+02 5.563779242911988376e+02 3.000000000000000000e+00
1.380000000000000000e+02 1.420000000000000000e+02 5.633560650820124920e+02 8.000000000000000000e+00
7.700000000000000000e+01 7.900000000000000000e+01 5.921541433106267505e+02 2.000000000000000000e+00
9.800000000000000000e+01 1.120000000000000000e+02 5.950097511843489428e+02 2.000000000000000000e+00
1.350000000000000000e+02 1.460000000000000000e+02 6.076708068471959905e+02 6.000000000000000000e+00
1.370000000000000000e+02 1.450000000000000000e+02 6.660837848610914307e+02 4.000000000000000000e+00
3.800000000000000000e+01 7.000000000000000000e+01 6.876800765084517479e+02 2.000000000000000000e+00
3.000000000000000000e+01 1.470000000000000000e+02 7.036769021242580493e+02 3.000000000000000000e+00
9.600000000000000000e+01 1.080000000000000000e+02 7.053066624197886085e+02 2.000000000000000000e+00
1.240000000000000000e+02 1.530000000000000000e+02 7.193174231793992703e+02 5.000000000000000000e+00
1.430000000000000000e+02 1.570000000000000000e+02 7.443598955121618701e+02 1.200000000000000000e+01
7.000000000000000000e+00 3.200000000000000000e+01 7.755753790170629145e+02 2.000000000000000000e+00
1.580000000000000000e+02 1.610000000000000000e+02 8.187493908901784607e+02 6.000000000000000000e+00
2.000000000000000000e+01 1.440000000000000000e+02 8.567328678783811711e+02 5.000000000000000000e+00
1.500000000000000000e+02 1.540000000000000000e+02 8.890266974608441615e+02 1.000000000000000000e+01
9.700000000000000000e+01 1.480000000000000000e+02 9.238917458247861987e+02 3.000000000000000000e+00
6.000000000000000000e+01 1.190000000000000000e+02 9.292444544824679724e+02 2.000000000000000000e+00
1.520000000000000000e+02 1.550000000000000000e+02 9.480138692869461465e+02 6.000000000000000000e+00
7.600000000000000000e+01 1.260000000000000000e+02 1.013012103599877491e+03 3.000000000000000000e+00
9.100000000000000000e+01 1.560000000000000000e+02 1.046428617400842541e+03 3.000000000000000000e+00
8.700000000000000000e+01 1.510000000000000000e+02 1.056903781067072259e+03 3.000000000000000000e+00
4.300000000000000000e+01 1.600000000000000000e+02 1.114143552179002199e+03 4.000000000000000000e+00
8.200000000000000000e+01 9.300000000000000000e+01 1.148460967920674193e+03 2.000000000000000000e+00
4.000000000000000000e+01 1.640000000000000000e+02 1.159731081362219584e+03 3.000000000000000000e+00
2.300000000000000000e+01 1.070000000000000000e+02 1.301635403636723140e+03 2.000000000000000000e+00
5.500000000000000000e+01 8.600000000000000000e+01 1.325702682639375553e+03 2.000000000000000000e+00
5.000000000000000000e+00 1.690000000000000000e+02 1.354807841850217073e+03 3.000000000000000000e+00
7.400000000000000000e+01 1.750000000000000000e+02 1.385641961584614819e+03 3.000000000000000000e+00
4.100000000000000000e+01 7.100000000000000000e+01 1.386495813790128068e+03 2.000000000000000000e+00
6.500000000000000000e+01 7.500000000000000000e+01 1.394213341919268260e+03 2.000000000000000000e+00
1.620000000000000000e+02 1.660000000000000000e+02 1.453207129848811292e+03 1.000000000000000000e+01
2.700000000000000000e+01 5.400000000000000000e+01 1.456386212352016628e+03 2.000000000000000000e+00
1.630000000000000000e+02 1.650000000000000000e+02 1.489068179463924707e+03 1.800000000000000000e+01
8.000000000000000000e+00 1.010000000000000000e+02 1.549997438221695575e+03 2.000000000000000000e+00
8.900000000000000000e+01 1.590000000000000000e+02 1.562996649819865070e+03 3.000000000000000000e+00
3.900000000000000000e+01 1.760000000000000000e+02 1.584635877704442009e+03 4.000000000000000000e+00
9.200000000000000000e+01 1.740000000000000000e+02 1.593764545474952229e+03 5.000000000000000000e+00
8.400000000000000000e+01 1.680000000000000000e+02 1.638371694766495011e+03 4.000000000000000000e+00
1.670000000000000000e+02 1.770000000000000000e+02 1.671872727714871644e+03 1.200000000000000000e+01
4.900000000000000000e+01 8.300000000000000000e+01 1.704286944815746210e+03 2.000000000000000000e+00
2.900000000000000000e+01 8.100000000000000000e+01 1.781349630063202767e+03 2.000000000000000000e+00
1.220000000000000000e+02 1.850000000000000000e+02 1.867307874170358218e+03 1.900000000000000000e+01
1.730000000000000000e+02 1.820000000000000000e+02 1.922903229591190666e+03 5.000000000000000000e+00
1.710000000000000000e+02 1.830000000000000000e+02 1.961731342366221952e+03 1.300000000000000000e+01
1.780000000000000000e+02 1.890000000000000000e+02 1.982266776592800625e+03 7.000000000000000000e+00
1.700000000000000000e+02 1.910000000000000000e+02 2.001241673324915837e+03 1.800000000000000000e+01
4.200000000000000000e+01 1.210000000000000000e+02 2.005959813813406981e+03 2.000000000000000000e+00
6.200000000000000000e+01 1.810000000000000000e+02 2.061915587029331164e+03 3.000000000000000000e+00
8.000000000000000000e+01 1.920000000000000000e+02 2.116156336698639279e+03 3.000000000000000000e+00
1.790000000000000000e+02 1.970000000000000000e+02 2.223601344794176839e+03 1.000000000000000000e+01
5.700000000000000000e+01 1.800000000000000000e+02 2.265990071206631455e+03 4.000000000000000000e+00
1.700000000000000000e+01 1.720000000000000000e+02 2.461226047658018615e+03 4.000000000000000000e+00
1.160000000000000000e+02 1.950000000000000000e+02 2.510517413614857105e+03 6.000000000000000000e+00
6.300000000000000000e+01 1.020000000000000000e+02 2.512343357288011248e+03 2.000000000000000000e+00
1.930000000000000000e+02 1.990000000000000000e+02 2.609700638822893325e+03 4.000000000000000000e+00
1.860000000000000000e+02 2.040000000000000000e+02 2.690838872642030765e+03 6.000000000000000000e+00
1.840000000000000000e+02 2.010000000000000000e+02 2.691570230539836302e+03 5.000000000000000000e+00
1.880000000000000000e+02 1.940000000000000000e+02 2.703376726754257106e+03 2.300000000000000000e+01
1.000000000000000000e+01 2.050000000000000000e+02 2.719773363992113900e+03 7.000000000000000000e+00
5.800000000000000000e+01 2.020000000000000000e+02 2.726621605042689680e+03 1.100000000000000000e+01
0.000000000000000000e+00 2.060000000000000000e+02 2.792429551683198042e+03 3.000000000000000000e+00
5.100000000000000000e+01 1.980000000000000000e+02 2.820631019946451033e+03 1.900000000000000000e+01
1.900000000000000000e+02 1.960000000000000000e+02 3.189692505210424315e+03 1.700000000000000000e+01
1.000000000000000000e+00 9.000000000000000000e+00 3.448849052470533934e+03 2.000000000000000000e+00
2.000000000000000000e+02 2.100000000000000000e+02 3.482432975732328941e+03 2.600000000000000000e+01
2.030000000000000000e+02 2.110000000000000000e+02 3.488449735293576396e+03 1.100000000000000000e+01
5.600000000000000000e+01 2.090000000000000000e+02 3.532507729957697393e+03 6.000000000000000000e+00
6.000000000000000000e+00 1.870000000000000000e+02 3.582619988296891279e+03 4.000000000000000000e+00
7.200000000000000000e+01 1.200000000000000000e+02 3.659328609157365918e+03 2.000000000000000000e+00
3.600000000000000000e+01 2.070000000000000000e+02 3.799992508175795592e+03 5.000000000000000000e+00
2.080000000000000000e+02 2.120000000000000000e+02 4.025268879313533944e+03 1.700000000000000000e+01
4.800000000000000000e+01 2.180000000000000000e+02 4.088164087621362796e+03 1.200000000000000000e+01
2.140000000000000000e+02 2.200000000000000000e+02 4.285864351207390428e+03 2.300000000000000000e+01
8.800000000000000000e+01 2.130000000000000000e+02 4.442975179103594201e+03 4.000000000000000000e+00
3.700000000000000000e+01 2.170000000000000000e+02 5.045382210863278488e+03 2.700000000000000000e+01
1.800000000000000000e+01 1.150000000000000000e+02 5.179108382895014074e+03 2.000000000000000000e+00
3.500000000000000000e+01 1.050000000000000000e+02 5.352143880522971813e+03 2.000000000000000000e+00
2.190000000000000000e+02 2.240000000000000000e+02 5.802366485377365279e+03 1.800000000000000000e+01
2.230000000000000000e+02 2.250000000000000000e+02 5.884812326851072612e+03 4.000000000000000000e+01
2.220000000000000000e+02 2.260000000000000000e+02 6.036949166356340356e+03 9.000000000000000000e+00
2.280000000000000000e+02 2.290000000000000000e+02 6.531495887071793732e+03 4.000000000000000000e+00
2.210000000000000000e+02 2.300000000000000000e+02 6.586775568556655344e+03 2.000000000000000000e+01
2.150000000000000000e+02 2.310000000000000000e+02 7.030951932606902119e+03 5.700000000000000000e+01
2.270000000000000000e+02 2.350000000000000000e+02 8.096446406359935281e+03 8.400000000000000000e+01
2.160000000000000000e+02 2.340000000000000000e+02 8.255016273846280455e+03 2.200000000000000000e+01
4.600000000000000000e+01 2.320000000000000000e+02 8.856132713219501966e+03 1.000000000000000000e+01
2.330000000000000000e+02 2.380000000000000000e+02 9.996899075332028588e+03 1.400000000000000000e+01
7.800000000000000000e+01 2.370000000000000000e+02 1.084953043162221184e+04 2.300000000000000000e+01
5.900000000000000000e+01 2.400000000000000000e+02 1.144318531356450148e+04 2.400000000000000000e+01
2.390000000000000000e+02 2.410000000000000000e+02 1.649944407514500199e+04 3.800000000000000000e+01
2.600000000000000000e+01 2.360000000000000000e+02 2.412967884249114650e+04 8.500000000000000000e+01
2.420000000000000000e+02 2.430000000000000000e+02 2.937754611615127578e+04 1.230000000000000000e+02
