6.000000000000000000e+01 6.600000000000000000e+01 6.223655741289258003e+01 2.000000000000000000e+00
1.400000000000000000e+01 3.000000000000000000e+01 1.040802324564303944e+02 2.000000000000000000e+00
2.000000000000000000e+00 2.800000000000000000e+01 1.141665499890536921e+02 2.000000000000000000e+00
2.100000000000000000e+01 2.400000000000000000e+01 1.369438823883933765e+02 2.000000000000000000e+00
1.000000000000000000e+01 2.700000000000000000e+01 1.560246472569451726e+02 2.000000000000000000e+00
1.100000000000000000e+01 3.300000000000000000e+01 1.858058931424457114e+02 2.000000000000000000e+00
6.900000000000000000e+01 7.000000000000000000e+01 1.907218448275741878e+02 4.000000000000000000e+00
1.800000000000000000e+01 6.800000000000000000e+01 1.945532789664721349e+02 2.000000000000000000e+00
6.300000000000000000e+01 7.200000000000000000e+01 2.065681517396508866e+02 3.000000000000000000e+00
1.900000000000000000e+01 6.200000000000000000e+01 2.594316795511695091e+02 2.000000000000000000e+00
4.000000000000000000e+00 5.000000000000000000e+00 2.652627192162717620e+02 2.000000000000000000e+00
7.300000000000000000e+01 7.500000000000000000e+01 2.667233044705191105e+02 6.000000000000000000e+00
1.000000000000000000e+00 7.000000000000000000e+00 2.749724541684545329e+02 2.000000000000000000e+00
1.200000000000000000e+01 6.700000000000000000e+01 2.832675395694423059e+02 2.000000000000000000e+00
5.700000000000000000e+01 7.100000000000000000e+01 2.928420151472306543e+02 3.000000000000000000e+00
1.700000000000000000e+01 7.700000000000000000e+01 2.971259119121487515e+02 4.000000000000000000e+00
6.500000000000000000e+01 7.600000000000000000e+01 3.042779148185207418e+02 3.000000000000000000e+00
2.000000000000000000e+01 8.000000000000000000e+01 3.096667069212759884e+02 7.000000000000000000e+00
5.400000000000000000e+01 8.500000000000000000e+01 3.579744226180420696e+02 4.000000000000000000e+00
6.000000000000000000e+00 7.900000000000000000e+01 3.785809253137118162e+02 3.000000000000000000e+00
7.400000000000000000e+01 8.300000000000000000e+01 4.054913619136090119e+02 5.000000000000000000e+00
2.500000000000000000e+01 3.800000000000000000e+01 4.782485724579910311e+02 2.000000000000000000e+00
2.600000000000000000e+01 4.100000000000000000e+01 5.142172972823409509e+02 2.000000000000000000e+00
3.000000000000000000e+00 7.800000000000000000e+01 5.351088419178403228e+02 3.000000000000000000e+00
3.900000000000000000e+01 8.100000000000000000e+01 5.416645761779761870e+02 3.000000000000000000e+00
1.300000000000000000e+01 8.200000000000000000e+01 5.573395220793664748e+02 3.000000000000000000e+00
3.100000000000000000e+01 8.400000000000000000e+01 6.536557394172339173e+02 5.000000000000000000e+00
8.000000000000000000e+00 1.500000000000000000e+01 6.740870467903046119e+02 2.000000000000000000e+00
9.000000000000000000e+00 4.200000000000000000e+01 7.865892427224425774e+02 2.000000000000000000e+00
8.700000000000000000e+01 9.200000000000000000e+01 8.225352845025579427e+02 7.000000000000000000e+00
0.000000000000000000e+00 6.400000000000000000e+01 8.385047511891962131e+02 2.000000000000000000e+00
8.900000000000000000e+01 9.000000000000000000e+01 8.486990098990874003e+02 7.000000000000000000e+00
8.800000000000000000e+01 9.400000000000000000e+01 8.864355874855606316e+02 6.000000000000000000e+00
4.900000000000000000e+01 5.900000000000000000e+01 9.128629772528074682e+02 2.000000000000000000e+00
8.600000000000000000e+01 9.300000000000000000e+01 9.169105656773131159e+02 1.000000000000000000e+01
9.500000000000000000e+01 1.030000000000000000e+02 9.437456214661315244e+02 1.500000000000000000e+01
2.300000000000000000e+01 9.100000000000000000e+01 9.772345944321124307e+02 3.000000000000000000e+00
3.200000000000000000e+01 1.000000000000000000e+02 9.983796861215205354e+02 8.000000000000000000e+00
4.000000000000000000e+01 9.700000000000000000e+01 1.089055749395867906e+03 3.000000000000000000e+00
9.600000000000000000e+01 9.800000000000000000e+01 1.141357673557666430e+03 9.000000000000000000e+00
2.900000000000000000e+01 1.010000000000000000e+02 1.356872389492984667e+03 7.000000000000000000e+00
3.400000000000000000e+01 1.060000000000000000e+02 1.495676910131697241e+03 9.000000000000000000e+00
1.040000000000000000e+02 1.080000000000000000e+02 1.522361235941132918e+03 2.400000000000000000e+01
4.400000000000000000e+01 5.300000000000000000e+01 1.597933426063678780e+03 2.000000000000000000e+00
5.000000000000000000e+01 9.900000000000000000e+01 1.660625722621606883e+03 3.000000000000000000e+00
1.020000000000000000e+02 1.100000000000000000e+02 1.753281773144050248e+03 1.100000000000000000e+01
4.800000000000000000e+01 5.600000000000000000e+01 1.987211848312544134e+03 2.000000000000000000e+00
3.500000000000000000e+01 1.050000000000000000e+02 2.123359656809449007e+03 4.000000000000000000e+00
1.070000000000000000e+02 1.090000000000000000e+02 2.195778012731397212e+03 1.000000000000000000e+01
1.130000000000000000e+02 1.160000000000000000e+02 2.273551605336806915e+03 7.000000000000000000e+00
3.700000000000000000e+01 4.700000000000000000e+01 2.546468360037319599e+03 2.000000000000000000e+00
1.110000000000000000e+02 1.140000000000000000e+02 3.230710496436734047e+03 3.500000000000000000e+01
3.600000000000000000e+01 1.170000000000000000e+02 3.435431693293577155e+03 1.100000000000000000e+01
4.500000000000000000e+01 1.150000000000000000e+02 3.750624270453103236e+03 3.000000000000000000e+00
1.120000000000000000e+02 1.180000000000000000e+02 3.773998163791764910e+03 9.000000000000000000e+00
5.100000000000000000e+01 1.220000000000000000e+02 3.888052721363726960e+03 4.000000000000000000e+00
4.600000000000000000e+01 1.190000000000000000e+02 4.875695620456142933e+03 3.000000000000000000e+00
5.200000000000000000e+01 1.200000000000000000e+02 4.990111608567652183e+03 3.600000000000000000e+01
2.200000000000000000e+01 5.800000000000000000e+01 5.337784197592267446e+03 2.000000000000000000e+00
1.230000000000000000e+02 1.260000000000000000e+02 5.675208239545218021e+03 4.500000000000000000e+01
1.210000000000000000e+02 1.280000000000000000e+02 6.216009481007682552e+03 5.600000000000000000e+01
5.500000000000000000e+01 6.100000000000000000e+01 6.500625515087558597e+03 2.000000000000000000e+00
4.300000000000000000e+01 1.240000000000000000e+02 6.934878269502526564e+03 5.000000000000000000e+00
1.270000000000000000e+02 1.310000000000000000e+02 7.340984417474250222e+03 7.000000000000000000e+00
1.600000000000000000e+01 1.290000000000000000e+02 8.744764680824499010e+03 5.700000000000000000e+01
1.250000000000000000e+02 1.330000000000000000e+02 1.360454513369464439e+04 6.000000000000000000e+01
1.300000000000000000e+02 1.320000000000000000e+02 1.596684220074568475e+04 9.000000000000000000e+00
1.340000000000000000e+02 1.350000000000000000e+02 4.305875694064492563e+04 6.900000000000000000e+01
