2.508950928379202014e+04
1.822088809644776575e+03
1.245669421564689037e+04
3.636755113481258832e+03
1.595091267463916665e+03
1.419829491250195588e+03
2.309266969394923763e+03
1.468020978210349313e+03
4.681025444362090639e+03
1.506674914860799618e+03
3.349079459767559456e+03
1.643774127232484261e+03
2.691337554298774194e+03
1.955309106032633281e+04
1.187035688015578125e+04
2.769342850368742347e+03
2.799284518727011346e+03
1.817509421314093970e+03
1.044268996564102963e+03
1.744039016345433083e+03
2.019894242866910645e+04
2.621721474939115978e+03
8.670380797539470223e+03
2.355909947942444887e+03
3.867729468345316945e+03
1.133352162806581691e+04
2.804463875591986834e+03
1.783486636420361538e+04
2.510429350151011022e+03
2.729886813496840659e+03
6.264065556560047298e+03
1.618946035066284821e+04
9.589640666601160774e+03
6.807554657001067426e+03
2.051040235475421468e+03
2.051343482912824584e+03
1.159004408839949065e+03
2.230467594478975116e+03
1.379000029196726246e+03
2.439587672708906757e+04
2.284453560373547589e+03
9.015322081262133906e+02
1.821540595489819680e+03
1.495960056072275984e+04
1.563634927112698460e+04
3.139456076855463380e+03
1.128387751115018909e+04
2.855992667021040688e+03
2.483193356505982592e+03
2.447258477570107971e+03
4.322244845822396201e+03
3.405254325285862706e+03
1.270501514260413387e+04
1.755120173310609516e+03
2.115579041998433695e+03
4.933711481811747035e+03
1.851869595086535810e+03
5.598354222131923052e+03
2.100375702799336977e+03
2.189439059772112614e+03
1.008007715981282672e+04
3.614132142582138385e+03
1.308670198766961221e+03
1.949559975214088581e+03
2.533138837005172718e+03
3.800396942528947875e+03
1.917646996980677068e+04
7.741323539250115573e+03
2.139897023898329280e+03
5.554490319343424744e+03
4.079412239702967327e+03
2.568554396402829298e+04
2.996779793629361848e+03
1.175012029285011522e+04
2.319888886047929191e+04
5.155276561132675852e+04
2.765250243756152122e+04
2.116664304312310924e+04
1.892722004387899142e+04
2.506476214189146413e+04
2.434069450211543881e+04
4.018107059634240431e+04
2.386588519297061066e+04
1.998485898875107887e+04
2.226964392134489390e+04
2.301415551738935756e+04
1.326561919486146508e+03
2.536320350168876394e+04
2.316437962687050458e+04
2.042433019776510628e+04
1.837825720467873907e+04
2.190113911001445740e+04
2.588737572377538163e+04
1.228673073372560975e+04
1.900846045995866734e+04
3.913097458408430248e+04
2.036528347631506767e+04
2.760697267592863500e+04
2.211521065636669664e+04
3.221871737378854596e+04
3.718941220944135421e+04
2.654883741394328172e+04
2.376094625533300132e+04
3.066380457425793065e+04
2.685545861591246285e+04
3.423376421309248690e+04
4.032728474970261595e+04
1.744047758646355942e+04
2.559766144334866112e+04
2.457598283373863160e+04
1.556887475347930376e+04
2.468798420812570112e+04
2.682496812292421055e+03
1.943288918902130536e+04
2.642243764589642160e+04
3.301320845203482895e+04
1.649482007604875980e+04
2.844927902610517776e+04
2.287678822049127120e+04
3.688441558073266060e+04
2.540560529593711544e+04
2.680192711042297015e+04
1.964072942979398795e+04
5.172429771157576761e+04
3.594939978800808603e+04
3.462391991061583394e+04
2.871799926521366433e+04
2.397315701148597145e+04
2.798899242520538246e+04
2.785635707770024965e+04
3.552810512823883619e+04
2.205463669354771991e+04
3.162852017317381251e+04
4.768712224421450082e+04
1.997959949109955414e+04
2.180572223952711647e+04
2.472597298410626536e+04
2.361197295946458325e+04
5.539530516571665794e+04
3.411623083700957795e+04
3.237083241522429307e+04
1.935310452661047384e+04
4.747536692532151937e+04
2.967351341101739308e+04
1.409242400479266053e+03
2.277261140978022740e+04
2.442241728233794493e+04
1.566236817057039661e+04
4.368488141511488720e+03
9.129231079221981418e+02
2.086716768583664816e+03
1.302353117463797389e+03
1.681258250125171344e+03
3.156056741772755686e+03
2.025194532619349502e+03
3.202170296561654141e+03
1.995510077276606808e+03
1.964403521853023904e+03
1.824191213971423713e+04
1.760102810495886661e+04
2.792718828075034253e+03
1.796493656037454002e+03
2.203492640622665931e+03
1.248076991064912818e+03
1.308934753262876711e+03
1.571959955152309340e+04
9.846559677258487682e+02
1.252565892558073028e+04
9.598256006191945744e+02
5.333721153049511486e+03
9.183317870941824367e+03
1.908653973526378650e+03
2.237153345019984044e+04
2.053484042744071303e+03
1.965807735517308629e+03
7.673145015830610646e+03
2.266429696903740842e+04
1.066686166586297986e+04
1.009043112728152119e+04
9.846531368523824312e+02
2.268914622656470783e+03
1.246966850226790484e+03
1.286020263196751785e+03
1.855251337922237326e+03
2.221276331672153901e+04
1.588048751452392480e+03
1.558325391561724700e+03
3.476184817226006089e+03
1.350299407478864669e+04
1.996091127029648487e+04
1.585348378407771179e+03
1.588978705117582649e+04
2.755394128570757857e+03
3.042067731713004832e+03
1.077882138096507788e+03
4.473605241393996039e+03
4.615232324804139353e+03
1.503888502692021575e+04
3.101555316639699413e+03
1.659091233446172282e+03
5.156300227658765834e+03
1.836305308609774784e+03
7.019659913117461656e+03
1.052386597603415794e+03
2.562127746122531789e+03
1.008528616645347029e+04
2.243907921012707448e+03
1.322906132145611537e+03
2.121575882143725721e+03
3.187487826964561009e+03
5.643618658819575103e+03
2.651515285769231559e+04
8.641492153062574289e+03
2.544341861367277488e+03
3.520966529466012162e+03
6.574972229085680738e+03
2.349905973185563198e+04
1.713900858977185635e+03
1.474779197048064634e+04
1.580644878903063909e+04
1.410421314732190694e+04
1.351453645908782710e+04
1.549011847957114696e+04
1.348208685630929540e+04
1.899325932667534653e+04
1.376365608736770810e+04
1.602575187747229756e+04
1.306196611510208459e+04
1.625780888871959905e+04
4.534470125305357215e+04
2.121802248435029469e+04
1.585046656891738166e+04
1.664145942098506930e+04
1.432566020966624637e+04
1.405316997517855998e+04
1.473039166058661795e+04
3.826820607923593343e+04
1.609614482723887340e+04
2.192685805690180132e+04
1.577390598003257219e+04
1.784160560406017612e+04
2.708677103814936709e+04
1.570000146737050272e+04
2.338332005521112296e+04
1.668921575952056810e+04
1.559637177585844984e+04
2.069775807036426704e+04
1.872289729270540556e+04
1.350688124055447042e+04
8.146618604678575139e+03
1.445830023049137162e+04
1.518353052154844954e+04
1.401764378901690543e+04
1.477427369504809030e+04
1.490673575116666325e+04
4.926310709841000062e+04
1.562372573579959135e+04
1.391942598637917763e+04
1.556369563357427796e+04
3.533681922832627606e+04
1.856321212917637240e+04
1.754149276486355666e+04
1.266184358901735141e+04
1.653717854249704396e+04
1.419818948341930263e+04
1.718836648821008566e+04
1.658007160764748551e+04
1.696822322536250431e+04
1.241628986148019794e+04
1.296489092336057729e+04
1.594214567634233572e+04
1.560650939933747213e+04
1.680450876129367680e+04
1.936595301814920094e+04
1.565621288952121176e+04
1.754793289379767521e+04
2.075708749184821136e+04
1.702992065312457635e+04
1.354036851010292048e+04
1.451034311932979108e+04
1.597537537121254354e+04
1.427792195319650637e+04
2.505117551186866331e+04
2.109262958563312714e+04
1.546823652098934326e+04
2.323118456580684870e+04
1.636939916702269329e+04
5.041041165071027353e+04
1.634332633699998405e+04
2.118851288629023838e+04
5.003184056622202661e+03
4.282270884264070446e+03
3.587821646108533059e+03
4.844119022240269260e+03
1.067657154982238353e+04
4.141680081249247451e+03
8.435700268855413015e+03
6.560459224448824898e+03
5.905544622843721299e+03
1.839175869069523105e+04
1.178668179326621976e+04
2.965869530859029965e+03
4.424333020542356280e+03
5.840704868647047988e+03
3.531519975210120720e+03
3.756322511653438596e+03
2.127197635846737830e+04
5.169255775912652098e+03
8.912497740008560868e+03
4.488531096955779503e+03
2.454728814066566429e+03
1.421026186321442765e+04
5.004914107443146349e+03
1.503061290195871879e+04
6.684370160157569444e+03
6.472658037720345419e+03
4.587850190704181841e+03
1.483091715919446324e+04
7.628417420209504598e+03
9.077194903657748000e+03
4.538376450152762118e+03
6.620332477037207354e+03
4.085582920431189905e+03
4.403404255053690576e+03
4.382061927486282912e+03
2.243703799613990122e+04
4.625881087595062127e+03
3.800636907892429917e+03
6.546015384231386633e+03
1.620200827083697732e+04
1.339333275237540511e+04
6.736320918352050285e+03
1.095984808506270747e+04
9.196502547090331063e+03
6.542349687835010627e+03
5.000517897196166814e+03
8.904492221549393435e+03
1.024127191363254497e+04
1.282074491779643358e+04
7.342785634759492496e+03
6.226175106844005313e+03
1.623869028403259108e+03
3.971091680081658524e+03
4.085535820896006953e+03
5.611676974913825688e+03
7.421970305109463879e+03
1.595993386276970523e+04
5.919922244612092072e+03
3.813395277510740925e+03
5.314483578984410997e+03
5.841696774204526264e+03
7.012448254049073512e+03
1.957117784176162968e+04
3.569955451674415599e+03
5.084251430415843970e+03
9.217505831692018546e+03
1.516526251439178395e+03
2.581241643948181809e+04
7.485627539422755035e+03
1.590172033613284293e+04
1.398355072112826065e+03
8.957162292942834938e+02
1.719312209147796693e+03
2.955499109944893917e+03
1.638577368905389449e+03
2.255845846581693877e+03
1.041283307928103113e+03
8.646169490887323263e+02
1.645510990539019258e+04
1.630069925560169941e+04
2.311032149169675449e+03
1.614116515292759686e+03
1.250679792615053884e+03
1.206634695998613552e+03
1.944841557037113034e+03
1.573413010210536959e+04
6.173893695830324759e+02
1.218149223469576827e+04
9.888608597012412247e+02
5.015367913698748453e+03
9.429106890930310328e+03
1.651869937972330263e+03
2.133631268903079399e+04
2.106573064185899511e+03
1.593638492538192168e+03
7.606914931379777045e+03
2.120450388910637048e+04
1.102773271244116404e+04
8.999201619154622676e+03
6.606790176751042054e+02
1.518293077630531116e+03
1.248436596315043971e+03
6.997077182531679682e+02
1.343414701334902929e+03
2.078900627602899112e+04
7.711884162476712845e+02
1.613099592479475177e+03
2.665476529688955907e+03
1.367970411190900086e+04
1.829396735765014091e+04
1.194561750734609632e+03
1.605063748672707879e+04
2.128475314370537490e+03
1.899195419633020265e+03
4.785493465801700950e+02
3.417026609474005909e+03
3.323592359735597711e+03
1.469377950331035026e+04
2.068125511053201535e+03
6.359686399640522723e+02
5.876916666362870274e+03
1.867326842965908781e+03
8.552891686978480720e+03
3.858337446588220701e+02
1.944622345271692211e+03
9.643393890251254561e+03
1.609942866714982756e+03
6.666108531220825171e+02
1.592330255573250270e+03
2.234549741254804303e+03
5.147852826026326511e+03
2.555848273315695405e+04
9.538478671340137225e+03
1.543456170673807264e+03
4.473914736026546052e+03
7.028241312935711903e+03
2.196097336538716627e+04
1.316442695115055812e+03
1.206277388757293011e+04
2.165745200246264176e+03
1.428318257176497809e+03
4.948851110378142039e+03
1.160013878813227848e+03
2.748725228418565166e+03
7.341152597697819147e+02
2.554050508388613707e+03
1.358483955685180263e+04
1.140442462500954389e+04
2.409549357737373157e+03
2.716657226353192982e+03
1.385874770643663851e+03
6.521043004189782550e+02
2.548209521112074981e+03
1.607708216245002950e+04
2.155857138677668445e+03
9.492795102587999281e+03
2.086829445050391769e+03
4.290367551576797268e+03
1.078334015340405313e+04
3.353012526384336070e+03
1.844368719737751599e+04
2.180342335025578905e+03
3.226694892190952487e+03
7.446633854940861056e+03
1.755000074511284038e+04
1.019349964488218393e+04
7.701207265759757320e+03
1.641770754470179781e+03
1.710867083527601153e+03
1.234179457325103158e+03
1.574246241349146885e+03
4.246804911562612688e+02
1.749541404293545929e+04
2.270414024978766065e+03
1.265724086275265790e+03
2.075329387466078970e+03
1.272358496855845078e+04
1.450480187377814400e+04
2.833874948532851704e+03
1.325054853254714726e+04
2.917375900985938642e+03
2.442481427559241183e+03
1.960937875701566099e+03
5.055539617274679586e+03
3.561922100329149544e+03
1.296882650468827342e+04
1.828475706584008094e+03
1.352589164516798064e+03
5.649046379844108742e+03
1.658259020216436738e+03
6.789556687831964155e+03
1.902345938533167555e+03
2.291417303986102979e+03
1.003577283166525194e+04
3.516610055313655266e+03
9.370835801297951093e+02
1.800712336687057586e+03
2.621469201529600014e+03
5.620968823624267316e+03
2.094430919269346487e+04
8.574081466240138980e+03
1.354417862732899948e+03
6.468898020938153422e+03
4.987715635539610048e+03
1.910850022099941998e+04
3.109158218005381059e+03
1.007446929657656801e+04
2.692438609665039166e+03
3.820886909199194179e+03
2.537757301945924155e+03
3.805461671551868676e+03
2.311899080294685518e+03
1.427700202729627563e+03
2.119076130642340650e+04
1.605761199283714450e+04
2.070448790594895854e+03
1.899782722841436225e+03
2.888581113814531818e+03
1.905512880098565802e+03
2.110955795851525636e+03
1.742521212787838522e+04
1.064777477544444992e+03
1.125593688358073086e+04
9.405807569981525376e+02
3.985031439664935533e+03
9.804732749325539771e+03
1.614339242748710149e+03
2.048662691240036656e+04
3.604285064972017153e+03
2.322496819119819975e+03
5.603280700874754075e+03
2.091398548202426537e+04
9.678149154702809028e+03
1.093292169062595349e+04
1.200711775435663640e+03
2.978807200695008760e+03
2.033116841500134342e+03
9.988935703523611664e+02
2.182679867882972758e+03
2.491627706186187061e+04
1.324675997154911784e+03
2.430920902026392014e+03
3.941988943415170525e+03
1.505854533153435295e+04
1.815219856877579514e+04
2.316602659222513466e+03
1.445447898012803853e+04
4.026580280156984372e+03
3.300912701894911152e+03
1.044820099798767387e+03
4.713221967017456336e+03
5.402039841982740654e+03
1.408907625710569482e+04
3.532174385422918022e+03
1.884008714885882455e+03
4.231348675028113576e+03
2.427398621932323294e+03
7.930850642688917105e+03
1.123839845022596364e+03
3.637124476882144791e+03
1.004185901289529465e+04
1.951497419515249476e+03
9.108773294075808735e+02
2.904864335494015450e+03
2.702078264343970204e+03
6.436047792610174838e+03
2.423578384459171139e+04
7.128015128645640289e+03
2.769192149423035062e+03
5.058195910685153649e+03
5.345222637259477779e+03
2.468816842371755774e+04
2.132390836173507068e+03
1.337064341377931123e+04
4.387901474784958737e+03
1.476073359843008348e+03
3.169520673599730799e+03
1.611875062055887611e+03
2.988652125951653488e+03
1.935702984674784966e+04
1.401029886380563221e+04
3.253799085594919688e+03
2.986707320990646622e+03
1.441353362466209546e+03
8.132440262705567875e+02
2.125418309565127856e+03
1.923474678662813676e+04
2.403525517301073705e+03
1.136126085735408742e+04
2.055520410619733411e+03
5.462526961333662257e+03
1.139558077310455701e+04
2.323648904594322630e+03
1.944507779590822611e+04
1.642303950492215790e+03
2.572517725277302361e+03
8.682569610695702067e+03
1.853421740250826042e+04
1.030989889867602142e+04
7.772734956073370995e+03
1.791848906571222415e+03
1.877291929134741167e+03
7.350609328731261485e+02
2.351059885354057315e+03
1.182849664000139910e+03
2.265504515186370918e+04
2.567596831274810938e+03
8.877236515867261915e+02
2.845509604603970729e+03
1.534549368492126814e+04
1.728425466801472066e+04
2.927041265722324169e+03
1.417995448893035245e+04
2.924594002716594787e+03
2.012304870176743407e+03
2.376825409840032989e+03
5.208406791750634511e+03
3.220093671197480489e+03
1.352700330668529568e+04
2.417429764427159625e+03
1.963352114269564026e+03
6.157114740264010834e+03
1.331706577532780557e+03
6.174897882242645210e+03
2.221718472607804870e+03
2.070340045261570140e+03
1.156570073326131387e+04
3.526868833462880048e+03
1.703868291292426875e+03
1.614030434573898674e+03
3.566707671696472062e+03
4.580542357716421066e+03
2.306745697121266130e+04
9.571023982316426554e+03
2.100790840108760676e+03
5.511364813935373604e+03
6.203026539690838035e+03
2.492294828267822595e+04
3.310631075911342123e+03
1.156341041265114109e+04
3.597594088719384217e+03
4.023869355509378693e+03
4.005730674207403808e+03
3.298369910692837493e+03
3.825895564358294359e+04
3.509186005287834996e+04
6.000494738837513069e+03
3.678253756594061542e+03
3.393463904087041101e+03
4.307443914722041882e+03
4.742407704344179365e+03
2.660777923304922297e+04
2.743870397676250832e+03
1.803867221200300628e+04
2.766200117366001905e+03
1.079141352718395865e+04
1.099274792583508861e+04
3.710881712562448229e+03
2.784310634407940233e+04
4.619519816722292489e+03
2.066855419547030579e+03
1.246198591217601279e+04
3.527278847141139704e+04
1.719408288435345094e+04
1.279948242523614317e+04
3.195636981541036221e+03
3.519573333611172529e+03
3.577294612069925734e+03
3.385556664516224828e+03
4.040626062850274138e+03
4.112447073920094408e+04
2.808502775103711429e+03
4.528715494621532343e+03
5.925369581472059508e+03
3.028540374420579610e+04
3.560374542094255594e+04
2.988671625138379568e+03
2.292989007792627672e+04
3.964238906910186870e+03
3.673535933027304054e+03
2.950227585410508709e+03
7.115990331389441053e+03
5.137149813147461828e+03
2.019982737007211108e+04
5.024025943157659640e+03
3.254790480744388333e+03
1.046707030737290188e+04
4.254267313659914180e+03
1.214902387067383279e+04
2.766709731611860661e+03
4.627385289206368725e+03
1.152821654696256337e+04
3.638792048460557453e+03
3.446584391682991736e+03
3.931044753246451364e+03
4.724725681365353921e+03
7.177252555588411269e+03
4.088731745413056342e+04
1.372884114434242474e+04
3.652482343112146737e+03
5.604350062707114375e+03
1.283054561501512399e+04
4.161544609461579239e+04
2.579648065860425049e+03
1.624571279987991875e+04
1.892157612735357816e+03
1.264581565518923526e+03
2.137228024950389226e+03
1.871943128041586897e+04
1.497781204286919819e+04
2.147976324164535981e+03
2.006038262339148787e+03
8.058636929144508940e+02
1.140656624065736651e+03
2.777524901559063437e+03
1.867157028752830956e+04
2.315142888402227982e+03
9.086613864798204304e+03
2.448320829041024354e+03
4.290620391543150618e+03
1.140543035457176666e+04
3.073768914307486739e+03
1.916809935031996429e+04
2.207642741012466104e+03
2.170925483894810895e+03
6.513930641824140366e+03
1.846694906826275474e+04
1.122486986902230092e+04
7.065267060823679458e+03
1.726228035046127388e+03
1.260027079728412900e+03
1.052735797165148597e+03
1.873375183045091262e+03
1.030604469526091634e+03
2.317170661211373954e+04
1.838238714544317418e+03
1.371324595051055894e+03
2.397210200009269101e+03
1.518885127914544501e+04
1.756081246734246088e+04
2.471453095922512603e+03
1.451469444764433865e+04
2.393243783895597062e+03
1.300969780405382608e+03
2.162272019923550488e+03
5.198012466580490582e+03
2.391763387284468536e+03
1.554094936033578051e+04
2.363192439662505876e+03
1.575839078887927826e+03
6.242347513095166505e+03
1.800733324621921383e+03
7.905521927880596195e+03
2.062644586549162796e+03
2.479055060483315174e+03
1.046811350550051429e+04
2.758875161639113685e+03
1.154767237324496364e+03
5.579522884425241500e+02
2.357712961233546594e+03
4.640874346707721088e+03
2.214747630646352627e+04
1.024879475338686825e+04
1.019211348722154526e+03
5.777079270836496107e+03
5.848542946605138241e+03
2.441961018292928929e+04
2.583091272402485174e+03
9.958141688554771463e+03
2.454860402964307468e+03
1.800731621144645942e+03
1.620619899450326739e+04
1.939090751866806386e+04
3.863249655665999853e+03
2.130689597146422329e+03
1.433375127521799186e+03
2.805108347293636143e+03
3.791008737001566260e+03
1.533617014548910265e+04
2.551153086131584587e+03
1.315844897760078129e+04
3.243559817667257448e+03
7.635251593705668711e+03
1.076768832817083421e+04
4.604827386861329614e+03
2.155094228227729764e+04
2.644397191175112312e+03
2.489959068008591657e+03
9.823726495305494609e+03
2.271952688602194758e+04
1.480554247152810058e+04
9.001753290387221568e+03
2.350858865935675567e+03
1.205620817663118942e+03
2.605256957388356568e+03
2.536828910832733982e+03
2.728969540889253949e+03
2.092857239191516419e+04
1.568883056695777668e+03
3.154294495147160433e+03
4.485283174890152623e+03
1.517138638661983168e+04
2.055757347954699799e+04
1.719942883986881043e+03
1.802958127406272251e+04
1.680756408719538740e+03
1.839889776596310185e+03
2.575244566179302637e+03
4.813197039868323373e+03
1.553828311194648450e+03
1.821742725822839566e+04
3.368349514026167526e+03
1.944740961509914086e+03
9.978532244164893200e+03
3.172817353159252889e+03
1.120308074504812612e+04
2.100117346417315730e+03
2.850239331933039011e+03
9.783461479783631148e+03
2.610644980163465789e+03
2.571120038215639397e+03
2.086781481535439525e+03
3.290990574474293680e+03
6.363611541780717744e+03
2.695736192037372166e+04
1.307979102554338533e+04
1.119348934202972032e+03
7.148721021598386869e+03
1.031811963068479236e+04
2.057283824083051877e+04
2.395359159498992085e+03
1.194546272728235272e+04
2.218663764595085922e+03
1.737210495950687618e+04
1.629348165994966439e+04
3.267353062162604601e+03
2.995224064374758200e+03
1.045666646080989722e+03
1.118330533569977433e+03
2.770994418272938674e+03
1.793022246386928964e+04
1.939361289107516313e+03
1.194536506783097138e+04
2.090349702183830232e+03
6.380371899263303931e+03
1.059246925614514475e+04
3.311587671280692575e+03
2.078299695949630768e+04
2.069848584783280785e+03
2.521925654665098591e+03
9.701874316467230528e+03
1.972525160562153906e+04
1.262354473660737676e+04
8.057480272712559781e+03
1.536065839806160966e+03
1.464988268811692251e+03
1.351875969585702933e+03
1.598384537737870687e+03
6.243087499206626489e+02
2.128468475401197065e+04
2.003982303205700418e+03
1.607253400283838801e+03
2.149841975800915861e+03
1.436886184328648960e+04
1.878432523516635410e+04
2.314986115641046581e+03
1.698027783210702546e+04
2.411524157417176866e+03
1.959902180949397916e+03
1.756324227600790891e+03
5.190806281268816747e+03
2.839413054302023284e+03
1.524015274647028673e+04
1.271834112941369767e+03
1.066112342994356823e+03
7.763359105085624833e+03
2.141338556663900363e+03
8.383115799844727007e+03
1.481938949732287711e+03
1.973424681358136695e+03
9.814747781742917141e+03
3.324921773555641721e+03
1.140540849979478480e+03
1.445163345938129623e+03
2.682002104183250594e+03
5.573835717905953970e+03
2.569532439378482013e+04
1.145310385280189439e+04
1.249440393142723224e+03
5.944870205766686013e+03
8.050092258763202153e+03
2.248026611071336447e+04
2.366083849209350774e+03
1.079126895593461086e+04
1.843449523908319679e+04
1.987922577624504265e+04
2.289315007116952074e+03
1.370139355200522459e+03
1.733603825857330321e+03
2.520160313180788762e+03
2.720060282842951437e+03
1.629207845073783392e+04
1.174743056165151302e+03
1.242321148809203078e+04
1.583026672506071918e+03
5.758728733912545067e+03
9.791836520172171731e+03
2.429589236650765088e+03
2.247600829928838357e+04
3.376109678925139633e+03
1.739965242876171033e+03
7.251912636628199834e+03
2.441347694156345460e+04
1.221972718441249526e+04
9.494992059238216825e+03
1.655315816410523439e+03
2.084725889357573124e+03
2.483704355531014698e+03
1.333871694377164658e+03
2.426173518372841045e+03
2.405974593058269602e+04
5.842637182558100903e+02
2.991641648325809001e+03
3.793963604825727998e+03
1.403261347492549612e+04
2.075767126027509221e+04
1.454818855693241403e+03
1.784399641377868465e+04
2.488428093263738901e+03
2.429663610086876815e+03
1.133565582326017648e+03
4.035933852846213540e+03
3.155354705928769818e+03
1.744722520554927178e+04
3.210492845532377942e+03
1.310578429524587591e+03
6.971018297340039680e+03
2.938448417886420884e+03
1.057515333145863042e+04
9.752452622639093534e+02
2.736587703515614976e+03
9.339825655108739738e+03
1.498611236219983311e+03
1.332449390368317836e+03
2.248906747856742186e+03
1.978288495882231928e+03
6.424205425209586792e+03
2.803836611153541162e+04
1.025100646555167259e+04
1.694544931280209312e+03
5.490267401955049536e+03
8.126207134724692878e+03
2.353628098247395974e+04
1.351087162641704708e+03
1.297924792963853179e+04
1.384597490792337703e+04
1.675239634578541882e+04
1.538835511826939000e+04
1.368645439286672081e+04
1.643194714876181388e+04
2.057481250326191730e+04
1.190120581658520678e+04
1.500738582617717111e+04
3.059568659767937061e+04
1.624799691718652139e+04
1.778516628553311602e+04
2.089412214992228837e+04
2.781275768284140213e+04
3.244657226629634170e+04
2.166376610746575898e+04
2.123105535813381721e+04
2.384648322047343390e+04
1.598997906468959263e+04
2.685535091648389789e+04
3.429714216150689754e+04
1.326693446554273942e+04
2.186879274181478104e+04
1.972212444992398378e+04
1.157331616155397569e+04
1.940411769888326671e+04
1.600038526156553644e+03
1.506537607418111838e+04
2.089296942412238059e+04
2.730347934918368992e+04
1.289446801750461600e+04
1.874900101658314452e+04
1.942457443972192777e+04
2.786169805719145370e+04
2.200006128217082005e+04
2.244667639982967739e+04
1.514447756729318826e+04
4.821733788257896958e+04
3.132323327140967740e+04
2.853919466411249959e+04
2.455351232870011518e+04
1.963604636138615388e+04
2.041534067391555800e+04
2.293368649909830856e+04
3.006467117032630995e+04
1.801477918472972306e+04
2.766190707380616368e+04
4.713946032966726489e+04
1.560793251085791417e+04
1.655838457558825030e+04
1.899707903665547201e+04
1.789052709522931400e+04
5.091040401951390231e+04
2.194514194156722806e+04
2.666842092767360737e+04
1.511803563869063510e+04
4.377239090263860999e+04
1.991974640828862175e+04
9.176182928741000069e+02
1.941849873989415210e+04
1.922277222149745648e+04
1.463502823098454246e+04
1.637684512256947346e+04
1.445807830474322327e+04
1.214591918819581770e+04
1.623822919561281378e+04
3.034242988482230430e+04
1.630705317326511431e+04
1.445118099293391242e+04
1.510610205153960487e+04
8.692567924870694696e+03
2.738948550285718375e+04
1.827931221048600128e+04
1.490118069991465018e+04
2.061517242423038988e+04
2.130752547956373746e+04
1.380235343085819477e+04
8.726991546489982284e+03
1.132920364327328934e+04
1.506621818283142056e+04
1.408164328253408166e+04
1.835723296089564974e+04
1.519302229958463613e+04
1.251883186131180992e+04
1.477724863860810183e+04
1.998852472597130327e+04
1.403391319598914561e+04
1.392246791760210726e+04
1.870127289055439178e+04
2.106165547111713386e+04
6.098981656149471746e+03
2.090113917945005960e+04
8.651294457434691139e+03
2.386122172024463362e+04
1.684715031138178529e+04
1.668784927675999279e+04
2.273593188219382864e+04
2.461833812290446804e+04
8.891696943329983696e+03
1.686624190163370440e+04
1.968632662893730594e+04
1.392056600599838748e+04
1.734264415988937617e+04
2.013608132504368405e+04
1.736727227236620820e+04
2.347377937538804690e+04
3.057499592824199863e+04
1.954689224137175916e+04
1.434440529668621457e+04
1.724072202926009049e+04
1.852180707527000050e+04
1.682808549753930856e+04
4.570500735648056434e+03
1.977844992368487146e+04
1.350822948227886081e+04
3.896967513479985791e+04
1.147169780257270759e+04
2.371805109221739622e+04
2.141684999260105178e+04
1.849942991048864133e+04
2.077296660085260555e+03
2.548999274544853051e+03
2.361674680089256981e+03
3.222888961423539513e+03
1.749745418506390342e+04
2.372754651944168018e+03
9.266964306331072294e+03
2.568466609640519891e+03
3.078013346160910260e+03
1.129493595022928639e+04
3.089684529635181207e+03
1.758640874181807158e+04
3.820384877309748845e+03
3.219641055080782280e+03
4.609098576721947211e+03
1.944310640379209508e+04
9.908752206981540439e+03
7.950700355952432801e+03
2.384942719730199315e+03
3.538546646729704662e+03
2.673178856297689890e+03
1.905620510459891875e+03
2.456196812258765931e+03
2.188699986417320906e+04
2.125667373270822281e+03
3.157079771722177611e+03
4.485065775910977209e+03
1.495003274795097968e+04
1.675433409851890974e+04
3.622175454851001177e+03
1.377922285426553935e+04
4.625589456894214891e+03
3.300236534102242786e+03
2.170925034823321312e+03
5.916134693814090497e+03
5.542444045177368025e+03
1.385890675498938435e+04
4.030894198064293505e+03
2.829608427889470477e+03
4.349820926420818978e+03
3.377329678128733576e+03
6.992141902960801417e+03
2.421971255403358555e+03
4.131831497658993612e+03
1.119756833804807138e+04
3.306521936706469660e+03
1.635478064622216380e+03
2.642964778325525003e+03
2.413359348552704432e+03
6.379052436325586314e+03
2.308971925222770005e+04
7.213379496911620663e+03
2.467269085531321707e+03
6.763681305009774405e+03
4.467187076852196697e+03
2.283285017217111454e+04
3.712587985237520115e+03
1.166111239996315089e+04
2.084535469086114063e+03
2.125106996278784209e+03
2.313349390423119075e+03
1.286863728124421505e+04
1.569068696358890065e+03
1.061315960055036339e+04
2.032238826345821735e+03
4.600027593289775723e+03
1.004698647878243719e+04
3.045663207757680084e+03
2.071881682195417307e+04
3.075218309504534773e+03
1.859544586503878691e+03
5.232009446197724174e+03
2.268138278458046625e+04
1.110738569174843724e+04
9.421626489779893745e+03
1.920613828223154314e+03
2.069031071402660018e+03
2.527764384822681677e+03
1.792979817105566099e+03
2.755872324136783845e+03
2.050549276970008941e+04
1.110911547077942487e+03
2.697743210859806823e+03
4.377093037457195351e+03
1.280210783846872437e+04
1.856241394750400650e+04
2.027359528044923536e+03
1.553807173718504964e+04
2.488425067676839262e+03
2.568354251234692128e+03
1.578267872536228879e+03
4.651324869905094602e+03
3.363261014729936960e+03
1.723621053370622030e+04
3.912348007514964593e+03
1.748559663924990673e+03
5.999964561584680268e+03
2.754028850671407781e+03
9.574899250083704828e+03
1.747604018263636590e+03
3.093652503862160302e+03
1.017110378154744103e+04
9.764838486918874878e+02
1.838859263291561092e+03
2.531570982126583658e+03
2.035581027946205268e+03
6.332415575651541985e+03
2.362478120327777287e+04
8.867548169066318223e+03
1.862806717663236213e+03
4.947764831098715149e+03
6.429816413712409485e+03
2.040843390956293297e+04
1.995077875437980765e+03
1.346961522847400920e+04
1.445869547639814300e+03
2.764735941910864767e+03
1.537754101685603746e+04
1.842060198394147619e+03
1.108442777518418370e+04
2.046086092029961037e+03
5.610653739891370606e+03
1.031885170096557704e+04
3.165492935834191030e+03
2.022377291152195903e+04
2.027222059250988877e+03
1.693030420118840993e+03
7.958704682510719977e+03
1.858984704070545922e+04
1.182102256714071336e+04
7.208285714892170290e+03
1.574859480736878822e+03
1.255107710985370886e+03
1.207508941774673985e+03
1.499770918482430034e+03
1.266864689375828675e+03
1.786136854022315310e+04
1.456821424374471462e+03
1.738051064369843971e+03
2.537123620882031901e+03
1.377954782506202901e+04
1.712780001195452496e+04
1.954173897702115482e+03
1.505369110447815365e+04
2.014018571839911147e+03
1.089794383046586063e+03
1.638055415325556623e+03
4.498688602278110920e+03
2.116643814930646840e+03
1.553729392318780447e+04
2.158959808967772915e+03
1.186229777910884877e+03
7.327975238219987659e+03
2.137156360317139843e+03
9.025160732025506150e+03
1.506671546437295092e+03
1.866402622416896520e+03
1.008594727636452080e+04
2.886086960952738082e+03
1.397111976008630791e+03
6.318968763383372789e+02
2.414188396092381936e+03
5.175728780060275312e+03
2.282352442544067162e+04
1.118607982068554338e+04
9.797564155451650549e+02
6.189429465279319629e+03
7.671708815206047802e+03
1.899490551671852154e+04
1.833447585808312397e+03
1.095476586104158923e+04
1.780001794719054033e+03
1.637706001310309512e+04
1.863460232943854180e+03
9.551699791174707570e+03
1.730029239179463502e+03
4.010905281771611953e+03
1.047951937921390709e+04
2.761833900364060355e+03
1.871022487948326307e+04
1.651135047923934508e+03
2.649056291478356798e+03
6.770401726222638899e+03
1.687428367516881917e+04
9.418999255327400533e+03
7.804190267525101262e+03
1.332130630318071098e+03
1.335352370435490229e+03
7.501068832510618449e+02
1.570956202847099348e+03
6.545916906423271939e+02
2.028087201721505699e+04
2.078075381373030723e+03
6.465906773355573023e+02
2.274294710191763443e+03
1.352642346853698109e+04
1.516601875453071989e+04
2.305310480239322260e+03
1.285646364772436573e+04
2.430426764562046174e+03
2.289931021720555691e+03
1.760839203113029271e+03
4.756992616931496741e+03
3.255685949078189878e+03
1.321851276316623989e+04
2.184532953928800453e+03
1.378007903398747203e+03
4.826048602079717966e+03
1.094115831687018272e+03
6.261625935359405958e+03
1.632287024670889423e+03
1.767125293990870887e+03
1.114031578633527533e+04
2.813924059721859066e+03
8.695807876367898643e+02
1.615730588775781598e+03
2.761763233136486633e+03
4.819175224429725858e+03
2.126713364628065392e+04
7.906638768762124528e+03
1.608074636128763132e+03
5.406004973872362825e+03
4.545964049515384431e+03
2.149125085722276708e+04
2.742892466733805122e+03
1.102461708407646074e+04
1.780678115473919752e+04
2.249142514787922210e+03
1.078146117263286942e+04
2.179558872762522242e+03
4.801448693944806109e+03
1.055868751064055323e+04
3.134454044700459235e+03
1.994117693673641043e+04
2.723352929572740322e+03
2.726706027392837768e+03
6.262145918281358718e+03
2.131396519502951924e+04
9.597205646466676626e+03
1.025871713171200281e+04
1.970063201948533788e+03
2.679708921431265935e+03
1.877595715878197552e+03
2.454529663053175227e+03
2.485118844762955632e+03
2.485641414156299288e+04
2.221300797574627268e+03
1.492498365535345329e+03
3.332145783421417491e+03
1.387771439192187245e+04
1.842100103378570930e+04
2.798857657060634210e+03
1.427875270208899383e+04
2.940106961713142937e+03
3.168760194156261605e+03
2.258250502301147208e+03
4.581514620383442889e+03
4.416761446198216618e+03
1.512619497741001578e+04
3.613904465077528130e+03
2.481421016351339858e+03
4.807468628699868532e+03
2.146238647971653791e+03
6.493199158776440527e+03
2.284425983156778329e+03
2.748670049249814383e+03
1.010790627318760016e+04
2.708298180989615958e+03
2.124101468290546563e+03
2.962728626805097520e+03
3.259371694595873123e+03
4.897595240044896855e+03
2.356226354464501856e+04
7.515797624744794120e+03
2.642914620827814360e+03
4.309427810508454058e+03
5.003741583494439510e+03
2.579379834011043567e+04
2.551914004479717732e+03
1.482060531296094268e+04
1.308960750781251772e+04
3.282048008325154660e+04
1.483645766042802279e+04
2.190369233930208429e+04
9.190788484651080580e+03
2.389522666946985919e+04
3.711228379262901581e+04
1.867546256510331659e+04
1.799235296501035918e+04
2.373642709787500280e+04
3.147761146532436032e+04
2.897695003532166083e+04
3.219022620177995486e+04
1.289740586905078089e+04
1.858462974110750656e+04
1.867593805455284382e+04
1.224024065516610426e+04
1.889086955749858680e+04
1.461371321607031132e+04
1.427889249376698172e+04
2.052242993961063621e+04
2.388793238002492217e+04
1.677904714921923005e+04
3.167455756478758121e+04
1.521926031241773126e+04
3.285221366734953335e+04
1.823430376290201093e+04
2.072144191490360390e+04
1.295959856634587959e+04
3.562584207949069241e+04
2.702425459099130967e+04
3.282269476816500537e+04
2.171615005838694560e+04
1.630794963738218394e+04
2.181117366954403406e+04
1.795403771414293442e+04
2.940284690132989635e+04
1.574578064752236060e+04
2.137897470173401962e+04
2.974798779443284366e+04
1.243641806270497909e+04
1.605757900720021644e+04
1.874121806701413152e+04
1.690625931848760956e+04
4.044623656419546023e+04
3.806534154182493512e+04
2.668764196577155963e+04
1.516183065069650183e+04
2.580724331855960190e+04
2.481652727949558903e+04
1.280801885217148993e+04
1.596900869315942327e+04
2.826847398792575405e+04
1.295739804236642522e+04
5.607209324701016158e+02
5.298745289907392362e+03
8.424121128323167795e+03
1.895039405854921370e+03
2.231410527056550200e+04
2.647435382771187960e+03
1.627901104599470727e+03
6.965959913408811190e+03
2.209523077762860339e+04
1.092004605433770121e+04
1.051902811826007746e+04
5.144482342326782600e+02
2.214782155036536096e+03
1.693401149251901643e+03
4.549543917537953348e+02
2.160317286798888745e+03
1.811539433135759100e+04
8.010776939248312374e+02
2.552252917855885244e+03
4.388040344396711589e+03
1.370537919271186911e+04
1.870705493971622491e+04
9.807972048323063063e+02
1.585909889001070769e+04
2.697490130767209848e+03
2.757960912042094151e+03
3.616915030650466178e+02
4.259159893947276942e+03
4.739131415583705348e+03
1.533100117680786025e+04
2.993814325096138418e+03
1.040372617653925772e+03
5.789245277806675404e+03
2.322611931198097409e+03
9.684368849769693043e+03
3.995281591253005899e+02
2.880288679775447235e+03
9.183333534302551925e+03
1.450254773371462306e+03
1.234091185663990018e+03
2.290453566891168975e+03
2.902611415436830612e+03
6.500547810330874199e+03
2.532854306589885164e+04
9.315380499488546775e+03
1.902642071905954708e+03
4.399885740933093984e+03
7.703987413151819965e+03
1.951299704484921313e+04
9.962756882419471367e+02
1.273259132738367953e+04
1.044815732335544089e+04
6.847928990194466678e+03
2.222735761140390605e+04
1.354775408507695647e+04
1.733000833762869297e+04
1.273655480134282334e+04
1.320979039829937392e+04
5.920738567571706881e+03
2.098893572109744491e+04
9.870826010249422325e+03
1.408846964645458866e+04
1.203694882280136517e+04
1.107537674325883381e+04
1.055038082104116256e+04
1.166626759883311388e+04
9.978656236095121130e+03
3.590434907717467286e+04
1.026280013747490375e+04
9.558463512727723355e+03
1.111963975119514726e+04
2.779097038475278896e+04
1.892260483059699618e+04
1.331748453948718088e+04
1.310794981159440795e+04
1.467836050512588918e+04
1.139464978907470504e+04
1.243477994897512144e+04
1.520381441111971253e+04
1.454668135829069979e+04
1.533523730404551679e+04
1.236445079161684771e+04
1.240318670135898901e+04
1.049355095333229110e+04
1.042215094444072020e+04
1.021231032013774893e+04
1.270370762135720724e+04
1.297692626985492097e+04
2.048947796189967630e+04
1.311058465122414782e+04
1.038234304026935206e+04
1.084390373072280090e+04
1.128575556828597473e+04
1.183532871639504810e+04
1.998135876723521142e+04
1.095376417813309854e+04
9.150350414237931545e+03
1.769420948926614801e+04
8.630194563737921271e+03
3.755488674067182001e+04
1.476193148715446114e+04
1.709733074575099454e+04
4.288514589180811527e+03
8.878732385386179885e+03
1.708322351722512849e+03
2.009402722149023612e+04
2.783063056509771741e+03
1.785734299483809536e+03
5.545914747713529323e+03
2.036676260308086421e+04
8.642933841948955887e+03
1.050303749754620912e+04
8.999442724058035310e+02
2.499641655439299484e+03
1.330388468088984155e+03
8.299893271301430104e+02
1.964683712097199077e+03
1.920393202653203480e+04
1.011576452556304503e+03
2.178154673299715796e+03
4.101234280637749180e+03
1.421864679823646657e+04
1.804372960272286582e+04
1.640194391924478623e+03
1.353709712279402447e+04
3.459957730506117969e+03
3.023678368008545476e+03
7.623368130226926951e+02
5.181918196910361985e+03
5.218197533119432592e+03
1.292763576822204050e+04
3.129046980608671220e+03
1.604638660627425907e+03
4.870999884636608840e+03
2.037637758689018938e+03
7.680044038568508768e+03
8.429387957323988303e+02
3.380727596037753756e+03
9.991814214597650789e+03
2.054754293521395084e+03
1.170927254185333823e+03
2.638266123472212712e+03
3.020620794010458212e+03
6.263495763876672754e+03
2.380235080884650597e+04
7.772543965008377199e+03
2.070020003334638204e+03
4.570033312060394564e+03
5.886736180260361834e+03
2.113877523924799607e+04
1.514296449077708530e+03
1.288421988758537555e+04
1.396011123452968241e+04
5.373468138095433460e+03
1.497670675927253615e+04
7.000408719147762895e+03
6.795756504343148663e+03
2.691801214061947576e+03
1.570735998928914705e+04
6.931779304574031812e+03
1.032224617101821059e+04
4.775812402185444626e+03
5.795723600619183344e+03
4.351152220003081311e+03
4.351902226406546106e+03
4.156457779747532186e+03
2.282448889024137316e+04
3.885357376052151267e+03
4.279830019004461974e+03
6.860951445508889265e+03
1.816832577566526743e+04
1.409689584957078114e+04
6.387353450477348815e+03
1.039867992058839627e+04
9.398493334042472270e+03
6.428614984116315100e+03
4.774183093632411328e+03
8.311820945328801827e+03
9.956597763124147605e+03
1.123645259414837710e+04
6.902500286175485599e+03
5.895489210154824832e+03
3.286611463544095386e+03
4.524593842720179055e+03
6.007233266118825668e+03
5.266658304714527731e+03
7.486836998778631823e+03
1.499404120422864435e+04
6.310941770368175639e+03
3.707296708466803921e+03
5.503505139134122146e+03
6.688498051514854524e+03
6.820594570898291749e+03
1.646562391749705421e+04
4.942838502807551777e+03
4.238712015428900486e+03
1.016195071506896420e+04
3.086656547647991829e+03
2.563612586790578644e+04
7.725997520322287528e+03
1.463260651543839958e+04
1.084121920358759780e+04
3.212511099675498554e+04
1.121467201589686374e+04
9.201637430253229468e+03
1.491790494523779307e+04
2.942813033448503484e+04
1.988780536699987715e+04
2.133534662855350689e+04
8.731961369968385043e+03
1.075032651653253379e+04
1.041512627662691011e+04
8.414707720856813467e+03
1.070216607049083177e+04
2.266690364492073422e+04
8.941648055247929733e+03
1.143631846679273440e+04
1.298112481813835984e+04
1.905751763821444183e+04
2.868171963636156215e+04
9.224659603884676471e+03
2.424725040204171819e+04
1.094411145980406945e+04
1.183406246954309427e+04
8.706682721251980183e+03
1.436480470077332575e+04
1.383579343677022734e+04
2.393569204690163315e+04
1.160271563978329505e+04
9.325168212734643021e+03
1.400904120147378126e+04
1.076080942762121413e+04
1.856848382307860084e+04
8.575942509718091969e+03
1.137190151221063388e+04
1.113816794378199847e+04
9.617469134033708542e+03
9.725975673069153345e+03
1.124374001783092535e+04
1.093405754389495269e+04
1.676908025570397149e+04
3.415504900551321043e+04
1.719604401677723217e+04
1.054742002645346656e+04
1.285972134759463006e+04
1.606700204544238113e+04
2.225401189966662423e+04
8.798290349237131522e+03
2.344276571555346891e+04
2.228697298654990664e+04
4.289337077779559877e+03
2.550873320754175893e+03
7.725300124870263971e+03
2.210113804508380417e+04
1.061909251260712699e+04
1.149139814236453822e+04
1.997220169331076704e+03
3.539461048521858629e+03
2.350485254427184373e+03
2.028592932941692425e+03
3.049169873177067529e+03
3.095218059004013776e+04
2.203142711661382691e+03
2.836155495425291974e+03
4.745523240974402142e+03
2.232688784064878564e+04
2.152326816759802750e+04
3.337828513984804886e+03
1.545518582766196414e+04
4.673411941246575225e+03
3.182560915983046471e+03
1.939671168587904049e+03
4.840519912544546060e+03
5.273090982497670666e+03
1.451884894425397215e+04
3.630008725958742616e+03
2.824021032417886545e+03
5.350284634469550838e+03
3.172672612226288038e+03
8.416872751247519773e+03
1.985367798929878518e+03
4.310996139267093895e+03
1.059761663883729125e+04
2.748098796703077824e+03
1.706045881637327511e+03
3.146078169298452849e+03
3.823158547266813002e+03
5.569270198405670271e+03
2.709762764557175615e+04
8.685581268050096696e+03
3.730009439318511340e+03
5.446847346267823923e+03
6.815426507710819351e+03
3.264449127733187197e+04
3.084274607770077182e+03
1.412288933823842308e+04
2.257210192707431997e+04
2.250281340878370247e+04
1.629908769503169606e+04
1.885383038540806956e+04
1.482900155606790395e+04
2.003753008489522472e+04
2.069727134024285260e+04
1.998486831987078040e+04
1.900414925738119928e+04
1.974057506860342983e+04
2.000500576109466419e+04
3.531433632873703755e+04
1.921294715900075971e+04
1.867755043513578858e+04
2.243168440778207878e+04
3.310229674631366652e+04
1.447817943101870696e+04
2.351893994939604454e+04
1.452295973948697792e+04
2.505039315900443034e+04
1.977540899720284506e+04
2.275482808048115839e+04
2.589392361397876084e+04
2.376293331964754907e+04
1.343551219994875646e+04
2.137978763006008376e+04
2.326119735723712438e+04
1.669021446065365672e+04
2.211669081480203386e+04
1.869035040077631129e+04
2.206193848523552515e+04
2.604246160195211996e+04
2.811572042077903097e+04
2.333149741258619906e+04
1.994974959684261557e+04
2.126351000634044613e+04
2.134961573772481643e+04
2.110748882500965556e+04
1.908402207901865768e+04
1.686986711925354030e+04
1.761446534471014093e+04
3.692261548298347043e+04
1.383919983459539253e+04
3.736079932637893216e+04
2.441117398083845546e+04
2.053281281942603164e+04
3.372266868766394509e+03
1.007697526899309378e+04
2.510690594442991278e+04
1.305626065404624387e+04
9.068902178952195754e+03
2.405991159706755752e+03
1.978597694289926494e+03
1.517619763208003405e+03
2.907416424794276281e+03
1.961306572280062483e+03
2.581264389894378837e+04
3.016430256426267533e+03
1.710916936579290450e+03
3.236118793656426078e+03
1.493200616157951299e+04
2.264890911207724639e+04
2.531167594660547365e+03
1.863685499883896046e+04
2.711540360747730119e+03
2.974071774648659812e+03
2.630836366680641731e+03
5.347663910024547476e+03
3.150728389306190365e+03
1.717305375576293955e+04
3.018995538136106916e+03
1.952196431533269788e+03
8.231261764582686737e+03
2.152958511232327965e+03
7.747194100177894143e+03
2.365312303588525992e+03
2.050170097870245627e+03
1.151528209309756858e+04
4.043112959383451653e+03
2.624545879592046731e+03
2.302217267540706416e+03
4.415571031669171134e+03
5.320691095380173465e+03
2.991894090995677834e+04
1.144298639556054695e+04
2.515541571816346277e+03
4.981892019428079948e+03
8.526309391345601398e+03
2.719202133324942770e+04
3.277748334302873445e+03
1.517858834064817711e+04
7.735261085562293374e+03
2.343280586616980145e+04
1.260797878497834608e+04
1.007551205104438668e+04
1.528240213925817898e+03
2.483659620082080892e+03
2.494870219117898614e+03
1.702882679174054829e+03
2.793934353448832553e+03
2.547483265364780891e+04
1.283892553855228016e+03
2.888259906286025398e+03
4.400199174615330776e+03
1.850137074127780215e+04
2.305178550108322088e+04
2.115321065726963752e+03
1.683982380048052437e+04
2.392513447864421778e+03
1.797876851115738191e+03
1.517378388686684957e+03
5.987872119986253892e+03
3.621880417662669061e+03
1.684015887325999211e+04
3.761340743871245650e+03
2.258696863722293983e+03
6.905258235886498369e+03
3.111494227312539806e+03
1.022711411714728456e+04
1.568231776296006046e+03
3.258263485230846527e+03
9.373627120365199517e+03
2.181607761565524015e+03
2.039750018321122070e+03
2.255022417623071760e+03
2.308670845045109672e+03
6.661173873349690439e+03
2.868870782771491940e+04
1.043022354271914446e+04
2.240240480536811447e+03
4.969273695050614151e+03
8.196342000086111511e+03
2.483498663533168292e+04
1.369115379208338254e+03
1.280275592775723635e+04
1.979948791346947837e+04
7.374695951373351818e+03
1.355881370489952315e+04
6.733212545545717148e+03
8.174870948202681575e+03
7.366683630603162783e+03
6.112853828326838993e+03
7.599700298668400137e+03
2.727202230064252944e+04
5.082231459671650555e+03
7.017132028758309389e+03
1.001605885384905923e+04
2.236307646957266115e+04
1.734652152792641573e+04
8.142026448249939676e+03
1.177066382509237337e+04
1.084290801476405431e+04
7.957630461166996611e+03
6.737363107102015420e+03
1.018564837525884650e+04
1.238550732845880520e+04
1.377348296381454384e+04
1.015305147112329178e+04
8.588997827690702252e+03
4.632732559785455123e+03
7.428889398893739781e+03
8.900180579558438694e+03
7.466433512272510598e+03
1.014477966573152298e+04
1.504686134375942493e+04
7.273383797561660685e+03
6.251571917445522558e+03
8.090549827390699647e+03
6.967718274081244090e+03
9.189867029092951270e+03
1.831380380424291070e+04
6.446491556528285400e+03
6.208953651313015143e+03
1.159393279878887915e+04
5.555102530455147644e+03
2.862499347632092758e+04
8.968272228734822420e+03
1.619388207333014361e+04
1.733839813755531577e+04
1.705030465276248287e+04
1.926877342897979543e+04
2.224652451703048064e+04
1.920155897892592475e+04
1.811266312686054152e+04
1.957837993490901863e+04
2.172518990211448181e+04
1.945905186791493907e+04
1.782582035045583325e+04
2.274557048299315284e+04
2.441801111536271492e+04
1.000408577953583153e+04
2.518837936051257566e+04
1.345941528958913295e+04
2.472548048959591688e+04
2.048399451212829081e+04
2.310752629327492832e+04
2.832993422167240351e+04
2.588442353044700576e+04
1.555633146097745703e+04
2.150735116445149470e+04
2.431217714445701858e+04
1.581696013848313669e+04
2.192054976256594819e+04
2.131254569639141118e+04
2.257207574052270866e+04
2.748357518387431628e+04
3.025660973648669824e+04
2.427782234024074569e+04
1.896326738846294029e+04
2.001806401595535499e+04
2.087119013006157547e+04
2.064256718945158354e+04
1.086230632708107078e+04
1.932769850321684862e+04
1.904793284890994983e+04
4.464914183476906328e+04
1.366263781519952136e+04
2.492254903673000445e+04
2.458801728014197943e+04
2.392890790845297306e+04
9.670770120683200730e+03
1.018248602458786263e+04
1.223376710547942639e+04
9.949551581128282123e+03
1.056882367979368792e+04
1.043605340319957395e+04
3.032127684280124959e+04
9.625603777147785877e+03
9.796410292998240038e+03
1.253114162335533365e+04
2.417930277367771487e+04
1.382642255660206138e+04
1.302507140457488640e+04
5.974949989282081333e+03
1.610673768749291594e+04
1.206708881871862104e+04
1.111062508197689931e+04
1.453536964172170156e+04
1.675257808924281562e+04
5.490529849366315830e+03
1.280207158682476438e+04
1.242747260695366276e+04
7.401590412460025618e+03
1.018329148168981010e+04
9.998639815926380834e+03
1.135018666236613171e+04
1.381091199712520756e+04
2.052563852247121758e+04
1.293324724618773689e+04
9.909164585287473528e+03
1.225870343548762321e+04
1.244388825589145199e+04
1.254354505907388739e+04
1.811298821304710145e+04
1.134044572255128151e+04
1.036799844245792337e+04
1.644472358328871633e+04
8.694891446090603495e+03
3.364396554139646469e+04
1.387564032911873801e+04
1.914708209816897579e+04
9.326220368255117137e+03
8.679814869644651480e+03
8.060823128832509610e+03
1.008861513104888218e+04
8.419095190836560505e+03
3.983854382147963770e+04
9.540306365050211753e+03
8.667443893977953849e+03
8.968149234582682766e+03
2.807314554838304321e+04
1.547431156847955936e+04
9.992997079396896879e+03
9.286315146233020641e+03
9.929442295522751010e+03
8.304743637767584005e+03
1.072973265926804743e+04
1.133922688496139199e+04
1.004427311720691432e+04
1.032336293732325612e+04
6.997411407702375982e+03
8.962826661972394504e+03
1.224778572517121211e+04
8.936196279799838521e+03
1.218095775500734089e+04
9.585969502326555812e+03
9.467205878879734883e+03
1.710023762179000914e+04
1.109378190056860331e+04
8.260602851772700888e+03
7.929726669719664642e+03
9.549441340909530481e+03
8.111847456252240590e+03
2.315096488842464896e+04
1.575707632331545756e+04
7.993904703603020607e+03
1.612668526356628354e+04
1.066219743751451460e+04
4.041405224567629193e+04
1.049085532392757887e+04
1.503823151116246299e+04
1.832096203503560446e+03
1.356060841106757834e+03
4.919394655988703562e+02
1.691693692473028705e+03
1.659997179974078608e+04
1.049979782975905437e+03
1.862491772679727546e+03
3.775200912607852842e+03
1.300744214744973397e+04
1.690443574226202327e+04
1.118414873397899555e+03
1.469995733390880559e+04
2.393000761984488690e+03
1.886572577030013917e+03
5.723037194884673227e+02
4.059222452278145283e+03
4.353612476700509433e+03
1.423697962305169131e+04
2.607443632321731002e+03
1.162124821262571004e+03
5.224942189062527177e+03
2.069330998401722354e+03
8.501562796294920190e+03
5.263189528506291026e+02
2.816264474842471827e+03
9.195342862380530278e+03
1.744883264428771781e+03
1.110612341324088902e+03
1.700076444640535101e+03
2.863032525894389437e+03
5.683936438544088560e+03
2.289782456391785672e+04
8.846803816131399799e+03
1.665528897541687911e+03
4.618706150305945812e+03
6.649545733635663055e+03
1.758409470050580421e+04
1.314635902328282555e+03
1.162535148932234006e+04
1.626485122017518279e+03
2.231371626075302629e+03
1.524490165749325570e+03
2.603667459046835211e+04
1.665241478100838322e+03
1.622351319236930067e+03
3.275542847371282733e+03
1.744800932307207768e+04
2.060953525083572458e+04
1.588633959270673586e+03
1.742575899289292283e+04
1.390724305139546232e+03
1.540272038139411507e+03
2.074649842709954555e+03
4.513534599029613673e+03
1.454399662418009029e+03
1.651537517600530555e+04
2.640337853735432418e+03
1.020573862082753294e+03
7.969156957751709342e+03
2.061849732300825963e+03
8.659663036799725887e+03
1.752697365170922239e+03
1.639503399305941457e+03
9.502086320580816391e+03
2.486860992738221739e+03
1.700134754986378994e+03
1.575896827376209785e+03
2.862495754719359866e+03
5.083092939677347204e+03
2.582945222840805945e+04
1.133269271994829251e+04
7.739797897907842525e+02
5.600734720694217685e+03
7.659288229105297432e+03
2.642964702792173557e+04
2.053618764734400429e+03
1.151829489276727691e+04
1.582289992261250518e+03
7.952953819592830769e+02
2.324636040556879016e+04
1.911965388691241515e+03
7.013114368721758183e+02
2.330013103135668189e+03
1.518462777631542667e+04
1.831438308820537713e+04
2.219127575561564754e+03
1.402192125547607793e+04
2.756382284420138149e+03
2.248800723891924008e+03
1.766248742194343777e+03
4.959166400336046536e+03
3.350063134709079804e+03
1.367891137316586173e+04
2.144010031595038527e+03
1.467991796321731726e+03
5.469357418130320184e+03
1.268458019183346551e+03
5.950667039224750624e+03
1.550254951769970376e+03
2.093550008541924853e+03
1.081416328866901495e+04
3.087256309374321972e+03
1.073180706266301513e+03
1.312117751483031043e+03
3.390039200339461786e+03
3.969356822588480100e+03
2.316073247532137611e+04
8.537076874936155946e+03
1.587477016537478448e+03
5.062741773205003483e+03
5.454087287247529275e+03
2.552488007899831427e+04
2.651457797283260788e+03
1.294148977168967031e+04
1.752233139448692555e+03
1.489508357737125334e+04
8.942404193972292887e+02
2.401009245667274627e+03
4.015285267102043690e+03
1.243599778196610714e+04
1.614835630896525436e+04
1.297599721478009542e+03
1.427754269874017882e+04
2.859575159478586556e+03
2.402720784987059687e+03
4.599742939527950512e+02
4.720215884677582835e+03
4.871817062350968627e+03
1.435238333158804380e+04
3.003641079370304396e+03
1.270883115487361010e+03
5.197829075614810790e+03
2.417010433084289161e+03
9.413714202250317612e+03
6.071219323795880882e+02
3.153924196941044102e+03
9.581815754230701714e+03
1.729478440186325770e+03
8.248015217057054542e+02
1.733876271934766237e+03
2.464474067199048477e+03
6.805788806095050859e+03
2.172838431770663010e+04
8.566096640881454732e+03
1.522641693111170071e+03
5.396319816895650547e+03
6.430762228364243128e+03
1.636726534087389336e+04
1.387921869428592345e+03
1.098749884586231565e+04
2.348465765523994560e+04
2.063991776282337469e+03
1.093370786825572850e+03
1.992306243087087751e+03
1.489756076982193190e+04
1.756537500360935883e+04
2.731341863230967647e+03
1.489795614534152628e+04
2.910434444108786465e+03
2.113827000334091281e+03
1.901124505517027274e+03
5.405648152173464950e+03
3.240010781160934584e+03
1.361008355597264926e+04
1.622389732778608050e+03
1.226101390175400866e+03
5.770093408139911844e+03
1.486989322465488385e+03
6.721889196851901943e+03
1.734596052029908606e+03
1.988044901388668222e+03
1.026125991640550274e+04
3.449442119700309831e+03
8.442958920778114589e+02
1.505400435545966957e+03
3.075288602103559242e+03
5.252863159471459767e+03
2.408531591377772202e+04
8.451204712004229805e+03
1.248852748425544178e+03
6.118206082944658192e+03
5.112584833768371936e+03
2.511270964423351325e+04
3.044644598065965965e+03
1.198505985481093740e+04
1.969151044768217616e+04
2.513578334589936640e+04
3.305119825395100634e+04
1.571335738121518261e+04
2.374649511986841753e+04
2.276390301572995668e+04
3.133163539906719234e+04
2.669680195897203521e+04
2.729763888764781950e+04
1.890392450354323228e+04
5.206618806213853532e+04
3.706588962575513870e+04
3.109572599644106958e+04
2.893685819893193548e+04
2.348864278201889829e+04
2.392186454317636890e+04
2.630966977843127097e+04
3.277906124254991300e+04
2.117323998543355628e+04
3.172898125576350139e+04
4.892757627112301270e+04
2.006575462330204027e+04
2.068693605892414053e+04
2.351456247931110556e+04
2.363017180758613540e+04
5.520073257969685801e+04
2.875944241223903373e+04
2.884787546257633585e+04
1.919490915046102600e+04
4.747016110272108926e+04
2.478814164841493039e+04
1.758712382685692774e+03
2.300461771439871518e+04
2.404876824552920880e+04
2.489295226107363760e+03
3.990554096358312563e+03
1.402748845653943681e+04
1.693286991938819847e+04
1.144357110888296120e+03
1.403962282514236540e+04
2.378630768797087057e+03
2.062022775550578899e+03
7.873736995405906782e+02
4.098062243041608781e+03
3.338535613378719063e+03
1.449114500401653640e+04
3.133566880205401048e+03
1.312154695592860207e+03
5.296329804045883066e+03
2.608541411990066081e+03
8.771615223682994838e+03
6.911413586244025282e+02
2.872413253404452007e+03
8.792076729889240596e+03
1.400623359109279136e+03
1.286086920506515526e+03
1.965690413372620696e+03
2.258881672372710000e+03
6.224219227921525999e+03
2.199048236752476805e+04
7.991905847338010062e+03
1.050145465908418828e+03
5.124278059345841029e+03
5.840900376240875630e+03
2.011264357045067663e+04
1.173124165722415000e+03
1.184932055721652068e+04
2.201889011342760568e+03
1.523776592902578523e+04
1.680389343965730222e+04
2.986542345605679657e+03
1.361157472903779490e+04
2.472207737195000391e+03
2.166774741549700138e+03
2.430809388003865934e+03
4.686493808797960810e+03
3.036924394086966458e+03
1.441188148671386080e+04
2.422391890396875624e+03
1.881836415039005260e+03
5.114599355301488686e+03
1.329305212106719409e+03
5.271934819161630003e+03
2.293616812775673679e+03
2.104829381378696326e+03
1.107905595423960222e+04
3.202903154984035609e+03
1.461088043507525754e+03
1.585091670421461004e+03
3.148118098460946385e+03
3.673617575508005757e+03
2.096848417396743025e+04
8.134519312966314828e+03
1.935224085851490145e+03
5.034568549991354303e+03
4.208797126187527283e+03
2.704078328282000803e+04
3.214878635498325821e+03
1.265701227291435134e+04
1.886593620115307567e+04
2.061081345551734557e+04
4.626036503170284959e+03
1.732167421072253637e+04
3.652299633033691407e+03
3.337331332315999589e+03
3.897948219991258156e+03
6.305792623200673006e+03
4.025881863821555726e+03
1.540477961187937581e+04
2.925022214844828341e+03
2.626066817811241435e+03
7.921858805618086990e+03
3.309320423646507152e+03
7.025985836113337427e+03
3.413640630039467851e+03
2.572432543423356947e+03
1.187896712899311024e+04
5.415366105209271154e+03
2.360745256809919738e+03
2.702531404572041538e+03
3.337616656406517905e+03
4.784545298183324121e+03
2.704617281681830355e+04
1.122671803106045445e+04
3.182598953089138377e+03
6.742180419158974473e+03
7.414387768476238307e+03
3.281932643261454359e+04
4.434487040656359568e+03
1.496465425262797180e+04
2.461855873307819274e+04
1.578249875913733558e+04
2.855438292885067858e+04
1.680270960799044042e+04
1.946903390934933850e+04
1.375626012959363288e+04
3.611387157346833555e+04
2.450174180444725062e+04
2.877942252204949909e+04
1.969460065700346968e+04
1.440238314247690505e+04
1.795451701197686634e+04
1.487877583521874476e+04
2.193585749665624826e+04
1.491217450500089217e+04
1.784424091710773064e+04
4.284737334049656056e+04
1.310000707218955722e+04
1.393309054563177415e+04
1.514145773733573697e+04
1.499267394482173768e+04
3.788759105057492707e+04
2.830934810456570267e+04
2.284158443602428815e+04
1.446401460029162990e+04
2.389723824189107472e+04
1.775377135638808613e+04
1.569992695257172272e+04
1.596841504282940696e+04
2.100154829806923954e+04
2.283338527214229543e+04
1.127376002152502770e+04
2.341687196258429321e+04
1.967830369496079948e+04
1.923782236471750366e+04
2.470163779322004484e+04
2.489923700521741557e+04
1.124433882478949818e+04
1.979135037386998738e+04
2.131260074556123436e+04
1.448826477902766055e+04
2.026398977691649270e+04
1.946375625764278811e+04
1.949954060855043645e+04
2.422577715379346046e+04
2.904901211872397471e+04
2.094109305826046693e+04
1.702201916329422238e+04
1.932123357013976056e+04
1.925413293001468264e+04
2.050516312091605505e+04
1.038143017474533917e+04
1.725493411678056509e+04
1.657728080337111169e+04
4.100299872908892576e+04
1.294639053246639742e+04
2.636094238657060851e+04
2.273597381002001930e+04
2.149056157055783115e+04
1.880648326552994331e+04
2.068524198192786571e+03
2.579837092797614787e+03
1.035423733545379491e+03
3.829129437875048097e+03
3.825437972743176488e+03
1.747190179465360052e+04
3.246760752889073501e+03
1.339701545489474938e+03
7.708415489863881703e+03
2.647818256785768881e+03
1.087301138909590554e+04
8.326181827293717106e+02
2.376346916801593579e+03
9.593716523134931776e+03
2.137286287341354637e+03
2.083259378007664509e+03
2.495618762509645421e+03
3.562797699840990845e+03
6.013615414645684723e+03
2.959477657493533479e+04
1.165267798690440577e+04
1.713606484398194880e+03
4.941394494682424920e+03
9.396479170335542221e+03
2.366598766298154078e+04
9.773140808731841389e+02
1.371678580969929317e+04
2.097476443377156829e+04
1.581791439146698940e+04
1.597180514107338968e+04
2.004911235241143004e+04
2.152301403181105707e+04
6.498737760793201232e+03
1.533283403041981182e+04
1.836039152053435100e+04
1.255678718657032550e+04
1.538392096230386232e+04
1.527945826685334032e+04
1.622069099818840186e+04
2.031158664755588688e+04
2.441171094438905129e+04
1.881888653550771778e+04
1.418552044290368394e+04
1.626954987855102991e+04
1.708963748479650530e+04
1.377214136223273090e+04
1.386711565275686735e+04
1.371299513382594523e+04
1.393312947144253121e+04
2.740228246446854246e+04
1.051054034297462567e+04
3.530423423329696379e+04
1.869359306058116636e+04
1.921938029493939393e+04
2.138165322218394977e+03
2.561894425683795816e+03
4.240551863284086721e+03
1.977591078860360540e+03
1.916312792707240442e+04
3.442912741735193322e+03
1.804126038792855525e+03
9.991461165899452681e+03
3.188412492507176466e+03
9.598242831600549835e+03
2.258509531416422305e+03
1.986151316922504520e+03
1.018328972977307058e+04
2.721651434164088187e+03
2.776396443740342875e+03
2.466496709774191004e+03
2.511595649173822494e+03
5.491654510011179809e+03
2.864327728906607808e+04
1.340934802860110722e+04
2.023464469812233801e+03
5.916854539322304845e+03
1.063479703221005184e+04
2.665694629005819297e+04
2.088939798700881965e+03
1.419553700670208309e+04
2.462650648434105278e+03
3.930787610915967434e+03
1.704271183987586483e+03
1.625507132012076909e+04
2.768397785957238739e+03
1.803735272685835298e+03
7.852801631674394230e+03
2.948479581315916676e+03
9.531953508151840651e+03
2.125608949646651126e+03
2.672585917174058523e+03
9.144327547483142553e+03
3.293611567334879055e+03
2.153802857864831822e+03
1.516273214172704229e+03
2.937784820088013475e+03
4.414234951183608246e+03
2.402912170465577583e+04
1.215679040450141292e+04
1.422824052981957266e+03
6.239766762697151535e+03
8.099040816129536324e+03
2.710039664610061664e+04
2.377632881571579219e+03
1.045920024173024649e+04
4.255220783022123214e+03
4.472520467488986469e+03
1.520486571390961399e+04
3.012100476196672844e+03
9.438143398465717837e+02
5.805318429071870014e+03
2.186778974727869354e+03
9.865710536886119371e+03
3.415002894372041737e+02
2.685514068736002173e+03
9.499600129175638358e+03
1.569664743890082264e+03
1.070089624527788601e+03
2.135689745475455311e+03
2.521959673558224040e+03
6.455197666733331062e+03
2.579355770437496540e+04
9.025952357547825159e+03
1.891194493791394507e+03
4.268474551470177175e+03
6.928441692616699584e+03
2.050663325517949124e+04
1.181151644163412129e+03
1.339760255497985054e+04
5.175172903949740430e+03
1.874132653057800781e+04
5.005549701818501489e+03
4.031887073369835434e+03
9.709769174787630618e+03
5.379926071475438221e+03
1.218099946533799812e+04
3.410496111336650301e+03
4.090391114409376314e+03
8.892378384283800187e+03
4.906308481796542765e+03
4.574176558251985625e+03
5.171319963357050256e+03
6.076157807925054840e+03
4.491853778154862994e+03
3.189984279526181490e+04
1.458557358416057104e+04
4.698773942203668412e+03
7.026375698000138073e+03
1.101651357698261199e+04
5.332342172585325898e+04
3.993742101789312528e+03
1.712711589500591072e+04
1.963585308819288912e+04
3.581685420656760925e+03
2.573151153726800658e+03
1.231695129562047623e+04
3.733716273566778909e+03
1.083531948895216919e+04
3.636507591931510888e+03
2.297149394589426265e+03
9.955554222749980909e+03
4.328190782815388957e+03
3.545983925840491338e+03
2.580515301177290894e+03
3.792982407328940553e+03
5.608728445423173980e+03
2.975203274304745719e+04
1.519686447478152331e+04
2.046342721604636608e+03
7.389929649711207276e+03
1.173905648801523785e+04
3.683981092488842114e+04
3.699447759044670875e+03
1.259769210598678546e+04
1.464064999621721472e+04
1.632987127708847402e+04
1.223137468125485611e+04
1.533137487869699544e+04
1.346534711929924379e+04
1.508459062632460700e+04
1.846057042770415137e+04
2.494703257538211983e+04
1.897904368378947402e+04
1.349632261162622490e+04
1.675194702817427969e+04
1.771300808149354998e+04
1.631868135874564723e+04
1.704438679015215166e+04
1.592491500454509514e+04
1.463966379373570089e+04
2.514037237760090647e+04
1.326640443625704938e+04
3.485529055366235116e+04
1.738429972625039227e+04
2.074036382517862148e+04
2.188562241005784927e+03
8.699451805276812593e+03
2.992104239605698240e+03
8.687055906964347741e+03
2.445332673575837362e+03
2.670818778554857090e+03
9.962191798283402022e+03
4.649872618883127871e+03
2.197908223605320472e+03
2.653473664656938126e+03
3.682802220948508875e+03
4.648096323222516730e+03
2.594769042278092456e+04
1.197231402215837443e+04
2.365069971914438611e+03
6.850810935772078665e+03
8.492470968972153059e+03
2.985188662526781263e+04
3.590074130049026280e+03
1.249606584070842291e+04
7.382605388438272712e+03
1.958323129464229623e+03
9.131939385111476440e+03
7.743077062902057150e+02
1.473915753393019259e+03
1.020802656204770028e+04
1.784254500881036165e+03
1.016947151061744535e+03
1.605557745898554458e+03
2.476618171082299796e+03
5.184329113954211607e+03
2.947661386728420621e+04
1.069416473323966238e+04
1.295295272780576397e+03
4.582711480194326214e+03
8.099097981567170791e+03
2.425204150595025567e+04
1.628303419245276928e+03
1.260805625416416478e+04
5.791614359866717678e+03
4.673182285716952720e+03
6.410003088106026553e+03
8.933891133486853505e+03
1.455280904165856555e+04
7.182836817222547324e+03
4.839188579274261429e+03
7.014057326514062879e+03
6.732438749092685612e+03
9.030374046818658826e+03
2.161944163597851730e+04
3.525945312385931175e+03
6.532058319761912571e+03
9.553632094267482898e+03
2.584294864635153317e+03
2.677170654918021683e+04
7.872610971438490196e+03
1.783754579588629713e+04
6.687195141768269423e+03
2.182163240373589815e+03
2.260234597251931973e+03
1.168326205708789348e+04
3.493141031266912250e+03
1.818271278178669945e+03
2.277945343725557905e+03
3.786793971111414976e+03
5.052008578424123698e+03
2.652177484943545278e+04
8.402913695550614648e+03
2.407487135227539056e+03
5.333397532735762070e+03
4.986449119140111179e+03
2.803044224358743668e+04
3.107143571524147774e+03
1.690932382764117938e+04
9.605934294379478160e+03
9.261036050415768841e+03
1.793150164851178124e+04
1.103285984246065709e+04
7.628125155007396643e+03
8.915199894178329487e+03
1.037136498858690538e+04
8.507592173505045139e+03
2.645279146259369736e+04
7.524453300654296072e+03
8.402548149677531910e+03
1.051806504141086589e+04
3.772061572753838846e+03
3.614275422480070847e+04
1.061588273933183154e+04
2.042332441135471163e+04
2.109388152982367046e+03
9.174298090548003529e+03
1.769216046936489420e+03
1.037891876337285794e+03
1.986380291829364069e+03
2.591320054975787571e+03
5.185343194243600919e+03
2.681517835796366853e+04
9.910894629774025816e+03
1.727079505466195315e+03
4.466338566095262649e+03
7.810486307665098138e+03
2.253551529355609091e+04
9.841459376788011468e+02
1.237880375728520085e+04
9.977435922639602722e+03
3.705524328270154911e+03
2.427942205979667960e+03
2.478108666544430434e+03
3.666099293182530346e+03
4.919673613516944897e+03
3.217788365638852702e+04
1.213612605522808008e+04
2.535264596514596178e+03
4.824107669836783316e+03
9.088104299700804404e+03
3.233480470567108932e+04
2.585158930897526261e+03
1.678555782614825148e+04
9.720565804488596768e+03
1.035462717748134310e+04
1.061774729330173250e+04
1.088500194649267905e+04
1.093129843757230083e+04
3.641091752454600646e+04
1.920251939299763762e+04
8.680615673934604274e+03
1.308273699394476535e+04
1.747261535587185426e+04
4.802058245697824168e+04
8.479152766908229751e+03
2.081033772373292595e+04
1.997965985728541227e+03
2.885543664948916557e+03
2.735425692651733243e+03
7.188519746073106944e+03
2.626492619808275776e+04
1.072675455165129279e+04
2.563815736374080188e+03
5.169316049947464307e+03
8.239602155499858782e+03
2.011321149090423569e+04
2.154926612637692415e+03
1.358265868622144990e+04
1.462704082530222422e+03
1.893522484906412274e+03
4.986090039626747966e+03
2.340681986264013176e+04
7.940794157409535728e+03
1.564945283948801716e+03
5.464223385486323423e+03
5.291375710084895218e+03
2.195745327905553859e+04
2.175428576316936869e+03
1.078686580602331378e+04
2.793082913039793311e+03
5.387636366842344614e+03
2.448508390666525520e+04
1.102007627896891063e+04
1.450750868294828706e+03
5.908479368393139339e+03
7.170493697912105745e+03
2.495492032088810083e+04
2.457258950999844274e+03
1.173803220654621327e+04
6.495634776538085134e+03
2.582767944378236643e+04
9.985028860031567092e+03
2.641754264517105184e+03
7.004224142749631937e+03
7.146062130363667166e+03
2.329077803818781831e+04
2.643675761663898356e+03
1.164195543192846526e+04
2.474253530541649161e+04
1.184394185538064266e+04
5.327988358631449955e+03
7.955904491614056496e+03
7.353988427870078340e+03
5.624451715707789845e+04
6.553745867230716613e+03
1.659467466730888555e+04
2.740316341196947178e+04
2.142577220373258024e+04
4.912092164878139738e+04
1.852477232806844404e+04
3.211157785209907888e+04
2.928473319953227110e+04
2.407877821752378077e+04
9.835672757022341102e+03
1.243889899020670055e+04
2.854519452542287127e+03
3.222192018808054490e+04
1.158827041582992388e+04
2.120297140000919171e+04
6.930381648457146184e+03
6.013518950302528538e+03
1.953536943077263277e+04
2.142516237420050857e+03
1.040161773912724675e+04
1.101629798162438965e+04
4.893483631731538480e+04
4.616878656813733869e+03
3.098715711259978343e+04
2.844457775212965498e+04
9.882533588643938856e+03
1.600352522691136801e+04
2.348606220201956967e+04
2.554667837231721933e+04
1.334336225443966396e+04
