5.000000000000000000e+01 5.900000000000000000e+01 3.415002894372041737e+02 2.000000000000000000e+00
2.200000000000000000e+01 7.500000000000000000e+01 3.933889250098914658e+02 3.000000000000000000e+00
6.000000000000000000e+00 3.900000000000000000e+01 4.246804911562612688e+02 2.000000000000000000e+00
3.500000000000000000e+01 3.800000000000000000e+01 4.919394655988703562e+02 2.000000000000000000e+00
1.000000000000000000e+01 6.400000000000000000e+01 5.579522884425241500e+02 2.000000000000000000e+00
5.000000000000000000e+00 7.600000000000000000e+01 5.582822504346816004e+02 4.000000000000000000e+00
1.300000000000000000e+01 4.100000000000000000e+01 5.842637182558100903e+02 2.000000000000000000e+00
1.900000000000000000e+01 4.200000000000000000e+01 6.465906773355573023e+02 2.000000000000000000e+00
7.800000000000000000e+01 8.000000000000000000e+01 7.107225145864470051e+02 6.000000000000000000e+00
8.000000000000000000e+00 3.700000000000000000e+01 7.350609328731261485e+02 2.000000000000000000e+00
1.200000000000000000e+01 7.700000000000000000e+01 7.476674260970997921e+02 3.000000000000000000e+00
1.800000000000000000e+01 7.900000000000000000e+01 7.716020458737087893e+02 3.000000000000000000e+00
3.600000000000000000e+01 6.900000000000000000e+01 7.739797897907842525e+02 2.000000000000000000e+00
8.200000000000000000e+01 8.400000000000000000e+01 8.790685742835964902e+02 4.000000000000000000e+00
7.000000000000000000e+00 6.300000000000000000e+01 9.108773294075808735e+02 2.000000000000000000e+00
1.400000000000000000e+01 7.200000000000000000e+01 9.176182928741000069e+02 2.000000000000000000e+00
2.000000000000000000e+00 2.400000000000000000e+01 9.598256006191945744e+02 2.000000000000000000e+00
1.700000000000000000e+01 6.200000000000000000e+01 9.764838486918874878e+02 2.000000000000000000e+00
4.600000000000000000e+01 7.300000000000000000e+01 9.773140808731841389e+02 2.000000000000000000e+00
5.500000000000000000e+01 8.300000000000000000e+01 1.227977846737412847e+03 7.000000000000000000e+00
1.100000000000000000e+01 8.700000000000000000e+01 1.266738919425710037e+03 3.000000000000000000e+00
0.000000000000000000e+00 8.800000000000000000e+01 1.347005130350549962e+03 5.000000000000000000e+00
8.900000000000000000e+01 9.100000000000000000e+01 1.405525591946420491e+03 4.000000000000000000e+00
1.000000000000000000e+00 9.000000000000000000e+01 1.488784516270626455e+03 3.000000000000000000e+00
4.000000000000000000e+00 7.100000000000000000e+01 1.516526251439178395e+03 2.000000000000000000e+00
4.900000000000000000e+01 8.600000000000000000e+01 1.537191983809792646e+03 4.000000000000000000e+00
8.100000000000000000e+01 9.300000000000000000e+01 1.632666687391401183e+03 4.000000000000000000e+00
5.700000000000000000e+01 9.600000000000000000e+01 1.633319903661885746e+03 6.000000000000000000e+00
9.400000000000000000e+01 9.700000000000000000e+01 1.640640192170209502e+03 1.100000000000000000e+01
5.400000000000000000e+01 8.500000000000000000e+01 1.900441240294869203e+03 4.000000000000000000e+00
3.000000000000000000e+01 1.010000000000000000e+02 1.901984811750580548e+03 5.000000000000000000e+00
5.200000000000000000e+01 9.500000000000000000e+01 1.951325604618524721e+03 4.000000000000000000e+00
4.800000000000000000e+01 1.060000000000000000e+02 1.975718524893881522e+03 5.000000000000000000e+00
2.900000000000000000e+01 6.000000000000000000e+01 2.050170097870245627e+03 2.000000000000000000e+00
2.000000000000000000e+01 1.020000000000000000e+02 2.266531816593817439e+03 7.000000000000000000e+00
5.600000000000000000e+01 9.900000000000000000e+01 2.333181609324470173e+03 3.000000000000000000e+00
4.000000000000000000e+01 9.800000000000000000e+01 2.379047114340534790e+03 4.000000000000000000e+00
1.600000000000000000e+01 6.500000000000000000e+01 2.413359348552704432e+03 2.000000000000000000e+00
2.700000000000000000e+01 1.030000000000000000e+02 2.501762666890523633e+03 1.200000000000000000e+01
9.200000000000000000e+01 1.050000000000000000e+02 2.556508478412019031e+03 7.000000000000000000e+00
2.500000000000000000e+01 3.100000000000000000e+01 2.691801214061947576e+03 2.000000000000000000e+00
4.300000000000000000e+01 1.040000000000000000e+02 2.776928750059028516e+03 5.000000000000000000e+00
1.080000000000000000e+02 1.090000000000000000e+02 2.852915540590270666e+03 9.000000000000000000e+00
1.000000000000000000e+02 1.070000000000000000e+02 2.971015209678952488e+03 9.000000000000000000e+00
1.130000000000000000e+02 1.140000000000000000e+02 3.273549400026867261e+03 1.900000000000000000e+01
1.160000000000000000e+02 1.170000000000000000e+02 3.682391239095868968e+03 1.400000000000000000e+01
6.800000000000000000e+01 1.100000000000000000e+02 3.837535630526541354e+03 4.000000000000000000e+00
1.120000000000000000e+02 1.190000000000000000e+02 4.056341161008218023e+03 2.100000000000000000e+01
9.000000000000000000e+00 1.220000000000000000e+02 4.417806121214360246e+03 2.200000000000000000e+01
5.100000000000000000e+01 6.600000000000000000e+01 4.491853778154862994e+03 2.000000000000000000e+00
1.500000000000000000e+01 6.700000000000000000e+01 4.570500735648056434e+03 2.000000000000000000e+00
3.300000000000000000e+01 5.300000000000000000e+01 5.490529849366315830e+03 2.000000000000000000e+00
1.180000000000000000e+02 1.200000000000000000e+02 5.952037460688106876e+03 2.300000000000000000e+01
5.800000000000000000e+01 1.210000000000000000e+02 6.265491125115706382e+03 5.000000000000000000e+00
4.700000000000000000e+01 1.260000000000000000e+02 6.473569898419786114e+03 3.000000000000000000e+00
7.000000000000000000e+01 1.230000000000000000e+02 6.789302715518648256e+03 2.300000000000000000e+01
2.300000000000000000e+01 1.150000000000000000e+02 7.226173710997367380e+03 3.000000000000000000e+00
1.240000000000000000e+02 1.270000000000000000e+02 7.978454491320396301e+03 2.500000000000000000e+01
3.000000000000000000e+00 3.400000000000000000e+01 8.146618604678575139e+03 2.000000000000000000e+00
2.100000000000000000e+01 2.600000000000000000e+01 9.190788484651080580e+03 2.000000000000000000e+00
4.500000000000000000e+01 1.250000000000000000e+02 9.470196450897277828e+03 3.000000000000000000e+00
1.300000000000000000e+02 1.320000000000000000e+02 9.968308671485619925e+03 4.800000000000000000e+01
3.200000000000000000e+01 1.350000000000000000e+02 1.093034225410144063e+04 4.000000000000000000e+00
1.280000000000000000e+02 1.310000000000000000e+02 1.148987564718855720e+04 8.000000000000000000e+00
6.100000000000000000e+01 1.360000000000000000e+02 1.398241006606136034e+04 4.900000000000000000e+01
1.290000000000000000e+02 1.330000000000000000e+02 1.564160511724780008e+04 5.000000000000000000e+00
7.400000000000000000e+01 1.390000000000000000e+02 1.899348402631462159e+04 5.000000000000000000e+01
4.400000000000000000e+01 1.110000000000000000e+02 1.926016113516987025e+04 5.000000000000000000e+00
2.800000000000000000e+01 1.370000000000000000e+02 2.035982755339562573e+04 5.000000000000000000e+00
1.340000000000000000e+02 1.420000000000000000e+02 2.756167943624017062e+04 7.000000000000000000e+00
1.380000000000000000e+02 1.410000000000000000e+02 2.777082124611780455e+04 5.800000000000000000e+01
1.400000000000000000e+02 1.430000000000000000e+02 2.938755900405410284e+04 1.000000000000000000e+01
1.450000000000000000e+02 1.460000000000000000e+02 6.271502317849433894e+04 6.800000000000000000e+01
1.440000000000000000e+02 1.470000000000000000e+02 7.713123656851012493e+04 7.500000000000000000e+01
