0.000000000000000000e+00 1.400000000000000000e+01 1.030086336992657436e+01 2.000000000000000000e+00
1.000000000000000000e+00 4.700000000000000000e+01 1.438027260989937517e+01 2.000000000000000000e+00
7.000000000000000000e+00 3.200000000000000000e+01 1.577022852774122619e+01 2.000000000000000000e+00
3.700000000000000000e+01 6.300000000000000000e+01 1.679427717696264466e+01 2.000000000000000000e+00
4.000000000000000000e+01 5.100000000000000000e+01 1.986550534454395844e+01 2.000000000000000000e+00
2.900000000000000000e+01 7.600000000000000000e+01 2.141714278384747061e+01 3.000000000000000000e+00
2.700000000000000000e+01 7.300000000000000000e+01 2.160735020208679558e+01 2.000000000000000000e+00
1.500000000000000000e+01 3.400000000000000000e+01 2.387135097949429507e+01 2.000000000000000000e+00
2.600000000000000000e+01 7.500000000000000000e+01 2.472029211761034873e+01 3.000000000000000000e+00
5.200000000000000000e+01 8.100000000000000000e+01 2.477588841490783622e+01 3.000000000000000000e+00
3.600000000000000000e+01 5.400000000000000000e+01 2.538346278023835367e+01 2.000000000000000000e+00
2.000000000000000000e+01 7.900000000000000000e+01 2.547288484863481273e+01 3.000000000000000000e+00
6.800000000000000000e+01 8.000000000000000000e+01 2.560240015687466553e+01 4.000000000000000000e+00
5.000000000000000000e+01 5.800000000000000000e+01 2.607416601085907715e+01 2.000000000000000000e+00
5.600000000000000000e+01 6.700000000000000000e+01 2.711440048895108745e+01 2.000000000000000000e+00
5.700000000000000000e+01 8.400000000000000000e+01 2.754916095200334780e+01 4.000000000000000000e+00
7.800000000000000000e+01 8.300000000000000000e+01 2.795953801142436745e+01 5.000000000000000000e+00
4.000000000000000000e+00 8.500000000000000000e+01 2.863112149735462708e+01 3.000000000000000000e+00
6.200000000000000000e+01 6.600000000000000000e+01 2.879054217043301023e+01 2.000000000000000000e+00
1.100000000000000000e+01 4.800000000000000000e+01 2.932842532995296381e+01 2.000000000000000000e+00
1.900000000000000000e+01 8.600000000000000000e+01 2.934933006225356777e+01 4.000000000000000000e+00
1.300000000000000000e+01 7.000000000000000000e+01 3.004599656740176172e+01 2.000000000000000000e+00
7.200000000000000000e+01 8.900000000000000000e+01 3.093348808860197607e+01 3.000000000000000000e+00
2.100000000000000000e+01 2.500000000000000000e+01 3.105459266032826449e+01 2.000000000000000000e+00
3.500000000000000000e+01 6.900000000000000000e+01 3.123904502360077018e+01 2.000000000000000000e+00
4.600000000000000000e+01 5.500000000000000000e+01 3.189712511034067433e+01 2.000000000000000000e+00
9.000000000000000000e+00 4.300000000000000000e+01 3.199329140299898810e+01 2.000000000000000000e+00
3.000000000000000000e+01 7.400000000000000000e+01 3.328710336806848602e+01 2.000000000000000000e+00
3.900000000000000000e+01 7.700000000000000000e+01 3.403068747515141723e+01 3.000000000000000000e+00
1.800000000000000000e+01 6.100000000000000000e+01 3.493955986545333303e+01 2.000000000000000000e+00
6.400000000000000000e+01 9.900000000000000000e+01 3.577966829638318558e+01 3.000000000000000000e+00
5.900000000000000000e+01 9.200000000000000000e+01 3.595057780515071499e+01 4.000000000000000000e+00
4.400000000000000000e+01 6.500000000000000000e+01 3.604952149498473091e+01 2.000000000000000000e+00
3.000000000000000000e+00 9.000000000000000000e+01 3.758864514606652563e+01 5.000000000000000000e+00
8.700000000000000000e+01 1.010000000000000000e+02 3.883408212510095581e+01 6.000000000000000000e+00
4.500000000000000000e+01 9.600000000000000000e+01 3.972980041329481793e+01 3.000000000000000000e+00
4.100000000000000000e+01 1.080000000000000000e+02 4.153961448655280009e+01 6.000000000000000000e+00
2.000000000000000000e+00 3.800000000000000000e+01 4.596434170954574938e+01 2.000000000000000000e+00
1.200000000000000000e+01 3.300000000000000000e+01 4.672997440782742018e+01 2.000000000000000000e+00
9.500000000000000000e+01 1.030000000000000000e+02 4.708332171283507250e+01 7.000000000000000000e+00
9.700000000000000000e+01 1.060000000000000000e+02 4.720302127708765028e+01 7.000000000000000000e+00
6.000000000000000000e+00 1.000000000000000000e+02 4.777667985132566031e+01 3.000000000000000000e+00
2.800000000000000000e+01 1.110000000000000000e+02 4.858491205510901523e+01 7.000000000000000000e+00
3.100000000000000000e+01 1.100000000000000000e+02 4.870916417651351082e+01 4.000000000000000000e+00
6.000000000000000000e+01 8.800000000000000000e+01 5.106491391433651472e+01 3.000000000000000000e+00
1.020000000000000000e+02 1.160000000000000000e+02 5.483929683543028943e+01 5.000000000000000000e+00
1.090000000000000000e+02 1.190000000000000000e+02 5.761278038660451273e+01 9.000000000000000000e+00
5.000000000000000000e+00 1.000000000000000000e+01 5.951162847732712891e+01 2.000000000000000000e+00
5.300000000000000000e+01 1.050000000000000000e+02 6.009637482538320796e+01 4.000000000000000000e+00
4.200000000000000000e+01 9.400000000000000000e+01 6.039140206470106165e+01 3.000000000000000000e+00
7.100000000000000000e+01 1.140000000000000000e+02 6.158914341640369372e+01 8.000000000000000000e+00
1.700000000000000000e+01 1.130000000000000000e+02 6.894635618834307422e+01 3.000000000000000000e+00
9.800000000000000000e+01 1.240000000000000000e+02 7.114475532390538604e+01 5.000000000000000000e+00
9.100000000000000000e+01 1.210000000000000000e+02 7.240755480447548109e+01 1.400000000000000000e+01
4.900000000000000000e+01 1.230000000000000000e+02 8.054879935660100898e+01 5.000000000000000000e+00
1.070000000000000000e+02 1.270000000000000000e+02 8.173290029673174217e+01 7.000000000000000000e+00
1.170000000000000000e+02 1.200000000000000000e+02 8.341474476732045673e+01 1.200000000000000000e+01
1.040000000000000000e+02 1.180000000000000000e+02 8.361403253837893601e+01 6.000000000000000000e+00
1.150000000000000000e+02 1.280000000000000000e+02 9.409846814571831430e+01 2.100000000000000000e+01
1.320000000000000000e+02 1.330000000000000000e+02 1.004681551324097057e+02 2.700000000000000000e+01
2.200000000000000000e+01 1.250000000000000000e+02 1.152140129321840192e+02 9.000000000000000000e+00
2.400000000000000000e+01 1.310000000000000000e+02 1.161932909418584501e+02 1.300000000000000000e+01
1.120000000000000000e+02 1.290000000000000000e+02 1.285392247741010863e+02 7.000000000000000000e+00
1.220000000000000000e+02 1.340000000000000000e+02 1.366702288019095022e+02 2.900000000000000000e+01
1.600000000000000000e+01 1.380000000000000000e+02 1.428547296808538931e+02 3.000000000000000000e+01
1.260000000000000000e+02 1.360000000000000000e+02 1.440133805796056095e+02 1.600000000000000000e+01
8.000000000000000000e+00 1.300000000000000000e+02 1.795962320417874594e+02 8.000000000000000000e+00
1.350000000000000000e+02 1.400000000000000000e+02 1.977157951255447017e+02 2.500000000000000000e+01
1.370000000000000000e+02 1.390000000000000000e+02 2.064759847367555778e+02 3.700000000000000000e+01
9.300000000000000000e+01 1.420000000000000000e+02 2.791723275141227987e+02 2.700000000000000000e+01
1.410000000000000000e+02 1.430000000000000000e+02 3.315301729529325598e+02 4.500000000000000000e+01
8.200000000000000000e+01 1.450000000000000000e+02 3.621897619513676432e+02 4.700000000000000000e+01
2.300000000000000000e+01 1.460000000000000000e+02 6.348764233097476790e+02 4.800000000000000000e+01
1.440000000000000000e+02 1.470000000000000000e+02 7.834460596061031765e+02 7.500000000000000000e+01
