1.604278745964323753e+04
2.166096098180686386e+04
1.713706730491015333e+04
3.800508487303923175e+04
3.330429665606617345e+04
3.078441042696792647e+04
1.559207718552078950e+04
2.390862369735800894e+04
1.725626106756617810e+04
2.723602611636876827e+04
2.517391573715500999e+04
2.638758696360889735e+04
2.539686149692159233e+04
6.364468923435786564e+04
2.092746748314975412e+04
2.050907346912941284e+04
1.557964596910494038e+04
2.216008732101567875e+04
2.139690332360051252e+04
1.802169712709698069e+04
2.771309948540861296e+04
1.902446998319271370e+04
1.983588330655604659e+04
3.310951114659904852e+04
2.670191090228648682e+04
2.972147126673043022e+04
1.683118949178561525e+04
1.829195648480554155e+04
3.108100687349590225e+04
3.509040166131813021e+04
5.919766529823953897e+04
3.504256150137046643e+04
1.845079028199509048e+04
2.130864783536511095e+04
2.054350283287709317e+04
4.062821502714572125e+04
2.087817409680764104e+04
3.060963565741958155e+04
3.596095091960453283e+04
2.177408450242716208e+04
2.092651211929740020e+04
2.361155407235120219e+04
1.696505922528207884e+04
4.068529530841958331e+04
2.989148886519709049e+04
1.672902754320195163e+04
2.510084780815212434e+04
6.332642820654384559e+04
6.599277588472003117e+04
2.219848652982471685e+04
2.215061901751103869e+04
2.485541683407988603e+04
2.209230244771187427e+04
4.745647956203522335e+04
4.122326601738791942e+04
6.257238945193525433e+04
2.246208498862124179e+04
2.269027693902717147e+04
4.917028218489528808e+04
4.074166514814867696e+04
4.391772708575828437e+04
2.943404880188767856e+04
1.925313335828150957e+04
7.891326680442449288e+04
4.730473046307091136e+04
7.494531850879554986e+04
2.437982397855030649e+04
2.628362308724861214e+04
3.812571662440992077e+04
2.574416513925159961e+04
1.583345177815218085e+04
2.952300874633887724e+04
2.006629970211872569e+04
4.481387167725129984e+04
1.659223265174614789e+04
4.192514788068062626e+04
1.790220821071002138e+04
1.601022339978451419e+04
6.808769131067737362e+03
1.969729998362367496e+03
2.071650474486327221e+04
2.123119213812113230e+04
1.080328543025277577e+04
1.486069860331904238e+03
8.375111050004110439e+03
1.480382453603092472e+03
1.085979543261264917e+04
1.100225427663504706e+04
1.836657346371749736e+04
1.738802966284958529e+04
4.351321570073233306e+04
3.157450949514748118e+03
2.666803105210582089e+03
1.565006579675657576e+03
6.596110414161392328e+03
2.845072016983815956e+03
2.222875723151058992e+03
2.112857562466337913e+04
2.531053419187511281e+03
2.456897341244602558e+03
9.742620031816224582e+03
5.733549908241673620e+03
1.944895416808659502e+04
1.585070564513639056e+03
1.557548641118632986e+03
1.704946952959242117e+04
1.564388924626092921e+04
3.691841857323821750e+04
2.263802961746493020e+04
4.199140318532616220e+03
1.519366385812671251e+04
2.990636064365698985e+03
2.379476762422645334e+04
7.465264484639825241e+03
1.360528260623519964e+04
2.759061142349771399e+04
2.482994752624580542e+03
4.704619848652883775e+03
5.032882550264852398e+03
1.558625448841059779e+03
2.041541115010780777e+04
2.603953300416086131e+04
1.335943117739005629e+03
5.034360358380066828e+03
3.881515917911614815e+04
3.877771706771236495e+04
4.572769769831471422e+03
7.224753748439496121e+03
7.152568325226306115e+03
1.049159902085155227e+04
3.546787866798268806e+04
3.339469502891866432e+04
4.883872811484046542e+04
6.434081595417246717e+03
8.097122163145802915e+03
2.409531526262930856e+04
2.084855048632232865e+04
2.967640511330602021e+04
1.420398463962410096e+04
5.458364252288907664e+03
7.661491539649969491e+04
2.652007542569256839e+04
5.014290115214062826e+04
5.039263034298237471e+03
1.645247295419260627e+04
2.237035278228909374e+04
7.557249380750797172e+03
1.784238280300555289e+03
1.807683608319234190e+04
2.665096118510978613e+03
2.234143008071607255e+04
7.855450308591987778e+03
2.415353402997937155e+04
2.945878270766049809e+03
2.572861098111947740e+03
3.652570860407882719e+03
2.780803364515771682e+04
3.039040910987131792e+04
2.195282409470613493e+04
7.568455519987659500e+03
1.587892110002940899e+04
5.630601796959821513e+03
1.353071378581391764e+04
1.132665590679825073e+04
2.145598751068213824e+04
2.488095317852199878e+04
5.140254376581725228e+04
8.663664273085727473e+03
7.544867604118995587e+03
7.086338512635686129e+03
1.203242705470893634e+04
1.075334192824673482e+04
9.616865714663457766e+03
2.996051353089143959e+04
1.159716898326347109e+04
8.116040857403208065e+03
9.688934289654880558e+03
1.471228423581300376e+04
2.529740357828562992e+04
4.974905726537382179e+03
7.544076981401462945e+03
2.803055671334437648e+04
2.063913397198066377e+04
4.733179848171862977e+04
2.615455314803442525e+04
5.539007899646680926e+03
2.115425776548954309e+04
1.092960437335199458e+04
3.404109500878611288e+04
1.206930490865693719e+04
1.405837712458322130e+04
3.235798297724533040e+04
1.070318820077281271e+04
5.938570654183618899e+03
1.805839790413679293e+04
7.855099708966949038e+03
3.273553104961390636e+04
3.216753366246657970e+04
9.379035482529598085e+03
1.631377245401905202e+04
4.446736175748517417e+04
4.691463731034383818e+04
9.185605888601470724e+03
1.387063983058671874e+04
1.191270853825083577e+04
1.181611294855000961e+04
4.107327922556329577e+04
2.328445147690799786e+04
5.645706517276060913e+04
1.095554914377253590e+04
5.212960832498332820e+03
3.084829462756366775e+04
3.187541563294366642e+04
3.881658980650523154e+04
1.592808360341245316e+04
7.816627594362724267e+03
8.920091856829634344e+04
3.475627607614270528e+04
5.800406010255365982e+04
1.885661369956975250e+04
2.423170289390394464e+04
2.666199256537280598e+04
2.131526496601865801e+04
8.237414635801575059e+03
2.305617139396639686e+04
1.070303044244633566e+04
3.122951605063954048e+04
5.633870463798708442e+03
2.821164393041380754e+04
6.853961561957998128e+03
4.813435359512272044e+03
2.127346491034093197e+04
2.143643578159520985e+04
1.350330472769128392e+04
2.498947065131776981e+03
1.093458403315134638e+04
1.230548913614291905e+03
9.166323270535864140e+03
9.529588690620306807e+03
1.802181841399090627e+04
1.810107431422837908e+04
4.302220526998474088e+04
3.454543808090956645e+03
3.255302069878458497e+03
2.057892678640769191e+03
7.505457465795208009e+03
4.368529269531380123e+03
4.104197410673096783e+03
2.336354765514696919e+04
3.559115632380877287e+03
3.112056962554727761e+03
9.346770373880062834e+03
5.952289395572821377e+03
2.178857260384430629e+04
9.110876296668620853e+02
3.096205835582282816e+03
2.025871129900886808e+04
1.701248869698500130e+04
3.820776576589565229e+04
2.186114133408641646e+04
1.984464116925838425e+03
1.563769419472879963e+04
3.119687162795360564e+03
2.746285836070034202e+04
8.166313439726585784e+03
1.201054123691266432e+04
2.726953318305898574e+04
5.026568460003643850e+03
3.733766121785557516e+03
8.359438011889047630e+03
1.859934255523673983e+03
2.471317320854177888e+04
2.717199358641057916e+04
3.686102956735715452e+03
8.099447674048691624e+03
3.874276202347479557e+04
3.838624368804696860e+04
3.983966247294593813e+03
8.915064641047019904e+03
7.358670591772046464e+03
1.005931805704569706e+04
3.543541219297151110e+04
2.768869785917397166e+04
4.922412294974602264e+04
6.030018641028861566e+03
5.724227200923131022e+03
2.632002796258195667e+04
2.309678285752694137e+04
3.160055662125273739e+04
1.396170030546056660e+04
5.307441290530434344e+03
7.578678377878126048e+04
2.916174497922210139e+04
5.139707724946684903e+04
9.029564771647623274e+03
1.722630800741049461e+04
2.184612343487365069e+04
1.181669078476864888e+04
2.134591001552208127e+03
1.850263187354956244e+04
4.050858069910896120e+03
2.390564633373402103e+04
5.001073344531187104e+03
2.439302906916616485e+04
2.763255067336205684e+03
2.506122458360432120e+03
3.321435400019261579e+04
2.709362921910282603e+04
2.076828852772463142e+04
1.927385606224940784e+04
2.256279140207112869e+04
3.308858115038283722e+04
2.695356922764154297e+04
2.313274765728884813e+04
2.809387656865027384e+04
4.201812277080919557e+03
2.409659023423220060e+04
1.806765004696424148e+04
2.092933730020262738e+04
2.542165693313773954e+04
2.523918943298242084e+04
2.197709803735534661e+04
2.063562339360435726e+04
2.360282056526611268e+04
2.206233734868616011e+04
2.655990550588871702e+04
2.976820091280937777e+04
2.158027181208426919e+04
2.056708967634279543e+04
2.059048849802114637e+04
3.164757501178810344e+04
2.593307193888089751e+04
2.726319004253755338e+03
1.531078078236026704e+04
2.284271510200187186e+04
9.078002618481348691e+03
2.397043989442360180e+04
1.553290103840841766e+04
2.318872990182583089e+04
3.098874873068335000e+04
3.853648510946438182e+04
1.736714782046377513e+04
2.447191669650330732e+04
3.076126334799322649e+04
2.113110433424901566e+04
2.056328234931085535e+04
4.247852291043200967e+04
2.118091394913879049e+04
3.040999812868455774e+04
4.205771432016580366e+04
2.584359374535000825e+04
2.480954341764443234e+04
2.671166552730263356e+04
1.533291813397276201e+04
1.758402736619622010e+04
3.615304888617141114e+04
5.747766422243564011e+04
3.283155664242139028e+04
2.434731517965879539e+04
2.865717077633798544e+04
2.889050317905524935e+04
2.062043258977912410e+04
3.020609024935481284e+04
3.006473640287107264e+04
2.344555581720340706e+04
3.128330806053652486e+04
2.936946275321106805e+04
4.942240762025400181e+04
2.773720999062019109e+04
2.733142031243461679e+04
1.936016135314389248e+04
3.199952846591954949e+04
2.206160835098686948e+04
3.751565926569375733e+04
2.376558081973670778e+04
3.237146892475258574e+04
2.325226485030978802e+04
1.991733456215811384e+04
2.383793316576121288e+04
2.383595274970301398e+04
2.845161769434063535e+04
2.171895704360026866e+04
1.963892826469477950e+04
2.310786739963882428e+04
2.982395927971356286e+04
3.012086890912243325e+04
4.219524762457597535e+04
4.208926280504008901e+04
4.174596291653701337e+04
2.126374606536768624e+04
2.500763672212974052e+04
2.055424354024294007e+04
2.743652603163542517e+04
2.745071691094203561e+04
2.219155515710891996e+04
4.221239608808298362e+04
2.297228056341037518e+04
2.515657213544756814e+04
3.947246345781504351e+04
2.254954803457261005e+04
3.616725000787925092e+04
2.099122060223849621e+04
2.384640317014898392e+04
4.875247909271289973e+04
3.943898210786542768e+04
4.650898465798333200e+04
4.456419665783539676e+04
2.570959093595297600e+04
2.555645708916057993e+04
2.607886051970730477e+04
4.550486473771146848e+04
2.827686705631977020e+04
3.667538611402443348e+04
1.408331467223343498e+04
2.568706745930485340e+04
2.950174970053972720e+04
2.735546499531438894e+04
2.044707770888895175e+04
4.135060338561670505e+04
2.605360398962275940e+04
2.397873046351446101e+04
2.965926786562850612e+04
3.459831644104782026e+04
6.487846792309753801e+04
3.001590960442694632e+04
2.330474020952002320e+04
2.646422148341543652e+04
3.499094521333188459e+04
7.088378940241660166e+04
6.148432124695492530e+04
4.579160622260221862e+04
2.818794740752260986e+04
2.987344800326167024e+04
3.545561501058825525e+04
4.216076723615963419e+04
6.437285775760945398e+04
3.311082541187917377e+04
2.530855606158960290e+04
7.882891740136900626e+04
4.496079066775372485e+04
4.137344311440776801e+04
2.944811254938676211e+04
5.112235063150948918e+03
4.943467243665506248e+04
3.350210293298515171e+04
2.153677209950658653e+04
3.948668238021271827e+04
2.120613348882617356e+04
4.766245460963976802e+04
3.140209960785671865e+04
4.301790758896571788e+04
2.364586318072308495e+04
2.230319684002604117e+04
1.053620659370921567e+04
1.550634326045800481e+04
1.251211765939130419e+04
1.784146524287078500e+04
2.098028912302725075e+04
2.855023549759205707e+04
2.773771227119052855e+04
4.923039911240819492e+04
1.090510971825030174e+04
1.423061449423734121e+04
1.074275668679814771e+04
1.502126234231053786e+04
1.234325713792842362e+04
9.232655280408007457e+03
2.663469921738424455e+04
1.076128148808584592e+04
1.157726950664035758e+04
2.454174970021286572e+04
1.245014907112423862e+04
2.825455066498216183e+04
1.244212838853815447e+04
1.172557739218236384e+04
2.483855243774144037e+04
2.791763902606002375e+04
4.312115336278831819e+04
3.550493503697793494e+04
1.596242565529570129e+04
2.307827855018621631e+04
1.181417573779243321e+04
3.398318328012357961e+04
1.513689172285726272e+04
2.778376379724017170e+04
3.725685837731279025e+04
1.313744139115129292e+04
1.496273124618096699e+04
1.257956970582518625e+04
1.004663129737856434e+04
3.253571451437193900e+04
3.408978629600281420e+04
1.048895991740132195e+04
1.384672686532425723e+04
5.012668848190686549e+04
4.815142511622705933e+04
1.397143836572449072e+04
1.437103485188239938e+04
1.488734850563745567e+04
2.168268859047926890e+04
5.005597092803190026e+04
4.976867860369691334e+04
5.800268973848463065e+04
1.354307418568506546e+04
2.268346049187208700e+04
2.492517767935587835e+04
2.920933580585978052e+04
3.974908269458418363e+04
2.658983133745376108e+04
1.642181838655210231e+04
8.685500877197104273e+04
3.941018533514287265e+04
5.670496981307666283e+04
1.089708183334167734e+04
2.148590822105971529e+04
3.691831523394334363e+04
1.187288697780462098e+04
1.115668889094170117e+04
3.426143418549502530e+04
1.071995390173064879e+04
2.975610186448357854e+04
2.109143691791569654e+04
3.747779560657528782e+04
1.242970410548092332e+04
1.183533338665819610e+04
7.642990245183149455e+03
2.428594428443955621e+03
9.078682554348211852e+03
1.055963259995044064e+04
1.847419206552951437e+04
1.614537200691578255e+04
4.311605975150250742e+04
2.811446572554079466e+03
3.715129559584913295e+03
4.008171290258160298e+02
6.662899879868871722e+03
2.566510085487770993e+03
2.943726269238058194e+03
2.058031871647837397e+04
2.329893293657089544e+03
1.440338986044321700e+03
1.059898725702469528e+04
5.671560360814197338e+03
2.033719404956509970e+04
2.034789410572961742e+03
1.793117792009629284e+03
1.580453861663870157e+04
1.424477623328234768e+04
3.714709943694282993e+04
2.486818008990779708e+04
4.768768669884976589e+03
1.539225778865194661e+04
2.885563420029252939e+03
2.584623767139366100e+04
6.851158819176284851e+03
1.338856419607746648e+04
2.544566739791969303e+04
3.454416686387770824e+03
3.834233782042793791e+03
5.270887656927752687e+03
1.751475384440695052e+03
2.106033269201010626e+04
2.448830897380931856e+04
1.607159123445825571e+03
6.271219597342166708e+03
3.834065111786680791e+04
3.875682559915048478e+04
5.282688727602292602e+03
7.161530355450469870e+03
7.510712028157061468e+03
1.144905971140196561e+04
3.840024748085496685e+04
3.229851033800999721e+04
4.901640478958255699e+04
4.426166751046309400e+03
7.247148643122489375e+03
2.208599393530355883e+04
1.935978246789175319e+04
3.090499535852318149e+04
1.339128463222128812e+04
6.296396488406559001e+03
7.559596219072652457e+04
2.445969974594560335e+04
4.856908150302703143e+04
4.857871196494211290e+03
1.706604233778132766e+04
2.511841077634616886e+04
6.304273832442278035e+03
1.451934336584086850e+03
1.255890319657716827e+04
1.956546400697659010e+03
2.099036481469363935e+04
9.405639440877355810e+03
2.603394335832659999e+04
3.150827427010299289e+03
2.502033841342105006e+03
1.036089909923883533e+04
1.630085987012766964e+04
1.665804071064178424e+04
2.223010863387322388e+04
1.402093048763427942e+04
3.391520041081414820e+04
1.121312147189174539e+04
1.008971350680043179e+04
8.124416958154009990e+03
1.257880013609668094e+04
8.034921345918562110e+03
9.619058218013380611e+03
2.549727863031035668e+04
1.028692669084895169e+04
7.102411987131092246e+03
1.747966183286415617e+04
1.567993433277983422e+04
1.726513600618479541e+04
1.064366313245354650e+04
1.021493068149861756e+04
1.869330218460738979e+04
2.309958234433271718e+04
2.983485423342129798e+04
2.154233903169753830e+04
1.431596093866345109e+04
1.256206888161211828e+04
8.426589094308992571e+03
2.045041183407878270e+04
1.477578052095459861e+04
2.394379846855952928e+04
2.129210879072191892e+04
1.009617711420694286e+04
9.404959136323155690e+03
1.199716175443665634e+04
8.277819200134308630e+03
2.015865597107157373e+04
2.366199629974988420e+04
9.694859138238520245e+03
1.190682543468248696e+04
4.752760653018584708e+04
3.333464102797018131e+04
9.980303847327964831e+03
1.190012899236249359e+04
1.343480589172374494e+04
1.500775635485661951e+04
3.964478419730112364e+04
3.990622091637283302e+04
5.302270537959759531e+04
1.111598387807811741e+04
1.669421715520412545e+04
2.506576226522320940e+04
1.130920837150354419e+04
3.621063230242358259e+04
1.302044405266837566e+04
1.240285769618596350e+04
6.165855652954618563e+04
2.701075753999888548e+04
5.432914156338734028e+04
1.182433429881452321e+04
1.531234061095688594e+04
2.380055617644469385e+04
1.256213753657674170e+04
9.144010567381981673e+03
1.998538435903987556e+04
1.045352271023721187e+04
2.199572931828046785e+04
1.418161034217996166e+04
2.865232490419700844e+04
1.091282156000977557e+04
9.315808980216714190e+03
1.146788081531465104e+04
1.106088667155157964e+04
2.109762480499196317e+04
1.817177217552658840e+04
4.584335050407481322e+04
4.236680553685095219e+03
2.006201266032366675e+03
2.426408196001008491e+03
7.638281269998239623e+03
3.616447338341206887e+03
3.612706620100294913e+03
2.343937942856309019e+04
3.845575330629227665e+03
2.800785798982833057e+03
1.025503322101736921e+04
6.846338740075234455e+03
2.331301860024245980e+04
1.732513574801463164e+03
2.717306941604136227e+03
1.800773934956950689e+04
1.780240466111417118e+04
3.990352286555831233e+04
2.516052013587299734e+04
3.569855505386532059e+03
1.730230801407163381e+04
2.864624874817679938e+03
2.781256276080510725e+04
8.497565624273021967e+03
1.360272153627490115e+04
2.866141529184197861e+04
3.967414950502405190e+03
4.273353831437566441e+03
5.853672790219869057e+03
2.152386886036157648e+03
2.327686576579098619e+04
2.782119226508035717e+04
3.025364604726565631e+03
5.157860433073537024e+03
3.981793353507675783e+04
3.585521894753187371e+04
4.026138382595939675e+03
8.409418537624407691e+03
9.007506838210691058e+03
1.224754099189617045e+04
3.909767958733266278e+04
2.968057564472988088e+04
5.053390713109252101e+04
7.535734189665292433e+03
7.676593381885657436e+03
2.530848718016568455e+04
2.154232661229633959e+04
3.476157918030778819e+04
1.484185081767248630e+04
6.653071805903806307e+03
7.911997460883020540e+04
2.812493374109742581e+04
5.247231922208765172e+04
6.638231759830218834e+03
1.756941738022443678e+04
2.497074866632846170e+04
9.633005042898235843e+03
1.852389261020994581e+03
1.938187036747535603e+04
4.284019709276979484e+03
2.377040391849594744e+04
6.703442505937373426e+03
2.676812537893788976e+04
1.825853743327767916e+03
2.758788370963591660e+03
1.507021258081501037e+04
3.146335455754358554e+04
3.105191007010045723e+04
5.753772009443911520e+04
6.260080869828509094e+03
1.530244342700987545e+04
7.145356641726166345e+03
1.460971539059337374e+04
9.805745593044252018e+03
1.286968785157045568e+04
3.219721733190353552e+04
9.160964878295782910e+03
1.087976275319520028e+04
2.190967790379114012e+04
8.597903994085701925e+03
3.403258551470012753e+04
9.076088372871898173e+03
1.134476025106595625e+04
3.069047433541486316e+04
2.312508754360868625e+04
5.223658898404745560e+04
4.133902850859120372e+04
1.433301030356401861e+04
2.511259595211457781e+04
1.033807274977646011e+04
4.395705534628975147e+04
1.709174893372175575e+04
2.126205015100487071e+04
3.187228225332832517e+04
1.691573757535548793e+04
1.313989366321653142e+04
1.561048062681085685e+04
9.400970231093240727e+03
3.674881610605985043e+04
3.520831270879572548e+04
1.136040843478742863e+04
1.496196632612092071e+04
4.545187016791370843e+04
5.984218287002699071e+04
1.241096791410196238e+04
1.741616807863948270e+04
1.480764835069908077e+04
2.155899936355313184e+04
6.062641709582570911e+04
3.733620293170552031e+04
6.216414658469939604e+04
9.729600593743081845e+03
1.510322471198592757e+04
2.344623675151187126e+04
3.494377589438779978e+04
5.185761230031143350e+04
2.298979068846289374e+04
1.240265004810321989e+04
9.800223990440060152e+04
3.626975992947604391e+04
5.109406654895844258e+04
1.707006690977915423e+04
2.509628296156586657e+04
4.570509037353680469e+04
1.744832287224711035e+04
8.241577726874900691e+03
2.436469242195710103e+04
8.735605949946168039e+03
3.323828756639001222e+04
1.444883311142746606e+04
3.671954296677248203e+04
1.144378161664851723e+04
9.189348213375931664e+03
2.203142026004409854e+04
2.407554608198814458e+04
4.813947533774358453e+04
1.259214940608956022e+04
1.211652578040029948e+04
9.540258278749741294e+03
6.522843396386955646e+03
1.562227278223773101e+04
9.879230560499881904e+03
3.149087771559665271e+04
1.192175441270494230e+04
1.047734920896957919e+04
1.569561615238769627e+04
1.565224512614140986e+04
2.568613943591622956e+04
8.736821507657476104e+03
9.988858137857323527e+03
2.972241717522769977e+04
1.445620676808809367e+04
4.150454784452776948e+04
2.709159491042219815e+04
8.738363743176287244e+03
2.214830625465254707e+04
1.462245105585342026e+04
3.320332469266792032e+04
1.114339475304127336e+04
1.042519116549117280e+04
3.403900823575302638e+04
1.323391544787054590e+04
1.094572378966760698e+04
1.799964647036739916e+04
1.138762302717302191e+04
3.530075948937248177e+04
3.788584870078303356e+04
1.086437508191876259e+04
1.799579000695668219e+04
4.287773797923511302e+04
4.233952646253901912e+04
1.063732831736126900e+04
1.588159863081950243e+04
1.069748551507835327e+04
1.566432175368128082e+04
3.984219882537390367e+04
2.702201915166226536e+04
5.671191322592845245e+04
1.295797145381467635e+04
6.855154248377344629e+03
3.202867031598955873e+04
3.382408155361701210e+04
3.681182259343100304e+04
2.079988121597233840e+04
6.919470790077454694e+03
7.423033973337852512e+04
3.755873440895367094e+04
5.057035530483197363e+04
1.847595374827440537e+04
2.697865001927060075e+04
2.875106549205366173e+04
2.082375489696776276e+04
9.803711620144900735e+03
3.003993724302493865e+04
1.275908006312483849e+04
2.930942111278828816e+04
1.284454855002494332e+04
2.729451936722244136e+04
9.261134038335987498e+03
1.268331638710269908e+04
2.116448970484702295e+04
4.109615973175592080e+04
2.480478751784927226e+04
2.212441071688869124e+04
1.845466700018606571e+04
2.312948430442606332e+04
2.124881413930426788e+04
2.027442679006226535e+04
2.104611085647236905e+04
2.332830896980297257e+04
1.796093265912407878e+04
2.552803778672357657e+04
3.600594846810296440e+04
1.408323121421399264e+04
1.685596287066023069e+04
1.822832339827448232e+04
2.518388991094152152e+04
2.819699485377559540e+04
3.539241243398058577e+04
1.846732335075070296e+04
1.756616416667425074e+04
1.786069655429301201e+04
2.103850554754379118e+04
2.294213463793777919e+04
1.460957089500430448e+04
3.002976746885956891e+04
4.458670986712782178e+04
2.207850603887950274e+04
1.729813955853102379e+04
3.242489457966485497e+04
2.045092804645766228e+04
3.700356993317477463e+04
3.645871812352640700e+04
1.973608399614768132e+04
2.992864320823661183e+04
5.417108049622464023e+04
5.166677021800178045e+04
1.946971201183955054e+04
2.225887987088652881e+04
1.408120168191296034e+04
9.885212864096678459e+03
1.672131696841680241e+04
3.650973130258994206e+04
5.625555192529477063e+04
2.015090276191548764e+04
2.219395427443710287e+04
3.979624297830232535e+04
3.663028940896699351e+04
1.549114253978846500e+04
2.411734057856068830e+04
1.846779009290020622e+04
5.149041816414648201e+04
3.536468762376973609e+04
6.334732585152494721e+04
2.899755455674054247e+04
3.396534499343349307e+04
2.076421479383198675e+04
3.125428758187649873e+04
1.910083682134981791e+04
2.936888406109869538e+04
2.260524414313451052e+04
3.632907451509917155e+04
1.783720032176945097e+04
3.138310063457164870e+04
2.072716890040213184e+04
1.702312447901802807e+04
4.560137574614321056e+04
2.387968755173023965e+04
1.694658358302583656e+04
1.544114427520550089e+04
1.991350182327836956e+04
1.881109706958163588e+04
1.900863696330189850e+04
1.918095374835227994e+04
2.041198627635791490e+04
1.688909716933781237e+04
2.806252199623757406e+04
3.164522119664730781e+04
2.535276037433146848e+04
1.952468702850133195e+04
1.997936811245106583e+04
7.477048681975728869e+03
3.321906896739319927e+04
3.862545280325038766e+04
2.968184364606684176e+04
2.093494231796392705e+04
1.920977001145182294e+04
1.948538127203965269e+04
2.738655939893130198e+04
2.315560561049467287e+04
3.259635420550425260e+04
4.044505551114915579e+04
1.765757068013954995e+04
1.883301323818004312e+04
2.451959991777996765e+04
1.701520777004808042e+04
2.996185828535790642e+04
4.005472416691004037e+04
1.935094328002771726e+04
2.449971715840446996e+04
6.223001571870413318e+04
3.696673868812076398e+04
1.810082940409788716e+04
2.330684611610547654e+04
2.445256669238131872e+04
1.978666685933610279e+04
3.163139279332674778e+04
3.479394238085756660e+04
5.568993950833354029e+04
2.188501508684848886e+04
2.323928424325099331e+04
3.659025848706788383e+04
1.563073011038223558e+04
3.475216304760000639e+04
2.333527448843079037e+04
1.903951958404218021e+04
4.826400648017102503e+04
3.033266508817814247e+04
7.016598081108965562e+04
2.427239424234502076e+04
3.571661594256932585e+04
3.351241489882162568e+04
2.592078473161323200e+04
1.624979993370316515e+04
3.402320779533649329e+04
2.458684523017851825e+04
1.915709337232468897e+04
1.551789038171293214e+04
3.510902481133624678e+04
1.823831704931494824e+04
1.809766360822282877e+04
4.799787874615446344e+04
3.771719795396825066e+04
4.375187130713384249e+04
4.880575577877630712e+04
4.803720692575539579e+04
4.414950329990478349e+04
3.492283016769023379e+04
4.611908115320111392e+04
4.468095922462649469e+04
4.483131554439400497e+04
5.611542655369621207e+04
3.512720401164052601e+04
4.242030229207821685e+04
4.192203760426319786e+04
4.900327419847712736e+04
4.265870122122143221e+04
7.122067132999354726e+03
2.643740623990515815e+04
4.483018424037659861e+04
1.733388081586358021e+04
4.775110376685364463e+04
2.851686161019874999e+04
4.368923099144265143e+04
5.294261296763745486e+04
4.618813978873797896e+04
3.694547123950509558e+04
4.603756010219595191e+04
5.638346139402599511e+04
4.409187317815062124e+04
3.474200327413580089e+04
5.798070271994406357e+04
4.335222537901232135e+04
5.490322996620796039e+04
4.922962092143401969e+04
4.264792424373768881e+04
4.702185763192251034e+04
4.656089421295783541e+04
3.175180793784023263e+04
3.455095434536744142e+04
5.773727225278799597e+04
7.649008477684709942e+04
3.564453966753622808e+04
4.696600076591350080e+04
5.127089313121306623e+04
4.129340387278592243e+04
3.558078296377122751e+04
4.728024693392965855e+04
4.702348927521748556e+04
4.502737898270264850e+04
3.596852669056910236e+04
4.581975643486675835e+04
5.643346596909634536e+04
5.161834929813966301e+04
3.680141433448805037e+04
3.381882468806023098e+04
5.671287348261283478e+04
4.535433207790730376e+04
5.887251313710917748e+04
4.753949025556490233e+04
4.496236068199723377e+04
4.256468996530042932e+04
3.095895055967947337e+04
4.669001087881842977e+04
4.624470689515209961e+04
6.466397643532875009e+03
2.177365343311450033e+03
1.050397709052058235e+04
6.284943846264858621e+03
4.685564935433933897e+03
2.324297168575157048e+04
4.956787643809795554e+03
5.763278161720068965e+03
1.515383322435935588e+04
7.254887675471547936e+02
2.536908222362436572e+04
3.095452665586053172e+03
4.109564899430679361e+03
2.407923187096846596e+04
2.007419343162320729e+04
4.325454529835053108e+04
3.241518893970739737e+04
7.380893314563258173e+03
1.713321066733303087e+04
5.876467534674337003e+03
3.429853575839795667e+04
9.581618678408927735e+03
1.413711365205836228e+04
2.789344651467083168e+04
7.381742457181417194e+03
7.448536093304598580e+03
7.876799508057543790e+03
2.703160099995044220e+03
3.042721957125781410e+04
2.674197569376138563e+04
4.801402642890934658e+03
8.189669857871430395e+03
3.926239487973792711e+04
4.841892556805234926e+04
9.412504788324356923e+03
1.156852928929942573e+04
8.211802001467647642e+03
1.429060640359186073e+04
4.957344462690239016e+04
3.718861635106997710e+04
5.234807179988403368e+04
5.530982172637785879e+03
9.393535748688595049e+03
2.271135763910255628e+04
2.809720172398998693e+04
4.116093762450891518e+04
1.916409484828795394e+04
7.388064564706852252e+03
8.858726741634195787e+04
2.862093016849982087e+04
4.917790434829045262e+04
9.566078060680269118e+03
1.795378442394734884e+04
3.437598873070467380e+04
1.156993649522049964e+04
3.974775189609481004e+03
1.886296316970518455e+04
2.002264248474927172e+03
2.948073841386035565e+04
1.155803436901597161e+04
3.143530622439596846e+04
4.786847462808323144e+03
3.745899321935939042e+03
3.803527612330533429e+03
9.109925450756463761e+03
5.004148675837977862e+03
4.910808548521441480e+03
2.165040938269211620e+04
4.948182790928440227e+03
4.628434089100851452e+03
1.114526413553995008e+04
9.784224611833995368e+03
2.307833399857725453e+04
3.666175333730187958e+03
4.029612086550455842e+03
1.674984293297824479e+04
1.677556027850502869e+04
3.199615025443820559e+04
2.378881071764193985e+04
6.071123635492454923e+03
1.820800482869981715e+04
4.811413940864809774e+03
2.464919803786448392e+04
1.041069116838127229e+04
1.520887555848105694e+04
3.052456014295262139e+04
1.848514477062611604e+03
7.216134202320267832e+03
6.428314996485282791e+03
3.085691153265033790e+03
2.161463632018924181e+04
3.111076817478213343e+04
4.055727284287276234e+03
5.754273168631811131e+03
4.035665823577815900e+04
2.767168232536388678e+04
6.089190172206275747e+03
9.376131876056557303e+03
8.538012351863992080e+03
1.174616453493053632e+04
3.748311589876504877e+04
3.139490855857990391e+04
4.596920058399401023e+04
1.071279964021206979e+04
1.057417490508754781e+04
2.378386664868835214e+04
1.911228709298936519e+04
3.152141211642391136e+04
1.795643022704298710e+04
8.804932116036552543e+03
7.172215740487714356e+04
2.696012814466746204e+04
5.321660779029675177e+04
7.109353342273154340e+03
1.945538741443962499e+04
2.290943490493555873e+04
1.055074776904011196e+04
3.570792855575032263e+03
2.144897771608175753e+04
7.256535012081253626e+03
2.191703578347489383e+04
8.604711217088730336e+03
2.351722142121071374e+04
3.913995990532864653e+03
4.595882841905022360e+03
6.469062938573987594e+03
3.113013617454033465e+03
3.202805404347385320e+03
2.070868025107226640e+04
2.439275078475756345e+03
1.785562626235333937e+03
1.052159405457903449e+04
4.382829569436707061e+03
2.035728126488616908e+04
1.515515766636056242e+03
1.853598407714994437e+03
1.651961504127876833e+04
1.386322187712642517e+04
3.770297802541008423e+04
2.478311330722238199e+04
4.580154465981815520e+03
1.525000646346568647e+04
3.068707817974455793e+03
2.573064814914694580e+04
6.922513756645930698e+03
1.242790736123586430e+04
2.562557440585138829e+04
3.911105319005348520e+03
3.775292677167969487e+03
6.094277534646551430e+03
1.741985974346015382e+03
2.224401614621261615e+04
2.452749409275681319e+04
1.909799308264755382e+03
6.978279379051604337e+03
3.735964316975466500e+04
3.952792488192782912e+04
5.245117644187990663e+03
7.474721020046387821e+03
6.829122908513581933e+03
1.110491791547794128e+04
3.787057162982566661e+04
3.169885989716387121e+04
4.910451564781174238e+04
4.410426566073720096e+03
6.417107805233825275e+03
2.228512390423122270e+04
1.969128093005679693e+04
3.095267078702712752e+04
1.359159319333289022e+04
5.638926432109119560e+03
7.584992719082979602e+04
2.468462917244120035e+04
4.720344410033061286e+04
6.019870857062858704e+03
1.660762079510780313e+04
2.471751881061990207e+04
7.340580245621204995e+03
1.442144984704581020e+03
1.230530658304202734e+04
1.702189519836049840e+03
2.112975609265206003e+04
9.013703029173793766e+03
2.534513550679634864e+04
3.667795185914982540e+03
2.440391772470877186e+03
9.912102163505045610e+03
5.910612533918510962e+03
2.719842619701391232e+04
7.765648068839162988e+03
6.944022090074397056e+03
1.470005783268770028e+04
1.298386446566325139e+04
2.374428793660888186e+04
6.789481059650541283e+03
7.051788326254863932e+03
2.282118463301959855e+04
1.513041334186420318e+04
4.088519287992362661e+04
2.964993294892078848e+04
8.696171493393045239e+03
2.014267879551151782e+04
9.132910085484498268e+03
2.973303252593588331e+04
8.375480322956695090e+03
1.393963684265039410e+04
3.081725723013594325e+04
8.591704627853183410e+03
8.878074973110062274e+03
1.301670038401096463e+04
7.528023525141768914e+03
2.933433599171456444e+04
3.113194632696988265e+04
6.890766496346181157e+03
1.204964891583530152e+04
4.483923686690753675e+04
3.936923027554829605e+04
7.796645319096000094e+03
1.163670234750321833e+04
9.757959947838668086e+03
1.609786665731313406e+04
4.293389129015770595e+04
3.365708095876361040e+04
5.640794308405170887e+04
1.123908027414162461e+04
6.284995185882124133e+03
3.031926928127935389e+04
2.675118593731290093e+04
3.791896748097845557e+04
1.879998547995745321e+04
3.666235570419517444e+03
7.438838683727355965e+04
3.259785737020801389e+04
5.355913945679295284e+04
1.100343757933478628e+04
2.377347138579405146e+04
3.072779345092069707e+04
1.222036834526625898e+04
6.886941497209099907e+03
2.710926920771544974e+04
9.122042554042011034e+03
2.598907231505191885e+04
1.309872172777524611e+04
3.006876540672363262e+04
8.068914404601109709e+03
9.379005209418784943e+03
4.740004240541388754e+03
2.363813194710425159e+04
2.268345396925173645e+03
2.835538625395149211e+03
1.394783237605843169e+04
9.602086278460894391e+03
2.352269693893183285e+04
4.712617593386053159e+03
4.522456225882084254e+03
1.662644859884415564e+04
2.010898533948874319e+04
4.090772612707693770e+04
2.629287331330053712e+04
9.157203034701011347e+03
1.934412136833316617e+04
1.814045401327116451e+03
2.635467532523814589e+04
1.142067934585434705e+04
2.046815296721417690e+04
2.893161753554055031e+04
5.155613946943381052e+03
5.763421680849904078e+03
4.301329424014516007e+03
2.643644493586322824e+03
2.046616348223284513e+04
2.781322761127919512e+04
3.645750898408969078e+03
4.168301735934928729e+03
4.556530461175422533e+04
4.099806275454206479e+04
5.957201707845042620e+03
7.499513226734271484e+03
1.063489456773771599e+04
1.444124176723051278e+04
3.971151006294667604e+04
3.597645562116298242e+04
5.411729275820573821e+04
7.961889001722959620e+03
1.333984480281391734e+04
2.310299974883365212e+04
2.099628201453061047e+04
3.274585657515847925e+04
1.419791105902363961e+04
1.012495868179621903e+04
8.081197671748648281e+04
2.775905169262884374e+04
5.587006217238654790e+04
4.630249770959534544e+03
2.182943106464269295e+04
2.690195014531261040e+04
5.659038053782904171e+03
3.085118972274407042e+03
1.812665874747041380e+04
3.650107971688627458e+03
2.347069377695707226e+04
1.021463824662244588e+04
3.034527008460920842e+04
5.034294706454364132e+03
3.066365865995190688e+03
2.233040722426683715e+04
4.354456921520903052e+03
3.354492056263536597e+03
1.010440001139966444e+04
7.612670201015278508e+03
2.151195208023445230e+04
2.532901852962407247e+03
2.373537802558554176e+03
1.889861716269903627e+04
1.535609587131721673e+04
3.808610249153012410e+04
2.564287974572918756e+04
4.896610833656401155e+03
1.693407598950907777e+04
4.942699431825426473e+03
2.580471133165362335e+04
6.490724549036388453e+03
1.344705682984429950e+04
2.772100817751742215e+04
4.037546361160527795e+03
5.359695269567527248e+03
6.911796270943653326e+03
3.339065973204259535e+03
2.080523557537182205e+04
2.546330357773950527e+04
2.111615994823128403e+03
6.792181756139871140e+03
3.856976233222434530e+04
3.905582531354716048e+04
5.807345305355959681e+03
6.945770887454037620e+03
8.831739574983577768e+03
1.285050258237642993e+04
3.839551428601209773e+04
3.528049477066546388e+04
4.981472895319080999e+04
6.784692551433394328e+03
8.765803646749467589e+03
2.482041945653514267e+04
2.236353199972921720e+04
3.168484544067160459e+04
1.539580423161090948e+04
7.415217035507936089e+03
7.569313002767301805e+04
2.698887120469038200e+04
5.002835611453773163e+04
5.707686267676237549e+03
1.630697077428927150e+04
2.583368286913835618e+04
8.511075533554052527e+03
3.893307031834514419e+03
2.000460742728538025e+04
3.806929618966198632e+03
2.134014383245581121e+04
1.047010171376981452e+04
2.626210886442000992e+04
4.135109656496162643e+03
4.294858119942865414e+03
2.239602089051994699e+04
2.237180240138840963e+04
3.236356026596977608e+04
2.661991691501440437e+04
2.612588107677597145e+04
2.214495533831530338e+04
2.199902314528592979e+04
1.460448602165588818e+04
3.184040441777864908e+04
2.934259731225650467e+04
2.927124641792689363e+04
2.565800528668528932e+04
1.441584025544054748e+04
2.264962784690804983e+04
2.518187116105752648e+04
2.502802949276961954e+04
3.351742695018098311e+04
4.914312531023773772e+04
1.902095534560713349e+04
2.599797024442188558e+04
2.645334225429079015e+04
2.133349253333167871e+04
2.741705993582402152e+04
4.716971659753507993e+04
2.164283633685962559e+04
2.689664563203404396e+04
5.463255949866945593e+04
4.871581083416536421e+04
2.614523920541216285e+04
2.789247121926692489e+04
2.032679036725942569e+04
1.601755488220870029e+04
3.566537877804100572e+04
5.682807076939065882e+04
3.874499431931516301e+04
2.518991818144380886e+04
3.112957899255472512e+04
3.988286958293511998e+04
2.968034646144462749e+04
2.535999802788458328e+04
3.889661182816157816e+04
2.625367393797142722e+04
3.800937588034564396e+04
3.041392083613646537e+04
6.477520515244990384e+04
2.536244902245714184e+04
3.684932591055339435e+04
3.495730252874203143e+04
2.777113709501003905e+04
2.203752864995515847e+04
3.827301652674740762e+04
2.247093937654182082e+04
2.766354517772890904e+04
2.061303938456803735e+04
3.150637706875439108e+04
2.422973567117017956e+04
2.268891349978129438e+04
4.241064299956986360e+03
1.606623137858207338e+04
6.370186864759088166e+03
2.500349111281279329e+04
3.543827603137890947e+03
3.840530286900521332e+03
1.694456975864733613e+04
1.797084669022520757e+04
3.966510275662809727e+04
3.204006627131722416e+04
7.533291799764526331e+03
1.896752471880484518e+04
3.255159383154861644e+03
2.952468927286820326e+04
1.101098584850079715e+04
1.735766718440062687e+04
2.563880956591368886e+04
3.951222868071478842e+03
8.692084472122121952e+03
4.121728602773815510e+03
1.827334594556384673e+03
2.089880648275997373e+04
2.843672432406112057e+04
2.278964584222039775e+03
5.162336318943182050e+03
4.142159069461630861e+04
4.495265154602021357e+04
6.555242477322719424e+03
9.430490128304942118e+03
1.036240932141875055e+04
1.667041529948313837e+04
4.765201860727091844e+04
3.722035376746085240e+04
5.142019540085565677e+04
7.248394878458108906e+03
1.214649210446196230e+04
2.397277911636058707e+04
2.147631744014022843e+04
3.883719657238948275e+04
1.737593535926479308e+04
8.205185696740627463e+03
8.030950599624302413e+04
2.833602283135098332e+04
5.263836551932364819e+04
4.466226746816713785e+03
1.796177785215005133e+04
3.413323695013074030e+04
5.180701273544898868e+03
2.569895471788231589e+03
1.938986172744895521e+04
3.440458475445826480e+03
2.377636176478324342e+04
1.202347245108147763e+04
3.001216492204038514e+04
4.245590726554217326e+03
4.173048864551523366e+03
9.365016321423327099e+03
9.359726301870094176e+03
2.144280828280549758e+04
2.632911121136791735e+03
2.386198410424250596e+03
1.650194454884071820e+04
1.547433269322659908e+04
3.767563156540710770e+04
2.368904134448069817e+04
5.467265970960117556e+03
1.652641671341405163e+04
2.763195729082946855e+03
2.557751933654869208e+04
7.786980836853939763e+03
1.511678867437709414e+04
2.776010367422787385e+04
5.106911277213344874e+03
2.375574561343205005e+03
7.254102514697950937e+03
3.192091609008315572e+03
2.134563163537910441e+04
2.516548671559906506e+04
2.535153429529760615e+03
6.443003102212250269e+03
4.164776390019329119e+04
3.740722202409076272e+04
3.643772530655721312e+03
7.310670488405856304e+03
8.419267267000099309e+03
1.167360502299585096e+04
3.719428966359424521e+04
3.079217600386734557e+04
5.223332426893356751e+04
4.958974603236310941e+03
8.583414111205325753e+03
2.330758280451371320e+04
1.963796510218556796e+04
3.015813097817152448e+04
1.230231450432907513e+04
7.667267559144300321e+03
7.441657469787086302e+04
2.478373801374523464e+04
5.170243190196478099e+04
6.426453705983930377e+03
2.042594063588827703e+04
2.400525660787253946e+04
8.129654408777566459e+03
2.712424709032543433e+03
1.627572863724634590e+04
3.732046339774591615e+03
2.125099075757822720e+04
8.877343018664647389e+03
2.707084935399485039e+04
3.997305290673783020e+03
3.565967639706803311e+03
2.458688719642274009e+04
2.881470107551930414e+04
7.945560097901061454e+03
8.516050586862142154e+03
2.846175945409871201e+04
1.364234862666909612e+04
4.034626495643889211e+04
2.795719112863557530e+04
9.381769844908994855e+03
2.557567292446262218e+04
1.377818925649155608e+04
3.234485443436806236e+04
1.376459700694164712e+04
1.679698363773400342e+04
3.765665059921448119e+04
1.254437750939583566e+04
7.978119448371809085e+03
2.082475794947236864e+04
1.196566611217301033e+04
2.282164899033971960e+04
3.823994012697452126e+04
1.049545328231226813e+04
1.892404133684570479e+04
4.510913711116240302e+04
4.284426199915003235e+04
1.113525082713873053e+04
1.641175028393662069e+04
1.404283427157202459e+04
1.582109970682265339e+04
4.145886306861674530e+04
3.573136187276446435e+04
5.450655962425527832e+04
1.144158457354805250e+04
1.268618565360523098e+04
2.891501160239582896e+04
2.883500443059110330e+04
3.434839765481937502e+04
1.640159849349914293e+04
1.263551323704442984e+04
8.189060811135916447e+04
2.585939966663525047e+04
5.499340289028072584e+04
1.987805290082619467e+04
3.291096136568071961e+04
2.743514913107589382e+04
2.196360279933776110e+04
1.197253386188211152e+04
2.191344357626659257e+04
1.268221439817310056e+04
2.638257701066059599e+04
1.185808478414620913e+04
2.317318337052645802e+04
1.115217292757934410e+04
9.638348268196157733e+03
3.539032021042294946e+04
5.572289326891725068e+03
8.325441356284269204e+03
3.010063145183968300e+04
2.857490735624043737e+04
5.142054146004655195e+04
4.745463435383205069e+04
1.209337666464809445e+04
2.225811971254564196e+04
8.655025394947449968e+03
4.502036162968727149e+04
1.496021964385367028e+04
1.748004882284847554e+04
3.436218180235125328e+04
1.115860190444995897e+04
1.369982422849177965e+04
9.554499072839604196e+03
4.080131368139617734e+03
3.665305504390582064e+04
3.451114059158525924e+04
8.426560891622328199e+03
1.053742200344252524e+04
4.214782355929860205e+04
5.905634013488936762e+04
1.392809072486274454e+04
1.539574780818965155e+04
1.238500922972988337e+04
2.287413300791237270e+04
7.065771279168117326e+04
5.278061108294669248e+04
5.725664748505265743e+04
1.066859895106213480e+04
1.414206298840154341e+04
2.628001982004825913e+04
3.343908195805735886e+04
6.052678012589261925e+04
2.769662790179580770e+04
9.428831365876496420e+03
1.035903902204000187e+05
4.033676318741816067e+04
5.382956195201937226e+04
1.243284570021829495e+04
2.020473271510141785e+04
5.216563317505701707e+04
1.467519884061822268e+04
6.865368755978708577e+03
3.186270040848809367e+04
3.717937706139427064e+03
3.503274837428749015e+04
1.765067935959861643e+04
4.155610060394421453e+04
7.394863452711073478e+03
6.686975573112953498e+03
2.064383834765844949e+04
2.099256819745409302e+04
3.118006442908219469e+04
3.242252379514952918e+04
2.926257517849229043e+04
1.347742632119064183e+04
2.234163223464231851e+04
1.275122630403838411e+04
2.372217328874612213e+04
1.289124057480811643e+04
1.699362627574532962e+04
3.495245965232245362e+04
4.132093881168187363e+04
2.204479482884276513e+04
2.192394639949282646e+04
2.973721905631108530e+04
2.128631873708472995e+04
3.008876792096149438e+04
3.447524990982156305e+04
2.133198404132244468e+04
2.937322916221221385e+04
5.392130680054279219e+04
4.515241468920533953e+04
2.325701996635391697e+04
2.477982152449954447e+04
1.587659281099021609e+04
1.360550975245083464e+04
3.279623035775718017e+04
4.946348983805980242e+04
5.345362335791837540e+04
2.391511005352480424e+04
2.668862315612652310e+04
3.614010116119433951e+04
2.648570028230360913e+04
2.888066005451603269e+04
2.350684053067569766e+04
2.146243827030781540e+04
5.162398069054297957e+04
3.670220903907738830e+04
6.028556171746560722e+04
2.839340932988367422e+04
2.810215892756962057e+04
1.740424325797072379e+04
3.006099398976444718e+04
2.166116948403823699e+04
3.175655756658423343e+04
2.361509394392196555e+04
3.960274377518854453e+04
2.276884145687632190e+04
2.684184608791688515e+04
2.352104262797011688e+04
2.029780169340022985e+04
1.768609177884436122e+03
2.101521255621184537e+04
1.396740875397198397e+04
3.701288995566652738e+04
2.204476677212764116e+04
1.313986246312364528e+03
1.523587309123054729e+04
3.827275166834876927e+03
2.650031933464447502e+04
6.543150738138345332e+03
1.124411165813649859e+04
2.679987095018714899e+04
4.082059566991517841e+03
3.751130499160370618e+03
8.399135453783419507e+03
2.177702407747503457e+03
2.277675225590188347e+04
2.611210650370616349e+04
2.276581807347214635e+03
8.174030638594312222e+03
3.720951575206828420e+04
3.810643294644823618e+04
4.334794302200508355e+03
8.923759384952034452e+03
6.966117260957144936e+03
1.017349611498430750e+04
3.530769774497519393e+04
2.801859292323301997e+04
4.813333252872440062e+04
4.993870738752678335e+03
5.434113439485349772e+03
2.600397312176407286e+04
2.453780099487118423e+04
3.075520911768030055e+04
1.354292910543327162e+04
5.426073855061889844e+03
7.482336846886240528e+04
2.665167474347475945e+04
4.912504888927468710e+04
9.016762062082016200e+03
1.633787676846961040e+04
2.216556805946453096e+04
1.192588301794878498e+04
2.036652762242869812e+03
1.670696368781577257e+04
2.586441732379335008e+03
2.456799394743967787e+04
6.883025766662602109e+03
2.367942045358822725e+04
2.630184912527045526e+03
2.956098824596197574e+03
1.949863825352544518e+04
1.316539563461305806e+04
3.650883305611588003e+04
2.431412104995244954e+04
4.125614629283270006e+03
1.597870047188969693e+04
5.586585302530244007e+03
2.735624021125563013e+04
7.170212458460636299e+03
1.321500796873842773e+04
2.741091735376785800e+04
3.800753880425652824e+03
4.067941399019681285e+03
8.301557498812135236e+03
3.063128006545212884e+03
2.087862494326114756e+04
2.557995633686704605e+04
1.019294078152013299e+03
8.105710687569080619e+03
3.876196775856133172e+04
3.790362918981273106e+04
5.184435703216942784e+03
9.146778857567596788e+03
7.988445651027279382e+03
1.184082681570829664e+04
3.797930408095048188e+04
3.035584705341728113e+04
4.943461023967893561e+04
5.206571165289169585e+03
7.336758758325958297e+03
2.485739282896118311e+04
2.307583009875285643e+04
3.191042226832721281e+04
1.400909333025249180e+04
6.725013634281631312e+03
7.534996926173291286e+04
2.581712176763296884e+04
4.870368388058657729e+04
7.505191598666177015e+03
1.824983242032046837e+04
2.397929128521367238e+04
1.025572212736578149e+04
2.705601990573843523e+03
1.754685269578135194e+04
2.643849057531953349e+03
2.433387002669915455e+04
8.926538447143277153e+03
2.472992989548774131e+04
3.935192116591602371e+03
3.728905564942160254e+03
3.578730510304210475e+04
4.206993553306291869e+04
3.594811244397639530e+04
2.540906539224270455e+04
2.580103893427717412e+04
1.668304793984082062e+04
3.035005740208115822e+04
2.569842397434028317e+04
3.864518722222991346e+04
4.528250946763987304e+04
1.723146539284452956e+04
1.977425104453828317e+04
1.963477351324978372e+04
1.549074471372576591e+04
2.734689111483751913e+04
4.491329570977589174e+04
1.785761738738705390e+04
1.930743417908297488e+04
6.674241810944251483e+04
4.121909525496411516e+04
1.928852411608453986e+04
2.245891713841897945e+04
2.607209858672587143e+04
2.211463172298121208e+04
3.912915016802759055e+04
4.247468499173755117e+04
5.975449059698399651e+04
2.347328996505420218e+04
3.042238194439527069e+04
3.651061430442921846e+04
1.804153022355154098e+04
3.245098753572343048e+04
2.748773705914706079e+04
2.441082720339884690e+04
5.396423068290091760e+04
2.991238971812203818e+04
7.509298717597572249e+04
1.896504295914995600e+04
4.181724355826215469e+04
3.906847192401228676e+04
2.083388973709617130e+04
1.692738937183689268e+04
3.486849389177810372e+04
2.264639331772985315e+04
1.916864971146851531e+04
1.910175238123639429e+04
3.984212462142425647e+04
1.793891991614949802e+04
1.878226433144318071e+04
3.766811603041453782e+04
3.100503116797649636e+04
1.580350367718810594e+04
2.691532007903697740e+04
1.930805249999865919e+04
3.544613922639773227e+04
1.520100648901408931e+04
1.884025893456907215e+04
3.654800583196515800e+04
1.633291769147250670e+04
1.524097509146669108e+04
2.547222215588496692e+04
1.722473811961567117e+04
3.232862335469615209e+04
4.341023775765419123e+04
1.483395554747030110e+04
2.310871232678520755e+04
4.887590671355750237e+04
4.507022425388713600e+04
1.572364738196917097e+04
2.137025983212219944e+04
1.609499252284722752e+04
1.878186590151717246e+04
4.677763011783637921e+04
4.137644126655504078e+04
6.030384602650163288e+04
1.647269548774325085e+04
1.459165583360975506e+04
3.324451001767528942e+04
3.868407125390358851e+04
3.899834452375275578e+04
2.814753921001041817e+04
1.453654294236305213e+04
8.455332750027904694e+04
3.161843585230861208e+04
6.048195985880690569e+04
2.490881938129909031e+04
3.468257743508533895e+04
3.105465816050619833e+04
2.693077990073138062e+04
1.487362992032766306e+04
2.909109589358547237e+04
1.725437756945991714e+04
3.439574353713995515e+04
2.063610807832155842e+04
2.611055104877204940e+04
1.845552329332994123e+04
1.692325853941920286e+04
2.050339740018954399e+04
3.995066048164255335e+04
1.511422654238122050e+04
3.978077918628291809e+04
1.964560733688520850e+04
3.944229775569475896e+04
5.063551504743195983e+04
4.843788510012313054e+04
3.093581346131117607e+04
4.173920828152813920e+04
4.949979187209469819e+04
3.745909898793650791e+04
2.790232992151998769e+04
5.765582514436848578e+04
3.671756134807800845e+04
4.694689499014707690e+04
5.350346380935561319e+04
3.112222176582404063e+04
4.093987861882281140e+04
4.096694148069788935e+04
2.668719730747596623e+04
2.936272216421152189e+04
4.649921696738271567e+04
7.239837744762549119e+04
3.985233543756652216e+04
4.155927833552818629e+04
4.743341398048715928e+04
3.669016662485372217e+04
2.806938400015442676e+04
4.000535963831533445e+04
4.168215485428787360e+04
3.959813086287451733e+04
3.702166224299387977e+04
3.737802982213774521e+04
5.901723891905942583e+04
4.432703423382347682e+04
3.954453293453713559e+04
2.655710724208143802e+04
4.893388169284780452e+04
3.892091067688292969e+04
5.335728914151672507e+04
4.184116544221309596e+04
4.196090332597389352e+04
3.786318117311836249e+04
2.734001994995328278e+04
4.139720316261761764e+04
4.190510306073098764e+04
2.184864560176592568e+04
1.060734355012165724e+04
2.744187315904343268e+04
6.930269802897246336e+03
2.073657317939868517e+04
3.554720404795757349e+04
4.324299262003565673e+04
2.608804375550695477e+04
2.294508500911036390e+04
4.102864214532737242e+04
2.554181470318898209e+04
2.997359640212901650e+04
4.318316913934369222e+04
2.571048182290261320e+04
3.618228500025020912e+04
5.910582498612765630e+04
3.052177500320697436e+04
2.416714323407176562e+04
2.627754534571283511e+04
1.804008810520382031e+04
9.143576914960020076e+03
2.214525029461436498e+04
4.384862206437520217e+04
5.425187076379315113e+04
2.674222949437208445e+04
2.844859951690550224e+04
3.736702502891198674e+04
2.917916863366509642e+04
2.419683584627892560e+04
2.672916548906012031e+04
2.377766761431526174e+04
4.625484925400467910e+04
3.444618536696508818e+04
6.488366897000428435e+04
3.764758941484060779e+04
3.530233758199180011e+04
3.521741098101619173e+03
3.986652189965853177e+04
2.522707357887062972e+04
3.473295813003880176e+04
2.953066249938380133e+04
4.264606942216448806e+04
2.054270752555110448e+04
2.216148944669221237e+04
2.651070040881044406e+04
2.184693898581759277e+04
1.744645303799353860e+04
7.465700773397402372e+03
2.812539922320546611e+04
7.729470570590223360e+03
1.227984022454308615e+04
2.889860612806791687e+04
7.154252955314856081e+03
5.094404495946267161e+03
1.319282139221296165e+04
4.627287006195648246e+03
2.826263227441995332e+04
2.975430032617678080e+04
5.344778783249898879e+03
1.335282059993259099e+04
4.033894683218511636e+04
4.014354986475718761e+04
5.811248781981237698e+03
1.292761902504299360e+04
9.094067388110932370e+03
1.111511096424427888e+04
3.407493519848067808e+04
2.636554964940114951e+04
5.030816356283609639e+04
8.426303897214473182e+03
6.014096846564723819e+03
3.080558367279922822e+04
2.828990403107967722e+04
3.124574847881628375e+04
1.578401566872352487e+04
7.093347771117636512e+03
7.608021211557340575e+04
3.162960423020895905e+04
5.282993511446577031e+04
1.364169610985493273e+04
2.003772053787093319e+04
2.204093722942624299e+04
1.713329546427292007e+04
4.254979079808161259e+03
2.192073940437626879e+04
7.350805199889986397e+03
2.691766565703257947e+04
6.832602406706818329e+03
2.432301873355239877e+04
3.719145480136869537e+03
5.156608772184918053e+03
1.845495644618671213e+04
1.502546503342217147e+04
1.758005779803096812e+04
2.778921012471939684e+04
3.072049742968456849e+04
1.820701344086984318e+04
1.791304305151479639e+04
2.466771681656641158e+04
1.587423033204006242e+04
2.410480696436674043e+04
3.004328836855169357e+04
1.701472186480080563e+04
2.419978771813754429e+04
4.672396003522208775e+04
3.534780206077265029e+04
1.900676616121805273e+04
2.118567936601716428e+04
1.537898068753474035e+04
1.096992445725181096e+04
3.044710798873348540e+04
4.544738509889543639e+04
3.674230762254478759e+04
1.796337195522042748e+04
2.138726784905731620e+04
3.320351038879658154e+04
1.974236276171433201e+04
2.929632608168065781e+04
2.246247073995068786e+04
1.706425769024017791e+04
2.832650849885860225e+04
3.248550351106298695e+04
5.510828580814788438e+04
2.338522821979354921e+04
2.037047218877089472e+04
1.542415839851876081e+04
2.616720335677062030e+04
1.668799131058921193e+04
3.105694492932176945e+04
1.662299082025049938e+04
2.951888493004230622e+04
1.469409490542672938e+04
2.135383783307942940e+04
1.886662724272406194e+04
1.693905098154610823e+04
2.658351673540794945e+04
1.065248121528011143e+04
1.921594781062876064e+04
2.796006062272854615e+04
5.585038422522471592e+03
5.765721903832132739e+03
4.783224051097583470e+03
2.584213260198908756e+03
2.171182132419700793e+04
2.836158822932149633e+04
4.253017159950177302e+03
3.979728583216380684e+03
4.417241626628961239e+04
4.203738231247168005e+04
4.943892169869099234e+03
8.269731627882370958e+03
1.015318276522690394e+04
1.457508269074455166e+04
4.268810614417238685e+04
3.739691252186873317e+04
5.355657091226695047e+04
7.806865069936111468e+03
1.260517061692904826e+04
2.434989422409000690e+04
2.086881844143116177e+04
3.342151497476694931e+04
1.554615247202071623e+04
9.625995313245837679e+03
8.064677068672011956e+04
2.574241230869980063e+04
5.433399127538303583e+04
4.721791373383566679e+03
2.083552341618332139e+04
2.874865943699390482e+04
6.220349338134064965e+03
2.662329731067286957e+03
1.639569072456437425e+04
4.348346099984863940e+03
2.315152626868757579e+04
1.017277495834721958e+04
2.986852699908202339e+04
4.771359210235132196e+03
3.401171220709558838e+03
2.442426183075906738e+04
4.249468455932824872e+04
4.518295556551413756e+04
2.481790990901732584e+04
2.938345574569600285e+04
3.455691069960471214e+04
2.493797075121492162e+04
2.457630673763006052e+04
4.704319064880056249e+04
2.600497975263518310e+04
3.276546887257139679e+04
5.947423621983568592e+04
2.711884584823931436e+04
2.906261793372266766e+04
2.741861376870654203e+04
2.098212454446905758e+04
1.513496384697239046e+04
2.618405164086652803e+04
5.460616041081860749e+04
5.203978291639815143e+04
3.267137170472772414e+04
3.479052083679931820e+04
3.489872620888732490e+04
2.312210440073034260e+04
2.345418532805318682e+04
3.029014385614541607e+04
2.783427808183520392e+04
4.437107347033173573e+04
3.143760672100534794e+04
6.627421666697568435e+04
3.121079821756830643e+04
3.589020013267004833e+04
7.894185163497861140e+03
3.369274834854634537e+04
2.638051619506394491e+04
3.920738586820650380e+04
3.175775319730955380e+04
3.803806876807708613e+04
2.674779865452797821e+04
2.484307989233662374e+04
2.959881585167352023e+04
2.677530187836979167e+04
1.388892675222579055e+04
3.462339965377678163e+04
9.832123235802260751e+03
8.426539773815822628e+03
1.517150310252761483e+04
9.184622548302100768e+03
2.913951605165828005e+04
2.871933616941432410e+04
7.878240933519424289e+03
1.550575451744794736e+04
4.183772058831462346e+04
3.869624896304795402e+04
1.106780152311232996e+04
1.281641354071184833e+04
8.905295347082053922e+03
9.808874317275500289e+03
3.183944935122258175e+04
2.953395950388065830e+04
5.196457083784793213e+04
9.698390678175641369e+03
8.616306723189658442e+03
2.780876805721389974e+04
2.965629324433231523e+04
2.429703092020840995e+04
1.855947386120574811e+04
8.532141417529304817e+03
7.531380660715074919e+04
3.002671834790228968e+04
5.186480787767255970e+04
1.318778929564260761e+04
2.297212879715545569e+04
1.953752187263755332e+04
1.525125390790314668e+04
7.044552661307282506e+03
2.211477850946940453e+04
8.805744823431796249e+03
2.821437685104995035e+04
1.356851076423137420e+04
2.416842000660821577e+04
8.592567609594476380e+03
8.352761792040892033e+03
4.595093726613098261e+04
1.661497429568345251e+04
1.468693584544926853e+04
2.488789413707991480e+04
1.431641720476446790e+04
4.405125036582426401e+04
4.736154909026830865e+04
1.506444716400230755e+04
2.507498197557846288e+04
4.348013161724634119e+04
5.248560533120975015e+04
1.684040576735639479e+04
2.265895684496460308e+04
1.309079853459568403e+04
1.826039206542274769e+04
5.038587717590541433e+04
3.506093464248058444e+04
5.684273626374882588e+04
1.681417532137999660e+04
9.313237237752859073e+03
3.628538523110003734e+04
4.053915482475337922e+04
3.954770675567953003e+04
3.092314786121083307e+04
1.114788870344595489e+04
9.345593797378051386e+04
4.174620613556321769e+04
5.268820642943249550e+04
2.417175813358878077e+04
3.215394395526837616e+04
3.531706314953960828e+04
2.873899769031608230e+04
1.342663560510759089e+04
3.298944195929495618e+04
1.562835594027885963e+04
3.137404259218661173e+04
1.658973943216752377e+04
2.525238468490825471e+04
1.287370369309446323e+04
1.325733750671822418e+04
3.019812080818322647e+04
3.047620166656149377e+04
3.284916286703061633e+04
2.715636902620851470e+04
4.256131301306996465e+04
2.843032075281389552e+04
2.651737818975324990e+04
3.247998235088125148e+04
4.856797775912332872e+04
5.854347947559198656e+04
2.894872581623702717e+04
2.915256269583954054e+04
3.608901900711023336e+04
3.757002415259293048e+04
7.027885280195818632e+04
5.681242161955194024e+04
5.881109042072109150e+04
2.995772822186107078e+04
3.329480862324900954e+04
4.295695237556657230e+04
4.305891405234346894e+04
6.319880519506464771e+04
3.065912823445198592e+04
3.079446954753814498e+04
7.628357283037036541e+04
4.812427851126678434e+04
5.012625637198374898e+04
3.401356352872011485e+04
1.255913891611044528e+04
4.950237696422209410e+04
3.552512986726473900e+04
2.634078573417536973e+04
3.843300783133791265e+04
2.849643398890227763e+04
5.187010740708452067e+04
3.307940852284639550e+04
4.408203557727469888e+04
2.721739903333728944e+04
2.627322171811786029e+04
8.673762075411312253e+03
6.612202444994064535e+03
3.722315592773726166e+03
2.017854093874419414e+04
3.042110728235304850e+04
3.039485905568281851e+03
7.008464733265829636e+03
4.051901515473353356e+04
3.352343006161045923e+04
7.424830702820500846e+03
1.036887429315124609e+04
8.614572810284178559e+03
1.278740876389569894e+04
3.932076145042564167e+04
3.758336977898876648e+04
4.511194601464857988e+04
1.071653395457810984e+04
1.232250779346649506e+04
2.473141460980622287e+04
1.948122853832029796e+04
3.140269737429493034e+04
1.942912953427476896e+04
9.077158334409043164e+03
6.967573539340887510e+04
2.618057261937801013e+04
5.253560788632919139e+04
6.460947277478957403e+03
2.001314249752736214e+04
2.586949123879273611e+04
9.399338568186929479e+03
3.644473139264454858e+03
2.124867851860986411e+04
6.932230738846101303e+03
2.183720687995625849e+04
1.145166606305638015e+04
2.348906468303968722e+04
5.037113488132592465e+03
6.532094264148283401e+03
1.273822690349474578e+04
6.006926191311056755e+03
2.538658021609047864e+04
2.589694831618134049e+04
5.649901671713590076e+03
1.042178561373558114e+04
4.473591933574421273e+04
4.130691101272990636e+04
3.601372235263640960e+03
9.339479653045806117e+03
9.709942262282729644e+03
1.118026098833696597e+04
3.617452459772161092e+04
2.546602949298084422e+04
5.431439314666787686e+04
5.418359076247791563e+03
6.791078348485394599e+03
2.607927893141049935e+04
2.319421201710960304e+04
3.034811932920726758e+04
1.145086765526517593e+04
6.859945228803270766e+03
7.806374365186663636e+04
2.683656039506704110e+04
5.383962556867490639e+04
1.130856233721818353e+04
2.329836955633848265e+04
2.257505640393842623e+04
1.403042646860208151e+04
5.016772810369281615e+03
1.695849781569172410e+04
7.523087745865704164e+03
2.457562237921049382e+04
7.487424347008363839e+03
2.734109113838895792e+04
5.702329232590163883e+03
4.059409200353441065e+03
3.891257050957780393e+03
2.210893268626381905e+04
3.244942663676594748e+04
6.437017479876907601e+03
3.134042721233834527e+03
4.700888080094599718e+04
5.276430777710316033e+04
1.045903395327989529e+04
1.129495410145846108e+04
1.505195217496545592e+04
2.258064556003484904e+04
5.815297816057762975e+04
4.959519985585445102e+04
5.793265799598072772e+04
1.310888218075181430e+04
1.966193883394965087e+04
2.526515989980736049e+04
2.349824467405825999e+04
4.785711806949481252e+04
2.185310935701511698e+04
1.391843302785194828e+04
9.552513709147230838e+04
3.054086456514356541e+04
5.886832022367073660e+04
3.313785506523020558e+03
2.151601152843060845e+04
4.280646765043572668e+04
4.821185727841502739e+03
5.085334469973212435e+03
2.414690268162949360e+04
5.356801480899475791e+03
2.637775447724521655e+04
1.783769992911688314e+04
3.674414517552871257e+04
6.942916525981446284e+03
5.461872223126159952e+03
2.073687306964430172e+04
2.679859564051879715e+04
2.307663927848998355e+03
4.785845233328345785e+03
3.848603950161387911e+04
3.980519482079125009e+04
5.275870457749284469e+03
7.614541049912166272e+03
7.511781120581417781e+03
1.225722491090675067e+04
3.924927403931934532e+04
3.530541154596277192e+04
4.876627467386815260e+04
5.962703820575021382e+03
9.124057748759996684e+03
2.313773917882873502e+04
1.909741856007896058e+04
3.308007050316804089e+04
1.462773297850365270e+04
6.490165047440448689e+03
7.768191734418945271e+04
2.716605215281432174e+04
4.975573959988038405e+04
4.410431264408762217e+03
1.655805003292858964e+04
2.593136921293261184e+04
6.440860290915234145e+03
2.407537749425882794e+03
1.857442113716455060e+04
2.035122807125322879e+03
2.143435153239791543e+04
8.519936606605862835e+03
2.575945759414258646e+04
3.112751416100777533e+03
2.580297118006010805e+03
4.685187810422386247e+04
2.030696054891831955e+04
2.220633640189663856e+04
5.612445185202562425e+04
3.381854203874033556e+04
2.544456874735265592e+04
2.577231533678920459e+04
2.852453239501919234e+04
2.882094676054772208e+04
5.296294214056425699e+04
5.954621059394149052e+04
5.060509701979898091e+04
2.638376856854645303e+04
3.595222442552815482e+04
3.411935073919891147e+04
2.052984717031876789e+04
4.431135512990818825e+04
2.409770429104491632e+04
3.155951510610300465e+04
5.912658405531026801e+04
1.736412558900364456e+04
6.206425231566849106e+04
2.286099020402424139e+04
3.524528834917760105e+04
3.280347732917415851e+04
2.437734201187331928e+04
2.207758947413489659e+04
2.753309839009452480e+04
2.013457875350862014e+04
3.152335365699856993e+04
2.685703109283443337e+04
3.006916698742616063e+04
2.353855694494286581e+04
2.212913161721152937e+04
2.625731514839660667e+04
3.135471196168276219e+04
6.338151875378083059e+04
6.786918641342710180e+04
3.073528692498380769e+04
2.238805490132247360e+04
3.352777314950706932e+04
3.560542263055162039e+04
6.610679843367860303e+04
5.509402887403947534e+04
7.888093685240493505e+04
2.542170619403393721e+04
3.251819301382017875e+04
4.805812145237781078e+04
4.389782840125911025e+04
6.040210710298424965e+04
2.964104198128646021e+04
3.033365064251638614e+04
8.710043457729142392e+04
5.498489964788903308e+04
7.452844614326939336e+04
2.930241870261248187e+04
2.334247634421978000e+04
4.598995240727493365e+04
3.228070938968771225e+04
2.671400876852827059e+04
4.017149531794067298e+04
2.703658574193956883e+04
5.924359916794965829e+04
3.446999245464299020e+04
5.589370346606116800e+04
2.770361882216207596e+04
2.551966960789996665e+04
6.552802776530380470e+03
3.981993470845191769e+04
3.972870477631280664e+04
5.366874653135858352e+03
8.335269844964805088e+03
8.416774982959504996e+03
1.300767164456054343e+04
3.986172764325743628e+04
3.488725216962609557e+04
5.009111467313641333e+04
6.070042442868289982e+03
9.531635534909804846e+03
2.445593941600620383e+04
2.202357356103781058e+04
3.330175628698687069e+04
1.549801855788787725e+04
7.142556820132595931e+03
7.773774535495725286e+04
2.667640616922051777e+04
5.104499013668155385e+04
5.019798840112869584e+03
1.811203891432043747e+04
2.624841827879301127e+04
7.319403253556389245e+03
2.587787072506972436e+03
1.784364577652034859e+04
3.061799740165985895e+03
2.375557236757281498e+04
1.019599627515671091e+04
2.560466631934255565e+04
3.736776404402170556e+03
3.813790093979437188e+03
5.049679195037197496e+04
4.569468445587491442e+04
9.491062849667896444e+03
1.132017492458791821e+04
1.572787134089902975e+04
2.088899684617045205e+04
5.258106462659608951e+04
4.294397208593360847e+04
6.000616310455888015e+04
1.219607776213472243e+04
1.752902945933399678e+04
2.650109621213661740e+04
2.472477795121428426e+04
4.370095982803429069e+04
2.031350682844818220e+04
1.300946429733822515e+04
9.114758680600640946e+04
2.795790992744461255e+04
5.981723926605851739e+04
4.500847708311601309e+03
2.424614918764974573e+04
3.775322474033349135e+04
7.164566566836110724e+03
6.167248109547709646e+03
2.265260843972227303e+04
5.749638519609244213e+03
2.724814736866969179e+04
1.573308638536811122e+04
3.648276315837522270e+04
7.273358869266695365e+03
5.438639691155234686e+03
7.417687903671851382e+04
4.644453401671898609e+04
4.503171511983217351e+04
3.741898406935374078e+04
4.724470612634562713e+04
8.198962112410443660e+04
7.949900134370452724e+04
2.198459850315340373e+04
4.083385675894664746e+04
4.356819522352755303e+04
3.954096453293271770e+04
6.259090436113663600e+04
7.364004685176341445e+04
4.843732270610280102e+04
4.083781759279534162e+04
9.443136536120175151e+04
4.566432375294163649e+04
8.128911977509260396e+03
4.887206516178671154e+04
3.317547792758397554e+04
6.474648810204262554e+04
5.305426040265148913e+04
3.765981682556428859e+04
4.215563798466871958e+04
3.788082885012951738e+04
4.344042922144601471e+04
4.540891957112621458e+04
3.919932894206337369e+04
3.935150849644037953e+04
3.945705119881612336e+04
3.961660317919430963e+04
3.987328812173806364e+04
4.879134328761888173e+04
3.972912197396734700e+04
5.259936173471754591e+04
5.315113169522541284e+04
6.913559040253533749e+04
4.535235890879001818e+04
4.457748912030900829e+04
4.111347898808254104e+04
2.639793967960058217e+04
5.092911806199014245e+04
4.868894710358314478e+04
4.331044783914295840e+04
5.441144819856125105e+04
3.631182235406091786e+04
7.842386441028238914e+04
4.956227023867976095e+04
5.470806769156813243e+04
2.976750956012220558e+04
5.380106026107316575e+04
3.960989281848812971e+04
5.481143461054156069e+04
4.857325566022327257e+04
4.850416139369134180e+04
3.864206703383367858e+04
4.547739400966467656e+04
3.758568881339633663e+04
4.375898485195261310e+04
1.034348489807283840e+04
1.043835895683731178e+04
1.340523291157004314e+04
3.800834130253497278e+04
2.944577548256231967e+04
5.562841739664315537e+04
8.525803937061738907e+03
9.955997631848649689e+03
2.616304565380444546e+04
2.333904746641497331e+04
3.162408666216332495e+04
1.350205561400538136e+04
7.590481562090174521e+03
7.601923882587467961e+04
2.957994224249313265e+04
5.475984948203252861e+04
9.512608090323283250e+03
2.385134807442683086e+04
2.453496846623680540e+04
1.222520781607476965e+04
4.117782671687056791e+03
2.058043743607469514e+04
8.455977509907872445e+03
2.321995435462212481e+04
7.378545621297988873e+03
2.758826710229783930e+04
5.830457624334613683e+03
5.606951154425712048e+03
1.484406849813484769e+04
1.719561302149394760e+04
4.150852838642327697e+04
3.494855269826283620e+04
5.704785864826777834e+04
1.323103592661079892e+04
1.538059294157794102e+04
2.641894669797582173e+04
2.436027506929897208e+04
3.344446737482708704e+04
1.745827792407862944e+04
1.206089489127749766e+04
7.450346811934509606e+04
3.155658283167310947e+04
5.277405124628036720e+04
8.666817622505670442e+03
1.868146489067649964e+04
2.696419637474995397e+04
9.402216869249856245e+03
8.062444845937491664e+03
2.267339555407531952e+04
1.003849554231248476e+04
2.559827331724949909e+04
1.389533893034175162e+04
3.242338322911498108e+04
9.342617972683750850e+03
7.533052046893016268e+03
6.821246435148232194e+03
3.007201848124031312e+04
4.469157823829894187e+04
4.156634408008326864e+04
9.826738495503304875e+03
1.119045313838240691e+04
2.239335931116923166e+04
2.741693617570376227e+04
2.088216468640150197e+04
2.162665014241808603e+04
6.882477397956575260e+03
6.698169161803854513e+04
3.222055423469746165e+04
4.556744195260475681e+04
1.422593866136027827e+04
2.326940627324346497e+04
1.778107717055408284e+04
1.671752263867112197e+04
7.824090115316663287e+03
2.505670581629922526e+04
8.581608431869008200e+03
2.685603306313001303e+04
1.192446134697821253e+04
1.576234955499261559e+04
9.993598541023940925e+03
7.587000086065361756e+03
1.270435961729041810e+04
3.500362620967929251e+04
4.464638860684628162e+04
1.371859438577244327e+04
1.431115656907343146e+04
3.182947580922452107e+04
2.622304689457506538e+04
1.480112072802767216e+04
2.080472318289502073e+04
1.161272886680595911e+04
5.779706697240353242e+04
3.181961353581427102e+04
5.709762488009457593e+04
2.173828322502232913e+04
2.856222579914861490e+04
1.015856155875825971e+04
2.403506197727027393e+04
1.231798525576568682e+04
2.702010307213502529e+04
1.321528892757251560e+04
2.685770302645211632e+04
8.697191396453681591e+03
1.689975851605560092e+04
1.349324426139836214e+04
9.583173722348125011e+03
5.013296502599357336e+04
7.754248557357134996e+04
4.110083252523053670e+04
4.116500952050785418e+04
5.915483661435935937e+04
5.328012740666289028e+04
2.274187021449933309e+04
4.133636528943400481e+04
3.719303304780562030e+04
6.356483650243974989e+04
4.816291797721597686e+04
8.873029614897868305e+04
5.268714587095250317e+04
5.990522524470757344e+04
2.131793466078439451e+04
5.520965708007517969e+04
3.880485307070797717e+04
5.117098053696210991e+04
4.562451646303688176e+04
5.052293494705484045e+04
2.720945253401056107e+04
4.207591856767194986e+04
3.935134068191727420e+04
3.483949603036985354e+04
9.234047780414685258e+04
3.035721767505271418e+04
2.360654909252662037e+04
5.114679957086000650e+04
5.464641970314175705e+04
5.086856122097194020e+04
3.626019326236208144e+04
2.789316288016869657e+04
9.083029562037109281e+04
5.322971873591159238e+04
8.786233398556330940e+04
4.957979060054025467e+04
5.302926196623376745e+04
4.454038886100546370e+04
5.160625402380691230e+04
3.172473454378472525e+04
3.984874770959271700e+04
3.559897906378490734e+04
5.552602392862036504e+04
2.444833502085026703e+04
5.885325980086598429e+04
2.805070338440074192e+04
2.451792996782677801e+04
5.373597253150052711e+04
5.688405303879499843e+04
5.325595171028265031e+04
5.925537711798850796e+04
6.996798312283855921e+04
5.720893259014053183e+04
5.262924008598874207e+04
6.969318615801689157e+04
4.781286255235404678e+04
2.873138140483690222e+04
5.678438588555925526e+04
4.395263101220686804e+04
6.261767716180362913e+04
6.147992554435716011e+04
4.917210476501647645e+04
6.417527564353922935e+04
5.083191399691072729e+04
4.667847906148129550e+04
4.870932490466305171e+04
3.679199090800816339e+04
5.132539811746167834e+04
5.057269657187256234e+04
1.014484815539882402e+04
2.356964340200635343e+04
2.754614184046543232e+04
3.422935483508651669e+04
1.445742653099617382e+04
9.174714422834036668e+03
7.985313273533442407e+04
2.578890729360177647e+04
5.038389802827195672e+04
1.141681576073868928e+04
2.209615097248771781e+04
2.818182747602849849e+04
1.309491388678508520e+04
6.210016748818067754e+03
1.337602823359276044e+04
4.394834857141389875e+03
2.717904972923768219e+04
1.212988341124837098e+04
2.997341316427924903e+04
7.627517286064709879e+03
5.989821609601511227e+03
3.403598824671402690e+04
3.262269568441485171e+04
3.865645360465418344e+04
1.851042293848071131e+04
3.692351710954354530e+03
8.010907576396057266e+04
3.550297731921402737e+04
5.375883139863151882e+04
1.915516492989669860e+04
2.594003394585883507e+04
2.791087675353838131e+04
2.103259615393758577e+04
8.168807948021258198e+03
2.539745079322049060e+04
9.667544039213295036e+03
3.186259129784531251e+04
1.025543103758767757e+04
2.952331028280659666e+04
8.219733524715458771e+03
8.428728011282253647e+03
3.314331683788575174e+04
4.669232089002104476e+04
2.871889799581298939e+04
2.922918319108687865e+04
7.885772689699173498e+04
3.064877390002440734e+04
4.294271598565881868e+04
2.564885055838705375e+04
2.898311437937465234e+04
4.167016497031290783e+04
2.587340463183205065e+04
2.297261333172606828e+04
3.314094105044960452e+04
2.392606504125522406e+04
3.271733382432080180e+04
3.086839543941512966e+04
3.184109199743528006e+04
2.618044058059628514e+04
2.150570483580668588e+04
4.813651651964048506e+04
2.562527371094598493e+04
2.684958200231972296e+04
5.204779393947491917e+04
3.376740159442808363e+04
6.879843877216312103e+04
2.308326801760787203e+04
3.679806955415208358e+04
3.259388844696116576e+04
2.523927978893772888e+04
2.040013036322921471e+04
3.591047835496328480e+04
2.680480507789611147e+04
2.340371745826343249e+04
2.494876944382490547e+04
3.527147353879234288e+04
2.261681746595890581e+04
2.248187835953124522e+04
4.516333264586822042e+04
3.334756555729687534e+04
6.118150327643889614e+04
4.211611861114905332e+04
7.838483077087215497e+04
4.098050455248128856e+04
5.497284608260965615e+04
2.383477481342798274e+04
4.313255324780913361e+04
3.176100941628170403e+04
4.545509277023510367e+04
3.780546146706712898e+04
4.073135128090200305e+04
3.063173201821377006e+04
3.354572263433136686e+04
3.531454543588742672e+04
3.017808595210183557e+04
1.680427401160226145e+04
7.975955472905347415e+04
3.130210205731694077e+04
5.190940034636305063e+04
2.224786409320101666e+04
2.602853515788559889e+04
2.980487288237824396e+04
2.190246488338317431e+04
1.433419106995200491e+04
2.199649177919789145e+04
1.673093806761215092e+04
3.221757283886926234e+04
1.666396185255863020e+04
3.501943018605552061e+04
1.478721105807885033e+04
1.229451759101387870e+04
7.355744576102892461e+04
3.463908668177175423e+04
4.992780868849605031e+04
1.341652647718503067e+04
2.251124937045135448e+04
2.457023740381850075e+04
1.453574605558327312e+04
6.349056518974703067e+03
2.517019152212444897e+04
7.662580064632926224e+03
2.654816409063804531e+04
8.768852084582367752e+03
2.594494755684529810e+04
7.328468379398497746e+03
7.250266639355455482e+03
5.945117674687437102e+04
9.846383878460378037e+04
8.744481499509731657e+04
7.579453141624722048e+04
5.422552786674752133e+04
9.102724848124620621e+04
7.634723394496008405e+04
8.220775369044748368e+04
8.726512946831309819e+04
7.296027373969189648e+04
6.431058484249394678e+04
6.253716303527260607e+04
7.923560134955888498e+04
8.337926172531017801e+04
5.055744672118000744e+04
3.105125354779642657e+04
3.996717409975240298e+04
3.573422235746739898e+04
3.203973157430957508e+04
2.575675356358869612e+04
2.637591833498954657e+04
2.315774965910574610e+04
3.816383045018379926e+04
3.416859682838568551e+04
3.256219501944379954e+04
2.857270600148155791e+04
2.650152871736206362e+04
5.870995934293908067e+04
4.171578676742165408e+04
7.187269496046514541e+04
6.230450690547851264e+04
4.782344669086558133e+04
4.795016738484915550e+04
4.823136607696975989e+04
5.154532963109278353e+04
5.677322243716102821e+04
4.655794053980181343e+04
5.197231481283972244e+04
5.087453096005684347e+04
2.254759626697255590e+04
3.915509478111346107e+04
2.926657575550679212e+03
5.358851098646422543e+03
2.427752511577514815e+04
6.799113949539444548e+03
2.445448885925208015e+04
1.697058554525495856e+04
3.584676438617413805e+04
8.115858841557206688e+03
5.596587685075592162e+03
4.026661701914356672e+04
2.569837883301670081e+04
1.647647110369897564e+04
3.451240557110086229e+04
1.742625570421527664e+04
4.068389260452343296e+04
2.559229934022986345e+04
3.628463563752409391e+04
1.784553500392816932e+04
1.723316682006409974e+04
4.192877451993689465e+04
2.595841274725929543e+04
3.538796934753435198e+04
3.106530182502819662e+04
4.620985662910857354e+04
2.261056660584181373e+04
2.514009014955341991e+04
2.663899956791378281e+04
2.135330963252619404e+04
7.569496899808662420e+03
2.441461604916409851e+04
8.130656685514433775e+03
2.748743095750208158e+04
2.028045675960632798e+04
3.826979524301494530e+04
1.044648454218751976e+04
7.596854395954383108e+03
1.436931662184976449e+04
3.350331941742766503e+03
2.085300831659097457e+04
8.396258546784492864e+03
2.555553188279138703e+04
2.708897136683505778e+03
2.682023213234974719e+03
1.543603175774123338e+04
4.598853300044169009e+04
2.416804655718322465e+04
4.124181221251776878e+04
1.981138505582559083e+04
1.527682357577837683e+04
2.616016501377409077e+04
1.255838963720789980e+04
2.920231778869718983e+04
5.137603449381584142e+03
3.730806887000831011e+03
2.343643883105667919e+04
2.729334294492192930e+04
2.450523839083822168e+04
2.201685092628729763e+04
2.309043677627456054e+04
8.099257312387214370e+03
5.131106255820820479e+03
2.677134953822306852e+04
2.452669711772732262e+04
4.104862172417143483e+03
