5.500000000000000000e+01 1.060000000000000000e+02 1.126204958809782966e+02 2.000000000000000000e+00
1.000000000000000000e+01 6.800000000000000000e+01 1.202849700243571078e+02 2.000000000000000000e+00
2.000000000000000000e+01 4.800000000000000000e+01 1.264005075005875369e+02 2.000000000000000000e+00
1.300000000000000000e+02 1.350000000000000000e+02 1.484431815600992195e+02 3.000000000000000000e+00
1.100000000000000000e+01 6.200000000000000000e+01 1.521346825552980135e+02 2.000000000000000000e+00
2.600000000000000000e+01 5.900000000000000000e+01 1.599868556937764197e+02 2.000000000000000000e+00
6.700000000000000000e+01 9.700000000000000000e+01 1.744227179182778400e+02 2.000000000000000000e+00
3.000000000000000000e+00 6.900000000000000000e+01 1.829593866984794204e+02 2.000000000000000000e+00
0.000000000000000000e+00 1.110000000000000000e+02 1.959347330802318083e+02 2.000000000000000000e+00
3.800000000000000000e+01 1.180000000000000000e+02 1.992244529029808291e+02 2.000000000000000000e+00
2.100000000000000000e+01 1.340000000000000000e+02 2.127754559980139675e+02 3.000000000000000000e+00
2.700000000000000000e+01 4.500000000000000000e+01 2.133010367463798502e+02 2.000000000000000000e+00
1.600000000000000000e+01 1.450000000000000000e+02 2.246098482222886332e+02 3.000000000000000000e+00
4.900000000000000000e+01 5.100000000000000000e+01 2.257212631831694125e+02 2.000000000000000000e+00
1.240000000000000000e+02 1.380000000000000000e+02 2.311186639500893421e+02 3.000000000000000000e+00
2.300000000000000000e+01 6.600000000000000000e+01 2.322352128596885450e+02 2.000000000000000000e+00
8.200000000000000000e+01 1.170000000000000000e+02 2.463972204942356257e+02 2.000000000000000000e+00
8.000000000000000000e+00 2.400000000000000000e+01 2.723896168921463641e+02 2.000000000000000000e+00
5.600000000000000000e+01 9.300000000000000000e+01 2.738794928241024991e+02 2.000000000000000000e+00
7.000000000000000000e+00 1.460000000000000000e+02 2.759652413388189984e+02 4.000000000000000000e+00
8.100000000000000000e+01 1.390000000000000000e+02 2.815222931989975450e+02 3.000000000000000000e+00
1.800000000000000000e+01 6.300000000000000000e+01 2.845886156741448758e+02 2.000000000000000000e+00
1.700000000000000000e+01 1.370000000000000000e+02 2.934240037650591830e+02 4.000000000000000000e+00
1.900000000000000000e+01 3.300000000000000000e+01 2.942122809568204502e+02 2.000000000000000000e+00
1.100000000000000000e+02 1.440000000000000000e+02 3.363794542664858795e+02 4.000000000000000000e+00
1.040000000000000000e+02 1.360000000000000000e+02 3.387222049557345258e+02 3.000000000000000000e+00
9.100000000000000000e+01 1.250000000000000000e+02 3.412917094407234799e+02 2.000000000000000000e+00
1.400000000000000000e+01 1.020000000000000000e+02 3.561763607812647479e+02 2.000000000000000000e+00
6.500000000000000000e+01 7.700000000000000000e+01 3.686655640662677342e+02 2.000000000000000000e+00
1.430000000000000000e+02 1.550000000000000000e+02 3.965937690637146034e+02 4.000000000000000000e+00
9.800000000000000000e+01 1.120000000000000000e+02 3.970807707551336989e+02 2.000000000000000000e+00
8.900000000000000000e+01 1.310000000000000000e+02 4.023422105903659940e+02 2.000000000000000000e+00
6.100000000000000000e+01 1.560000000000000000e+02 4.205666863410331757e+02 5.000000000000000000e+00
8.300000000000000000e+01 1.260000000000000000e+02 4.280463005331798740e+02 2.000000000000000000e+00
5.400000000000000000e+01 1.480000000000000000e+02 4.330323824525282816e+02 4.000000000000000000e+00
3.400000000000000000e+01 1.510000000000000000e+02 4.503280475993989853e+02 3.000000000000000000e+00
7.400000000000000000e+01 1.270000000000000000e+02 4.574027985415605144e+02 2.000000000000000000e+00
8.400000000000000000e+01 1.400000000000000000e+02 4.865806618387529738e+02 3.000000000000000000e+00
4.600000000000000000e+01 1.000000000000000000e+02 4.894971633402387852e+02 2.000000000000000000e+00
1.230000000000000000e+02 1.490000000000000000e+02 4.929644446472754566e+02 3.000000000000000000e+00
1.590000000000000000e+02 1.610000000000000000e+02 5.033360975105957777e+02 5.000000000000000000e+00
5.000000000000000000e+00 3.200000000000000000e+01 5.042945976707422915e+02 2.000000000000000000e+00
1.090000000000000000e+02 1.420000000000000000e+02 5.093245905540935041e+02 3.000000000000000000e+00
6.000000000000000000e+01 1.540000000000000000e+02 5.117730409047839544e+02 4.000000000000000000e+00
2.200000000000000000e+01 1.010000000000000000e+02 5.333474071528726199e+02 2.000000000000000000e+00
3.600000000000000000e+01 8.600000000000000000e+01 5.338685329839356655e+02 2.000000000000000000e+00
1.290000000000000000e+02 1.650000000000000000e+02 5.402740789589663564e+02 3.000000000000000000e+00
1.200000000000000000e+01 1.280000000000000000e+02 5.472753682595584905e+02 2.000000000000000000e+00
5.300000000000000000e+01 1.720000000000000000e+02 5.920440686108461250e+02 3.000000000000000000e+00
4.000000000000000000e+00 8.000000000000000000e+01 6.128848623703056546e+02 2.000000000000000000e+00
7.500000000000000000e+01 1.470000000000000000e+02 6.901093069838570955e+02 3.000000000000000000e+00
5.200000000000000000e+01 1.770000000000000000e+02 7.056535403889087092e+02 5.000000000000000000e+00
1.410000000000000000e+02 1.690000000000000000e+02 7.077833436263827025e+02 5.000000000000000000e+00
7.300000000000000000e+01 7.800000000000000000e+01 7.083285409839895692e+02 2.000000000000000000e+00
9.000000000000000000e+01 1.070000000000000000e+02 7.103286245647382202e+02 2.000000000000000000e+00
1.580000000000000000e+02 1.660000000000000000e+02 7.708478320115591487e+02 9.000000000000000000e+00
9.400000000000000000e+01 1.630000000000000000e+02 7.712562913932790707e+02 5.000000000000000000e+00
1.500000000000000000e+01 1.840000000000000000e+02 7.818515767800095091e+02 4.000000000000000000e+00
2.900000000000000000e+01 5.700000000000000000e+01 8.155649608287953924e+02 2.000000000000000000e+00
1.700000000000000000e+02 1.740000000000000000e+02 8.180716120788770240e+02 7.000000000000000000e+00
1.500000000000000000e+02 1.530000000000000000e+02 8.430123543994685633e+02 6.000000000000000000e+00
1.570000000000000000e+02 1.620000000000000000e+02 8.491351563215071110e+02 4.000000000000000000e+00
1.210000000000000000e+02 1.640000000000000000e+02 8.851845388815418119e+02 3.000000000000000000e+00
1.190000000000000000e+02 1.790000000000000000e+02 8.894167260288770649e+02 3.000000000000000000e+00
1.680000000000000000e+02 1.880000000000000000e+02 1.001993692831810904e+03 6.000000000000000000e+00
5.000000000000000000e+01 1.160000000000000000e+02 1.009417594027479481e+03 2.000000000000000000e+00
1.800000000000000000e+02 1.890000000000000000e+02 1.023880401545761629e+03 1.200000000000000000e+01
1.830000000000000000e+02 1.910000000000000000e+02 1.026234388097807596e+03 6.000000000000000000e+00
4.300000000000000000e+01 1.670000000000000000e+02 1.036450210197086562e+03 3.000000000000000000e+00
1.030000000000000000e+02 1.760000000000000000e+02 1.102576924440209950e+03 4.000000000000000000e+00
7.000000000000000000e+01 1.930000000000000000e+02 1.148483886271642859e+03 8.000000000000000000e+00
3.900000000000000000e+01 2.040000000000000000e+02 1.190582713183094029e+03 9.000000000000000000e+00
1.820000000000000000e+02 1.900000000000000000e+02 1.245857730654215857e+03 8.000000000000000000e+00
1.130000000000000000e+02 2.000000000000000000e+02 1.249788145269470078e+03 1.300000000000000000e+01
8.800000000000000000e+01 2.050000000000000000e+02 1.358075742163701307e+03 1.000000000000000000e+01
1.940000000000000000e+02 1.990000000000000000e+02 1.390440242779834307e+03 8.000000000000000000e+00
4.700000000000000000e+01 1.600000000000000000e+02 1.406751116550880852e+03 3.000000000000000000e+00
1.050000000000000000e+02 2.030000000000000000e+02 1.414693372031640138e+03 5.000000000000000000e+00
9.000000000000000000e+00 2.060000000000000000e+02 1.415020025341911378e+03 9.000000000000000000e+00
4.400000000000000000e+01 1.920000000000000000e+02 1.446258091407022675e+03 3.000000000000000000e+00
1.960000000000000000e+02 1.980000000000000000e+02 1.475380515558648767e+03 9.000000000000000000e+00
7.200000000000000000e+01 2.010000000000000000e+02 1.481173627379279424e+03 7.000000000000000000e+00
4.200000000000000000e+01 1.850000000000000000e+02 1.499701136554602499e+03 6.000000000000000000e+00
1.710000000000000000e+02 1.970000000000000000e+02 1.530528929946654443e+03 6.000000000000000000e+00
6.000000000000000000e+00 1.150000000000000000e+02 1.572996581890472953e+03 2.000000000000000000e+00
1.730000000000000000e+02 1.950000000000000000e+02 1.609559358125627568e+03 7.000000000000000000e+00
2.000000000000000000e+00 1.860000000000000000e+02 1.644429926296446638e+03 6.000000000000000000e+00
2.090000000000000000e+02 2.140000000000000000e+02 1.705070607381200944e+03 1.700000000000000000e+01
1.140000000000000000e+02 2.130000000000000000e+02 1.719754304747960987e+03 4.000000000000000000e+00
1.780000000000000000e+02 1.810000000000000000e+02 1.793923016507601460e+03 4.000000000000000000e+00
9.500000000000000000e+01 2.070000000000000000e+02 1.892373252671964792e+03 1.400000000000000000e+01
2.080000000000000000e+02 2.230000000000000000e+02 2.021620573101198033e+03 1.400000000000000000e+01
1.520000000000000000e+02 2.120000000000000000e+02 2.034135154596460779e+03 1.100000000000000000e+01
4.000000000000000000e+01 8.700000000000000000e+01 2.063417758894731378e+03 2.000000000000000000e+00
3.100000000000000000e+01 9.200000000000000000e+01 2.100603620937069536e+03 2.000000000000000000e+00
2.110000000000000000e+02 2.160000000000000000e+02 2.189203929847222753e+03 1.100000000000000000e+01
2.500000000000000000e+01 2.020000000000000000e+02 2.206610968746443632e+03 4.000000000000000000e+00
2.800000000000000000e+01 2.190000000000000000e+02 2.291534874920224865e+03 8.000000000000000000e+00
3.700000000000000000e+01 1.870000000000000000e+02 2.297531961805669653e+03 3.000000000000000000e+00
2.200000000000000000e+02 2.240000000000000000e+02 2.452626772014173184e+03 2.000000000000000000e+01
1.750000000000000000e+02 2.100000000000000000e+02 2.557648976555589343e+03 5.000000000000000000e+00
3.000000000000000000e+01 1.330000000000000000e+02 2.642426799275758640e+03 2.000000000000000000e+00
4.100000000000000000e+01 7.900000000000000000e+01 2.717407555081204009e+03 2.000000000000000000e+00
2.170000000000000000e+02 2.210000000000000000e+02 2.747800720999379791e+03 2.300000000000000000e+01
5.800000000000000000e+01 2.350000000000000000e+02 2.893250377683131774e+03 3.000000000000000000e+00
1.300000000000000000e+01 1.200000000000000000e+02 3.102473610074430326e+03 2.000000000000000000e+00
6.400000000000000000e+01 1.320000000000000000e+02 3.453708946667122291e+03 2.000000000000000000e+00
7.600000000000000000e+01 2.300000000000000000e+02 3.646475070495172531e+03 5.000000000000000000e+00
7.100000000000000000e+01 2.220000000000000000e+02 3.777696979001717409e+03 5.000000000000000000e+00
2.150000000000000000e+02 2.250000000000000000e+02 3.840069891176963665e+03 2.100000000000000000e+01
9.900000000000000000e+01 2.270000000000000000e+02 3.976813066414093555e+03 3.000000000000000000e+00
2.290000000000000000e+02 2.330000000000000000e+02 4.079870180222193994e+03 3.100000000000000000e+01
1.000000000000000000e+00 2.320000000000000000e+02 4.248664290865582188e+03 4.000000000000000000e+00
9.600000000000000000e+01 2.180000000000000000e+02 4.421569501036067777e+03 3.000000000000000000e+00
2.430000000000000000e+02 2.460000000000000000e+02 4.952203186694930082e+03 2.500000000000000000e+01
2.420000000000000000e+02 2.450000000000000000e+02 4.998940649730825498e+03 3.600000000000000000e+01
3.500000000000000000e+01 2.360000000000000000e+02 5.141549429410325502e+03 3.000000000000000000e+00
2.260000000000000000e+02 2.310000000000000000e+02 5.302016416044595644e+03 1.900000000000000000e+01
2.340000000000000000e+02 2.370000000000000000e+02 5.804628526270074872e+03 2.800000000000000000e+01
2.380000000000000000e+02 2.510000000000000000e+02 7.531093598768863558e+03 2.200000000000000000e+01
2.440000000000000000e+02 2.470000000000000000e+02 7.562792868445551903e+03 6.000000000000000000e+00
2.410000000000000000e+02 2.490000000000000000e+02 8.357356395656499444e+03 4.100000000000000000e+01
2.480000000000000000e+02 2.530000000000000000e+02 9.011573386209884120e+03 4.700000000000000000e+01
2.520000000000000000e+02 2.550000000000000000e+02 9.341633215716790801e+03 6.900000000000000000e+01
2.500000000000000000e+02 2.540000000000000000e+02 1.027547518351619510e+04 9.000000000000000000e+00
2.400000000000000000e+02 2.570000000000000000e+02 1.370428738961378440e+04 7.100000000000000000e+01
2.390000000000000000e+02 2.580000000000000000e+02 1.380947745973970086e+04 1.100000000000000000e+01
2.590000000000000000e+02 2.600000000000000000e+02 2.193064852186074495e+04 8.200000000000000000e+01
8.500000000000000000e+01 2.280000000000000000e+02 2.232202556711526267e+04 3.000000000000000000e+00
2.560000000000000000e+02 2.610000000000000000e+02 3.411503064499827451e+04 1.290000000000000000e+02
1.220000000000000000e+02 2.630000000000000000e+02 1.178355042495388188e+05 1.300000000000000000e+02
2.620000000000000000e+02 2.640000000000000000e+02 2.180679043875358475e+05 1.330000000000000000e+02
1.080000000000000000e+02 2.650000000000000000e+02 1.372083583347246284e+06 1.340000000000000000e+02
