3.143439941406250000e+03
7.445152832031250000e+03
1.796735742187500000e+04
1.867767578125000000e+03
1.371585937500000000e+03
1.513981201171875000e+03
2.009266357421875000e+03
1.411418750000000000e+04
1.458000976562500000e+03
2.234969238281250000e+03
2.014614257812500000e+03
1.588552978515625000e+03
1.785916259765625000e+03
9.494583007812500000e+03
2.435717578125000000e+04
8.515095703125000000e+03
1.387678710937500000e+03
1.001209765625000000e+04
2.765769287109375000e+03
1.310857617187500000e+04
8.480383300781250000e+02
2.031018359375000000e+04
1.833779541015625000e+03
1.631311767578125000e+03
1.229293212890625000e+03
3.222011474609375000e+03
1.373692773437500000e+04
1.381108593750000000e+04
1.422088378906250000e+03
1.190154296875000000e+03
1.510595947265625000e+03
1.203300048828125000e+03
2.825208496093750000e+03
1.829264062500000000e+04
9.935083984375000000e+03
1.792630078125000000e+04
1.920832763671875000e+03
1.104211425781250000e+03
1.314367773437500000e+04
9.394721679687500000e+02
1.135368652343750000e+03
9.302895507812500000e+02
2.503384277343750000e+03
9.231621093750000000e+03
1.244547851562500000e+03
1.683799804687500000e+03
6.028105468750000000e+02
2.051428320312500000e+04
2.723722167968750000e+03
1.275608886718750000e+03
1.822496093750000000e+04
1.540629150390625000e+03
1.680441162109375000e+03
2.651018750000000000e+04
1.909126220703125000e+03
9.632407226562500000e+02
1.410263671875000000e+04
5.296347656250000000e+02
9.552419921875000000e+03
1.418641113281250000e+03
1.582142822265625000e+03
1.091533691406250000e+03
1.509692626953125000e+03
1.666678320312500000e+04
1.045986523437500000e+04
1.062549804687500000e+03
5.298381347656250000e+03
3.009887500000000000e+04
1.291541503906250000e+03
2.918157714843750000e+03
2.303285400390625000e+03
4.113208496093750000e+03
2.548943554687500000e+04
2.402286132812500000e+03
2.376378662109375000e+03
2.193054931640625000e+03
2.913083740234375000e+03
1.869763427734375000e+03
1.007651953125000000e+04
2.339173632812500000e+04
5.251946777343750000e+03
1.714196044921875000e+03
6.967272460937500000e+03
1.184206787109375000e+03
1.282844335937500000e+04
2.903153808593750000e+03
1.880949218750000000e+04
1.307873291015625000e+03
1.847117675781250000e+03
1.258312500000000000e+03
2.622583496093750000e+03
2.225546484375000000e+04
1.075075976562500000e+04
2.818362304687500000e+03
1.835614990234375000e+03
1.432064941406250000e+03
2.882457275390625000e+03
4.020772949218750000e+03
2.995959375000000000e+04
6.992742675781250000e+03
2.976983984375000000e+04
2.785026123046875000e+03
2.625419433593750000e+03
9.015386718750000000e+03
2.369888183593750000e+03
1.371360839843750000e+03
2.728885009765625000e+03
3.315173339843750000e+03
5.305813476562500000e+03
3.557960693359375000e+03
1.302768066406250000e+03
2.882579101562500000e+03
2.169235156250000000e+04
2.994657226562500000e+03
2.246176269531250000e+03
1.494721582031250000e+04
1.660420166015625000e+03
2.585687500000000000e+03
2.526359179687500000e+04
2.156324951171875000e+03
3.965113769531250000e+03
2.255008007812500000e+04
2.887446777343750000e+03
8.097609375000000000e+03
2.444906982421875000e+03
2.788948242187500000e+03
3.683576416015625000e+03
1.497226074218750000e+03
1.376538964843750000e+04
1.286937500000000000e+04
1.475419433593750000e+03
2.676865625000000000e+04
4.386800292968750000e+03
6.627086914062500000e+03
4.254606933593750000e+03
7.521298339843750000e+03
1.620252539062500000e+04
5.563132324218750000e+03
3.991341064453125000e+03
4.498626953125000000e+03
4.396177734375000000e+03
6.686733398437500000e+03
1.353744726562500000e+04
1.636550292968750000e+04
2.348856201171875000e+03
5.158497558593750000e+03
2.189391601562500000e+03
4.219781250000000000e+03
6.011884277343750000e+03
5.579961914062500000e+03
8.714800781250000000e+03
5.424441894531250000e+03
4.227454589843750000e+03
5.174202636718750000e+03
3.071932617187500000e+03
2.029058203125000000e+04
7.242586914062500000e+03
4.249716796875000000e+03
5.797006835937500000e+03
5.498346679687500000e+03
5.265812500000000000e+03
6.828053710937500000e+03
2.170609570312500000e+04
3.105550781250000000e+03
2.331921679687500000e+04
4.528747558593750000e+03
6.303016601562500000e+03
4.707685546875000000e+03
6.131455078125000000e+03
5.442212402343750000e+03
6.362675781250000000e+03
7.407420898437500000e+03
3.290821289062500000e+03
7.355729980468750000e+03
3.951276367187500000e+03
4.314733398437500000e+03
1.368742285156250000e+04
6.061774414062500000e+03
4.601096191406250000e+03
1.112194531250000000e+04
4.524388183593750000e+03
4.222045898437500000e+03
1.527365039062500000e+04
5.821704101562500000e+03
9.926282226562500000e+03
1.870405859375000000e+04
5.706640625000000000e+03
5.742748535156250000e+03
7.583304687500000000e+03
4.543499023437500000e+03
9.064630859375000000e+03
4.887227050781250000e+03
1.152586816406250000e+04
1.369251953125000000e+04
4.104940917968750000e+03
1.849560742187500000e+04
2.034921093750000000e+04
2.007383593750000000e+04
2.481059765625000000e+04
9.818876953125000000e+02
2.258608007812500000e+04
2.353089062500000000e+04
2.279638671875000000e+04
1.769775390625000000e+04
2.238022265625000000e+04
2.117708203125000000e+04
2.500962890625000000e+04
2.551400390625000000e+04
1.596214453125000000e+04
2.974392968750000000e+04
2.407122265625000000e+04
3.662589453125000000e+04
1.742675781250000000e+04
2.540096289062500000e+04
2.094303906250000000e+04
1.850391406250000000e+04
1.951557031250000000e+04
2.152461523437500000e+04
1.138723632812500000e+04
3.375166406250000000e+04
2.194885351562500000e+04
2.073124414062500000e+04
1.715712500000000000e+04
2.171324414062500000e+04
3.097483203125000000e+04
2.753219970703125000e+03
2.926462500000000000e+04
1.092549316406250000e+03
2.571201562500000000e+04
2.503009765625000000e+04
3.192101953125000000e+04
2.201985546875000000e+04
2.065125976562500000e+04
2.064029492187500000e+04
2.691485937500000000e+04
2.686880468750000000e+04
3.041310546875000000e+04
2.008786328125000000e+04
1.798697656250000000e+04
2.893620703125000000e+04
2.124986328125000000e+04
2.224066406250000000e+04
3.521633984375000000e+04
1.426731445312500000e+04
2.432792382812500000e+04
3.260648046875000000e+04
1.819026562500000000e+04
3.296885937500000000e+04
1.539936523437500000e+04
2.392592968750000000e+04
3.403718359375000000e+04
2.067515625000000000e+04
2.309357421875000000e+04
2.378216406250000000e+04
1.835753515625000000e+04
3.412045312500000000e+04
2.396970703125000000e+04
1.806612890625000000e+04
1.938859375000000000e+03
1.538165893554687500e+03
2.620541748046875000e+03
1.441993164062500000e+04
1.844890869140625000e+03
2.198207031250000000e+03
1.493853271484375000e+03
1.907877197265625000e+03
1.131001953125000000e+03
8.143163574218750000e+03
2.172183203125000000e+04
4.690781250000000000e+03
7.185529785156250000e+02
5.140578125000000000e+03
8.684069824218750000e+02
1.001152929687500000e+04
1.729361083984375000e+03
1.599273046875000000e+04
6.380571289062500000e+02
1.075716796875000000e+03
9.073906250000000000e+02
2.266008300781250000e+03
1.319736230468750000e+04
8.776748046875000000e+03
2.000127563476562500e+03
1.264256103515625000e+03
4.150541992187500000e+02
1.960959228515625000e+03
3.792920898437500000e+03
1.794349414062500000e+04
6.080655761718750000e+03
1.810503710937500000e+04
1.937458496093750000e+03
2.189405273437500000e+03
7.827208496093750000e+03
1.369178955078125000e+03
6.330729980468750000e+02
1.326315917968750000e+03
3.142058105468750000e+03
5.040881835937500000e+03
2.865233886718750000e+03
1.002628906250000000e+03
1.553208984375000000e+03
1.848257031250000000e+04
2.512322021484375000e+03
1.288212890625000000e+03
1.310472558593750000e+04
6.053627929687500000e+02
2.003464599609375000e+03
2.238447265625000000e+04
1.497863525390625000e+03
3.839517578125000000e+03
1.438412109375000000e+04
1.929952880859375000e+03
7.471454101562500000e+03
1.125877929687500000e+03
1.964500610351562500e+03
2.759988525390625000e+03
5.776169433593750000e+02
1.263794921875000000e+04
1.145301855468750000e+04
6.989897460937500000e+02
7.236130371093750000e+02
1.751020263671875000e+03
1.535653320312500000e+04
9.464111328125000000e+02
1.489248779296875000e+03
2.263349609375000000e+03
5.983000488281250000e+02
2.080839599609375000e+03
9.880597656250000000e+03
2.144943945312500000e+04
7.472356445312500000e+03
1.337025878906250000e+03
9.296036132812500000e+03
2.190730224609375000e+03
1.161745898437500000e+04
8.214550781250000000e+02
1.760163476562500000e+04
1.653799560546875000e+03
2.350306640625000000e+03
1.079986816406250000e+03
3.157729980468750000e+03
1.622637500000000000e+04
1.267548437500000000e+04
1.046351074218750000e+03
2.030872070312500000e+03
1.853589599609375000e+03
8.793493652343750000e+02
1.767773437500000000e+03
2.018167187500000000e+04
8.117426757812500000e+03
1.992458398437500000e+04
1.964812011718750000e+03
1.286527832031250000e+03
1.147270019531250000e+04
9.259321289062500000e+02
1.440448486328125000e+03
2.166855224609375000e+03
1.201621337890625000e+03
8.107052734375000000e+03
1.322674804687500000e+03
1.150158447265625000e+03
9.501860351562500000e+02
1.880534179687500000e+04
2.337647460937500000e+03
1.073528076171875000e+03
1.624329687500000000e+04
1.539775512695312500e+03
1.138990234375000000e+03
2.430526367187500000e+04
2.759345703125000000e+03
1.666927734375000000e+03
1.429250585937500000e+04
9.277185058593750000e+02
8.162058593750000000e+03
2.073727294921875000e+03
5.600703125000000000e+02
1.844339355468750000e+03
1.669952392578125000e+03
1.558460351562500000e+04
9.247321289062500000e+03
1.844847900390625000e+03
1.327625244140625000e+03
1.439300000000000000e+04
3.663054199218750000e+02
8.781301269531250000e+02
1.554220214843750000e+03
4.130661621093750000e+02
1.948092529296875000e+03
1.003809570312500000e+04
1.859333007812500000e+04
4.269487304687500000e+03
1.076470336914062500e+03
6.839925292968750000e+03
1.781781616210937500e+03
9.452167968750000000e+03
8.841616210937500000e+02
1.331791796875000000e+04
9.459394531250000000e+02
1.693030761718750000e+03
8.293872070312500000e+02
2.283958984375000000e+03
1.643859765625000000e+04
9.958314453125000000e+03
7.946618652343750000e+02
2.124087890625000000e+03
1.675671508789062500e+03
8.070708007812500000e+02
1.461364257812500000e+03
1.878933398437500000e+04
4.757911132812500000e+03
1.952182031250000000e+04
1.072627197265625000e+03
1.265982421875000000e+03
8.405707031250000000e+03
1.014505615234375000e+03
1.192458984375000000e+03
2.179390869140625000e+03
1.894909179687500000e+03
5.475384765625000000e+03
1.196285888671875000e+03
6.944436035156250000e+02
9.963486328125000000e+02
1.569755078125000000e+04
2.543212402343750000e+03
3.890739746093750000e+02
1.326688476562500000e+04
1.328766479492187500e+03
4.376992187500000000e+02
2.028235546875000000e+04
2.689129638671875000e+03
1.977549804687500000e+03
1.371242480468750000e+04
1.048656494140625000e+03
5.994697265625000000e+03
2.557870117187500000e+03
2.826337890625000000e+02
2.156893310546875000e+03
1.318227294921875000e+03
1.250198925781250000e+04
1.018038281250000000e+04
1.565384765625000000e+03
1.955347460937500000e+04
1.082961914062500000e+03
2.347458007812500000e+03
2.438179199218750000e+03
1.740880371093750000e+03
2.879663330078125000e+03
1.083279003906250000e+04
2.662268164062500000e+04
7.755920410156250000e+03
2.124070800781250000e+03
9.705827148437500000e+03
3.502770996093750000e+03
1.257038281250000000e+04
1.634642822265625000e+03
2.208641796875000000e+04
1.863564697265625000e+03
2.645753417968750000e+03
1.956604980468750000e+03
3.569155273437500000e+03
1.800773632812500000e+04
1.344186132812500000e+04
1.780243896484375000e+03
3.213807373046875000e+03
2.703678955078125000e+03
1.579397460937500000e+03
2.369943115234375000e+03
2.468217773437500000e+04
8.088078125000000000e+03
2.474563476562500000e+04
2.043691650390625000e+03
2.093821777343750000e+03
1.201310156250000000e+04
1.804949951171875000e+03
2.115896240234375000e+03
2.705046142578125000e+03
2.685646972656250000e+03
8.555060546875000000e+03
1.600739257812500000e+03
2.518362304687500000e+03
1.875057128906250000e+03
2.330774609375000000e+04
3.951929199218750000e+03
9.774611816406250000e+02
1.869007812500000000e+04
2.680996582031250000e+03
1.250722167968750000e+03
2.954403515625000000e+04
3.727459472656250000e+03
2.561332519531250000e+03
1.500840234375000000e+04
1.822665527343750000e+03
7.238839843750000000e+03
3.367100341796875000e+03
1.371118652343750000e+03
2.456702392578125000e+03
2.402637207031250000e+03
1.700245507812500000e+04
1.340203515625000000e+04
2.658120117187500000e+03
1.696966015625000000e+04
1.787754687500000000e+04
1.810250976562500000e+04
1.227938671875000000e+04
1.962687500000000000e+04
2.037164062500000000e+04
1.601733691406250000e+04
1.631365039062500000e+04
1.184710546875000000e+04
2.231602734375000000e+04
1.938781640625000000e+04
2.892881445312500000e+04
1.199251171875000000e+04
1.346758789062500000e+04
1.628955859375000000e+04
1.404239941406250000e+04
1.477348828125000000e+04
1.517231933593750000e+04
1.102783203125000000e+04
2.543393359375000000e+04
1.632264257812500000e+04
1.666414062500000000e+04
1.341164648437500000e+04
1.598093554687500000e+04
2.524228515625000000e+04
1.611061157226562500e+03
1.874930078125000000e+04
8.249494628906250000e+02
2.044676171875000000e+04
2.013996484375000000e+04
2.489010351562500000e+04
1.752076171875000000e+04
1.632229687500000000e+04
1.717035742187500000e+04
2.308310156250000000e+04
1.856969531250000000e+04
2.586597851562500000e+04
1.479686523437500000e+04
1.327074609375000000e+04
1.865398437500000000e+04
1.600686328125000000e+04
1.722725976562500000e+04
2.674712500000000000e+04
1.038222167968750000e+04
1.833564062500000000e+04
2.056989062500000000e+04
1.414317968750000000e+04
2.883492578125000000e+04
1.165603808593750000e+04
1.954053125000000000e+04
2.809136328125000000e+04
1.721851757812500000e+04
1.761112500000000000e+04
1.982256835937500000e+04
1.421228320312500000e+04
2.707137890625000000e+04
1.767651171875000000e+04
1.371988378906250000e+04
1.054292968750000000e+03
1.674039306640625000e+03
8.787124023437500000e+02
1.992757324218750000e+03
1.074234082031250000e+04
1.986034179687500000e+04
5.931902832031250000e+03
1.612266113281250000e+03
8.107721679687500000e+03
2.389990722656250000e+03
1.057294140625000000e+04
7.456848144531250000e+02
1.503765429687500000e+04
1.210444824218750000e+03
1.952610351562500000e+03
1.189263183593750000e+03
2.835168945312500000e+03
1.880294140625000000e+04
1.119764648437500000e+04
8.957253417968750000e+02
2.441657714843750000e+03
2.086469238281250000e+03
9.038093261718750000e+02
1.683536132812500000e+03
2.208769140625000000e+04
6.136802734375000000e+03
2.251372656250000000e+04
1.062301025390625000e+03
1.230387695312500000e+03
1.021803515625000000e+04
1.383606201171875000e+03
1.529040039062500000e+03
2.480162353515625000e+03
1.808798095703125000e+03
6.659984375000000000e+03
1.233354492187500000e+03
1.283253662109375000e+03
1.104405761718750000e+03
1.757125000000000000e+04
2.847310302734375000e+03
2.127456054687500000e+02
1.400789941406250000e+04
2.060776611328125000e+03
3.569145507812500000e+02
2.145000390625000000e+04
3.190669921875000000e+03
1.805228515625000000e+03
1.509632226562500000e+04
1.227912597656250000e+03
5.792698242187500000e+03
2.863484375000000000e+03
5.753071289062500000e+02
2.094106201171875000e+03
1.884338012695312500e+03
1.328968945312500000e+04
1.051389843750000000e+04
1.793946044921875000e+03
1.536906982421875000e+03
1.190961059570312500e+03
2.251396240234375000e+03
1.107703320312500000e+04
1.763057421875000000e+04
3.970870117187500000e+03
1.856483520507812500e+03
6.245375976562500000e+03
2.064965332031250000e+03
8.293990234375000000e+03
1.478015869140625000e+03
1.237672656250000000e+04
1.533810058593750000e+03
2.221721191406250000e+03
1.201702636718750000e+03
2.608151855468750000e+03
1.881911328125000000e+04
9.521405273437500000e+03
1.301643310546875000e+03
2.294203857421875000e+03
2.497492187500000000e+03
1.429485595703125000e+03
1.358884521484375000e+03
2.346829492187500000e+04
4.279692382812500000e+03
2.324452148437500000e+04
1.778539306640625000e+03
1.847598388671875000e+03
8.180186523437500000e+03
1.790287353515625000e+03
1.658868652343750000e+03
3.002913330078125000e+03
1.645594238281250000e+03
5.114849121093750000e+03
1.913711669921875000e+03
1.251617675781250000e+03
1.432718261718750000e+03
1.539509082031250000e+04
2.281155029296875000e+03
9.218818359375000000e+02
1.091434082031250000e+04
2.094522949218750000e+03
7.597312011718750000e+02
1.787663671875000000e+04
3.451006835937500000e+03
2.552060302734375000e+03
1.521166406250000000e+04
1.721000244140625000e+03
5.523281738281250000e+03
2.953469726562500000e+03
1.086470214843750000e+03
2.536479003906250000e+03
2.016441528320312500e+03
1.226304296875000000e+04
1.064172558593750000e+04
1.676732177734375000e+03
2.071034667968750000e+03
1.779910888671875000e+03
9.575972656250000000e+03
2.254917968750000000e+04
3.937479248046875000e+03
1.481609863281250000e+03
5.731136230468750000e+03
1.439901611328125000e+03
9.439350585937500000e+03
1.908471435546875000e+03
1.639509375000000000e+04
9.296142578125000000e+02
1.059799804687500000e+03
1.174131347656250000e+03
2.321689941406250000e+03
1.531158007812500000e+04
9.557301757812500000e+03
1.926589843750000000e+03
1.620952636718750000e+03
1.422438720703125000e+03
1.834057617187500000e+03
2.524994628906250000e+03
2.234050781250000000e+04
5.092912109375000000e+03
2.239624023437500000e+04
1.689314208984375000e+03
2.272590576171875000e+03
7.881663085937500000e+03
1.605362792968750000e+03
1.350624023437500000e+03
2.071624023437500000e+03
3.128264648437500000e+03
4.659096191406250000e+03
2.110643310546875000e+03
1.611613525390625000e+03
1.650806884765625000e+03
1.822630664062500000e+04
2.051735595703125000e+03
1.283274169921875000e+03
1.375874316406250000e+04
1.684549804687500000e+03
1.241838867187500000e+03
2.183509179687500000e+04
1.909888427734375000e+03
3.066307373046875000e+03
1.374285546875000000e+04
1.885488525390625000e+03
6.217175292968750000e+03
1.968025634765625000e+03
2.082035156250000000e+03
1.943472656250000000e+03
1.390995361328125000e+03
1.404463964843750000e+04
1.333662304687500000e+04
1.198659179687500000e+03
2.533419921875000000e+03
1.020194140625000000e+04
1.877722070312500000e+04
4.573605468750000000e+03
1.352072998046875000e+03
7.069950195312500000e+03
2.053071289062500000e+03
8.961084960937500000e+03
1.071405761718750000e+03
1.215682031250000000e+04
1.640489135742187500e+03
2.020303222656250000e+03
1.241555541992187500e+03
2.247818847656250000e+03
1.500735449218750000e+04
1.027117285156250000e+04
9.265024414062500000e+02
2.227646484375000000e+03
2.014433227539062500e+03
1.070375244140625000e+03
1.757092041015625000e+03
1.602688183593750000e+04
5.036025878906250000e+03
1.687748632812500000e+04
1.569986938476562500e+03
1.560674804687500000e+03
8.640066406250000000e+03
1.226163574218750000e+03
1.647084594726562500e+03
2.428051025390625000e+03
1.812551025390625000e+03
5.957124023437500000e+03
1.649571533203125000e+03
8.868815917968750000e+02
8.273132324218750000e+02
1.437322656250000000e+04
2.389069335937500000e+03
9.483305664062500000e+02
1.271903710937500000e+04
1.328456787109375000e+03
9.345009765625000000e+02
1.926273437500000000e+04
2.891692626953125000e+03
2.264108642578125000e+03
1.283556835937500000e+04
1.134154541015625000e+03
6.583544921875000000e+03
2.694957031250000000e+03
4.111948242187500000e+02
2.264839843750000000e+03
1.657748413085937500e+03
1.273606054687500000e+04
8.690048828125000000e+03
1.899876953125000000e+03
8.728209960937500000e+03
2.475535937500000000e+04
6.901038085937500000e+03
1.190628906250000000e+03
8.245207031250000000e+03
1.648976318359375000e+03
1.327210937500000000e+04
1.335729492187500000e+03
2.201342187500000000e+04
1.147441162109375000e+03
1.195905029296875000e+03
1.064456787109375000e+03
2.748889160156250000e+03
1.636070605468750000e+04
1.266217382812500000e+04
1.531953613281250000e+03
1.331217529296875000e+03
1.116637695312500000e+03
1.475319580078125000e+03
3.426948242187500000e+03
2.385010546875000000e+04
8.527593750000000000e+03
2.291722656250000000e+04
2.412246093750000000e+03
1.520131103515625000e+03
1.147256054687500000e+04
1.681255371093750000e+03
1.040002929687500000e+03
1.600596191406250000e+03
3.324602539062500000e+03
7.317101562500000000e+03
2.679962646484375000e+03
1.417562744140625000e+03
1.643378662109375000e+03
2.319969726562500000e+04
1.825731445312500000e+03
1.532077392578125000e+03
1.699722656250000000e+04
1.239463623046875000e+03
2.075893798828125000e+03
2.782237109375000000e+04
1.473193115234375000e+03
3.169556640625000000e+03
1.822801562500000000e+04
1.900067871093750000e+03
9.633957031250000000e+03
1.160848144531250000e+03
2.219917724609375000e+03
1.854042480468750000e+03
9.871386718750000000e+02
1.652252539062500000e+04
1.179170507812500000e+04
9.114216308593750000e+02
3.010985351562500000e+04
1.377109375000000000e+04
8.174261718750000000e+03
1.485943457031250000e+04
9.181877929687500000e+03
2.056918164062500000e+04
9.862794921875000000e+03
2.821944335937500000e+04
8.513943359375000000e+03
9.235917968750000000e+03
8.862220703125000000e+03
1.067139160156250000e+04
8.144898437500000000e+03
1.978029687500000000e+04
1.042715625000000000e+04
9.036756835937500000e+03
7.845300781250000000e+03
9.974341796875000000e+03
1.234556445312500000e+04
2.214546875000000000e+04
1.604551953125000000e+04
2.112806054687500000e+04
1.025200976562500000e+04
1.052639648437500000e+04
1.695682812500000000e+04
8.887500976562500000e+03
8.262984375000000000e+03
8.420378906250000000e+03
1.095796289062500000e+04
1.405640039062500000e+04
1.114107226562500000e+04
9.114277343750000000e+03
9.476232421875000000e+03
2.947320117187500000e+04
1.047953906250000000e+04
9.666878906250000000e+03
2.362996484375000000e+04
7.895087890625000000e+03
1.073633007812500000e+04
3.288992968750000000e+04
8.602323242187500000e+03
1.268218164062500000e+04
1.798779687500000000e+04
9.935123046875000000e+03
1.787445898437500000e+04
8.264151367187500000e+03
1.032749609375000000e+04
1.028902343750000000e+04
8.264856445312500000e+03
2.338968554687500000e+04
2.143993359375000000e+04
8.378939453125000000e+03
1.525750488281250000e+04
2.071970703125000000e+04
2.002047656250000000e+04
2.237858398437500000e+04
2.014178515625000000e+04
1.952572265625000000e+04
9.753998046875000000e+03
2.423512890625000000e+04
2.356869921875000000e+04
2.209591406250000000e+04
1.980704687500000000e+04
3.072749414062500000e+04
1.919357812500000000e+04
2.013844140625000000e+04
2.596424023437500000e+04
2.330896875000000000e+04
2.192556250000000000e+04
2.364012109375000000e+04
2.159383398437500000e+04
1.426198242187500000e+04
2.287475585937500000e+04
2.317920507812500000e+04
2.226090234375000000e+04
2.017725195312500000e+04
2.564266796875000000e+04
2.333167968750000000e+04
2.687262109375000000e+04
2.312098046875000000e+04
1.645781445312500000e+04
2.938489843750000000e+04
2.039129492187500000e+04
1.971697460937500000e+04
1.019432128906250000e+04
2.175180664062500000e+04
2.011284375000000000e+04
1.407368847656250000e+04
1.938941015625000000e+04
1.899103710937500000e+04
1.059581445312500000e+04
2.622599218750000000e+04
2.866333789062500000e+04
2.626706640625000000e+04
2.392868554687500000e+04
2.113023437500000000e+04
2.644940234375000000e+04
2.060640234375000000e+04
2.697232031250000000e+04
2.392524023437500000e+04
1.634298242187500000e+04
2.483495703125000000e+04
2.067766406250000000e+04
5.199223632812500000e+03
3.911196044921875000e+03
3.841301269531250000e+03
7.588994628906250000e+03
6.287035644531250000e+03
1.147482812500000000e+04
5.383273437500000000e+03
4.374985351562500000e+03
5.797753417968750000e+03
2.662317626953125000e+03
1.905466015625000000e+04
7.478073730468750000e+03
4.670560058593750000e+03
6.421215820312500000e+03
5.910012207031250000e+03
5.865154296875000000e+03
7.244420410156250000e+03
2.004531640625000000e+04
9.175925292968750000e+02
2.242332421875000000e+04
4.361508789062500000e+03
7.257439453125000000e+03
2.865688232421875000e+03
6.912925781250000000e+03
6.289791992187500000e+03
7.136433105468750000e+03
8.137567382812500000e+03
1.296974365234375000e+03
8.276177734375000000e+03
4.309075683593750000e+03
4.898732910156250000e+03
1.306922851562500000e+04
5.596812011718750000e+03
4.799610839843750000e+03
1.029439453125000000e+04
4.867227050781250000e+03
4.213302246093750000e+03
1.797906835937500000e+04
6.218212890625000000e+03
1.098302734375000000e+04
1.728375781250000000e+04
6.591284667968750000e+03
3.958625488281250000e+03
7.938343750000000000e+03
4.877335937500000000e+03
9.560375000000000000e+03
5.577000488281250000e+03
1.160767578125000000e+04
1.548655761718750000e+04
4.636349609375000000e+03
6.642990234375000000e+03
1.117415771484375000e+03
1.188401269531250000e+04
1.362375244140625000e+03
1.527316796875000000e+04
6.837668457031250000e+02
1.324892089843750000e+03
6.306914062500000000e+02
2.235414794921875000e+03
1.168616210937500000e+04
1.067564746093750000e+04
1.520668701171875000e+03
1.463138183593750000e+03
3.955742187500000000e+02
1.239039550781250000e+03
3.447951904296875000e+03
1.525272460937500000e+04
6.534168945312500000e+03
1.559246875000000000e+04
1.927076782226562500e+03
1.454547851562500000e+03
8.760101562500000000e+03
9.936904296875000000e+02
4.473220214843750000e+02
8.914931640625000000e+02
2.436082031250000000e+03
5.527917480468750000e+03
2.361297119140625000e+03
9.154323730468750000e+02
1.261550781250000000e+03
1.740339257812500000e+04
2.406614257812500000e+03
1.157793457031250000e+03
1.468779101562500000e+04
4.063981933593750000e+02
1.509778198242187500e+03
2.190542578125000000e+04
1.256019775390625000e+03
3.296398193359375000e+03
1.307812988281250000e+04
1.347535400390625000e+03
8.054179199218750000e+03
1.012220458984375000e+03
1.561197875976562500e+03
1.781794189453125000e+03
4.620344238281250000e+02
1.379330664062500000e+04
1.041549316406250000e+04
8.507346191406250000e+02
5.412346191406250000e+03
5.468270019531250000e+03
8.105602050781250000e+03
1.294827539062500000e+04
7.484696289062500000e+03
5.395515136718750000e+03
7.490017578125000000e+03
4.659809082031250000e+03
2.321414648437500000e+04
6.251058593750000000e+03
6.641400878906250000e+03
7.519385253906250000e+03
6.964874023437500000e+03
7.884441894531250000e+03
9.734611328125000000e+03
2.601038867187500000e+04
5.487050781250000000e+03
2.755521484375000000e+04
7.011287597656250000e+03
8.375134765625000000e+03
6.450483398437500000e+03
8.784291015625000000e+03
7.306226562500000000e+03
8.092055175781250000e+03
9.822990234375000000e+03
3.977802246093750000e+03
1.016183593750000000e+04
6.383938476562500000e+03
6.598042480468750000e+03
1.710054687500000000e+04
7.172739257812500000e+03
6.817445800781250000e+03
1.154557617187500000e+04
6.021773437500000000e+03
6.786622558593750000e+03
1.759664843750000000e+04
7.334941406250000000e+03
1.347027929687500000e+04
2.241136718750000000e+04
8.236304687500000000e+03
7.922057128906250000e+03
9.310355468750000000e+03
7.509760742187500000e+03
1.130500000000000000e+04
6.627054199218750000e+03
1.198197851562500000e+04
1.537115039062500000e+04
5.432758789062500000e+03
1.095684277343750000e+04
2.591981445312500000e+03
1.682916015625000000e+04
9.920473632812500000e+02
1.174881835937500000e+03
8.339890136718750000e+02
1.904041992187500000e+03
1.684729687500000000e+04
9.561475585937500000e+03
2.358805175781250000e+03
1.260603027343750000e+03
9.628398437500000000e+02
2.344118652343750000e+03
3.588752685546875000e+03
2.308854882812500000e+04
5.604712402343750000e+03
2.336675195312500000e+04
2.334541992187500000e+03
2.634611816406250000e+03
7.514893066406250000e+03
1.735796630859375000e+03
1.017793457031250000e+03
2.154710937500000000e+03
3.506327148437500000e+03
4.396869628906250000e+03
2.944871337890625000e+03
8.342687988281250000e+02
2.314060546875000000e+03
1.825057812500000000e+04
2.314076660156250000e+03
1.951982177734375000e+03
1.410192773437500000e+04
8.036926269531250000e+02
2.266517578125000000e+03
2.283829882812500000e+04
1.470986328125000000e+03
4.090623535156250000e+03
1.536521679687500000e+04
2.554481445312500000e+03
7.826049316406250000e+03
1.844821777343750000e+03
2.181505859375000000e+03
3.206641845703125000e+03
7.826193847656250000e+02
1.363247460937500000e+04
1.268285253906250000e+04
1.074636474609375000e+03
1.079514941406250000e+04
1.293172851562500000e+04
1.216556445312500000e+04
1.064491796875000000e+04
1.173935742187500000e+04
8.932655273437500000e+03
3.107816015625000000e+04
9.261771484375000000e+03
9.411810546875000000e+03
1.250850488281250000e+04
1.273515625000000000e+04
1.082409375000000000e+04
1.043437695312500000e+04
3.410559375000000000e+04
7.435701171875000000e+03
3.475252343750000000e+04
9.767632812500000000e+03
1.203455273437500000e+04
1.044186523437500000e+04
1.216390625000000000e+04
1.226140429687500000e+04
1.320113085937500000e+04
1.203920117187500000e+04
9.363264648437500000e+03
1.245727148437500000e+04
1.013228710937500000e+04
9.069011718750000000e+03
1.766900390625000000e+04
1.112037695312500000e+04
9.763935546875000000e+03
1.297490625000000000e+04
1.143189648437500000e+04
8.931528320312500000e+03
1.799769726562500000e+04
1.323968261718750000e+04
1.520529199218750000e+04
2.770262890625000000e+04
1.113674218750000000e+04
8.938992187500000000e+03
1.469024023437500000e+04
9.407150390625000000e+03
1.463263281250000000e+04
1.200914355468750000e+04
1.330551269531250000e+04
1.663249804687500000e+04
1.028362500000000000e+04
1.522894433593750000e+04
1.517238525390625000e+03
1.522952880859375000e+03
1.050489501953125000e+03
2.420966308593750000e+03
1.467746191406250000e+04
1.154972363281250000e+04
4.876208496093750000e+02
1.623371337890625000e+03
1.748487060546875000e+03
3.968132324218750000e+02
2.021542724609375000e+03
1.677998828125000000e+04
7.378443359375000000e+03
1.692047460937500000e+04
1.610407958984375000e+03
6.232048339843750000e+02
1.140529687500000000e+04
1.047626220703125000e+03
1.295449707031250000e+03
1.660672119140625000e+03
2.050397949218750000e+03
7.464754882812500000e+03
1.233059082031250000e+03
1.351494873046875000e+03
6.112956542968750000e+02
1.727065625000000000e+04
1.993529052734375000e+03
7.941176757812500000e+02
1.506084375000000000e+04
1.528140380859375000e+03
9.469265136718750000e+02
2.249820312500000000e+04
2.301198974609375000e+03
1.385988281250000000e+03
1.347315625000000000e+04
7.197958984375000000e+02
8.460580078125000000e+03
1.650855224609375000e+03
9.680087890625000000e+02
1.512368896484375000e+03
1.436844726562500000e+03
1.549180859375000000e+04
9.469423828125000000e+03
1.134062744140625000e+03
1.865201953125000000e+04
1.672751171875000000e+04
1.718198046875000000e+04
1.498957128906250000e+04
3.034095312500000000e+04
1.097409960937500000e+04
1.513889843750000000e+04
2.048447460937500000e+04
1.736943750000000000e+04
1.741518164062500000e+04
1.925281445312500000e+04
1.954840625000000000e+04
1.115352148437500000e+04
2.254409960937500000e+04
1.792864843750000000e+04
1.779524023437500000e+04
1.974346093750000000e+04
2.092291992187500000e+04
1.844237304687500000e+04
2.218953320312500000e+04
1.814763671875000000e+04
1.366578906250000000e+04
2.465980664062500000e+04
1.526924804687500000e+04
1.432988867187500000e+04
5.855923339843750000e+03
1.858791796875000000e+04
1.589741406250000000e+04
8.879722656250000000e+03
1.345872460937500000e+04
1.424758300781250000e+04
2.782502441406250000e+03
2.008699804687500000e+04
2.557151171875000000e+04
2.218194335937500000e+04
1.950497460937500000e+04
1.933094140625000000e+04
2.305532812500000000e+04
1.529535937500000000e+04
2.470024218750000000e+04
1.754800976562500000e+04
8.620348632812500000e+03
1.912407617187500000e+04
1.507083203125000000e+04
1.013608886718750000e+03
5.235798339843750000e+02
2.506498046875000000e+03
1.380356445312500000e+04
1.116593261718750000e+04
1.575025634765625000e+03
1.409141113281250000e+03
6.324382324218750000e+02
1.343922363281250000e+03
2.750481689453125000e+03
2.066649023437500000e+04
6.375841796875000000e+03
2.068383593750000000e+04
1.501664794921875000e+03
1.849257080078125000e+03
8.993944335937500000e+03
1.055703613281250000e+03
5.197290039062500000e+02
1.537232421875000000e+03
2.715998291015625000e+03
5.636736328125000000e+03
1.868933349609375000e+03
9.145275878906250000e+02
1.665659423828125000e+03
2.035290039062500000e+04
2.528527099609375000e+03
8.213649902343750000e+02
1.577715722656250000e+04
9.574421386718750000e+02
1.136030761718750000e+03
2.513112500000000000e+04
1.525499511718750000e+03
3.119298828125000000e+03
1.381713574218750000e+04
1.681405761718750000e+03
6.778373046875000000e+03
1.382514404296875000e+03
1.396181884765625000e+03
2.167213134765625000e+03
4.994946289062500000e+02
1.423031835937500000e+04
1.326059375000000000e+04
8.822983398437500000e+02
8.505380859375000000e+02
1.547789306640625000e+03
1.190357812500000000e+04
9.973337890625000000e+03
1.546943115234375000e+03
7.746132812500000000e+02
9.475520019531250000e+02
1.675843017578125000e+03
3.292875000000000000e+03
1.865965039062500000e+04
6.334846191406250000e+03
1.788736328125000000e+04
2.001207763671875000e+03
1.884543212890625000e+03
8.860744140625000000e+03
1.083223632812500000e+03
1.102037597656250000e+03
1.639702636718750000e+03
3.354674804687500000e+03
5.451135742187500000e+03
2.138218994140625000e+03
1.212944580078125000e+03
1.382072021484375000e+03
1.874567187500000000e+04
1.511520507812500000e+03
1.605351074218750000e+03
1.534216894531250000e+04
1.107178466796875000e+03
1.784387939453125000e+03
2.314687500000000000e+04
6.942160644531250000e+02
2.788576171875000000e+03
1.252949902343750000e+04
1.686358886718750000e+03
8.732073242187500000e+03
1.491255615234375000e+03
2.050484375000000000e+03
1.971864990234375000e+03
8.371337890625000000e+02
1.603287304687500000e+04
1.249521093750000000e+04
6.291538085937500000e+02
1.977454467773437500e+03
1.428744531250000000e+04
1.103140234375000000e+04
1.287177734375000000e+03
7.820095214843750000e+02
6.330683593750000000e+02
9.985520019531250000e+02
2.161317138671875000e+03
1.980319531250000000e+04
7.117626953125000000e+03
1.922434960937500000e+04
1.637515869140625000e+03
1.207755126953125000e+03
9.571755859375000000e+03
5.484462890625000000e+02
3.384094238281250000e+02
1.231678710937500000e+03
2.224556640625000000e+03
6.087979492187500000e+03
1.320780273437500000e+03
5.045441894531250000e+02
1.209762207031250000e+03
1.837155273437500000e+04
1.630428222656250000e+03
9.511286621093750000e+02
1.565007031250000000e+04
6.781269531250000000e+02
1.096946289062500000e+03
2.403171093750000000e+04
1.019569824218750000e+03
2.039839599609375000e+03
1.381668066406250000e+04
1.083235351562500000e+03
8.077785156250000000e+03
1.229898925781250000e+03
1.123947021484375000e+03
1.424052734375000000e+03
3.726711425781250000e+02
1.465724707031250000e+04
1.066169921875000000e+04
5.858491210937500000e+02
1.507261132812500000e+04
9.241952148437500000e+03
1.952971435546875000e+03
2.072350097656250000e+03
2.236007080078125000e+03
2.343590576171875000e+03
4.171279296875000000e+03
2.032323437500000000e+04
4.127938964843750000e+03
2.006281835937500000e+04
3.190662353515625000e+03
2.733651611328125000e+03
7.446208984375000000e+03
2.569091308593750000e+03
2.253479248046875000e+03
2.882153320312500000e+03
4.141946289062500000e+03
3.850067138671875000e+03
3.679527343750000000e+03
1.496383911132812500e+03
2.086187500000000000e+03
1.700391796875000000e+04
2.226859863281250000e+03
2.524565429687500000e+03
1.349583398437500000e+04
1.778784423828125000e+03
2.696757324218750000e+03
2.211237695312500000e+04
2.281051269531250000e+03
4.782798828125000000e+03
1.510343554687500000e+04
2.814896484375000000e+03
6.227696289062500000e+03
3.328644042968750000e+03
2.443928955078125000e+03
4.095619140625000000e+03
1.980373535156250000e+03
1.366604101562500000e+04
1.070796093750000000e+04
1.695762695312500000e+03
2.798192578125000000e+04
1.680416210937500000e+04
1.392865527343750000e+04
1.177157714843750000e+04
1.612807421875000000e+04
2.230688867187500000e+04
1.399539257812500000e+04
2.335220117187500000e+04
1.178386425781250000e+04
1.650623046875000000e+04
1.948695117187500000e+04
2.556527343750000000e+04
1.504468750000000000e+04
1.473509375000000000e+04
1.323188671875000000e+04
1.929913281250000000e+04
2.027966210937500000e+04
2.025441406250000000e+04
1.448191894531250000e+04
1.388432812500000000e+04
3.188553906250000000e+04
1.499119238281250000e+04
1.702198437500000000e+04
3.074322851562500000e+04
1.073615429687500000e+04
1.900078320312500000e+04
3.631259375000000000e+04
1.145235742187500000e+04
2.409224609375000000e+04
1.629147851562500000e+04
1.726758593750000000e+04
2.768747070312500000e+04
1.388669335937500000e+04
1.757793359375000000e+04
1.669240234375000000e+04
1.202315039062500000e+04
3.107212109375000000e+04
2.650605468750000000e+04
1.304708984375000000e+04
1.055074218750000000e+04
1.195373632812500000e+04
1.126365625000000000e+04
1.158657031250000000e+04
1.229352636718750000e+04
2.954360937500000000e+04
8.573781250000000000e+03
3.177078320312500000e+04
1.034847656250000000e+04
1.230427734375000000e+04
1.122767773437500000e+04
1.242541796875000000e+04
1.149084570312500000e+04
1.251393457031250000e+04
1.310258984375000000e+04
7.291734375000000000e+03
1.345346289062500000e+04
9.982494140625000000e+03
1.013804687500000000e+04
1.354402929687500000e+04
1.183539648437500000e+04
1.027280859375000000e+04
5.704208984375000000e+03
1.027706445312500000e+04
9.952205078125000000e+03
1.599065722656250000e+04
1.266259082031250000e+04
1.638980078125000000e+04
2.442968554687500000e+04
1.200494824218750000e+04
1.036445703125000000e+04
1.335941015625000000e+04
1.053208593750000000e+04
1.609859179687500000e+04
1.088428710937500000e+04
5.031016601562500000e+03
1.962989843750000000e+04
9.652320312500000000e+03
1.920225585937500000e+03
2.126541259765625000e+03
3.055070800781250000e+02
1.837567626953125000e+03
2.191233007812500000e+04
5.689662597656250000e+03
2.145970312500000000e+04
1.479750244140625000e+03
7.124301757812500000e+02
1.021683789062500000e+04
1.248199462890625000e+03
1.609065429687500000e+03
2.038329101562500000e+03
2.207449707031250000e+03
6.368173828125000000e+03
1.516678222656250000e+03
1.153290283203125000e+03
7.028654785156250000e+02
1.770894921875000000e+04
1.950340576171875000e+03
7.921855468750000000e+02
1.439057324218750000e+04
1.799989013671875000e+03
8.608391113281250000e+02
2.239820507812500000e+04
2.398509765625000000e+03
1.866847900390625000e+03
1.524487500000000000e+04
8.206953125000000000e+02
7.521220214843750000e+03
2.172253417968750000e+03
7.910000000000000000e+02
1.716528320312500000e+03
1.674101074218750000e+03
1.503483593750000000e+04
1.001947753906250000e+04
1.470976806640625000e+03
1.019906738281250000e+03
1.753254638671875000e+03
3.289266601562500000e+03
2.159581835937500000e+04
8.471387695312500000e+03
2.036746875000000000e+04
2.412845703125000000e+03
1.989949707031250000e+03
1.066281054687500000e+04
1.115498291015625000e+03
8.573408203125000000e+02
1.314276855468750000e+03
3.133389160156250000e+03
7.029331542968750000e+03
2.006728027343750000e+03
1.190797363281250000e+03
1.361053466796875000e+03
2.118894921875000000e+04
1.640171875000000000e+03
2.038458007812500000e+03
1.779511523437500000e+04
1.112796142578125000e+03
2.390146728515625000e+03
2.744203710937500000e+04
8.016647949218750000e+02
2.288561523437500000e+03
1.400184960937500000e+04
1.533658203125000000e+03
1.015712304687500000e+04
1.136401367187500000e+03
2.198987060546875000e+03
1.725903076171875000e+03
8.240700683593750000e+02
1.693867187500000000e+04
1.199137792968750000e+04
4.464775390625000000e+02
1.804758789062500000e+03
4.087579833984375000e+03
1.691568750000000000e+04
7.641693359375000000e+03
1.691258398437500000e+04
2.096403564453125000e+03
2.016272705078125000e+03
9.309972656250000000e+03
9.233732910156250000e+02
3.484143066406250000e+02
8.807270507812500000e+02
3.008067871093750000e+03
5.962087890625000000e+03
2.631040283203125000e+03
1.065300292968750000e+03
1.573615722656250000e+03
1.913547460937500000e+04
2.517604492187500000e+03
1.543610839843750000e+03
1.553316406250000000e+04
3.784106445312500000e+02
2.166769531250000000e+03
2.419777343750000000e+04
8.466772460937500000e+02
3.639734863281250000e+03
1.375672265625000000e+04
1.769859375000000000e+03
9.147494140625000000e+03
8.166982421875000000e+02
2.120290283203125000e+03
2.129145019531250000e+03
3.187534179687500000e+02
1.495012500000000000e+04
1.148718945312500000e+04
5.703364257812500000e+02
1.994919677734375000e+03
2.161816992187500000e+04
6.696482421875000000e+03
2.100397460937500000e+04
1.534827148437500000e+03
6.903383789062500000e+02
1.113459472656250000e+04
9.545249023437500000e+02
1.299907958984375000e+03
1.762854492187500000e+03
2.121867919921875000e+03
6.891611816406250000e+03
1.308818359375000000e+03
1.148016113281250000e+03
8.900788574218750000e+02
1.929412695312500000e+04
2.013821289062500000e+03
7.616501464843750000e+02
1.642674804687500000e+04
1.636952148437500000e+03
7.905461425781250000e+02
2.499783593750000000e+04
2.056491699218750000e+03
1.622305664062500000e+03
1.488578417968750000e+04
7.999633789062500000e+02
8.213007812500000000e+03
1.826782226562500000e+03
7.929499511718750000e+02
1.532312500000000000e+03
1.397321533203125000e+03
1.590212304687500000e+04
1.055593261718750000e+04
1.311871337890625000e+03
3.160768750000000000e+04
7.375208984375000000e+03
3.048332421875000000e+04
2.664944580078125000e+03
2.494840820312500000e+03
1.149258007812500000e+04
2.171960693359375000e+03
2.865367431640625000e+03
4.140809082031250000e+03
2.407390869140625000e+03
8.340896484375000000e+03
1.578608398437500000e+03
2.164545410156250000e+03
2.308726074218750000e+03
2.042995312500000000e+04
2.767718017578125000e+03
1.710491210937500000e+03
1.687937500000000000e+04
3.842234375000000000e+03
1.495730468750000000e+03
2.497183203125000000e+04
4.592333496093750000e+03
2.416840820312500000e+03
1.928224218750000000e+04
2.267660644531250000e+03
6.968329101562500000e+03
4.469955078125000000e+03
1.404219238281250000e+03
2.726899658203125000e+03
3.254798339843750000e+03
1.538678125000000000e+04
1.296228320312500000e+04
3.292055175781250000e+03
2.358552929687500000e+04
1.329186279296875000e+03
2.483760546875000000e+04
2.569429492187500000e+04
2.747292187500000000e+04
2.203500390625000000e+04
2.064866015625000000e+04
2.094682421875000000e+04
2.816637109375000000e+04
2.229910742187500000e+04
3.132928710937500000e+04
1.941046875000000000e+04
1.751839843750000000e+04
2.466559179687500000e+04
2.212916601562500000e+04
2.213927539062500000e+04
2.970512109375000000e+04
1.333640136718750000e+04
2.367690820312500000e+04
2.639505273437500000e+04
1.814649218750000000e+04
3.475102343750000000e+04
1.487318554687500000e+04
2.427273828125000000e+04
3.141828320312500000e+04
2.130757812500000000e+04
2.280915039062500000e+04
2.488564843750000000e+04
1.854853320312500000e+04
2.951081835937500000e+04
2.445396093750000000e+04
1.833694531250000000e+04
2.626500976562500000e+04
5.262818359375000000e+03
8.531569335937500000e+03
2.017102294921875000e+03
8.258523437500000000e+03
7.644922851562500000e+03
9.125883789062500000e+03
8.632475585937500000e+03
2.276907958984375000e+03
9.120652343750000000e+03
5.676546875000000000e+03
6.160118164062500000e+03
1.213116308593750000e+04
7.276078613281250000e+03
5.169274902343750000e+03
1.034724414062500000e+04
6.398004882812500000e+03
4.378074218750000000e+03
1.741858984375000000e+04
8.434646484375000000e+03
1.182821484375000000e+04
1.886740625000000000e+04
7.735100585937500000e+03
3.681309570312500000e+03
9.873593750000000000e+03
5.174601562500000000e+03
1.058721582031250000e+04
7.104596679687500000e+03
1.186894531250000000e+04
1.621573535156250000e+04
6.520019042968750000e+03
2.524550000000000000e+04
2.480584375000000000e+04
3.007862890625000000e+04
2.162218750000000000e+04
2.032538281250000000e+04
2.073255078125000000e+04
2.726040429687500000e+04
2.433533398437500000e+04
3.073214843750000000e+04
1.915626562500000000e+04
1.742445507812500000e+04
2.636704687500000000e+04
2.040925585937500000e+04
2.237904492187500000e+04
3.263764453125000000e+04
1.388334375000000000e+04
2.391878906250000000e+04
2.880306835937500000e+04
1.737937500000000000e+04
3.316291406250000000e+04
1.446252148437500000e+04
2.383493554687500000e+04
3.374599609375000000e+04
2.045486718750000000e+04
2.281459960937500000e+04
2.378513085937500000e+04
1.819213867187500000e+04
3.268804296875000000e+04
2.261320507812500000e+04
1.792182421875000000e+04
1.990364746093750000e+03
8.725750000000000000e+03
1.717997802734375000e+03
1.838987792968750000e+03
2.488018310546875000e+03
2.909833007812500000e+03
5.912071777343750000e+03
1.823639404296875000e+03
1.546964843750000000e+03
1.567699951171875000e+03
2.016310156250000000e+04
3.434530761718750000e+03
9.910292968750000000e+02
1.502246484375000000e+04
2.138894531250000000e+03
1.213033447265625000e+03
2.480208398437500000e+04
2.908783691406250000e+03
2.649314697265625000e+03
1.492606835937500000e+04
1.665357666015625000e+03
6.461874511718750000e+03
2.882319335937500000e+03
1.276417724609375000e+03
2.368775634765625000e+03
1.901658203125000000e+03
1.417921582031250000e+04
1.565757617187500000e+04
1.884560302734375000e+03
1.254277929687500000e+04
1.145583251953125000e+03
1.349344970703125000e+03
1.745036376953125000e+03
2.510570800781250000e+03
8.318113281250000000e+03
1.509518554687500000e+03
1.486295654296875000e+03
1.039615234375000000e+03
2.044456250000000000e+04
2.419147705078125000e+03
1.205735839843750000e+03
1.593684960937500000e+04
1.889838378906250000e+03
1.360300292968750000e+03
2.424106250000000000e+04
2.340053466796875000e+03
1.440554199218750000e+03
1.924316210937500000e+04
6.795541992187500000e+02
8.974542968750000000e+03
1.824495361328125000e+03
1.401230957031250000e+03
1.445327392578125000e+03
1.733466796875000000e+03
1.598852148437500000e+04
9.993679687500000000e+03
1.535847900390625000e+03
1.101522851562500000e+04
9.922984375000000000e+03
1.135282421875000000e+04
1.215914843750000000e+04
3.156156738281250000e+03
1.307571679687500000e+04
8.127488281250000000e+03
9.694133789062500000e+03
1.753570507812500000e+04
1.036191601562500000e+04
8.858960937500000000e+03
1.315701757812500000e+04
8.398081054687500000e+03
8.539246093750000000e+03
2.606149609375000000e+04
1.090511914062500000e+04
1.638643359375000000e+04
2.383547656250000000e+04
1.144967871093750000e+04
7.050385742187500000e+03
1.242799023437500000e+04
8.867404296875000000e+03
1.440295898437500000e+04
9.140084960937500000e+03
1.552862695312500000e+04
2.045998437500000000e+04
8.753382812500000000e+03
6.771049804687500000e+02
1.146507324218750000e+03
2.188468017578125000e+03
7.671908691406250000e+03
9.325219726562500000e+02
9.466274414062500000e+02
1.005462402343750000e+03
2.161828125000000000e+04
2.143822753906250000e+03
1.144239501953125000e+03
1.799408203125000000e+04
1.187161132812500000e+03
1.342278320312500000e+03
2.831422265625000000e+04
1.112739990234375000e+03
1.481224121093750000e+03
1.427866406250000000e+04
6.339648437500000000e+02
8.772957031250000000e+03
1.297427490234375000e+03
1.136271728515625000e+03
1.230859863281250000e+03
8.593845214843750000e+02
1.640024218750000000e+04
1.128926953125000000e+04
1.101906005859375000e+03
6.965922851562500000e+02
2.531831054687500000e+03
6.562288085937500000e+03
1.601975585937500000e+03
7.926530761718750000e+02
1.329044677734375000e+03
1.995921484375000000e+04
2.202307617187500000e+03
1.107606933593750000e+03
1.596814648437500000e+04
5.407807617187500000e+02
1.533203857421875000e+03
2.550909960937500000e+04
1.153186279296875000e+03
2.437604980468750000e+03
1.509267578125000000e+04
1.156238037109375000e+03
8.817103515625000000e+03
7.545742187500000000e+02
1.542052246093750000e+03
1.656634277343750000e+03
2.505437011718750000e+02
1.480526171875000000e+04
1.091785351562500000e+04
4.645183105468750000e+02
3.117982421875000000e+03
7.600642089843750000e+03
2.313399169921875000e+03
1.773145996093750000e+03
1.156314208984375000e+03
2.322426171875000000e+04
3.044672851562500000e+03
1.811188476562500000e+03
1.850113476562500000e+04
9.655773925781250000e+02
2.530071777343750000e+03
2.928994335937500000e+04
1.606384277343750000e+03
2.955029052734375000e+03
1.549791210937500000e+04
1.083066894531250000e+03
1.056724804687500000e+04
6.249360351562500000e+02
2.415723876953125000e+03
1.640808593750000000e+03
8.985781250000000000e+02
1.705846875000000000e+04
1.223177734375000000e+04
9.383666992187500000e+02
9.012729492187500000e+03
2.284323486328125000e+03
2.374635253906250000e+03
2.072555908203125000e+03
1.960955468750000000e+04
3.446006347656250000e+03
1.959289306640625000e+03
1.486695312500000000e+04
3.071818847656250000e+03
1.990309570312500000e+03
2.454719531250000000e+04
4.024532226562500000e+03
2.699976806640625000e+03
2.003871484375000000e+04
2.248048095703125000e+03
8.228614257812500000e+03
3.352095214843750000e+03
1.526188964843750000e+03
3.036491943359375000e+03
3.029792480468750000e+03
1.490997265625000000e+04
1.113405859375000000e+04
3.020597656250000000e+03
9.554515625000000000e+03
5.160869628906250000e+03
6.331047851562500000e+03
1.380108203125000000e+04
6.656359375000000000e+03
5.695070312500000000e+03
1.139012011718750000e+04
5.403504394531250000e+03
5.336693847656250000e+03
1.980394921875000000e+04
6.928578613281250000e+03
1.222612402343750000e+04
1.845774218750000000e+04
7.761368164062500000e+03
4.784207519531250000e+03
8.118762207031250000e+03
6.200993652343750000e+03
1.025614453125000000e+04
6.014876464843750000e+03
1.134753906250000000e+04
1.766361328125000000e+04
5.419295898437500000e+03
2.037867431640625000e+03
1.575883789062500000e+03
2.505035351562500000e+04
3.139855468750000000e+03
1.217289550781250000e+03
2.014946875000000000e+04
2.788656982421875000e+03
1.312686035156250000e+03
3.175839843750000000e+04
3.142248046875000000e+03
9.644218750000000000e+02
1.784787109375000000e+04
1.123532226562500000e+03
8.668620117187500000e+03
2.694491455078125000e+03
1.143756835937500000e+03
1.672336914062500000e+03
2.068368652343750000e+03
1.834845312500000000e+04
1.484754101562500000e+04
2.067332763671875000e+03
1.253869628906250000e+03
1.746018750000000000e+04
1.705420410156250000e+03
1.115753173828125000e+03
1.407214648437500000e+04
6.716777343750000000e+02
1.296466552734375000e+03
2.231341992187500000e+04
1.351822998046875000e+03
2.584179199218750000e+03
1.442689941406250000e+04
1.267059814453125000e+03
7.716197265625000000e+03
1.931740722656250000e+03
9.054494628906250000e+02
2.150857666015625000e+03
7.526298828125000000e+02
1.342246093750000000e+04
9.779521484375000000e+03
1.049549072265625000e+03
1.675213085937500000e+04
2.234443359375000000e+03
9.470656738281250000e+02
1.361812890625000000e+04
1.182497070312500000e+03
1.127357421875000000e+03
2.108135546875000000e+04
2.083244384765625000e+03
1.408776855468750000e+03
1.389093847656250000e+04
3.930815429687500000e+02
8.078910156250000000e+03
1.379009521484375000e+03
8.838271484375000000e+02
1.440033203125000000e+03
1.462013916015625000e+03
1.417848339843750000e+04
9.128079101562500000e+03
9.982812500000000000e+02
1.926161132812500000e+04
1.836213476562500000e+04
1.037936035156250000e+04
1.639814648437500000e+04
1.660470703125000000e+04
8.676366210937500000e+03
2.141028906250000000e+04
2.510681054687500000e+04
2.501401562500000000e+04
2.094782617187500000e+04
1.835066796875000000e+04
2.289313476562500000e+04
1.770435546875000000e+04
2.326064453125000000e+04
1.952502929687500000e+04
1.060935449218750000e+04
2.180454492187500000e+04
1.738133203125000000e+04
2.644101562500000000e+03
1.653731640625000000e+04
2.158813964843750000e+03
2.498124023437500000e+03
2.520458789062500000e+04
1.939399902343750000e+03
3.407877929687500000e+03
1.471449414062500000e+04
2.451013183593750000e+03
9.829073242187500000e+03
2.456947021484375000e+03
2.742806884765625000e+03
2.087148681640625000e+03
2.060636718750000000e+03
1.709467578125000000e+04
1.053006640625000000e+04
1.740972167968750000e+03
1.393929492187500000e+04
1.574880859375000000e+03
2.752524414062500000e+02
2.183006250000000000e+04
2.606993896484375000e+03
1.929023437500000000e+03
1.521203027343750000e+04
1.028877929687500000e+03
5.590667480468750000e+03
2.266503906250000000e+03
5.548112792968750000e+02
1.783172607421875000e+03
1.320506103515625000e+03
1.294582324218750000e+04
1.116727539062500000e+04
1.334990722656250000e+03
1.399592382812500000e+04
1.354804882812500000e+04
1.337350195312500000e+04
1.855043945312500000e+04
2.163664062500000000e+04
2.910414843750000000e+04
1.726384960937500000e+04
1.412506835937500000e+04
1.880056445312500000e+04
1.448157617187500000e+04
2.052098046875000000e+04
1.566591992187500000e+04
5.163702636718750000e+03
1.917556640625000000e+04
1.411654882812500000e+04
2.108274414062500000e+03
2.082582031250000000e+04
1.067688476562500000e+03
3.788488281250000000e+03
1.229462304687500000e+04
1.642888671875000000e+03
9.157201171875000000e+03
1.061023437500000000e+03
1.647734619140625000e+03
2.329172851562500000e+03
3.399970703125000000e+02
1.406137109375000000e+04
9.537703125000000000e+03
6.748688964843750000e+02
1.995279296875000000e+04
2.804218750000000000e+03
2.071035888671875000e+03
1.533987597656250000e+04
1.207882324218750000e+03
5.234013671875000000e+03
2.851672363281250000e+03
6.110732421875000000e+02
1.811461181640625000e+03
1.758133911132812500e+03
1.314557812500000000e+04
1.111689941406250000e+04
1.716251708984375000e+03
2.632366796875000000e+04
2.939744335937500000e+04
2.618294921875000000e+04
2.605370312500000000e+04
2.365603515625000000e+04
2.922035546875000000e+04
2.237225585937500000e+04
2.796044140625000000e+04
2.442830468750000000e+04
1.374932226562500000e+04
2.242126562500000000e+04
2.155464257812500000e+04
3.778683349609375000e+03
1.332738281250000000e+04
2.132099609375000000e+03
1.106192773437500000e+04
1.520975830078125000e+03
3.068312988281250000e+03
1.884197265625000000e+03
8.495930175781250000e+02
1.845458203125000000e+04
1.256985156250000000e+04
8.902880859375000000e+02
2.362132226562500000e+04
1.000811523437500000e+03
1.000784960937500000e+04
2.997966552734375000e+03
1.927908447265625000e+03
1.789675781250000000e+03
3.326413818359375000e+03
1.878032226562500000e+04
1.207611523437500000e+04
2.609655517578125000e+03
1.687726953125000000e+04
2.189548828125000000e+04
1.592750488281250000e+04
1.516937500000000000e+04
1.609267285156250000e+04
1.357348632812500000e+04
2.891516210937500000e+04
2.020638671875000000e+04
1.377535937500000000e+04
8.528736328125000000e+03
1.421110595703125000e+03
1.087643798828125000e+03
1.145054687500000000e+03
1.540642578125000000e+03
1.608700488281250000e+04
1.019785156250000000e+04
1.302225830078125000e+03
1.064448437500000000e+04
6.464466796875000000e+03
9.880031250000000000e+03
9.313013671875000000e+03
1.280012304687500000e+04
1.958217773437500000e+04
8.839391601562500000e+03
2.754902343750000000e+03
2.010245849609375000e+03
9.932055664062500000e+02
1.675588281250000000e+04
1.180530078125000000e+04
7.505854492187500000e+02
2.312858398437500000e+03
1.614260009765625000e+03
1.335560937500000000e+04
1.065337011718750000e+04
1.818059082031250000e+03
1.883366455078125000e+03
1.922677734375000000e+04
1.228387500000000000e+04
1.843218017578125000e+03
1.536925585937500000e+04
1.191711328125000000e+04
4.822482910156250000e+02
2.004419531250000000e+04
1.461726660156250000e+04
1.058953320312500000e+04
