9.000000000000000000e+00 5.000000000000000000e+01 2.127456054687500000e+02 2.000000000000000000e+00
4.100000000000000000e+01 6.300000000000000000e+01 2.505437011718750000e+02 2.000000000000000000e+00
6.000000000000000000e+00 6.100000000000000000e+01 2.826337890625000000e+02 2.000000000000000000e+00
2.900000000000000000e+01 3.200000000000000000e+01 3.055070800781250000e+02 2.000000000000000000e+00
5.300000000000000000e+01 6.700000000000000000e+01 3.469116666975903627e+02 3.000000000000000000e+00
3.100000000000000000e+01 6.800000000000000000e+01 3.574075147877906602e+02 3.000000000000000000e+00
4.700000000000000000e+01 5.800000000000000000e+01 3.930815429687500000e+02 2.000000000000000000e+00
1.700000000000000000e+01 5.200000000000000000e+01 4.063981933593750000e+02 2.000000000000000000e+00
3.000000000000000000e+01 6.600000000000000000e+01 4.464775390625000000e+02 2.000000000000000000e+00
1.200000000000000000e+01 6.900000000000000000e+01 4.470375885643505285e+02 3.000000000000000000e+00
2.100000000000000000e+01 7.000000000000000000e+01 4.820563911756484572e+02 3.000000000000000000e+00
2.500000000000000000e+01 4.600000000000000000e+01 5.045441894531250000e+02 2.000000000000000000e+00
7.200000000000000000e+01 7.400000000000000000e+01 5.226994176523046463e+02 5.000000000000000000e+00
0.000000000000000000e+00 7.300000000000000000e+01 6.146202028738498484e+02 3.000000000000000000e+00
4.200000000000000000e+01 6.000000000000000000e+01 6.249360351562500000e+02 2.000000000000000000e+00
4.000000000000000000e+00 2.300000000000000000e+01 6.380571289062500000e+02 2.000000000000000000e+00
2.400000000000000000e+01 5.500000000000000000e+01 6.942160644531250000e+02 2.000000000000000000e+00
5.000000000000000000e+00 7.600000000000000000e+01 7.264280069943650915e+02 4.000000000000000000e+00
3.800000000000000000e+01 7.700000000000000000e+01 7.777054801563791671e+02 4.000000000000000000e+00
8.000000000000000000e+00 3.600000000000000000e+01 8.249494628906250000e+02 2.000000000000000000e+00
7.900000000000000000e+01 8.200000000000000000e+01 8.360827580869072335e+02 7.000000000000000000e+00
4.000000000000000000e+01 7.800000000000000000e+01 8.444384426960184555e+02 3.000000000000000000e+00
1.600000000000000000e+01 3.500000000000000000e+01 9.175925292968750000e+02 2.000000000000000000e+00
7.500000000000000000e+01 8.300000000000000000e+01 9.353773122928015482e+02 4.000000000000000000e+00
4.500000000000000000e+01 5.600000000000000000e+01 9.644218750000000000e+02 2.000000000000000000e+00
3.000000000000000000e+00 8.600000000000000000e+01 1.100756299648592176e+03 3.000000000000000000e+00
1.000000000000000000e+01 7.100000000000000000e+01 1.108103578834727386e+03 4.000000000000000000e+00
1.900000000000000000e+01 8.700000000000000000e+01 1.155504957370515740e+03 8.000000000000000000e+00
8.800000000000000000e+01 9.400000000000000000e+01 1.441835810159792118e+03 1.100000000000000000e+01
8.400000000000000000e+01 9.300000000000000000e+01 1.463342837159990040e+03 8.000000000000000000e+00
6.200000000000000000e+01 8.000000000000000000e+01 1.468018412068021462e+03 4.000000000000000000e+00
1.300000000000000000e+01 9.000000000000000000e+01 1.473120750880261312e+03 5.000000000000000000e+00
1.100000000000000000e+01 3.700000000000000000e+01 1.689314208984375000e+03 2.000000000000000000e+00
8.500000000000000000e+01 9.700000000000000000e+01 1.794279045563758245e+03 8.000000000000000000e+00
7.000000000000000000e+00 9.600000000000000000e+01 1.930529307447175142e+03 9.000000000000000000e+00
1.000000000000000000e+00 9.500000000000000000e+01 1.935979159917532570e+03 1.200000000000000000e+01
8.100000000000000000e+01 9.800000000000000000e+01 1.962197647712755497e+03 7.000000000000000000e+00
4.400000000000000000e+01 8.900000000000000000e+01 2.072914909469398026e+03 3.000000000000000000e+00
3.300000000000000000e+01 1.010000000000000000e+02 2.085457931079227819e+03 1.000000000000000000e+01
9.100000000000000000e+01 1.000000000000000000e+02 2.124908707113088894e+03 1.000000000000000000e+01
2.000000000000000000e+00 1.800000000000000000e+01 2.189391601562500000e+03 2.000000000000000000e+00
2.600000000000000000e+01 4.900000000000000000e+01 2.226859863281250000e+03 2.000000000000000000e+00
3.400000000000000000e+01 9.200000000000000000e+01 2.344821038022303128e+03 4.000000000000000000e+00
1.020000000000000000e+02 1.030000000000000000e+02 2.351401404093378460e+03 1.900000000000000000e+01
4.300000000000000000e+01 1.050000000000000000e+02 2.382820694592495784e+03 1.100000000000000000e+01
9.900000000000000000e+01 1.110000000000000000e+02 2.729506048676874798e+03 1.300000000000000000e+01
2.200000000000000000e+01 5.400000000000000000e+01 2.782502441406250000e+03 2.000000000000000000e+00
3.900000000000000000e+01 1.040000000000000000e+02 3.136297174564096167e+03 4.000000000000000000e+00
1.080000000000000000e+02 1.100000000000000000e+02 3.402489577063351589e+03 2.100000000000000000e+01
1.060000000000000000e+02 1.120000000000000000e+02 3.840495147913974961e+03 2.300000000000000000e+01
2.800000000000000000e+01 6.400000000000000000e+01 5.031016601562500000e+03 2.000000000000000000e+00
5.100000000000000000e+01 1.170000000000000000e+02 5.570533250074711759e+03 3.000000000000000000e+00
5.900000000000000000e+01 1.140000000000000000e+02 6.142692585278027764e+03 5.000000000000000000e+00
2.000000000000000000e+01 1.070000000000000000e+02 6.513985558175632832e+03 3.000000000000000000e+00
1.150000000000000000e+02 1.160000000000000000e+02 7.933498468671145019e+03 4.400000000000000000e+01
1.400000000000000000e+01 2.700000000000000000e+01 8.144898437500000000e+03 2.000000000000000000e+00
4.800000000000000000e+01 1.130000000000000000e+02 8.394442958299212478e+03 3.000000000000000000e+00
1.190000000000000000e+02 1.200000000000000000e+02 1.047728636684261983e+04 8.000000000000000000e+00
1.500000000000000000e+01 1.230000000000000000e+02 1.166686444936773478e+04 4.000000000000000000e+00
6.500000000000000000e+01 1.210000000000000000e+02 1.587101664681810689e+04 4.500000000000000000e+01
5.700000000000000000e+01 1.090000000000000000e+02 1.788501779262561467e+04 5.000000000000000000e+00
1.180000000000000000e+02 1.240000000000000000e+02 2.113601059855019776e+04 1.100000000000000000e+01
1.220000000000000000e+02 1.260000000000000000e+02 2.518474368690909978e+04 4.700000000000000000e+01
1.250000000000000000e+02 1.280000000000000000e+02 3.435392432415706571e+04 1.500000000000000000e+01
1.290000000000000000e+02 1.300000000000000000e+02 5.624693001766823727e+04 6.200000000000000000e+01
1.270000000000000000e+02 1.310000000000000000e+02 5.992413583394316083e+04 6.700000000000000000e+01
