2.000000000000000000e+00 6.300000000000000000e+01 9.324458518780702434e+02 2.000000000000000000e+00
2.800000000000000000e+01 7.400000000000000000e+01 9.598880287209608468e+02 2.000000000000000000e+00
3.700000000000000000e+01 5.700000000000000000e+01 1.116242877498029884e+03 2.000000000000000000e+00
6.400000000000000000e+01 9.100000000000000000e+01 1.152546417123092851e+03 3.000000000000000000e+00
3.400000000000000000e+01 9.200000000000000000e+01 1.309241197760679370e+03 3.000000000000000000e+00
4.100000000000000000e+01 4.900000000000000000e+01 1.591087885853077296e+03 2.000000000000000000e+00
9.000000000000000000e+00 9.400000000000000000e+01 1.650941830508723569e+03 4.000000000000000000e+00
9.300000000000000000e+01 9.500000000000000000e+01 1.654183496749696133e+03 5.000000000000000000e+00
4.000000000000000000e+00 5.400000000000000000e+01 1.931422866401337615e+03 2.000000000000000000e+00
1.400000000000000000e+01 9.700000000000000000e+01 1.949927883992781290e+03 5.000000000000000000e+00
4.500000000000000000e+01 9.800000000000000000e+01 2.115057132272189847e+03 6.000000000000000000e+00
5.800000000000000000e+01 6.500000000000000000e+01 2.345528406809562966e+03 2.000000000000000000e+00
6.000000000000000000e+00 7.800000000000000000e+01 3.020574409247523363e+03 2.000000000000000000e+00
8.500000000000000000e+01 9.900000000000000000e+01 3.035036444448912789e+03 3.000000000000000000e+00
2.200000000000000000e+01 3.200000000000000000e+01 3.043748740945651662e+03 2.000000000000000000e+00
5.300000000000000000e+01 1.000000000000000000e+02 3.361923875672853683e+03 6.000000000000000000e+00
0.000000000000000000e+00 7.200000000000000000e+01 3.593518102899200130e+03 2.000000000000000000e+00
9.600000000000000000e+01 1.010000000000000000e+02 3.670943071809893354e+03 8.000000000000000000e+00
1.900000000000000000e+01 7.500000000000000000e+01 3.886504907505889605e+03 2.000000000000000000e+00
2.000000000000000000e+01 3.800000000000000000e+01 4.055383575368494348e+03 2.000000000000000000e+00
5.200000000000000000e+01 1.080000000000000000e+02 4.123899837407113409e+03 9.000000000000000000e+00
8.800000000000000000e+01 1.040000000000000000e+02 4.157125849004720294e+03 4.000000000000000000e+00
1.800000000000000000e+01 6.000000000000000000e+01 4.850021082191859023e+03 2.000000000000000000e+00
1.030000000000000000e+02 1.050000000000000000e+02 4.914004998241577596e+03 4.000000000000000000e+00
3.500000000000000000e+01 4.700000000000000000e+01 5.090260621368084685e+03 2.000000000000000000e+00
3.300000000000000000e+01 1.020000000000000000e+02 5.149896821588375133e+03 3.000000000000000000e+00
6.100000000000000000e+01 7.000000000000000000e+01 5.223929591534981228e+03 2.000000000000000000e+00
1.000000000000000000e+01 1.700000000000000000e+01 5.525359546916205545e+03 2.000000000000000000e+00
5.500000000000000000e+01 6.800000000000000000e+01 5.651190244478073510e+03 2.000000000000000000e+00
3.600000000000000000e+01 1.090000000000000000e+02 5.658516477273821693e+03 3.000000000000000000e+00
4.400000000000000000e+01 9.000000000000000000e+01 5.857963573370090671e+03 2.000000000000000000e+00
1.070000000000000000e+02 1.160000000000000000e+02 6.059481702832381416e+03 5.000000000000000000e+00
1.600000000000000000e+01 8.100000000000000000e+01 6.248464423253738460e+03 2.000000000000000000e+00
2.400000000000000000e+01 8.900000000000000000e+01 6.263843408376291336e+03 2.000000000000000000e+00
1.500000000000000000e+01 4.800000000000000000e+01 6.310165549692509558e+03 2.000000000000000000e+00
1.000000000000000000e+00 2.900000000000000000e+01 6.450196234875221307e+03 2.000000000000000000e+00
3.000000000000000000e+00 6.600000000000000000e+01 6.532697495942828937e+03 2.000000000000000000e+00
2.300000000000000000e+01 1.120000000000000000e+02 6.549553917723405903e+03 5.000000000000000000e+00
1.060000000000000000e+02 1.110000000000000000e+02 6.814818768656758039e+03 1.500000000000000000e+01
4.200000000000000000e+01 7.700000000000000000e+01 6.924029205315222498e+03 2.000000000000000000e+00
1.100000000000000000e+02 1.130000000000000000e+02 7.312224011387916107e+03 4.000000000000000000e+00
3.100000000000000000e+01 3.900000000000000000e+01 7.438521087437785354e+03 2.000000000000000000e+00
5.000000000000000000e+01 7.300000000000000000e+01 7.443519316468227771e+03 2.000000000000000000e+00
7.900000000000000000e+01 1.210000000000000000e+02 7.493972472007916622e+03 3.000000000000000000e+00
4.000000000000000000e+01 7.600000000000000000e+01 7.831127901791423938e+03 2.000000000000000000e+00
1.230000000000000000e+02 1.330000000000000000e+02 8.095890396652791424e+03 4.000000000000000000e+00
1.190000000000000000e+02 1.290000000000000000e+02 8.114477142403849030e+03 1.700000000000000000e+01
2.600000000000000000e+01 1.240000000000000000e+02 8.187891977016852252e+03 3.000000000000000000e+00
1.200000000000000000e+02 1.220000000000000000e+02 8.664668515633091374e+03 8.000000000000000000e+00
1.350000000000000000e+02 1.370000000000000000e+02 8.719325296201815945e+03 1.900000000000000000e+01
1.150000000000000000e+02 1.340000000000000000e+02 9.208807785813469309e+03 5.000000000000000000e+00
1.270000000000000000e+02 1.310000000000000000e+02 9.601612347546559249e+03 6.000000000000000000e+00
1.140000000000000000e+02 1.180000000000000000e+02 9.614970257752835096e+03 6.000000000000000000e+00
1.260000000000000000e+02 1.320000000000000000e+02 9.722767621867940761e+03 4.000000000000000000e+00
1.300000000000000000e+02 1.390000000000000000e+02 9.814125203023051654e+03 1.000000000000000000e+01
2.500000000000000000e+01 1.170000000000000000e+02 1.004865462975199989e+04 3.000000000000000000e+00
1.380000000000000000e+02 1.400000000000000000e+02 1.075678272027484672e+04 2.200000000000000000e+01
5.600000000000000000e+01 6.700000000000000000e+01 1.107149395828021989e+04 2.000000000000000000e+00
1.250000000000000000e+02 1.440000000000000000e+02 1.110408618189610752e+04 6.000000000000000000e+00
5.900000000000000000e+01 1.460000000000000000e+02 1.128080405195285857e+04 4.000000000000000000e+00
1.280000000000000000e+02 1.430000000000000000e+02 1.163613890692359018e+04 1.100000000000000000e+01
4.300000000000000000e+01 1.360000000000000000e+02 1.203771691913134782e+04 5.000000000000000000e+00
1.300000000000000000e+01 1.470000000000000000e+02 1.248168780704769597e+04 2.300000000000000000e+01
5.000000000000000000e+00 1.450000000000000000e+02 1.395758853654219456e+04 1.100000000000000000e+01
8.000000000000000000e+00 7.100000000000000000e+01 1.458612397215225064e+04 2.000000000000000000e+00
1.480000000000000000e+02 1.520000000000000000e+02 1.547266068569040726e+04 7.000000000000000000e+00
4.600000000000000000e+01 1.500000000000000000e+02 1.570753787219254082e+04 5.000000000000000000e+00
8.300000000000000000e+01 1.420000000000000000e+02 1.643935237674048767e+04 7.000000000000000000e+00
5.100000000000000000e+01 6.900000000000000000e+01 1.663803802436698606e+04 2.000000000000000000e+00
8.700000000000000000e+01 1.530000000000000000e+02 1.772514950305436287e+04 2.400000000000000000e+01
1.490000000000000000e+02 1.550000000000000000e+02 1.914097253719075525e+04 8.000000000000000000e+00
1.100000000000000000e+01 1.600000000000000000e+02 1.915417531114213853e+04 2.500000000000000000e+01
1.570000000000000000e+02 1.610000000000000000e+02 1.996023773347622773e+04 1.300000000000000000e+01
1.200000000000000000e+01 1.410000000000000000e+02 2.050678724699575105e+04 6.000000000000000000e+00
8.400000000000000000e+01 1.510000000000000000e+02 2.098659896944382490e+04 1.200000000000000000e+01
2.100000000000000000e+01 1.650000000000000000e+02 2.198774667614544524e+04 1.300000000000000000e+01
7.000000000000000000e+00 1.560000000000000000e+02 2.377571952210392919e+04 8.000000000000000000e+00
8.200000000000000000e+01 1.660000000000000000e+02 2.470166740886634943e+04 1.400000000000000000e+01
8.600000000000000000e+01 1.680000000000000000e+02 2.587051511399248920e+04 1.500000000000000000e+01
1.540000000000000000e+02 1.630000000000000000e+02 2.608543604778476947e+04 2.400000000000000000e+01
6.200000000000000000e+01 1.590000000000000000e+02 2.661091489860348884e+04 3.000000000000000000e+00
3.000000000000000000e+01 1.620000000000000000e+02 2.662261969979774585e+04 2.600000000000000000e+01
1.670000000000000000e+02 1.710000000000000000e+02 2.948278933783825414e+04 1.100000000000000000e+01
1.700000000000000000e+02 1.720000000000000000e+02 3.546209294832094020e+04 5.000000000000000000e+01
8.000000000000000000e+01 1.580000000000000000e+02 3.619419199748692336e+04 8.000000000000000000e+00
1.640000000000000000e+02 1.740000000000000000e+02 3.995930948785069631e+04 5.600000000000000000e+01
1.730000000000000000e+02 1.760000000000000000e+02 4.513363885407036287e+04 6.700000000000000000e+01
1.750000000000000000e+02 1.770000000000000000e+02 5.130911064251863718e+04 7.500000000000000000e+01
2.700000000000000000e+01 1.780000000000000000e+02 6.927258144722331781e+04 7.600000000000000000e+01
1.690000000000000000e+02 1.790000000000000000e+02 7.898450885844626464e+04 9.100000000000000000e+01
