3.354600353264636215e+04
3.664818313562337426e+04
3.457664369323488791e+04
2.518842546813618537e+04
2.283468473159689893e+04
5.327093135609033925e+04
4.351623166121520626e+04
1.472243396861317342e+04
4.146923745515862538e+04
2.138992491933069323e+04
2.708796914655344881e+04
5.277143753772519995e+04
3.529599014679675020e+04
2.984520306895647809e+04
2.724673629919623636e+04
2.671206954395697903e+04
2.685149662501522471e+04
2.917272068938702432e+04
2.733966159600891115e+04
3.593140842455168604e+04
1.990685366986306326e+04
2.286324652341678302e+04
2.774922555681795711e+04
3.837667129887090414e+04
2.152243146129554952e+04
3.275292892689456858e+04
3.435761090659737238e+04
3.572279320061486214e+04
5.618120623066724511e+04
1.285074168312643451e+04
3.923893181999479566e+04
5.826378481370501686e+04
2.825060869479357643e+04
2.481768411543110778e+04
4.053499420027917949e+04
1.803319148672246956e+04
2.984259804657138011e+04
2.214219296901884081e+04
2.478768643473327393e+04
3.199369892540502406e+04
4.336989802240047720e+04
3.976054682233015774e+04
6.358830219522045809e+04
4.035812285459818668e+04
3.872104499078240769e+04
4.044378741750897461e+04
3.579287621990281332e+04
3.526244074457114766e+04
3.873030248294842750e+04
4.452517760653909500e+04
4.393788245540355274e+04
3.391622150323335518e+04
3.559089587823125476e+04
3.459887699135612638e+04
2.618178333959790325e+04
2.182203017428527892e+04
3.901230797862211330e+04
3.359044538443091733e+04
1.776781782560721331e+04
4.583079371097034891e+04
4.141455658519092685e+04
3.198816363934135734e+04
5.846184152993077441e+04
5.512579404046433046e+04
4.362597301421999146e+04
5.607073456281736435e+04
9.802423760129229049e+04
2.482084934445395993e+04
2.982123707335899235e+04
6.338476237160127494e+04
2.837244426997903793e+04
1.972418034127039209e+04
3.498804823369544465e+04
4.465777907287588459e+04
1.577490057173499736e+04
6.086218364488937368e+04
3.408014278653456859e+04
2.323381022950528859e+04
4.115101937913631264e+04
5.632342190536042472e+04
3.434094433099636080e+04
4.535126485160321317e+04
2.819431724588130601e+04
3.453105540559550718e+04
6.754992317811994872e+04
6.054359211384149239e+04
6.432458795996518893e+04
2.872308884239276085e+04
6.611256440609693527e+04
7.610271748467435827e+04
3.121952751139982138e+04
7.257669142001913860e+04
5.925937798921136709e+04
5.971195947827903728e+04
7.516233362263739400e+04
6.151836794435698539e+04
2.590033756000264111e+04
5.462910170293306874e+04
4.984042087602781976e+04
5.894107981712955370e+04
5.902230675784173945e+04
2.666152961580811461e+04
6.819166351472915267e+04
4.363871260478736076e+04
5.321507810849941598e+04
4.776415147829266789e+04
5.738021930645095563e+04
5.228926825400868256e+04
3.081785605007088088e+04
2.785521998395026458e+04
3.803763076163320511e+04
8.605725739209850144e+04
3.743824248268821975e+04
4.893656892681166210e+04
8.540551895704107301e+04
3.329225061733741313e+04
1.773257126803731080e+04
7.393525527681320091e+04
2.519883450399403227e+04
5.483467915714466653e+04
5.467928967738440406e+04
6.485546043551735056e+04
2.206873527047891548e+04
6.902147572564627626e+04
7.103099562880062149e+04
6.853906278049535467e+04
4.481003567505877436e+04
7.324738298890690203e+04
6.833020722225680947e+04
4.668162705577610177e+04
6.375921254671335919e+04
3.409142661472686450e+04
6.338073301089808228e+04
7.442385791264293948e+04
6.365527033245583880e+04
7.197430266958927677e+04
6.121846216043212917e+04
5.248486159050209244e+04
6.124868329954462388e+04
7.602740085929758789e+04
6.582876477590705326e+04
2.366318689523730427e+04
3.238597144153795307e+04
6.169039018430698343e+04
2.984350028728732286e+04
5.870447796193193790e+04
5.644413158235449373e+04
5.730344376751194795e+04
4.644214127539702167e+04
9.015517510568068246e+04
5.788978457097460341e+04
4.231515492658315634e+04
8.097919262712595810e+04
2.727863683861511527e+04
2.945934907556148391e+04
6.443491738581995014e+04
7.027961264114326332e+04
4.411602894162927259e+04
6.720559003686324286e+04
4.199611277825670550e+04
6.211135503629111918e+04
7.072477638821658911e+04
6.032816382882937614e+04
4.105554441338570177e+04
7.106636099293810548e+04
4.380399795379262650e+04
4.524115239159718476e+04
9.303668167646786969e+03
1.217022518860762648e+04
3.275837095962694002e+04
5.322984307837270899e+04
2.088071693125090678e+04
4.021514783291053755e+04
4.038391504584439099e+04
8.769499468131123649e+03
1.539639666378248694e+04
1.442408043484862537e+04
1.060574875420771423e+04
6.818259324286572519e+04
1.397601060864985629e+04
2.898262513492685321e+04
1.929999008690471965e+04
7.453258062267332207e+03
4.401140190153833828e+04
1.772395033413000783e+04
3.726217263766663382e+04
1.973953523712619790e+04
3.997425650298444089e+04
7.407613111757064871e+03
1.862928001953446073e+04
5.452580123605640256e+04
5.638754195374681149e+04
5.234048747879596340e+04
4.517125941516979947e+04
4.401104019178743329e+04
2.376178305253952567e+04
6.406598589179514420e+03
4.150691942950075463e+04
4.417751790826720389e+04
3.498176859006266022e+04
4.104994321771529212e+04
2.461400106339788545e+04
1.768252210448358892e+04
1.500380356361828126e+04
4.507839953638150473e+04
3.174975395563799248e+04
2.930902861505030887e+04
3.143220392501073366e+04
1.996706348293871997e+04
3.031158852598806698e+04
1.773518773253725521e+04
2.406827958606083848e+04
1.568701696592242479e+04
4.763892670150173944e+04
2.927450990315278250e+04
2.486786049545488277e+04
1.366459148294336046e+04
1.969804878484021901e+04
8.802967496189550729e+03
1.702936706046161271e+04
1.197109458678449300e+04
2.995586680898286068e+04
3.161047044612359969e+03
4.743539849399726518e+04
5.367637251373707841e+04
1.458671920439373753e+04
4.344534677529478358e+04
4.515887354479933856e+04
3.541014679773020907e+04
2.067177223441663227e+04
7.358768647668008634e+04
6.067856560976865876e+04
2.204305932159671647e+04
2.092710909956767136e+04
1.586354520172986668e+04
3.342920179573811765e+04
2.969498472850153485e+04
2.982610128061642899e+04
2.371100062401071773e+04
3.972375668115942244e+04
3.037261871060955673e+04
4.925855164722477639e+04
1.189768702752586250e+04
1.863665877576488856e+04
5.356567205465088045e+04
2.304250016917029643e+04
6.230167823217286787e+04
1.861890537263656006e+04
2.473437056599240168e+04
6.885891750506025346e+03
2.485347609243297484e+04
4.242259458355225797e+04
1.238917785930902755e+04
3.609172210336146964e+04
3.241035197517844063e+04
1.317595757178006170e+04
1.188440396401424732e+04
2.619893317527461477e+04
6.557154190893309533e+03
6.643043384974429500e+04
2.009858754042719374e+04
3.549902495097053179e+04
1.407231000821995985e+04
2.009040737452632357e+03
3.542051011815889069e+04
6.019348279726500550e+03
4.199930389859396382e+04
1.499333873062186103e+04
3.144175027516878617e+04
6.054629191006961264e+03
1.203582291928290397e+04
4.383459899351627973e+04
5.160318528062380210e+04
4.450161141657148983e+04
3.789557071270389133e+04
3.591187604981112963e+04
2.954732862244299395e+04
1.542556111572651753e+04
3.320428967434665537e+04
3.640076121031089860e+04
2.817167506170794513e+04
3.272701178700922173e+04
3.292003198788084410e+04
1.344841986836365140e+04
1.025937857328850259e+04
3.805584257389494451e+04
3.475068486658452457e+04
1.962495944894035347e+04
3.257468934874152183e+04
1.821333882260437167e+04
2.211397168471500845e+04
5.071133364099313440e+03
1.896020493516379065e+04
5.151056238470831886e+03
4.932112248577844002e+04
1.382778776206340444e+04
9.236001890527259093e+03
3.165727751978075503e+03
2.559879672237813065e+04
1.585596696484738004e+03
9.700333888012712123e+03
1.436913609709023876e+04
1.511632909150503474e+04
8.017999992799046595e+03
3.958611036255604995e+04
5.890927202072406362e+04
1.079341230909696424e+04
3.411595104901963350e+04
5.026863818076620373e+04
3.972848980985846720e+04
1.939732216660808263e+04
6.502410007827354275e+04
6.416583206317161967e+04
1.175695878714496212e+04
1.356353428896591868e+04
2.649241145226581284e+04
3.436064065985826164e+04
2.769888056504063570e+04
1.688657585866931913e+04
3.379154318735864217e+04
3.771777976620387926e+04
3.169312593993692280e+04
3.985281628530134185e+04
1.592110124755810830e+04
2.690132641854754547e+04
5.383337346373334731e+04
1.675955277223519079e+04
6.952524594628805062e+04
1.478393192987929069e+04
2.073828298873524182e+04
2.520131431729831093e+04
4.579583441491171834e+04
5.836236693066133739e+03
2.656690065103052257e+04
2.060491719030221793e+04
5.602239338794453943e+03
6.637724230667363372e+03
2.443672564567530935e+04
1.016278019193261935e+04
7.380461451107641915e+04
1.256676262911836602e+04
2.957030070508405333e+04
7.799485861961647061e+03
4.528716397164375849e+03
3.620421333535086887e+04
7.464547148939129329e+03
3.453445574446846149e+04
8.064398550853538836e+03
2.399125067325821510e+04
1.276473819780333724e+04
8.279294196861945238e+03
4.514060725377809285e+04
5.438142309749708511e+04
4.710277234580181539e+04
2.900806758326021372e+04
2.576799154506451669e+04
3.700820122887301113e+04
2.088950042721468344e+04
3.467946675346340635e+04
3.737972199045858724e+04
1.833582597334933962e+04
3.315501092263773171e+04
2.797921748899296654e+04
8.062228349112463547e+03
2.982421086723404187e+03
4.387267204932501772e+04
2.798310144193533051e+04
1.615153395087056197e+04
4.306678346827206406e+04
2.638533545438369038e+04
1.504443221624595208e+04
7.981629269211766768e+03
2.009925529074266160e+04
7.368434959975636957e+03
5.444950748463001946e+04
1.984818830077437451e+04
1.197186923384491456e+04
5.816461655828767107e+03
1.878013017679514451e+04
6.839161240698518668e+03
7.410227648895512175e+03
6.082255547030936214e+03
9.048948449205538054e+03
9.934012864527037891e+03
3.969144623289056472e+04
6.377620655790099408e+04
1.453831559795328758e+04
3.615212879015857470e+04
6.916450042720590136e+04
4.221627275155903044e+04
2.462525720867629570e+04
6.508689546719101781e+04
7.915595432572177378e+04
6.294789427956678992e+03
1.488438399289998961e+04
3.046830371840824955e+04
3.729498112805949495e+04
2.549418696844997976e+04
1.382687734921035735e+04
2.615863249060958697e+04
3.147838416903577308e+04
3.915285033159094746e+04
3.848533539511817798e+04
7.274767186399848470e+03
1.852495116818274255e+04
6.098670143826372077e+04
1.871246889396195184e+04
5.954891893756327045e+04
1.500467585350764057e+04
2.102580766264360136e+04
4.414488435774003301e+04
4.210633436045023700e+04
2.327523179494494980e+04
4.471195857874982175e+04
2.304126473788421208e+04
2.441672378873961861e+04
5.171213274567092594e+04
2.962203273201268530e+04
2.782171288384486979e+04
3.130848951131490321e+04
3.216385550168855843e+04
2.581462454366903694e+04
2.208860779752848975e+04
4.145539430232409359e+03
2.850317183139404369e+04
3.323313328186920990e+04
2.345265225857710902e+04
3.290632680572051322e+04
2.667176773500005947e+04
2.362840385754104864e+04
7.020838035907321682e+03
5.842018332947588533e+03
7.710799162048197104e+03
5.188406353658277658e+04
2.103917715814276016e+04
2.804551145938622722e+04
4.899085065147132264e+04
1.626052617428223130e+03
8.337837438500209828e+03
3.936047011264589673e+04
1.353520431548330998e+04
3.482061747781069425e+04
2.261767268065913231e+04
2.240607282092036257e+04
8.959477982576638169e+03
4.917319682783421013e+04
2.704520954848572728e+04
3.420508468887729396e+04
2.516710570024065237e+04
3.471325066060217796e+04
3.235527596358773735e+04
1.773479604087758707e+04
2.840285390016103338e+04
1.868951303363689658e+04
2.564891704999945068e+04
3.671074447717487783e+04
2.595048825430720899e+04
4.108765206967484119e+04
2.535644902294888379e+04
2.135268312756352680e+04
2.139427315384116082e+04
3.631689675140338659e+04
2.943728960533328063e+04
1.547336504723982944e+04
2.867338855673136277e+04
3.267771768185083420e+04
2.980162613382640302e+03
3.683722505787294358e+04
4.211155059325699403e+04
2.004214455332317448e+04
3.466577765973689384e+04
6.267602738473433419e+04
2.336871459361197049e+04
1.583504714536191750e+04
5.828475914872939029e+04
8.047604214998823409e+03
1.806428355162668959e+04
3.194259887596578483e+04
5.073752089969109511e+04
2.238456157048355817e+04
3.374453773798249313e+04
2.367467781572633248e+04
2.541454216582586014e+04
4.700404988834819233e+04
2.244919542458052456e+04
1.986018051430730702e+04
5.280084123285859823e+04
1.501810979907840738e+04
1.774615377640849329e+04
5.295343848118133610e+04
5.769341156889988633e+04
5.975065181018433213e+04
6.189993498656744487e+04
3.747829916931768821e+04
6.562229470310523175e+04
4.516231005271923641e+04
7.690014990071329521e+04
7.048242018607995124e+04
5.294255954119800299e+04
3.250374204299794656e+04
3.802934553946939559e+04
4.849687895612970169e+04
3.445623970594936691e+04
6.711713914250592643e+04
2.858538532274066529e+04
2.827823266449564835e+04
4.756485954038592899e+04
3.267557535712698154e+04
6.022315712954965420e+04
6.653359013478079578e+04
6.026954280760350957e+04
6.361790594523878826e+04
5.598570896668557543e+04
5.195374828535077540e+04
6.523560137609520461e+04
4.769948851699012448e+04
4.749555871189886238e+04
6.676513775696493394e+04
4.487833091181227064e+04
6.240297968286086689e+04
3.148523920853976961e+04
5.073969070205011667e+04
5.742393403161520837e+04
7.681741122580441879e+04
6.100935845168404194e+04
9.411095224133698503e+04
4.728144250762487354e+04
6.561165753044919984e+04
3.594783466050418065e+04
6.446419528743365663e+04
2.972646543483568894e+04
6.615731758415303193e+04
1.954514311384905886e+04
2.920484691232737168e+04
3.076494992192256177e+04
7.802599902287319128e+04
4.134083529528471263e+04
3.282184687660304917e+04
6.073701562792156619e+04
4.171647391190244525e+04
5.076562432947738853e+04
4.940873120566261059e+04
7.087417211970145581e+04
4.108358876968272671e+04
5.391290269795545464e+04
6.999071415952619282e+04
8.212169753441472130e+04
3.962375620284785691e+04
7.602407408018849674e+04
1.326371460956634255e+05
2.214195804984058486e+04
6.012980731574880338e+04
7.692738913892755227e+04
5.278281947360212507e+04
5.270751937330942019e+04
2.685948571354409069e+04
8.923602346692835272e+04
5.759163003082113573e+04
8.947518762275579502e+04
6.888705844948242884e+04
6.293333659279745189e+04
6.671930632828870148e+04
6.970797350209578872e+04
5.818502621172839281e+04
9.063787195202067960e+04
5.692563674861189793e+04
6.087740151809423696e+04
4.881605526731623104e+04
2.693797035325767501e+04
1.871650389173079748e+04
1.121897958402244331e+04
3.030707970514531189e+04
1.464460311397317491e+04
8.464279030018817866e+04
2.320313356753618064e+04
3.961409145142012130e+04
1.082918125724868332e+04
1.046647177004470905e+04
5.370257785124581278e+04
1.386770437984252567e+04
4.355698515502898954e+04
1.447174633512396758e+04
3.256401321046368321e+04
1.900586083817223698e+04
1.253873586415700629e+04
6.408435133441872313e+04
7.237308522032250767e+04
6.439301794725154468e+04
3.331954814005539811e+04
4.351539358328949311e+04
4.505958868581181741e+04
2.669843961481913357e+04
5.274889153858573991e+04
5.477638446233446302e+04
2.785930777158549245e+04
4.859136543262046325e+04
3.488430472332025965e+04
1.337223168728999372e+04
1.333932113532664880e+04
5.635073111200713902e+04
3.335790648207873892e+04
2.772926074560722554e+04
5.014771238559470657e+04
3.269050107743825356e+04
2.510776889588907216e+04
1.319103936039931796e+04
3.767318935269298527e+04
1.335232041067389764e+04
6.580950510370479606e+04
2.731934463137249622e+04
1.861752516229504909e+04
1.152326824171036787e+04
2.443150269765071062e+04
1.202206638337150616e+04
1.151361456995535264e+04
1.993364497931468941e+04
1.920862526545640139e+04
1.786996313786791870e+04
5.838051150988377776e+04
7.384775935629876039e+04
1.890195045904588551e+04
5.415660006980699836e+04
7.735833126036974136e+04
5.143925316384137841e+04
3.550970241387310671e+04
8.573395008317017346e+04
8.404298734831658658e+04
1.230812772076488545e+04
3.123942926540785993e+04
3.176820112917918232e+04
5.075320878815443575e+04
3.568663035692303674e+04
1.722940692238840347e+04
3.378445744988694787e+04
4.540409396453156660e+04
4.929365343401832070e+04
6.238667802636369015e+04
2.165924986949197046e+04
2.067983170364542821e+04
7.274892748091353860e+04
3.333582629295389052e+04
6.745132657562108943e+04
3.096863665991061134e+04
3.637486332311234582e+04
4.087523821121554647e+04
2.300437682008111005e+04
2.845737362666295303e+04
5.237662200784037123e+04
3.988675132359882264e+04
3.517335371174034663e+04
2.563822678793245359e+04
2.295978613773210236e+04
2.915555487631816504e+04
3.053144015871633019e+04
3.065924660432856399e+04
3.807162137202644954e+04
2.860791533346427605e+04
2.726829764849743151e+04
2.122380643590015097e+04
4.218946123759703914e+04
2.530522138460080896e+04
3.138731384717837500e+04
3.469060708244531997e+04
3.373868108710797242e+04
6.033456659495136410e+04
1.748888350397934846e+04
3.606073164604350313e+04
6.265336610426090192e+04
3.033207658181781881e+04
2.364963208783895971e+04
3.720716024826817738e+04
2.088652369976348564e+04
2.918120918649687155e+04
2.669792252504226781e+04
2.733230979309066970e+04
3.699188005626924132e+04
3.969194264654154540e+04
4.222343720598117216e+04
7.099065628338551323e+04
4.258893762557634909e+04
3.878332288281300862e+04
4.652103545255586505e+04
3.858013368769211957e+04
3.688716087198312744e+04
4.511274852604846819e+04
4.883297360309047508e+04
4.834466207631604630e+04
3.349694996902151615e+04
3.718204892089304485e+04
3.785836158661437366e+04
2.900834373580491592e+04
2.387691717834248266e+04
4.045833820206169185e+04
3.462630772628615523e+04
2.274777408430284413e+04
4.784437288044440356e+04
4.019660650946745591e+04
3.084310990957184185e+04
5.809074181945205055e+04
5.831075272030310589e+04
4.552691191971289663e+04
2.468795613616020273e+04
1.069262454812972428e+05
2.739576203259726026e+04
3.233487367185909170e+04
6.649893191654369002e+04
3.506724510517707677e+04
2.950486368676497295e+04
3.755820408018647140e+04
4.519603932636895479e+04
1.280913377603037952e+04
6.471287516271887580e+04
4.025067356329457107e+04
2.484299587886372319e+04
4.185224774376869027e+04
5.056122901077463030e+04
3.435385966946495319e+04
4.116603165304655704e+04
3.379607506461582670e+04
4.078943751997467189e+04
2.385338792823500989e+04
3.320055287957408291e+04
3.655246051527508098e+04
3.687373639655003353e+04
9.979810549404416815e+04
2.831111255254062053e+04
5.074792568236899388e+04
3.697747774713097897e+04
2.803003562661205797e+04
5.280678831816931779e+04
3.333465777256973524e+04
5.481176237526680779e+04
3.029224095987813780e+04
3.456765016603383992e+04
3.876515690112277662e+04
3.059416566666181461e+04
6.842122536932092044e+04
7.851276592292991700e+04
6.910545407133095432e+04
1.301947829907637060e+04
4.211113687534170458e+04
5.522096827228618349e+04
5.863023751115515188e+04
5.577971593998096796e+04
5.353158916701120324e+04
1.162477898539477428e+04
5.127012412684576702e+04
4.830926457861599920e+04
3.421788168265720742e+04
2.218958084508696629e+04
6.524623170001565450e+04
2.707972812557438010e+04
1.262965621143873432e+04
7.349903973982842581e+04
5.127877885488737957e+04
1.367943746789061333e+04
3.560234834250168933e+04
4.196702566571575153e+04
3.006694898967138579e+04
7.642361240669633844e+04
4.799560007807708462e+04
3.933075354610008071e+04
2.951360538495449146e+04
4.441308735577483458e+04
3.348608621357953962e+04
3.314621578020762536e+04
2.457081672322990926e+04
3.450318349020603637e+04
3.349072752821329777e+04
5.910501218137520482e+04
7.884837153740158828e+04
3.314382696664548712e+04
5.967550125329874572e+04
1.013515984544774983e+05
5.576304607867390587e+04
4.754081347165366606e+04
6.732645563513864181e+04
1.140936320879670529e+05
2.994033786619004968e+04
3.339036126125828014e+04
6.054051334406950627e+04
5.561042033217542485e+04
4.016667363318529533e+04
4.212756260859682516e+04
4.668939241088116978e+04
5.441437488263947307e+04
7.288366327090497361e+04
6.084072937160034053e+04
2.472147275203994650e+04
2.414482673901803719e+04
8.334888019028420968e+04
3.370502927573162015e+04
7.959934904062270653e+04
3.359534119515624479e+04
3.820974189492651931e+04
1.129320804618949296e+04
1.837206228452549112e+04
1.369377923663863112e+04
6.442750813598484092e+04
6.727626487852783612e+03
2.154142380753976613e+04
1.482138161831944672e+04
8.488571310521903797e+03
3.356633509046108520e+04
1.626736706753901672e+04
2.814990499806086154e+04
1.431918277541128009e+04
2.945409132896169103e+04
1.457351035412946658e+04
1.424595800559000782e+04
4.079636697994556016e+04
4.757081913450889260e+04
4.216361115451517253e+04
3.294147659622316860e+04
2.301948812250945412e+04
2.969067978909224985e+04
1.890294985304874717e+04
3.175663206562097184e+04
3.269967846811294294e+04
1.930655385132034280e+04
3.132537721322553989e+04
1.764284335944378108e+04
1.441596177838650692e+04
3.500503530947027684e+03
3.871614180685789324e+04
2.535416202979015361e+04
1.968776970801472635e+04
3.119591592161444714e+04
2.510921747748860798e+04
1.600693426868228926e+04
2.052885669717429846e+04
1.535218209060019217e+04
1.487219715182502478e+04
4.854378359139343229e+04
3.168998508713498450e+04
2.333392707687310394e+04
1.262006296308325909e+04
9.130714524704973883e+03
1.373966714630742717e+04
1.485610906141531086e+04
8.428355758919476557e+02
1.654210042088581395e+04
7.464307567147576265e+03
3.590556669760814839e+04
5.417005591604232177e+04
2.019968788451706860e+04
3.285414569737681450e+04
5.697839603224613529e+04
3.305795120346278418e+04
3.237239865415275926e+04
5.989533330600909539e+04
5.923956110995661584e+04
1.177423846256098295e+04
1.143255761943427569e+04
2.590410463785188040e+04
3.360519055029613810e+04
2.049854755937481968e+04
2.542305330451323971e+04
1.538922080140782418e+04
2.528183464815002299e+04
2.745467193702729492e+04
3.547610368607203418e+04
1.262034239085420495e+03
1.404085379001152614e+04
5.656034956982488075e+04
1.448013425067917342e+04
5.595686732305129408e+04
1.197783891137761384e+04
1.601137253237504410e+04
2.626957453766481922e+04
1.556812204029532950e+04
6.386290680477877322e+04
1.744250204311646667e+04
1.505336302729234012e+04
3.341586178328438109e+03
9.240208814258601706e+03
3.537946307190044899e+04
1.409180265365072773e+04
3.047287660215915821e+04
5.653537953379855026e+03
2.080865309672647709e+04
1.755332282438979018e+04
3.685394073722267422e+03
4.631869506681287021e+04
4.993647485990027781e+04
4.292404855593449611e+04
3.622995291437593551e+04
2.728380904220283264e+04
2.471622313051849778e+04
2.557319157138330047e+04
3.368118648356456833e+04
3.782983916708688048e+04
2.736370581906211009e+04
2.906884395465915077e+04
1.794047550316427078e+04
3.084688431457326715e+03
1.006906884020028519e+04
3.856255875925337023e+04
3.156350647769292118e+04
2.558649555631667317e+04
4.642313892416821909e+04
2.014038513336780670e+04
2.089940452468354488e+04
1.481951467126424723e+04
2.670937838163717970e+04
1.374518807041064792e+04
4.933289182303863345e+04
1.776853678220264919e+04
1.903981109283540718e+04
1.135660703395930250e+04
2.259615219410606369e+04
1.238796579160952024e+04
3.597332426586170186e+03
1.338821496693578774e+04
1.713054888921630481e+04
1.166723135374209596e+04
3.825014189435522712e+04
5.787180594471251243e+04
1.991406374906160636e+04
3.381524909200336697e+04
3.893642077119833993e+04
4.909706783416127291e+04
2.533920324130038352e+04
6.477547895973798586e+04
7.908914969953814580e+04
5.366082182937832840e+03
2.339828702479030107e+04
3.514226277052062505e+04
3.554928158539943979e+04
2.773561080621019573e+04
1.037570101447723937e+04
3.289114168154632353e+04
2.140004868275685658e+04
4.349700527207136474e+04
4.299166903064657527e+04
1.478038183367046804e+04
2.047347992721288028e+04
5.039424987530887302e+04
2.630895198305355734e+04
4.167402457186841639e+04
2.349353034036444660e+04
2.782869419685638786e+04
2.732678433484193010e+04
8.569745505881008285e+04
2.129266909604447574e+04
3.304157822459242743e+04
3.350037781620081660e+04
2.291777115219269763e+04
6.157474645019339368e+04
3.930180921900472458e+04
5.276468109735070175e+04
3.474468097760595992e+04
5.014423816994932713e+04
2.225089109243049461e+04
3.259637140965462459e+04
7.416166967420755827e+04
7.503222561952941760e+04
6.698706062612180540e+04
4.342820114676945377e+04
6.135652343737358751e+04
2.363919290783897304e+04
2.644165304803974141e+04
6.252381437451211241e+04
6.242523252307870280e+04
4.736484728245653241e+04
6.100281571426777373e+04
2.550813749690066470e+04
3.197859945289978350e+04
3.383621348179562483e+04
6.079984682737273397e+04
2.716856301168951177e+04
4.768773349680077081e+04
4.749382983534153027e+04
2.952128658416498729e+04
4.816009332953841658e+04
3.766274658345624630e+04
4.044612833087254694e+04
3.368364541656223446e+04
6.676396873001480708e+04
5.414532713526157022e+04
4.718822497552405548e+04
3.156628815186944485e+04
3.089716889038001318e+04
2.495357949626279151e+04
3.209264339877395105e+04
2.578807687382410950e+04
5.595801523260775139e+04
1.445553246795941595e+04
6.475335055081149039e+04
6.681663879404243198e+04
2.910578770514021016e+04
6.294577988284468302e+04
4.488491319206847402e+04
4.898576373858629086e+04
4.630164696808154258e+04
8.108460537530988222e+04
7.560414349138713442e+04
3.990239727509900695e+04
3.541678578263110103e+04
3.694221631753143447e+04
5.228670579181466019e+04
4.578036239210983331e+04
5.129147570192340208e+04
3.758776018129030126e+04
5.361983163137191877e+04
4.690068090553063666e+04
7.151006277636207233e+04
2.242139469356554036e+04
1.014168781372069134e+04
6.962410460232646437e+04
3.445986774967751262e+04
7.972397774199611740e+04
3.654813653398171300e+04
3.982118872351929895e+04
6.621325053693751397e+04
1.641838154039955043e+04
3.727150956102968485e+04
1.411864798372633595e+04
4.901081042046514085e+03
4.051261250891648524e+04
7.690577437164827643e+03
3.382801820476430294e+04
1.274662664414345272e+04
3.402368057753139874e+04
5.118588502192724263e+03
1.493012384200234374e+04
5.002545457022643677e+04
5.652384420001277613e+04
5.171908022560859536e+04
4.514451620326645207e+04
3.736887084222043632e+04
3.046534375137774259e+04
1.257501228798880038e+04
3.778548504310353019e+04
3.931326202396580629e+04
3.154133398410219161e+04
3.523319151253664313e+04
3.124056676050290844e+04
1.505241181056244204e+04
1.235772413126655920e+04
3.979589175138054998e+04
3.175612470538471098e+04
2.394337390411789966e+04
3.613391981726021186e+04
1.584753578042382287e+04
2.682205075612383735e+04
7.565039521532759863e+03
2.338709189660907577e+04
8.484157673994186553e+03
4.718579080649094976e+04
1.830977950881653305e+04
1.365619867245430578e+04
7.020051595542666291e+03
2.303507428254310071e+04
4.988541937597410652e+03
1.352872692587169149e+04
1.358250634108188206e+04
1.941250907813144295e+04
1.053728510874148924e+04
4.433865191319587757e+04
5.180960163431501860e+04
6.913229688053458631e+03
3.991373926066132844e+04
5.382419715693411126e+04
3.344815001963229588e+04
1.888282560658059811e+04
7.215106587765330914e+04
6.282019299368494831e+04
1.522071651227620896e+04
1.653374120546510312e+04
1.226187367932601592e+04
3.343096494391204760e+04
2.561392243579500064e+04
1.890244647773509860e+04
2.116160805851599071e+04
3.896073468119626341e+04
3.442876831989755738e+04
4.615152396145130479e+04
1.599572740485877330e+04
2.799916021158298099e+04
5.713060504393368319e+04
1.882915210364724044e+04
5.842939095112888026e+04
1.536424649537605546e+04
2.263339586608405079e+04
6.954777757882785227e+04
5.649242667280089518e+04
6.366632697441947676e+04
6.365953838160586020e+04
3.328112583259765233e+04
7.902085834848170634e+04
5.109623494414004381e+04
5.773257645721003064e+04
6.225112658679082233e+04
6.022341926298634644e+04
5.863164034572774835e+04
3.370713643394463725e+04
3.498921222489335923e+04
3.234191272495994781e+04
1.134247339840739296e+05
4.089559439127786027e+04
5.594839572683032748e+04
8.167824706419833819e+04
3.342170730340467708e+04
2.625734224262008502e+04
9.584434222902558395e+04
1.969967626959431072e+04
6.204362793928463361e+04
5.904165011864647386e+04
7.258568750793411164e+04
3.199516375619937025e+04
9.011626449815987144e+04
8.208701351723204425e+04
6.694418672059582605e+04
5.068625947047914815e+04
9.093706249664613279e+04
7.783136317929957295e+04
5.549162395313115849e+04
7.196295594316802453e+04
4.393128291565286781e+04
6.666926725376106333e+04
8.692797931837457872e+04
7.182481324219277303e+04
7.529955240767549549e+04
6.698166726994901546e+04
5.832879098922791309e+04
6.495582760800913820e+04
8.962753059108424350e+04
7.080438618473036331e+04
1.515435142378206729e+04
5.180675856564423157e+04
7.381244784184588934e+04
3.718617334371327161e+04
5.528878698411823279e+04
7.585014985725040606e+04
6.168526164025078469e+04
5.776037405329060857e+04
9.386050397800905921e+04
6.283729937185526796e+04
4.853758889157843078e+04
9.967667405076124123e+04
3.718788159672153415e+04
2.802730199135684234e+04
7.344311492551042465e+04
8.312066756745566090e+04
3.666770775042446621e+04
6.586219184292104910e+04
4.179294491210328852e+04
6.596080679850961315e+04
8.567900738900565193e+04
5.975162698490558250e+04
5.276177610563320923e+04
7.330352728685473267e+04
5.047602043010324996e+04
5.306160172996924666e+04
2.012601679011670785e+04
2.177293779989290852e+04
1.508419316245863774e+04
4.191757100628410262e+04
2.281885615910745764e+04
2.698758381956365702e+04
1.754767055293189333e+04
3.230003152889067860e+04
1.898809245300290058e+04
1.945736600364456535e+04
4.977092750831243029e+04
5.820282155453471933e+04
5.324979277362438734e+04
4.349565698387295561e+04
2.953427137946885341e+04
3.070652322156675655e+04
2.575993889041193324e+04
4.086343687539006351e+04
3.600379239922975830e+04
2.033278857112639525e+04
3.939180668510806572e+04
1.983349633749875284e+04
2.091239688557245972e+04
1.215521371473378895e+04
4.036131493592248444e+04
1.998969576533247528e+04
2.452347345645037785e+04
4.018445033798985241e+04
2.621791912259348828e+04
1.988916796838318260e+04
2.739961350188330834e+04
2.085615959142991414e+04
2.280397571619935843e+04
4.974153962431926630e+04
4.086744096544885542e+04
3.177309578585182317e+04
1.929056570040855149e+04
1.365611992051053130e+04
2.008526978513301219e+04
2.085227845917112427e+04
8.672249081229081639e+03
2.627276064777743886e+04
1.283053687228562558e+04
4.434086496952679590e+04
5.048212123294064077e+04
2.165771196466462061e+04
4.186980754458055162e+04
5.456131862522627489e+04
2.724093149062355224e+04
3.564043744307741872e+04
5.894469246010681672e+04
6.469689279511049244e+04
1.938628412855039642e+04
1.505014334107127434e+04
2.744194324147725638e+04
3.576845334367779287e+04
2.279328400775425325e+04
3.095091750829219382e+04
7.162826252500316514e+03
3.436633869452714862e+04
3.841048668783273752e+04
4.144779711761371436e+04
9.055954995425103334e+03
1.626047047518373438e+04
7.324472484988927317e+04
1.608703825517628684e+04
5.632414231878683495e+04
1.611226213005891259e+04
2.036267422198404529e+04
1.925759883809696476e+04
3.226631576242401934e+04
3.925747237335272075e+04
4.455421687214150006e+04
3.327099461448207148e+04
2.020238888851705997e+04
2.594095801387070242e+04
3.564475196996150771e+04
1.639534256020958856e+04
4.842420781907134369e+04
4.902401849117448728e+04
4.163440258834473207e+04
6.107237412655785738e+04
3.169553541715707615e+04
1.980863117428904297e+04
3.933600670825903944e+04
3.663968741370031057e+04
3.529391999897800270e+04
4.792320343330688775e+04
3.689151393932317296e+04
8.939154869583262553e+03
1.671733973196703664e+04
3.115031914872383641e+04
3.830225777118472615e+04
3.674212651349520456e+04
4.591025751082850911e+04
5.805542574047674862e+04
2.741328541402092378e+04
4.620638030971938861e+04
4.599741529272047046e+04
4.222352164236835233e+04
4.101913206799619365e+04
5.274052193253947189e+04
4.653613682277865155e+04
5.173102318186531193e+04
3.883140065629674064e+04
3.241135589196272122e+04
3.657117303867157898e+04
1.922085800725348963e+04
2.553019733731085216e+04
4.875218584738737991e+04
2.740816897774486642e+04
4.171556437436144915e+04
5.098986431074264692e+04
3.976340745801103185e+04
3.693981493297940324e+04
2.811161946163836910e+04
5.676845027554103581e+04
4.877736879009956465e+04
4.952517210720432195e+04
8.126893933894517249e+04
2.247140117008680681e+04
3.805736579463352973e+04
4.931956303008326358e+04
3.807031728134240257e+04
3.071155861002427628e+04
3.491915798051320598e+04
3.261419711958257540e+04
2.201256567362642090e+04
5.460227172053883987e+04
4.725429131867899559e+04
2.546044415125468367e+04
2.994729119419173003e+04
5.703172936198026582e+04
3.869058479220177105e+04
4.650255889922434289e+04
3.957703304497429781e+04
4.326585021925729961e+04
9.445162858601790504e+03
3.603222821279084019e+04
1.245256550435998361e+04
2.773726933439912682e+04
4.033681373467157300e+03
1.824881653137758985e+04
2.007222981097539014e+04
3.562019918432617033e+03
4.744021253036736744e+04
5.149135994584241416e+04
4.578631288317305734e+04
4.067666784934198222e+04
2.674460175258341405e+04
2.896949719311722583e+04
2.783845104286893911e+04
3.407760702094953740e+04
3.711763013938926451e+04
3.059655120993621676e+04
2.896919308153304883e+04
2.036222310153094440e+04
2.075266047397985858e+03
1.079163474016000146e+04
3.805950447244419775e+04
3.529768426627158624e+04
2.699195597346022987e+04
4.880575445552321617e+04
2.106795911098375291e+04
2.426138100634107468e+04
1.339632932755685761e+04
3.144288353575882502e+04
1.327482965640424300e+04
4.665021951110888767e+04
1.770300976605184405e+04
1.756336494826075432e+04
1.120187903017943063e+04
2.440537972323895156e+04
1.395444052536123127e+04
2.996667730363024930e+03
1.502886439228945346e+04
1.745236412348136582e+04
1.585585057578824853e+04
3.877121377454399044e+04
5.428149494745813718e+04
1.976088748762552495e+04
3.509291839662754501e+04
4.668941754039915395e+04
4.927999116348840471e+04
2.346704629864419258e+04
6.630392461512601585e+04
8.052545055578535539e+04
4.045305322623798020e+03
2.647344930108500557e+04
3.371354384205745737e+04
3.368918646736691153e+04
2.621125876444018650e+04
6.801722611367057652e+03
3.144026188207829546e+04
2.201293318685016857e+04
4.766003332162411243e+04
4.526074144427315332e+04
1.788480481066084030e+04
2.696166385892543985e+04
5.152864865958104929e+04
2.963634358625732057e+04
4.388345580437617900e+04
2.622818544774830661e+04
3.143948388664021695e+04
3.256709861115300737e+04
3.770229987607589464e+03
3.860911022819111531e+04
1.002021631198176874e+04
2.688055004747023850e+04
4.827251454782550354e+03
9.307056031406327747e+03
4.259458844030877663e+04
4.928602163060214662e+04
4.238038473934505600e+04
3.434599355932746403e+04
2.982967916956259069e+04
2.717391686498198760e+04
1.441679379715187861e+04
2.912481983842585032e+04
3.374039782367566659e+04
2.303294875524398230e+04
2.829636215508862369e+04
3.009066104323277978e+04
9.807803336730128649e+03
5.169692399854449832e+03
3.755409919397248450e+04
2.975202069875738016e+04
1.668849590478041500e+04
3.065753075392957180e+04
1.845588435329620552e+04
1.833033789235524819e+04
3.433607851276662586e+03
1.707332554941615308e+04
4.228358844213531484e+03
4.733782470939708583e+04
1.292267873021718151e+04
8.347056000035458055e+03
2.462664230912117091e+03
2.068181220321047294e+04
9.413117571258403586e+02
8.227482569586529280e+03
8.625451047872296840e+03
1.235063727983234457e+04
6.012339243312445433e+03
3.695604747992676857e+04
5.695716088202180981e+04
9.458966666480064305e+03
3.216076864945012130e+04
5.019043365719848225e+04
3.719612682536782813e+04
1.715210688809261774e+04
6.245424532702839497e+04
6.192384872890435508e+04
8.822775495596881228e+03
1.179235432500555180e+04
2.595489841417681600e+04
3.204400409702295292e+04
2.489030298241451965e+04
1.351272761944422564e+04
2.960349987135352785e+04
3.384874431462729990e+04
2.896002191873252013e+04
3.700379007224692759e+04
1.019058585177044733e+04
2.261333612582584828e+04
5.216761016195183765e+04
1.480608216317034021e+04
6.469113344466674607e+04
1.204084885373391080e+04
1.775085521892583347e+04
4.123245185027788830e+04
3.733675418409168196e+04
3.250831836009495964e+04
4.013251028178862907e+04
3.680355133666063921e+04
3.088297674395771901e+04
5.706438216072307114e+03
2.410068675221376907e+03
1.044778878134137631e+04
6.220880480123579036e+04
2.451898655461374437e+04
3.432431149701298273e+04
6.264808001011059969e+04
6.180986833335837218e+03
9.034538521977303390e+03
5.079652471432031598e+04
1.781070823622685566e+04
4.354774845707289933e+04
3.060349848137793379e+04
3.523474568581626954e+04
9.290068905361604266e+03
5.709955045163918840e+04
3.571283319667867909e+04
4.039751417232211679e+04
3.342981056676492153e+04
4.650794554726144270e+04
4.400320549901173217e+04
2.227030857998172723e+04
3.919268419333000929e+04
1.929712180950882248e+04
3.502665655015213997e+04
4.743483889235816605e+04
3.671304617515971040e+04
5.229396484701532609e+04
3.505411415283833776e+04
3.017564377559753120e+04
3.326628365856817254e+04
4.782894279822695535e+04
4.083493582394217083e+04
1.639407402203396487e+04
2.812113468417371769e+04
4.417368607015377347e+04
5.379284430836068168e+03
4.274610088645346696e+04
4.513207065523423807e+04
2.680435133289366422e+04
4.199490591044541361e+04
6.705776425123447552e+04
3.346279375554806757e+04
2.178470903095277390e+04
6.931258542170723376e+04
8.454940823653612824e+03
2.101614984717575135e+04
4.199260860708313703e+04
6.315133005161117035e+04
2.906963334514024609e+04
3.878078882432054525e+04
2.083422164635229637e+04
3.593452307317483064e+04
5.574025134421223629e+04
2.642550819051542567e+04
2.491679778297199664e+04
5.648802100530431198e+04
2.152622381687450252e+04
2.206900578592578677e+04
4.609349319200013997e+04
1.096764017011229771e+04
2.702045402187125728e+04
1.069917290790120751e+04
1.302680973402964082e+04
4.970863180227853445e+04
6.049175402465703519e+04
5.195315425148759823e+04
3.985642704401729134e+04
3.495069371676770243e+04
4.136439625728017563e+04
2.724136457832450833e+04
3.767069981742593518e+04
4.135962796227842045e+04
2.726528786074021264e+04
3.490688555764830380e+04
4.367450820721148921e+04
1.322690367115440313e+04
8.707048048223803562e+03
4.821103020852241025e+04
4.027448667704589752e+04
2.040553326337833278e+04
4.968970245011978841e+04
2.644504990412241023e+04
2.186344754459348769e+04
1.543556060190891458e+03
2.381811743839878909e+04
3.567781352307012185e+03
5.885572154990240961e+04
8.894039715495828204e+03
4.118243331582458268e+03
2.636939288432899957e+03
3.142348783737300619e+04
4.384255369630189307e+03
1.172335000299264902e+04
1.466665224678387676e+04
9.279870143600288429e+03
1.482650495874787703e+04
4.579166739525242883e+04
6.702682395525353786e+04
8.893158546612246937e+03
4.116447815246760001e+04
7.321643059372038988e+04
4.669434077283197257e+04
2.090280776113677712e+04
7.199069977023477259e+04
8.787792548084100417e+04
8.609769735426611078e+03
2.004015010911115314e+04
3.679113717301278666e+04
4.048686930312921322e+04
3.119848389998865241e+04
1.091220327437465676e+04
4.249767555191762222e+04
4.205002034007274779e+04
4.630570994397692994e+04
4.523912217226469511e+04
1.873495745002365220e+04
3.491336127421908168e+04
6.361262833914950897e+04
2.305715317785998195e+04
7.462271033861661272e+04
1.888800393345726843e+04
2.445329271754240472e+04
2.341599900203145444e+04
4.243948862078337697e+04
4.426509378526457294e+04
2.764814122758989106e+04
4.520259018621030555e+04
4.942985841775431618e+04
5.692448947729100473e+04
6.746626474262074044e+04
2.191322657529374555e+04
4.709269394852760888e+04
4.544834170266715228e+04
3.786056056159971195e+04
3.320735682803252712e+04
5.055431036481916090e+04
2.984074929682329457e+04
2.865154229442926589e+04
2.703866474406913039e+04
3.417191754427821434e+04
3.261773683782785884e+04
4.284751933009651839e+04
5.354154448391699407e+04
5.736140078262954921e+04
4.037157287040688971e+04
4.754858611639321316e+04
4.994063858732991503e+04
4.846367088309026440e+04
4.782738462853533565e+04
2.930589015173074949e+04
5.782070371580401843e+04
5.623258718382168445e+04
4.497271408352121944e+04
4.142090107482767780e+04
4.242390237247621553e+04
2.904655987316096071e+04
2.870705876452635857e+04
5.053724324662283470e+04
4.104501132672535459e+04
3.298442076331932913e+04
3.060373759113116466e+04
4.127297153005471773e+04
4.289394158601798699e+04
6.338594115105210949e+04
4.167626550506273634e+04
4.001552698011929169e+04
6.903580781328746525e+04
8.574528155228780815e+04
3.416506194619947928e+04
3.603982739619655331e+04
3.342105010181724356e+04
2.400744018388161203e+04
2.389178583677599090e+04
3.737094247412106051e+04
2.883222982417668391e+04
1.679337205578327848e+04
6.639641233516619832e+04
5.623726526454234408e+04
3.101552356465705816e+04
5.012714327413499996e+04
5.156072792098329228e+04
4.149283521050580748e+04
3.055041749073327810e+04
3.254729158196628850e+04
4.514404589809504250e+04
1.644750885150736940e+04
1.933253385277251073e+04
4.521438768954552870e+03
4.433305312560205493e+04
4.721006014098897140e+04
4.131261220313045487e+04
3.974219352572599746e+04
2.373215701889299817e+04
3.172813361922496915e+04
2.891018950212732307e+04
2.953938508851794904e+04
3.253799152619583765e+04
2.773154768822086044e+04
2.781779166937123227e+04
2.220436600100511714e+04
3.300215637469224021e+03
1.092118894868059942e+04
3.496267488846054766e+04
3.344247263570280484e+04
2.484552826911201191e+04
4.738920255216866644e+04
1.988695079588943918e+04
2.166096252195764464e+04
1.218656553618195539e+04
2.763365328145546300e+04
1.152981231508293422e+04
4.252677169562180643e+04
1.430198086053431689e+04
1.532251872519744211e+04
1.043616984018696712e+04
2.623964670053215377e+04
1.474473921174225688e+04
4.673917108857270250e+03
1.428943781584153476e+04
1.419814699646283407e+04
1.652460546931231875e+04
3.711063868092175107e+04
4.782715066176289838e+04
1.815912219928245031e+04
3.121324038930340976e+04
5.052006866579519556e+04
4.267278900761279510e+04
1.846268253144426126e+04
6.226282310545766813e+04
7.449162799919232202e+04
3.312549523530228726e+03
2.285462899051780551e+04
2.538875427933689207e+04
3.053004216680668833e+04
2.595779215834699789e+04
7.030544918741325091e+03
2.333570529301235365e+04
2.332979787613998633e+04
4.842696592842805694e+04
4.101587982172804186e+04
1.683989290252522915e+04
2.975328034721320000e+04
5.414643472638009553e+04
2.743727140863021486e+04
4.036740107859173440e+04
2.250944036773453990e+04
2.817089550751177012e+04
3.916558180055235425e+04
1.807059573569345230e+04
4.660989277235820191e+04
5.416435137845169811e+04
4.887477371479023714e+04
4.877698488123357674e+04
2.829400404767479995e+04
3.504753004174600210e+04
5.299239529711732757e+04
3.863179751145863702e+04
3.336909265392563248e+04
3.126344892922940562e+04
3.283538353649100463e+04
2.777730014807410771e+04
1.660219859687468124e+04
2.400739908426294642e+04
4.841316800645176409e+04
4.245981958974641748e+04
3.932113364452411770e+04
7.451128431020953576e+04
3.630055477195803542e+04
3.308171551991871092e+04
2.977761582317450666e+04
4.435178932019809872e+04
2.591754562918882220e+04
5.750094509404154087e+04
2.630098485321434418e+04
2.908862857851093577e+04
2.533921369831732591e+04
4.791803814532355318e+04
3.075769019932052106e+04
1.820130813789552121e+04
2.909668125740726464e+04
2.679003297371375447e+04
3.543122790160410659e+04
3.967449253624941048e+04
5.718070943176859873e+04
3.110276987785875826e+04
4.278444954771969060e+04
6.266036684735518065e+04
6.162323622582479584e+04
3.373383365221542772e+04
4.221598128198407358e+04
1.156581507743727998e+05
1.404560376224173888e+04
3.950086343244685122e+04
6.119801033653064951e+04
4.347179316980946896e+04
3.723752089532632090e+04
1.801384802680637586e+04
4.998646708444767137e+04
3.140153262024434662e+04
7.117920867621377693e+04
5.034594098281445622e+04
3.105965417193775647e+04
4.428186482901732961e+04
6.445395750204649084e+04
3.808940359446743969e+04
6.318373262712021096e+04
3.919796127489425999e+04
4.487227643095090752e+04
1.912848428362409322e+04
4.672830410486024630e+04
5.068079829901552876e+04
4.632620435641884251e+04
4.570252724858436704e+04
4.220315647559849458e+04
2.856337003790376548e+04
1.520440781340836111e+04
3.442545236487082002e+04
3.554402791820855782e+04
3.476732102986233804e+04
3.351865547765527299e+04
3.143462554856503266e+04
1.923516479158691436e+04
1.597575015782513947e+04
3.540098090005028644e+04
3.413566165636369260e+04
2.629187111647082202e+04
2.781112315130753632e+04
1.227150179746456342e+04
3.010610719076461464e+04
1.031019426827713687e+04
1.982607367179556604e+04
8.390233920105412835e+03
4.844657848649948573e+04
2.009032420987992737e+04
1.714591834736759120e+04
7.830053519405399129e+03
2.517798988798012579e+04
5.335314917775677714e+03
1.449981283928850462e+04
1.603924564445780743e+04
2.567538278291016832e+04
9.942661961859019357e+03
4.010833830359805143e+04
5.645645709633089427e+04
1.150474318817877429e+04
3.535982637813947804e+04
4.661124720024211274e+04
3.415014280033862451e+04
2.218650513440637587e+04
6.907200339269044343e+04
5.817314219221162784e+04
1.827054495761358339e+04
1.279934669497622599e+04
2.230379897097931098e+04
3.303535047363958438e+04
2.721592313286042190e+04
2.628629263655221439e+04
3.024687019624187451e+04
4.269786567888192076e+04
2.636305522027115148e+04
4.356429203620920453e+04
1.696205084492064998e+04
2.651759206728932986e+04
5.630723143372566119e+04
1.632176648868404118e+04
7.153046997493041272e+04
1.423408609809085829e+04
1.996125863625458805e+04
4.214566574569133809e+04
4.381556292672319250e+04
3.916541936806681042e+04
3.626766768458969455e+04
2.186697949948363384e+04
2.898739684777770890e+04
2.786639105015696259e+04
2.991872422897676734e+04
3.364138049453386338e+04
2.792808866350691824e+04
2.616441562722585513e+04
1.901089337872307806e+04
1.617655972249162005e+03
1.171388879990127498e+04
3.361372020155239443e+04
3.225891173071237426e+04
2.257404962145489844e+04
5.043588695257268409e+04
1.840313592747183066e+04
2.187082027398558421e+04
1.324294605969598342e+04
2.797917200743162903e+04
1.239705425850808933e+04
4.635988760204352002e+04
1.601795557665891829e+04
1.655484914232168012e+04
1.038655263606831613e+04
2.427275089395781106e+04
1.312176335879394537e+04
2.545313903787414347e+03
1.403963935969807608e+04
1.691283519329541741e+04
1.490350838938171546e+04
3.345503503087532590e+04
5.428450809500945616e+04
1.944248376543547056e+04
3.032444168000595528e+04
4.447877490701689385e+04
4.809689712472844985e+04
2.220155869908418026e+04
6.197157644716512004e+04
8.312647676893047174e+04
3.221934195293986249e+03
2.292383699553631595e+04
3.594959809550122009e+04
3.190932758710413327e+04
2.494947467600576783e+04
7.645692345294119150e+03
3.378807202328139101e+04
2.072336282093115733e+04
4.777501556828378671e+04
4.083297322151714616e+04
1.762781937551921874e+04
2.564177827534309108e+04
5.079890945354042924e+04
2.657800381726269188e+04
4.495816485885990551e+04
2.377640589779368747e+04
2.957692561735798154e+04
5.868004221215689540e+03
1.186708146455952556e+04
8.021359864640310116e+04
3.442974712725053541e+04
4.439517757169791730e+04
7.479007924466943950e+04
7.152402642254030980e+03
1.155322185797204656e+04
6.195274161864641792e+04
1.882636386509927252e+04
5.320237074521189061e+04
4.205022545625084604e+04
4.462695811451914778e+04
1.643298851484711486e+04
7.024910094110542559e+04
4.389454213077655004e+04
5.226601827962960670e+04
4.400167074642139050e+04
5.594658166205452289e+04
5.407440792884402617e+04
2.746316016316703099e+04
4.828984873094888462e+04
2.449922044499294861e+04
4.611309528592129209e+04
5.706786355105159600e+04
4.554790138369626220e+04
5.888067218292348844e+04
4.444354431703551381e+04
4.278528415443305130e+04
4.165035594490126095e+04
5.775087825011959649e+04
5.108925674815918319e+04
1.682944359941362563e+04
3.473471100276090147e+04
5.357910466649533191e+04
9.234373634668010709e+03
5.106120192844518169e+04
5.507567947828743490e+04
3.822211488266125525e+04
4.175430896561888949e+04
8.037302591070892231e+04
4.348593219648108061e+04
2.901791913720986850e+04
8.152446673606451077e+04
1.589847153498388980e+04
2.832421362387488625e+04
5.400433026603932376e+04
7.224772057217764086e+04
3.326127391719137086e+04
4.668021468934181758e+04
2.169395148581296962e+04
4.401894255529338261e+04
6.753576742869058216e+04
3.436805635360176530e+04
3.278034885314645362e+04
6.188510442608195444e+04
2.980740137782108286e+04
3.138416618757479227e+04
1.063959237978753117e+04
9.485963847864500713e+04
3.391527106524279225e+04
4.274187906961230328e+04
7.930684602998300397e+04
7.753242294263422991e+03
1.068856383823438591e+04
7.689101799599116202e+04
1.988113625449144820e+04
5.164121174655592040e+04
4.478093627398059471e+04
5.382730593113171926e+04
1.232000199467788116e+04
7.646269953877384251e+04
6.022772697324438923e+04
4.797384200644654629e+04
4.295211989517426991e+04
7.094244979279296240e+04
6.180781788202309690e+04
2.996741324254921346e+04
5.686607039182745211e+04
2.347596368248625367e+04
5.094093533852952532e+04
6.740635871533666796e+04
5.500621823762496206e+04
5.983554627588021685e+04
5.088529860089621070e+04
4.299289069814939285e+04
4.797171061950395961e+04
6.811100732014491223e+04
5.287521717121097026e+04
1.807069611682445975e+04
3.276915292537304049e+04
6.218143820617209713e+04
5.775619248941713522e+03
4.610050418886043917e+04
5.764286014981354674e+04
4.015798680730214983e+04
4.183586023483952158e+04
6.854676754502866243e+04
4.983703507585843909e+04
3.225597455298470959e+04
9.138362733510855469e+04
1.261271890579281353e+04
2.659429827871260932e+04
5.886259115232261684e+04
8.067337142223326373e+04
3.273704058374046872e+04
4.083297815241811622e+04
2.469751464452107030e+04
4.822528271330134885e+04
6.777737616081837041e+04
3.086369486871534536e+04
3.451512122429687588e+04
6.616778259894959047e+04
3.186405830883079034e+04
3.196532881130660098e+04
8.247989253471807751e+04
3.503305295583478437e+04
3.864799911677052296e+04
7.634783532316239143e+04
9.220416369530932570e+03
1.903146997762378305e+04
6.213685222711273673e+04
2.166262084620204769e+04
4.788547431703903567e+04
3.941336262643053487e+04
4.602412196328217397e+04
1.981306874431982942e+04
6.818193095420202008e+04
4.562157496083842125e+04
4.676918159659376397e+04
4.348914026574631862e+04
5.703950238734476443e+04
5.629215755478778738e+04
3.172589502681288286e+04
4.920541429134362988e+04
3.486459195902569627e+04
4.731323893655257416e+04
5.943938445934261836e+04
4.673776583795969054e+04
5.449340047819304891e+04
4.542679618555472553e+04
3.964603599962939916e+04
4.247533122923370684e+04
5.845772622455414239e+04
4.788102982193559728e+04
2.279849678556727304e+04
4.132194075852620153e+04
5.535743734746242990e+04
8.081312152045606126e+03
4.098067308172007324e+04
6.312985770494949975e+04
3.801168597131663410e+04
3.329563165298504464e+04
6.578395300659076020e+04
4.235734008998642094e+04
3.312031737607405375e+04
9.127644670561846578e+04
2.129604250267262614e+04
2.816497134670060041e+04
5.690631902813000488e+04
8.019401096743119706e+04
2.635696120973219877e+04
4.390663231174440443e+04
2.859491936673085729e+04
4.394782269445983547e+04
6.313645029436841287e+04
2.287192191574151002e+04
3.494389826058153994e+04
6.368671881971661787e+04
3.351752399136603344e+04
3.398445963960958761e+04
5.700953525173749222e+04
6.560716524813495926e+04
6.079350893067169818e+04
6.347081201784186123e+04
7.123875621050297923e+04
2.270548094547849905e+04
5.840092808174107631e+04
6.070235369197351247e+04
3.839239977079054370e+04
2.623055797445074495e+04
7.809586490937836061e+04
4.164566376948574907e+04
1.914028821898301612e+04
8.665962433270910697e+04
6.027998771865039453e+04
2.366013784136560207e+04
4.239940908837979805e+04
5.482302616074734397e+04
3.977175665196970658e+04
8.875859689282692852e+04
5.228259826881514891e+04
4.596910822381593607e+04
3.641723750423517777e+04
6.029920001030452840e+04
3.832027594567497727e+04
3.821299352520198590e+04
3.036030536563444548e+04
4.680578643494335120e+04
3.576701178121505654e+04
7.055948954239131126e+04
9.357160354735964211e+04
4.178896746213984443e+04
6.843329433444279130e+04
1.053504038585609233e+05
6.603863059463762329e+04
5.454649625067151646e+04
9.009662039156639366e+04
1.261116883942430723e+05
3.717292894102051650e+04
4.779302354528533760e+04
6.783671976594252919e+04
6.820967291163312620e+04
5.550685787621171767e+04
4.863399443509859702e+04
6.395947388814250735e+04
6.716509768266502942e+04
8.635340816151649051e+04
7.286441245925978001e+04
3.630788830650759337e+04
3.195582992371510773e+04
8.122715645619566203e+04
5.078385501863928221e+04
8.094134262870643579e+04
4.615674860187520244e+04
5.176800252368307702e+04
5.108383647845419182e+04
6.422301831189925724e+04
2.580739109461123735e+04
2.114183829948747734e+04
4.009390810808617243e+04
2.003098786872380151e+04
3.258259285592458764e+04
2.298528628149836732e+04
2.451366005112207131e+04
2.617391264978470645e+04
4.811869369716568326e+04
4.251246868060013367e+04
6.294841817335151427e+04
4.426438083157701476e+04
3.644776443993320572e+04
4.041199622935278603e+04
3.664066933183908986e+04
3.313002610716416530e+04
3.485870689744402625e+04
4.382337801960956131e+04
4.172156600635901123e+04
3.202917669251920961e+04
3.963375039500253479e+04
3.659027425587287144e+04
2.391010436035804014e+04
2.261110875446934733e+04
3.409887026615440845e+04
3.746965267313438380e+04
2.446116285230053836e+04
4.294557727004951448e+04
4.184394782275211764e+04
2.599094638785297502e+04
7.345550701818444941e+04
5.342712673027773417e+04
3.972030138344017178e+04
5.762133186481202574e+04
9.577674440198428056e+04
2.374885257084919067e+04
3.079406263683652287e+04
6.508766489042257308e+04
2.288059000816450862e+04
2.328067475858713442e+04
3.013270320235901454e+04
4.976731657778818044e+04
1.791066147963944240e+04
6.124085710076297983e+04
4.501671218768004474e+04
2.520114722608149896e+04
4.814146878879726864e+04
5.263068829777901556e+04
3.381411118071520468e+04
4.959595244709267718e+04
2.889154860777893555e+04
3.375229706610263383e+04
3.615367049443010183e+04
3.186971949981406942e+04
3.346743947444482183e+04
5.211506812339169846e+04
3.897948980885941273e+04
1.655774168139525864e+04
2.707203133038622764e+04
4.038816719976625609e+04
3.375530930690961395e+04
4.001748294262877607e+04
4.675803482843861275e+04
4.528149294231426029e+04
1.697594796473600218e+04
5.517735818121497869e+04
4.264991073840880563e+04
3.571116021753485256e+04
3.892677572922038235e+04
4.226836290154233575e+04
3.820398872538315482e+04
5.203618367853821837e+04
3.563170724644920847e+04
4.079412121884063527e+04
2.875820798236232440e+04
2.397601359625236364e+04
3.387686011354667426e+04
6.140761631602775742e+04
2.376742978001757001e+04
4.072318691044086154e+04
4.109917703496440663e+04
3.413634302002836921e+04
3.391076627391064540e+04
9.418047411314422789e+03
4.623773742250473151e+04
3.773680664891154447e+04
4.398329030701919692e+04
6.605333616809995146e+04
3.534477769457332761e+04
3.160409866642334237e+04
4.335428075065778830e+04
3.242952644484696066e+04
3.543316232313306682e+04
4.552390821882200544e+04
3.959244637917818909e+04
4.224425903607090004e+04
4.376741215251976973e+04
4.472094558440684341e+04
3.330524625708778331e+04
3.401503753655187757e+04
4.542556227513373597e+04
3.026540260942179520e+04
6.827622437819550396e+04
3.123160511002254498e+04
3.634329261284068343e+04
5.783392896437802119e+04
6.477745746564811270e+04
5.152585705292480270e+04
5.555618644983747072e+04
3.408106873908035050e+04
2.757260891692221776e+04
2.480314922599729107e+04
5.767410022439855675e+04
4.321581815567307058e+04
4.103882389240128396e+04
4.397773832785395643e+04
2.537060624019851457e+04
4.613455544267581718e+04
2.441964311678575905e+04
4.033678231561442226e+04
2.356378786398766897e+04
5.565534009926787985e+04
3.909531733883211564e+04
3.395195230739466206e+04
2.088231665523190168e+04
2.936003782053592295e+04
1.538588744086180486e+04
2.299636369353411283e+04
2.245898045999669193e+04
4.358395890592137584e+04
7.446075641167662980e+03
6.831092941095145943e+04
6.354621275570699072e+04
1.590301265137108931e+04
6.321761219977418659e+04
6.338655650903497008e+04
4.571093485602531291e+04
1.817084838305789162e+04
1.029845982748180104e+05
7.278911341359175276e+04
3.169673057001008056e+04
3.180251948600875039e+04
1.930611068324782536e+04
4.024382257044205471e+04
3.949618819965462171e+04
3.800991920406021381e+04
3.476027054444434179e+04
5.167089635957063001e+04
4.230403513907271554e+04
7.331441018828378583e+04
2.176301856400235556e+04
3.263727308245650056e+04
6.028090084597529494e+04
3.788276396714671864e+04
7.009877941176193417e+04
2.822175430749131556e+04
4.273230151375415880e+04
1.066081219804762441e+04
5.172990110461339646e+04
1.819919674429830775e+04
4.224112034122407931e+04
2.843314458673140689e+04
3.273761550505561536e+04
1.126511247906233621e+04
5.919957450165351474e+04
3.357760734801679791e+04
3.992564946221733408e+04
3.082141685862158192e+04
4.394193094558784651e+04
4.066069642066519009e+04
2.196844735933672564e+04
3.550451647862343816e+04
1.976631323579897435e+04
3.117163934882594549e+04
4.319137626404163893e+04
3.310171300085059192e+04
4.873844188308497542e+04
3.284223979162824980e+04
2.796817101959899810e+04
3.004933062064924889e+04
4.398986110656679375e+04
3.869719643583294965e+04
2.019881384562186577e+04
3.051883317180690938e+04
4.066749653127510101e+04
4.250751926799618559e+03
4.183022643965815951e+04
4.736078748589359748e+04
2.522306454257652513e+04
3.896447894573349186e+04
7.028874379212396161e+04
2.992631021222653726e+04
2.082716930692231836e+04
6.634327597011196485e+04
1.042327224732866489e+04
2.354706421506818879e+04
3.886104427626166580e+04
6.160708429214532225e+04
2.669065152600286092e+04
3.803615452931250184e+04
2.534408102890860755e+04
3.446169999595081026e+04
5.712162700523212698e+04
2.580726102651062320e+04
2.503914948734043719e+04
5.831353071876813192e+04
1.991133023215838330e+04
2.307477055160926466e+04
5.181501354063385224e+04
1.647039724234219830e+04
3.946009454297648335e+04
3.327542450766904949e+04
3.682783078601952730e+04
9.949153254448845473e+03
5.170163530432301195e+04
4.552076998170580919e+04
4.353304288704998180e+04
3.332623776111773623e+04
4.978765558234949276e+04
4.382592759347993706e+04
2.224145162553658884e+04
3.902390071107222320e+04
1.768147505794033350e+04
3.847054470646470145e+04
4.760789893197677156e+04
3.712945233344032022e+04
4.632179802493690659e+04
3.614681803705447237e+04
3.300391401828912058e+04
3.337307436604612303e+04
4.817416692572692409e+04
4.126512923993027653e+04
1.580642467415271858e+04
2.144700974366179798e+04
4.121075528974404733e+04
1.055401613928167717e+04
4.329617547119182564e+04
3.633477467215187789e+04
3.073027104266811148e+04
3.392687990955048008e+04
7.208649604596818972e+04
3.425709792451787507e+04
2.196027108202841555e+04
6.788651308752395562e+04
8.083081300242412908e+03
1.813157859147555064e+04
4.182337046638836182e+04
5.571165907647086715e+04
2.823274612906372931e+04
4.021553731014207006e+04
2.752049132530928182e+04
3.438033180166943930e+04
5.516263923454278847e+04
3.795877990804554429e+04
2.018610623223706716e+04
6.373453800619783578e+04
2.076240508758764554e+04
2.127104786482304917e+04
4.466504869878501631e+04
4.647644617029617802e+04
2.923986379333086370e+04
1.478875550550403932e+04
6.011164192849372921e+04
2.508824612921546213e+04
1.627994690176055337e+04
6.534337700294342358e+04
5.049116819642698101e+04
2.402552277162539212e+03
3.220838624437977342e+04
3.632465450279889774e+04
2.734740553424162499e+04
7.411968076807764010e+04
4.374534670059361815e+04
3.568482823589637701e+04
2.523919191945734201e+04
3.760636366389789328e+04
2.962404795362554432e+04
2.909705479000109699e+04
1.721717722119332029e+04
2.991192716375376403e+04
2.831111092893346358e+04
5.670376438419249462e+04
7.462086388425350015e+04
2.983899225166567339e+04
5.237716094217165664e+04
9.835427027918993554e+04
5.014068513597859419e+04
4.390731067685943708e+04
6.254183465491111565e+04
1.044467966763760342e+05
2.404501484695792169e+04
3.031965522058678471e+04
5.629527888671054825e+04
5.451713996150912135e+04
3.483260362092820287e+04
3.571115920940520300e+04
3.936771769187127938e+04
4.898556562455064704e+04
6.756321634989045560e+04
5.324568075902084820e+04
2.229881053368167341e+04
3.083272586818899072e+04
7.991825219126223237e+04
3.234642247858232076e+04
7.621388220189676213e+04
3.033106599272353924e+04
3.439234102556222206e+04
4.331389077889265172e+04
2.673322193243083893e+04
2.934422637407786897e+04
2.329614660309373721e+04
5.493095428007662122e+04
3.675933914635762630e+04
5.429134565242750978e+04
3.677378216370975133e+04
3.950984251723888883e+04
3.984590329060096701e+04
3.274642089466555626e+04
3.466252490977648267e+04
3.240688792580209702e+04
3.642067403587412264e+04
4.353371011727048608e+04
3.217995553584389563e+04
4.813741746329054149e+04
3.126617088071392209e+04
2.790370009669198771e+04
2.880706586147660710e+04
4.321378674108135601e+04
3.616333317741240171e+04
5.183412204672359621e+03
3.987647906424345274e+04
3.876352248404386773e+04
1.723983242720121780e+04
4.845175934870161291e+04
5.475636574529908830e+04
3.542564281583044794e+04
3.912247163055930287e+04
8.641802407398060313e+04
2.768861025555460947e+04
2.792730541616764094e+04
6.379345941247312294e+04
2.219809294758765463e+04
2.219155458939756500e+04
3.598053017935503158e+04
5.957763830020338355e+04
1.948424744357279633e+04
5.059819791465660091e+04
3.278427044659381500e+04
3.323914879563697468e+04
5.228670429652184248e+04
3.684416770602583711e+04
3.232054046662348992e+04
4.500422164483595407e+04
2.645408693777371809e+04
3.166709985256358777e+04
1.856223565672809855e+04
2.994917088263167534e+04
3.743128490770603821e+04
3.328913576559400099e+04
4.733299848220850981e+04
4.991919031270025880e+04
2.352203934349070187e+04
4.739658177252305177e+04
4.287758836975845043e+04
4.013263612347433082e+04
3.995910267569809366e+04
4.625043401577048644e+04
4.705967662970267702e+04
5.277108595724069164e+04
3.799203925974213780e+04
2.733486062343191588e+04
3.249297805448385043e+04
1.897193558716517146e+04
2.121001702446790296e+04
5.033342087730143976e+04
2.453110005311027999e+04
4.707294769893556077e+04
4.347323784315033845e+04
3.473796405729388789e+04
4.224690345254739805e+04
3.432697830475357478e+04
4.987508521723926242e+04
4.226890861935858265e+04
5.439481683283833263e+04
7.297385788614890771e+04
2.675502773106313180e+04
3.427519098860718805e+04
4.182506736902822740e+04
3.642420480726368260e+04
3.262443113409463695e+04
3.515814241693189979e+04
2.929026922186338925e+04
2.662536577061306161e+04
4.739629461701511900e+04
5.329327081944468955e+04
2.050005663615111553e+04
2.429157362107677909e+04
5.786799962509774195e+04
3.559576190153144853e+04
5.191606444433341676e+04
3.553354452277802920e+04
4.048131479998955183e+04
1.074865005558825760e+04
3.460486247726235888e+04
3.460878174512465921e+04
2.532041328109869210e+04
5.015520515168076236e+04
1.968397290106214496e+04
2.437038395702887647e+04
1.326307202637965747e+04
2.966655614504119148e+04
1.363955473199352491e+04
4.536525149596005940e+04
1.611049938209909487e+04
1.833700797053188580e+04
1.200374250075499003e+04
2.605746379535240703e+04
1.295469965439312546e+04
1.980288571516883167e+03
1.486458335095355869e+04
1.794087460118383751e+04
1.553692571600108204e+04
3.447588036683564860e+04
5.545879617840386345e+04
1.996813213312082735e+04
2.990383603700744425e+04
4.396443812186520518e+04
5.108505991288606310e+04
2.164515256010189478e+04
6.164412891080346890e+04
8.423461102850177849e+04
3.123006505566875603e+03
2.550959003328807739e+04
3.560305643617924943e+04
3.120908921837624075e+04
2.488671485932455471e+04
7.898883566989038627e+03
3.535428000065146625e+04
2.002562674077333213e+04
4.737015817180700105e+04
4.116291173792584596e+04
1.712845747887840480e+04
2.663814447838520573e+04
4.918737309835082851e+04
2.811295357337420137e+04
4.580031727041614067e+04
2.501266509815729660e+04
3.045804420100143034e+04
4.369228354924672021e+04
2.847576349601273614e+04
1.354103401169081189e+04
4.241245070397220843e+04
3.119658630026230821e+04
9.786298249599785777e+03
1.079158927686603602e+04
1.860594365270575145e+04
9.451318030969541724e+03
5.451058378070512845e+04
2.310296960183542615e+04
1.402859236807783964e+04
7.593925520728278570e+03
1.940794794668501709e+04
9.740027747612288294e+03
1.090706366360454376e+04
1.942424646974212010e+03
7.944379654742240746e+03
1.180301995246375736e+04
3.935988980236562929e+04
6.201004608224559342e+04
1.651475641732102667e+04
3.542044782077616401e+04
7.466264756851849961e+04
3.999192239796154172e+04
2.593840295877463359e+04
6.428320389273148612e+04
7.713011293484752241e+04
7.447624400087537651e+03
1.305487724022838120e+04
3.308843715503552812e+04
3.793749188058054278e+04
2.213822980935950181e+04
1.531974501803679232e+04
2.593179823963557646e+04
3.075294689784269212e+04
3.900498717061523348e+04
3.589653509135275817e+04
4.409428980414973921e+03
2.445592147471390126e+04
6.008046466400608915e+04
1.842727208033400530e+04
6.054144086390241137e+04
1.390153584400613909e+04
1.940476009096607231e+04
5.911077876980289875e+04
5.029095048794377362e+04
3.189315602402068907e+04
2.382772992486222211e+04
5.590298487325616588e+04
4.768846065118125989e+04
2.296167528566790861e+04
4.338760230007479549e+04
1.558689533038471927e+04
3.924860912023606215e+04
5.400283786666798551e+04
4.214939691856221179e+04
5.029587534390676592e+04
3.950961137501471239e+04
3.186407060491448647e+04
3.991062903824375826e+04
5.668774835808320495e+04
4.394806582574949425e+04
2.463535414490511903e+04
1.773954362464794394e+04
4.659544848213575460e+04
9.738886155249207150e+03
4.076970341711385845e+04
3.743548787552436261e+04
2.854405542156969750e+04
5.604853824615800113e+04
5.870890952962057781e+04
3.812392861161947803e+04
1.915565297710734740e+04
5.895629188528485975e+04
5.910664409059801073e+03
1.676177425763277643e+04
4.350794157723403623e+04
5.207840792354890436e+04
3.401833193321025465e+04
3.446273888440550218e+04
2.937969891524621562e+04
4.093996533521458332e+04
5.836660743567741883e+04
4.012271848216027138e+04
2.287492671140254242e+04
6.130642135716896155e+04
2.025665985815742533e+04
2.182108675991808195e+04
3.674067743688596966e+04
5.645622984959041059e+04
3.914822930857170286e+04
2.725655160795626580e+04
4.228776621505049843e+04
4.193992196980777226e+04
3.875391103884688346e+04
6.631385237222268188e+04
5.452619500924317254e+04
4.819261339174195746e+04
3.634431737714713381e+04
2.877771682838363995e+04
3.509620018523650651e+04
3.439854927538368065e+04
2.659980486070320330e+04
4.630902663892032433e+04
2.891584415982006249e+04
6.076200346535460267e+04
6.140090655075493851e+04
2.959135123838231084e+04
5.928747079903720442e+04
6.817972712206574215e+04
3.988524273394064221e+04
4.983277627262503665e+04
6.741977604145173973e+04
7.019958601691390504e+04
3.749891468031823752e+04
3.491041810409900063e+04
3.502285196960066969e+04
5.370076563280262781e+04
4.097683295776029991e+04
4.618483579661461408e+04
2.415638794132618932e+04
4.845917744254395802e+04
5.628875546005803335e+04
6.402564174962030665e+04
2.387528256998103097e+04
2.331584044032700331e+04
8.165093902958648687e+04
3.108665734519998659e+04
6.444963839594624005e+04
3.515188016143321875e+04
4.008950193200078502e+04
4.668323443829650205e+04
4.222138694873870554e+04
1.414755205107639449e+04
2.550221398296093321e+04
2.340093011458161709e+04
2.135207716525411888e+04
6.189241337410395499e+04
3.392921279860882350e+04
2.811036660561034660e+04
1.739328075989528588e+04
3.126235019010608448e+04
2.038873988804173860e+04
2.462512742800304841e+04
1.684799772696198852e+04
2.753021259279719379e+04
2.239130038702183811e+04
4.690705073845214793e+04
6.704067259724794712e+04
2.499596779293489453e+04
3.876934125608596514e+04
7.400695919755079376e+04
4.463463093826003023e+04
3.141176138175721280e+04
6.876831184150681656e+04
7.297757376530078182e+04
2.066198339311629752e+04
2.039371644349661074e+04
5.457454209820325195e+04
4.477561112389827758e+04
2.904741622091909812e+04
3.351414314866329369e+04
4.259572015674247814e+04
4.728506460186549521e+04
4.727362173693891236e+04
3.434252271189586463e+04
2.491828416572387869e+04
3.380334880388052989e+04
6.334331609186030983e+04
2.544622227723048854e+04
7.283248107847003848e+04
2.145295856463241944e+04
2.521928465667022829e+04
4.204032530584296182e+04
6.040955324770636798e+04
4.799340581902601116e+04
8.809734324116634525e+03
4.279484004615478625e+04
4.852036410558378702e+04
6.051243143798004166e+04
5.825071939852093783e+04
4.095619507555808377e+04
3.925187521115526761e+04
3.406653590488500049e+04
4.290974114776321949e+04
3.289471724227341474e+04
6.214161165620734391e+04
3.353042210850417905e+04
5.300626486423316965e+04
6.121792606323347718e+04
4.447995697807818215e+04
3.697474689749782556e+04
6.283468552614558575e+04
3.353606854635944910e+04
3.832932619476976106e+04
7.398725021857755200e+04
2.173393153483812057e+04
5.392652043144615891e+04
1.017554851095550839e+04
5.722343037728628406e+04
3.767715969546313863e+04
3.393163521839109308e+04
5.951531669394478376e+04
4.815178536157602502e+04
6.313496716079908219e+04
5.036846937861478182e+03
4.438843217023296165e+04
3.302302247422175424e+04
4.837898036888135539e+04
6.465009786566607363e+04
1.001701891691994024e+04
9.550108892341250612e+04
8.138989506827660080e+03
9.020296448851735477e+03
4.583764661715229158e+04
2.537575614015828614e+04
3.242480912199529848e+04
2.321624012910218516e+04
3.666967089796716755e+04
2.440669312917352727e+04
3.272586010521302524e+04
2.212579539854585164e+04
3.493739660348533653e+04
1.835637193311534429e+04
1.557424639150939038e+04
2.875053464939380501e+04
4.331400023615318059e+04
2.110192766019465489e+04
3.978330892079004843e+04
4.177371919831142441e+04
2.207993680021281034e+04
3.372532099973924051e+04
2.108915971454105602e+04
3.828743175534035254e+04
2.317042903465536801e+04
6.409340235848594602e+04
6.472688373681358644e+04
2.287283448470653821e+04
2.261457233459496638e+04
2.991124446949140838e+04
2.529760510616212923e+04
2.880016005496125217e+04
2.810329109061237978e+04
3.405156912887976068e+04
4.059180161316868907e+04
4.108674423505429877e+04
5.017986106306684087e+04
2.944358046691277559e+04
3.715953235963894986e+04
4.393383534921542741e+04
2.612850033576132410e+04
6.569379645497139427e+04
2.398716134870677342e+04
3.255790894444142759e+04
2.622501849501331162e+04
2.916928617902239785e+04
2.155942928460595067e+04
6.884420995203623897e+04
3.619783585275516089e+04
2.769340666915555630e+04
1.953597902836400681e+04
3.149133330544937053e+04
2.428824845477002964e+04
2.345123852909112611e+04
1.247633913659442078e+04
2.217192193193874846e+04
2.294985638251937416e+04
5.211688537624315359e+04
7.241815491471452697e+04
2.820212958839469502e+04
4.625976144091720926e+04
9.276300829955918016e+04
4.787710453145919018e+04
3.841453963427893177e+04
6.315624102626551758e+04
9.916194323093349522e+04
1.851155318762923707e+04
2.500618701008841163e+04
5.258771314893374802e+04
5.053663726239467360e+04
3.126028912927667989e+04
2.905763441786937983e+04
3.838154916991032223e+04
4.355428711081148504e+04
6.064839918691324419e+04
4.488988264176710800e+04
1.976025708396191112e+04
3.204517672419754672e+04
7.532005427066201810e+04
3.116507836732179931e+04
7.278112011648148473e+04
2.635728560225346519e+04
3.060139901317566182e+04
2.705723542779529816e+04
3.069303034527355067e+03
5.828337641022472235e+04
9.197774309690270456e+03
3.749843596819683171e+03
1.974935439023191520e+03
3.243005859077701462e+04
3.825199940784141290e+03
1.147581365834571989e+04
1.885535309503079770e+04
1.098354671649746524e+04
1.577157906473593539e+04
4.844446245592622290e+04
6.932072302986815339e+04
9.365902050607779529e+03
4.413682827968009224e+04
7.104304600100714015e+04
4.671505443829562137e+04
2.279917171146977125e+04
7.834748580975696677e+04
8.441615790805929282e+04
9.697662043327440188e+03
2.080935092236600030e+04
3.707601636102491466e+04
4.121181516478024423e+04
3.317431893452999066e+04
1.227820553431574444e+04
4.295295342178610008e+04
4.658821977231383789e+04
4.547616455722599494e+04
5.021856245899533678e+04
2.274553977114017107e+04
3.683643109247240500e+04
6.382295023339590989e+04
2.414689907575457619e+04
8.062832721729333571e+04
2.153909744039192447e+04
2.710409863075255271e+04
2.210710186987705674e+04
3.588827445692590118e+04
3.407448812503337831e+04
3.038425148355757847e+04
1.964558590216574521e+04
2.886091980021668860e+04
1.905927257155927509e+04
2.666045675815540744e+04
1.552465615860516118e+04
3.066335295927202969e+04
2.117822446158251478e+04
3.399213140335568460e+04
4.525813490069370891e+04
2.770533293949210201e+04
2.044475870565291552e+04
5.498694274941038748e+04
2.705113690171188864e+04
2.310551576843608927e+04
5.877057144582275942e+04
3.068785283915532636e+04
2.517074723819909559e+04
3.785654119435949724e+03
5.510843465306888538e+04
2.154627822833502432e+04
2.298448594987221077e+04
3.719015223819493258e+04
4.195243873501658527e+04
4.440621010921185371e+04
7.991116868687834540e+03
2.662831641162750020e+04
1.780882109037449845e+04
3.374897510747548949e+04
5.358562706323355087e+04
5.281814159007200033e+03
7.807630378246659529e+04
2.763816910264314174e+03
3.164827014912415507e+03
5.529095320738650480e+04
7.511279212568737421e+03
2.722011869496913732e+03
1.025315022659491206e+03
2.941763889679453132e+04
5.020361923672890953e+03
1.199673388267207702e+04
1.388380906140241859e+04
7.884721532283547276e+03
1.306022729859302308e+04
4.365319547233288176e+04
6.682000002516421955e+04
1.141985677365172887e+04
3.870915306214723387e+04
6.845551008315016225e+04
4.472322775121053564e+04
1.983727479468052843e+04
6.826694614707697474e+04
7.837129325155389961e+04
7.466034136581023631e+03
1.704494531423123044e+04
3.985406413906690432e+04
3.861129951976158191e+04
2.975870312066337647e+04
1.079305047183722854e+04
4.304946223750219360e+04
4.083841452059990843e+04
4.038002322588998504e+04
4.446793252061201201e+04
1.679919464476847861e+04
3.152592207683099696e+04
6.320143655833085359e+04
2.043166312866227236e+04
8.037231867135604261e+04
1.751959073983323105e+04
2.265392127655572040e+04
4.948412369750934158e+04
6.542376150670259085e+04
5.347141324156412884e+04
6.367396394468869403e+04
4.944300154057756299e+04
4.048452118308952777e+04
4.979087489799995819e+04
6.757287287985952571e+04
5.172841718322035013e+04
3.347780842065018805e+04
2.206329267480449198e+04
5.491492141283831734e+04
2.317243811590324549e+04
5.236355500098130142e+04
4.599873119041470636e+04
3.186796290967702589e+04
6.420976077113718929e+04
7.619853622087520489e+04
5.070206808240144164e+04
3.218533182958074758e+04
5.768003306979697663e+04
8.715333314689622057e+03
2.816824126035569498e+04
5.349986876300837321e+04
5.509949542643316818e+04
3.706140137492025679e+04
5.414985447901093721e+04
4.263380877235313528e+04
5.162897490272715368e+04
7.511479402280665818e+04
3.330172656717513019e+04
3.546204878516397002e+04
5.472838442003559612e+04
2.794790081007264234e+04
3.399531189873542462e+04
7.033025832106002781e+03
7.910889058864283470e+03
4.955483883351595432e+04
1.388375469254099153e+04
1.247672570666528190e+04
2.958026474856228742e+04
1.687660614305348281e+04
2.526420076414497817e+04
4.348283667259009235e+04
6.237001475958560331e+04
1.813363248524294249e+04
3.514321436845507560e+04
5.657789935568108922e+04
5.757242833250043623e+04
1.871856708171890568e+04
7.132027835441386560e+04
9.801883992626484542e+04
8.892242271292987425e+03
2.831382550242005527e+04
5.310887541566341679e+04
3.468751992549560964e+04
3.752613705885983654e+04
1.160038869360811441e+04
6.272904171551280888e+04
5.037917808522222913e+04
5.761877172764745774e+04
4.917278418307226821e+04
3.307495997895145410e+04
5.069608378544414154e+04
5.235105938697383681e+04
3.263087099047236552e+04
8.492909105299485964e+04
2.874710607171138690e+04
3.511322967660814902e+04
2.804451466569047170e+03
3.979376605906114855e+04
9.305618809780084121e+03
1.641205498820679350e+04
2.094852770149831122e+04
7.664713824377358833e+03
2.131787600476617808e+04
5.325075050581860705e+04
7.482241402675403515e+04
1.333900272266701359e+04
4.771509603671364312e+04
8.565965600999932212e+04
5.453094887501735502e+04
2.557697326074984448e+04
8.013937413969088811e+04
1.008704644770947052e+05
9.487782185289264817e+03
2.533297050483827115e+04
4.801552117340375844e+04
4.634502907772624167e+04
3.869903174066540669e+04
1.167742399275030402e+04
5.337486903472756239e+04
5.090282433089389815e+04
5.490660751439801243e+04
5.329685155311245762e+04
2.500253104322830040e+04
4.355119857039560884e+04
7.208543268856612849e+04
2.909134369840158615e+04
8.704192984518151206e+04
2.477772516318717680e+04
3.130728668300978461e+04
2.746345137355738552e+04
2.934222677930245482e+03
1.001655757229591836e+04
1.184957371239833265e+04
7.933788530632100446e+03
1.075447945679290569e+04
4.137511864884205715e+04
6.375384744306922948e+04
8.983885862706913031e+03
3.586314008462315542e+04
6.309496344081061397e+04
4.247205016025747318e+04
1.827348454354533897e+04
6.606224080104686436e+04
7.631647423739996157e+04
6.891476636826891990e+03
1.549586413256437663e+04
3.644440337287932925e+04
3.620021930835258536e+04
2.840924964450754487e+04
1.008345274586144842e+04
3.854239046712848358e+04
3.807519352983892895e+04
3.848482975148652622e+04
4.159074885158185498e+04
1.452859177070449005e+04
2.932626080615913452e+04
5.803679678044456523e+04
1.869944902238497889e+04
7.133470470872937585e+04
1.543710768536694377e+04
2.148570911865647213e+04
2.586294985099766927e+04
2.514540425967784176e+04
1.077908286216114720e+04
3.541015893868543208e+04
1.725901000557391308e+04
5.266822548173745599e+04
6.616112348584894789e+04
3.072137898960418170e+04
4.960410033003377612e+04
6.985931005119811743e+04
4.545083611634245608e+04
4.664976314609464316e+04
7.695515250557141553e+04
6.250817842605302576e+04
2.872820258618229127e+04
2.444891504391799390e+04
3.503212931566924090e+04
4.752500372771937691e+04
3.080303019868936099e+04
3.608440128245405504e+04
2.154130708587208574e+04
3.755541857538739714e+04
3.655415601775010873e+04
5.331802024124791205e+04
1.181493202413425570e+04
1.595316753077062822e+04
7.658723955365398433e+04
2.589277115276735276e+04
7.085943186648942356e+04
2.568551282812127465e+04
2.929979698606107922e+04
8.932199783999105421e+03
1.467407417449067907e+04
1.679969822331758769e+04
7.658755500336014848e+03
3.934458889876084868e+04
6.104121868754143361e+04
9.850725989709082569e+03
3.443764783763742162e+04
5.150886611308125430e+04
3.955145761302619940e+04
1.913346167877730841e+04
6.715291040077114303e+04
6.562371517125464743e+04
1.201810258797930510e+04
1.496153550854388232e+04
2.540210753581481549e+04
3.426165920899398770e+04
2.913514025748753920e+04
1.765795073387024604e+04
3.327957127804476477e+04
3.854612754442848382e+04
3.138660418215310710e+04
4.108466736836400378e+04
1.648390816121308671e+04
2.669018553329034330e+04
5.291398634421602037e+04
1.673828184548192439e+04
7.060204812154192769e+04
1.477516974453253169e+04
2.025730918975565874e+04
1.523574837396559451e+04
1.770966561494536290e+04
1.428016925611413353e+04
3.514045038381809718e+04
4.989343465946712968e+04
1.764716459540490905e+04
2.992766971577657387e+04
3.973893547615886928e+04
4.617104622728972754e+04
1.765297698439393935e+04
6.203344341462702869e+04
7.078224284002027707e+04
4.434582648326421804e+03
2.224980948412511498e+04
3.357611703714252508e+04
2.855583254353539087e+04
2.449603180067644644e+04
7.591147969538289544e+03
3.517997219690070779e+04
2.284128723844751948e+04
4.164465721705371107e+04
4.243964836365166411e+04
1.800565316150312356e+04
2.611306479670671251e+04
4.358591447736356349e+04
2.522965009594487128e+04
4.742800569965464820e+04
2.264721010550143910e+04
2.769970080466040235e+04
1.440221907414940142e+04
1.116407578987839224e+04
3.662248301794107101e+04
5.533591959608896286e+04
1.934478377269304110e+04
3.316585286579186504e+04
6.461308652728120796e+04
3.410234448226791574e+04
3.151853856040081882e+04
5.931941138243293244e+04
6.106457059436663258e+04
1.194206708412195439e+04
1.117201986828829467e+04
2.935517336765905202e+04
3.520026165170866443e+04
1.989319326480714881e+04
2.325411917884914146e+04
1.681453270702562440e+04
2.663036150780987009e+04
2.881748185551321876e+04
3.507071999260791927e+04
6.688285300189654663e+02
2.055725247252988629e+04
5.689274297569227201e+04
1.555744923480139187e+04
5.716103809494174493e+04
1.211961972236013207e+04
1.677496111523653963e+04
2.347004891311084430e+04
5.227031158094982675e+04
7.523201778358498996e+04
2.056099563689094066e+04
4.887078548815689282e+04
1.041177115827596281e+05
5.640788935344370839e+04
2.968037851822294033e+04
7.660392783475709439e+04
1.028902060493259487e+05
7.182123005912911140e+03
2.423626171122650703e+04
5.363450409663188475e+04
5.073372087884863140e+04
3.579593273739256983e+04
1.157561893206606328e+04
4.825764872914100852e+04
4.421337943670170353e+04
5.890846277205683873e+04
4.923191560218933591e+04
1.796021117828008209e+04
4.268844796263823810e+04
7.642297687050793320e+04
3.047012900474742128e+04
8.013429389702752815e+04
2.525569918343550307e+04
3.130561027265548546e+04
4.462511985679148347e+04
5.987706581255984929e+04
1.461901296863051903e+04
4.022594069908635720e+04
4.594447836766656837e+04
3.731882290914133773e+04
2.132917229494860658e+04
6.919202488626913691e+04
6.442344630148112628e+04
1.633894943211780446e+04
1.872580920939668431e+04
2.133800628836449323e+04
3.692467391739361483e+04
2.814820139431947973e+04
2.498874488753766491e+04
2.243708882991679275e+04
3.344010732661704969e+04
3.130482678866456990e+04
4.324657619013891235e+04
1.148722024282405982e+04
1.569331367418047193e+04
5.005546432095856289e+04
2.106195668204818139e+04
5.957495004541875824e+04
1.886992651690162893e+04
2.258203415507695172e+04
4.113129408523213351e+04
4.900895945222645969e+04
1.962733094765221904e+04
4.991977607079045265e+04
5.891604676008221577e+04
3.967340881562164577e+04
4.221982295716583758e+04
8.702377975602088554e+04
3.787197148811150691e+04
3.000948271403588296e+04
7.364824069626466371e+04
2.288230597925182155e+04
2.286151916513425022e+04
4.628628739479408250e+04
6.560635017640130536e+04
2.225599053261647350e+04
4.917974462211819628e+04
3.176513145998168329e+04
3.754275772992044222e+04
5.907587242815120408e+04
3.756129201505784295e+04
3.338620850166709715e+04
4.757688741385478352e+04
2.879561513818878302e+04
3.404306613319569442e+04
5.258578433577913529e+04
3.119945813369117604e+04
5.110026864669725182e+04
3.430194520512699819e+04
4.275897592753639037e+04
5.259019451805783319e+04
8.627423671860355535e+04
6.044411188615363062e+04
3.797665437967295293e+04
5.385103731780763337e+04
1.667610251217306723e+04
2.772324423327987461e+04
6.058063600177342596e+04
5.167133809329176438e+04
4.529973963873287721e+04
6.293367155499391083e+04
4.814842617292723298e+04
5.814994288374247117e+04
7.609521747592161410e+04
4.718913903913380636e+04
3.914628591535775195e+04
5.955301382464380004e+04
3.710848411987567670e+04
4.183104902846621553e+04
4.320662610200667405e+04
6.106974764355429215e+04
3.412764311872710823e+04
2.150746241365841342e+04
6.327095131762076926e+04
7.572184856493154075e+04
1.802986242760217283e+04
2.174908946164311783e+04
2.206191408291291009e+04
3.903096954207877570e+04
3.068825421739154262e+04
2.116750524912017499e+04
2.999459487543670912e+04
4.630817314101867669e+04
4.477147442766532913e+04
5.035529194807533349e+04
2.251200221929660620e+04
3.186710366371894634e+04
6.189175534248259646e+04
2.272454128550328096e+04
6.941408924261630455e+04
2.109818339231661230e+04
2.834225149023119593e+04
4.123488639937940752e+04
4.738735377420605801e+04
2.452867892286457209e+04
4.097516114384541288e+04
6.440356605397971725e+04
3.184196617856651574e+04
2.171918863884212624e+04
7.356579207238761592e+04
1.030433375344658634e+04
2.373526929846453640e+04
4.140031993303182389e+04
6.387452892065225751e+04
2.673906275556865512e+04
3.787457174196923734e+04
2.726671378814141644e+04
3.523318787800920836e+04
5.699271290549034165e+04
2.745525965205263492e+04
2.464088793062323748e+04
6.339509271082200576e+04
2.073802100867667104e+04
2.259422006126226188e+04
6.630203137801882986e+04
5.823695799130575324e+04
5.865630067162906198e+04
8.284948232594130968e+04
5.795692621299998427e+04
5.143899129259346955e+04
6.500134186985762790e+04
4.502337697000756452e+04
4.282552510900704510e+04
6.524372713515377109e+04
6.267495283919494250e+04
4.962122910267343104e+04
6.208271905925187457e+04
5.563634628649304068e+04
6.397176725936066941e+04
6.280318981428092229e+04
5.084332150664767687e+04
5.228146178047539433e+04
7.359074348495488812e+04
5.368759884788849013e+04
5.692939999624552729e+04
3.829078174140973715e+04
7.205758986236334022e+04
5.206664784497221990e+04
5.077451309231111372e+04
2.105519694394204271e+04
3.270171008799270930e+04
3.373783934012631653e+04
3.161419255345399142e+04
5.719501445189413062e+04
3.125677826952171745e+04
5.999906145274320443e+04
3.272996134961978169e+04
5.456883369500400295e+04
3.677106256464720354e+04
5.273614676819517626e+04
6.473480859404234798e+04
1.737481851380596709e+04
7.297949057015124708e+04
2.101158566316084034e+04
2.383735310452259728e+04
6.039565092858986463e+04
7.091351911286039103e+04
1.809843816604013045e+04
2.223181489632335797e+04
3.007773802976586012e+04
2.113640957523801626e+04
3.095627379228637074e+04
2.547677635762263162e+04
4.000423396832543949e+04
4.429994361633170774e+04
3.617526589657114528e+04
4.443947853510993446e+04
3.407664231358711550e+04
5.028715491037479660e+04
4.103723189742490649e+04
2.462672987729749002e+04
6.062914989077152131e+04
1.933992777640783970e+04
2.401311040032238088e+04
9.928595217574464914e+04
6.414492345721185120e+04
5.740439941073613591e+04
8.849452671811691835e+04
5.450822386121877935e+04
5.493317498609832546e+04
7.756018187761827721e+04
7.384142248672709684e+04
4.512771218734893773e+04
7.049771510355857026e+04
5.898623721354429290e+04
6.043553912457506522e+04
7.379237800544085621e+04
4.614016568892900250e+04
5.265678806507723493e+04
7.181831889459822560e+04
5.603389976552439475e+04
6.035034092599454016e+04
9.253725426878976577e+04
3.502221477002494794e+04
7.841566142442949058e+04
6.778500727726361947e+04
5.181229050730094605e+04
9.594568481908073591e+04
7.089242532844748348e+04
8.961327968674467411e+04
2.711397825745194132e+04
6.404574770102534967e+04
6.116366652947682451e+04
7.584028926922327082e+04
8.398986492073728004e+04
3.332741925360645109e+04
1.194482416353242152e+05
3.230180623457136608e+04
2.903719996515786988e+04
2.032975144367856046e+04
4.528987284558518877e+04
3.344276575531166600e+04
2.761657164805895445e+04
3.639901055316775455e+03
4.027272777361414046e+04
2.599098872791400936e+04
5.017323284284921101e+04
4.082382384053464921e+04
1.424659011484312214e+04
3.026229061278254449e+04
5.529120516178847902e+04
2.545653952961383766e+04
5.715761636676202033e+04
2.080420493694543256e+04
2.687446774431907397e+04
3.966977457781112753e+04
1.892181997911590588e+04
1.677852091754538924e+04
3.167301373645388958e+04
2.775348901011192356e+04
4.049605949130399677e+04
8.230296075164133072e+03
2.655634850478669614e+04
1.370741213640517162e+04
3.121688402372359269e+04
5.384192483000626089e+04
4.226740009305509375e+03
6.989313973482276197e+04
2.450694709474938463e+03
4.386962474466977255e+03
4.303323310386354569e+04
4.022076065352161822e+04
4.946671533070153964e+04
2.348876732317459391e+04
4.741473155992604006e+04
6.096440741814895591e+04
8.506152371913878596e+04
2.893963117243138549e+04
4.137309753780575556e+04
6.573433176706219092e+04
4.373071139817169023e+04
6.456435083440391463e+04
3.530465967574829119e+04
5.126972857853693131e+04
1.992742846031371300e+04
3.933625280888979614e+04
4.105710090689675417e+04
3.156570099670227501e+04
3.826618323254043935e+04
3.306052013553087454e+04
3.640100248021924926e+04
5.598379103789344663e+04
3.133418025509971631e+04
2.074356951257359469e+04
5.388499810472725949e+04
1.573614959550969070e+04
2.008668452002113918e+04
3.247966972823880133e+04
3.081264582166980108e+04
2.736054250516729735e+04
3.679740502161572658e+04
2.193090693147057755e+04
2.300579782737859205e+04
3.964064960513586993e+04
4.821306369266309048e+04
2.034255936049055890e+04
4.879825352814886719e+04
2.032656214319201172e+04
1.991560936847146513e+04
4.576138805192706786e+04
3.535977533580217278e+04
5.748988697800601949e+04
5.506848558120690723e+04
2.824241309893314610e+04
4.193885953554420848e+04
6.090027867237474129e+04
3.588274088284655591e+04
6.252857907186786178e+04
3.227711963288764309e+04
3.794347707822768280e+04
4.049369493754555879e+04
5.677017934049427276e+04
6.478597071492407122e+04
1.751763987961732346e+04
3.226687577778882405e+04
7.663914671304829244e+04
2.993722453418056102e+04
5.705676236708749639e+04
2.570242943175162873e+04
4.017232236825657310e+04
6.369285997258863063e+04
4.036263574398079072e+04
2.720548100422563220e+04
4.433436813420360704e+04
2.950940689270276926e+04
4.168791773535774701e+04
1.408730447635842575e+04
3.885969804388059129e+04
4.466691013874366035e+04
4.390865142689516506e+04
2.867068221386311416e+04
4.617822632616197370e+04
5.950485482655983651e+04
8.611818833910609101e+03
9.800696256731213361e+04
6.049168087443375043e+03
7.862103313298734975e+03
3.750315992750060832e+04
6.077606115010381473e+04
5.424146760045554402e+04
3.130089121614028409e+04
7.586242082810058491e+04
2.991962573411035919e+04
2.694245865826830777e+04
1.866998459090104006e+04
5.678483554512823321e+04
1.677323017281834473e+04
5.579801618035826687e+04
1.401019420263472239e+04
1.830502337515913678e+04
7.765001810858471435e+04
3.210077198483161555e+04
7.249210760597613989e+04
3.280437689081499411e+04
3.482055484223410895e+04
5.372219685332079825e+04
3.713374800656357547e+04
4.910796438169518660e+04
5.440707840060601302e+04
7.220869358653962263e+04
3.676189518559793669e+03
5.025934911361473496e+03
6.634471068511356134e+04
7.532977273170358967e+04
2.180732698668120975e+03
