5.600000000000000000e+01 7.800000000000000000e+01 6.688285300189654663e+02 2.000000000000000000e+00
1.800000000000000000e+01 5.400000000000000000e+01 9.413117571258403586e+02 2.000000000000000000e+00
4.800000000000000000e+01 5.200000000000000000e+01 1.025315022659491206e+03 2.000000000000000000e+00
1.000000000000000000e+01 8.500000000000000000e+01 1.177408574604800378e+03 3.000000000000000000e+00
2.000000000000000000e+01 4.600000000000000000e+01 1.543556060190891458e+03 2.000000000000000000e+00
2.500000000000000000e+01 3.800000000000000000e+01 1.617655972249162005e+03 2.000000000000000000e+00
5.000000000000000000e+00 3.300000000000000000e+01 1.626052617428223130e+03 2.000000000000000000e+00
3.000000000000000000e+00 8.600000000000000000e+01 2.017808655711415213e+03 3.000000000000000000e+00
8.300000000000000000e+01 8.400000000000000000e+01 2.180732698668120975e+03 2.000000000000000000e+00
3.500000000000000000e+01 4.500000000000000000e+01 2.402552277162539212e+03 2.000000000000000000e+00
1.900000000000000000e+01 2.700000000000000000e+01 2.410068675221376907e+03 2.000000000000000000e+00
5.500000000000000000e+01 9.000000000000000000e+01 2.461945067491313694e+03 3.000000000000000000e+00
4.000000000000000000e+00 3.900000000000000000e+01 2.982421086723404187e+03 2.000000000000000000e+00
5.100000000000000000e+01 8.700000000000000000e+01 3.135672304113611517e+03 3.000000000000000000e+00
2.000000000000000000e+00 5.800000000000000000e+01 3.161047044612359969e+03 2.000000000000000000e+00
4.700000000000000000e+01 9.300000000000000000e+01 3.191344167824610849e+03 3.000000000000000000e+00
1.700000000000000000e+01 9.600000000000000000e+01 3.289053083567028352e+03 4.000000000000000000e+00
2.200000000000000000e+01 6.800000000000000000e+01 3.312549523530228726e+03 2.000000000000000000e+00
1.100000000000000000e+01 1.010000000000000000e+02 3.870736555186771966e+03 5.000000000000000000e+00
6.900000000000000000e+01 1.000000000000000000e+02 4.007017910688570737e+03 4.000000000000000000e+00
6.200000000000000000e+01 9.100000000000000000e+01 4.133460018601988850e+03 3.000000000000000000e+00
8.900000000000000000e+01 9.800000000000000000e+01 4.452738446064297932e+03 5.000000000000000000e+00
4.300000000000000000e+01 7.600000000000000000e+01 5.036846937861478182e+03 2.000000000000000000e+00
1.300000000000000000e+01 2.400000000000000000e+01 5.118588502192724263e+03 2.000000000000000000e+00
3.600000000000000000e+01 5.900000000000000000e+01 5.183412204672359621e+03 2.000000000000000000e+00
8.100000000000000000e+01 1.040000000000000000e+02 5.255056627957498677e+03 5.000000000000000000e+00
4.000000000000000000e+01 7.100000000000000000e+01 5.910664409059801073e+03 2.000000000000000000e+00
1.020000000000000000e+02 1.030000000000000000e+02 5.963253638809210315e+03 7.000000000000000000e+00
2.600000000000000000e+01 9.500000000000000000e+01 6.536701265134373898e+03 3.000000000000000000e+00
1.500000000000000000e+01 7.400000000000000000e+01 7.162826252500316514e+03 2.000000000000000000e+00
9.200000000000000000e+01 1.080000000000000000e+02 7.377570105931155013e+03 5.000000000000000000e+00
8.800000000000000000e+01 9.700000000000000000e+01 7.525819086733210497e+03 5.000000000000000000e+00
3.200000000000000000e+01 9.900000000000000000e+01 7.809926962003382869e+03 3.000000000000000000e+00
1.600000000000000000e+01 3.700000000000000000e+01 8.939154869583262553e+03 2.000000000000000000e+00
7.300000000000000000e+01 1.120000000000000000e+02 9.414943267799866589e+03 8.000000000000000000e+00
3.100000000000000000e+01 6.300000000000000000e+01 9.418047411314422789e+03 2.000000000000000000e+00
3.400000000000000000e+01 1.110000000000000000e+02 9.894573492865521985e+03 3.000000000000000000e+00
1.050000000000000000e+02 1.130000000000000000e+02 9.920509986029843276e+03 6.000000000000000000e+00
1.200000000000000000e+01 7.900000000000000000e+01 1.014168781372069134e+04 2.000000000000000000e+00
5.000000000000000000e+01 1.060000000000000000e+02 1.025705204304933977e+04 6.000000000000000000e+00
2.800000000000000000e+01 1.220000000000000000e+02 1.182761261892678522e+04 7.000000000000000000e+00
6.100000000000000000e+01 1.150000000000000000e+02 1.211562914149692551e+04 6.000000000000000000e+00
9.000000000000000000e+00 4.200000000000000000e+01 1.262965621143873432e+04 2.000000000000000000e+00
8.000000000000000000e+00 7.500000000000000000e+01 1.280913377603037952e+04 2.000000000000000000e+00
0.000000000000000000e+00 3.000000000000000000e+01 1.285074168312643451e+04 2.000000000000000000e+00
5.700000000000000000e+01 1.240000000000000000e+02 1.316147688976331483e+04 7.000000000000000000e+00
1.070000000000000000e+02 1.100000000000000000e+02 1.321503871084554339e+04 7.000000000000000000e+00
4.900000000000000000e+01 1.210000000000000000e+02 1.680957512654547099e+04 4.000000000000000000e+00
7.000000000000000000e+00 1.190000000000000000e+02 1.689631047685326484e+04 9.000000000000000000e+00
2.900000000000000000e+01 1.270000000000000000e+02 1.743757131935320285e+04 3.000000000000000000e+00
5.300000000000000000e+01 1.160000000000000000e+02 1.857264764167160320e+04 6.000000000000000000e+00
1.280000000000000000e+02 1.290000000000000000e+02 1.953247195010933501e+04 4.000000000000000000e+00
1.400000000000000000e+01 1.090000000000000000e+02 2.007150104269781878e+04 3.000000000000000000e+00
1.170000000000000000e+02 1.260000000000000000e+02 2.079333681300104945e+04 9.000000000000000000e+00
4.400000000000000000e+01 1.200000000000000000e+02 2.142561797235515769e+04 3.000000000000000000e+00
7.200000000000000000e+01 7.700000000000000000e+01 2.193090693147057755e+04 2.000000000000000000e+00
6.000000000000000000e+01 1.320000000000000000e+02 2.308113287044193930e+04 5.000000000000000000e+00
9.400000000000000000e+01 1.340000000000000000e+02 2.358438371460031703e+04 5.000000000000000000e+00
4.100000000000000000e+01 1.140000000000000000e+02 2.526481051054538329e+04 3.000000000000000000e+00
6.500000000000000000e+01 1.380000000000000000e+02 2.526850399034414295e+04 1.000000000000000000e+01
2.100000000000000000e+01 1.360000000000000000e+02 2.546790938819971052e+04 5.000000000000000000e+00
2.300000000000000000e+01 1.330000000000000000e+02 2.578616084294199754e+04 1.000000000000000000e+01
7.000000000000000000e+01 1.440000000000000000e+02 2.845270586892627398e+04 1.100000000000000000e+01
1.000000000000000000e+00 1.370000000000000000e+02 2.873054734968872435e+04 4.000000000000000000e+00
1.350000000000000000e+02 1.430000000000000000e+02 3.332334402559265436e+04 9.000000000000000000e+00
6.400000000000000000e+01 1.310000000000000000e+02 3.373901474077312014e+04 8.000000000000000000e+00
8.000000000000000000e+01 1.250000000000000000e+02 3.579681531650463148e+04 8.000000000000000000e+00
1.180000000000000000e+02 1.390000000000000000e+02 3.617900143305477104e+04 5.000000000000000000e+00
1.300000000000000000e+02 1.460000000000000000e+02 3.746171864350089163e+04 1.700000000000000000e+01
1.230000000000000000e+02 1.490000000000000000e+02 3.848105900002540875e+04 1.100000000000000000e+01
6.700000000000000000e+01 1.500000000000000000e+02 4.316783694112743251e+04 9.000000000000000000e+00
6.000000000000000000e+00 1.530000000000000000e+02 4.358553561506224651e+04 1.800000000000000000e+01
1.400000000000000000e+02 1.480000000000000000e+02 4.489077905287109752e+04 6.000000000000000000e+00
8.200000000000000000e+01 1.450000000000000000e+02 4.712835088567134517e+04 6.000000000000000000e+00
1.410000000000000000e+02 1.510000000000000000e+02 4.728454239969150512e+04 1.300000000000000000e+01
1.570000000000000000e+02 1.590000000000000000e+02 5.921545056290790671e+04 1.900000000000000000e+01
6.600000000000000000e+01 1.600000000000000000e+02 6.027791378076430556e+04 2.000000000000000000e+01
1.470000000000000000e+02 1.540000000000000000e+02 6.171189733557024738e+04 2.200000000000000000e+01
1.420000000000000000e+02 1.620000000000000000e+02 8.643090844575586380e+04 2.700000000000000000e+01
1.580000000000000000e+02 1.610000000000000000e+02 9.456375581061841513e+04 2.600000000000000000e+01
1.560000000000000000e+02 1.630000000000000000e+02 9.676214736546890344e+04 4.500000000000000000e+01
1.520000000000000000e+02 1.640000000000000000e+02 1.021482323272442882e+05 3.100000000000000000e+01
1.550000000000000000e+02 1.650000000000000000e+02 1.488140923806189094e+05 5.400000000000000000e+01
1.660000000000000000e+02 1.670000000000000000e+02 2.284211344161249581e+05 8.500000000000000000e+01
