7.716949012129815628e+02
5.139297520475940473e+03
5.872687355205189306e+03
9.939811526294266514e+03
1.103492867733625280e+04
4.453213716549844321e+03
8.556161570740528077e+02
1.800830302940835054e+03
1.612254124546856929e+03
2.462477862655709941e+02
5.701674004964991127e+02
8.394535597131159648e+02
5.812537897720414549e+03
1.139511758142681401e+03
1.300012774217785363e+03
6.436877338531890018e+03
1.861952711276234140e+03
3.251141746038667407e+03
2.293604623999195155e+03
6.369733572606048256e+03
5.618812675670895260e+03
1.369264330532779013e+03
5.987311275670148461e+03
4.326887155576947407e+03
4.138154185159712142e+03
2.330765383116212433e+03
3.261034908195418211e+03
5.969983808638664414e+03
3.190403072178041839e+03
1.002978518250063189e+03
6.481965326244486505e+02
2.426888760435826043e+03
1.378334100028514513e+02
4.542539950943596523e+02
4.354006395022401193e+03
8.179302488860815174e+03
4.938179908683963731e+03
1.512005581290588907e+03
5.349426928150913227e+03
3.902899359019837902e+03
1.019834240313100599e+04
4.578406803804278752e+03
1.226580823615885947e+03
2.643745020632482010e+03
9.771481313680231324e+03
4.226460086444585613e+03
3.377732419418402060e+03
3.066830503950133789e+03
6.197553562176249216e+03
7.878687929190700743e+02
5.008129983226028344e+03
3.461064741388008315e+03
3.836267042982128260e+03
6.930880801925115975e+02
1.131243361678952624e+03
4.574942095960961524e+03
5.111056856134964619e+03
3.886303160731492426e+03
6.886813653072157649e+03
6.411902918789193791e+03
3.898677392278916614e+03
1.360474973631142166e+04
3.878181065092168410e+03
1.326899153826436759e+03
3.844914658268306084e+03
8.805741234732849989e+03
5.074513487208942024e+03
8.278565286033590382e+03
8.062482707381027467e+03
7.385317446783976266e+03
5.940339654384232517e+02
1.952403456226847538e+03
4.111588751989042066e+03
5.169293707842924050e+03
7.219297388522035362e+03
1.704043515430866364e+03
4.528583738506669079e+02
6.346582341119238890e+02
2.256614206815313992e+03
5.252008716010207081e+02
5.808390585683619065e+02
6.601176992837229136e+02
2.972438331478257624e+03
3.319399925273103236e+02
6.564220591423538735e+02
5.016431399586030238e+03
5.223199653723340816e+02
2.523161681047484763e+03
8.272021862436927222e+02
3.370296318876136866e+03
3.178401522511031999e+03
6.052344143568526533e+02
4.092107661861766246e+03
4.254213855130728916e+03
3.326575628240151218e+03
1.252039320154231518e+03
2.441362913462136021e+03
2.691866680279896173e+03
2.198039598857304554e+03
2.205362770784809072e+02
4.307035410447863342e+02
1.822474146450246508e+03
6.644544541892877305e+02
6.510214983107889566e+02
3.078794499430291580e+03
4.589235330760028774e+03
3.165887218148494412e+03
4.135079102267013695e+02
4.390242614511307693e+03
2.425521383949261235e+03
6.270478672785122399e+03
1.887387370210037034e+03
4.204454603435360696e+02
1.668770816874159891e+03
6.009802005365622790e+03
2.294742379395287116e+03
1.795374123626706705e+03
2.199183306343688855e+03
3.975008795798507435e+03
6.442455342990198233e+02
3.556522886245581503e+03
2.497144383024701256e+03
3.104502469722332535e+03
7.918019342730689232e+02
4.221776174028073001e+02
2.559109012267686012e+03
3.369536799321346734e+03
2.919691569417003848e+03
3.405044030817658495e+03
3.093856736657714009e+03
3.299774057662881660e+03
6.424450591542909024e+03
3.827398487314199883e+03
6.602338478562428463e+02
3.059814595304158956e+03
3.971370079545740282e+03
2.914477067239267399e+03
4.463752015921165366e+03
4.940133292467283354e+03
4.517644324477819282e+03
8.463010443113064412e+02
5.625025384468958691e+03
3.010587549439399481e+03
5.270483414800424725e+03
4.701997192565265777e+02
2.477010429771346935e+03
1.631306531413601078e+03
6.445368798062970200e+03
3.969548446615280682e+03
3.292306579271987175e+03
3.294121958381681452e+03
2.060102212837300158e+03
2.084746070120415880e+03
2.866747993119278817e+03
8.568686638291081181e+03
1.364470330299189072e+03
4.463610096301668818e+03
1.920347676170363457e+03
3.352428189232618024e+03
3.147552096585041909e+03
2.099153724376329137e+03
5.169877599416400699e+03
7.622410642040933453e+03
6.182514929559969460e+03
3.271779097741205078e+03
4.412408463883617515e+03
1.334826467257076501e+03
3.475317327177580410e+03
1.899346521029683345e+03
2.796519384811916552e+03
4.981928293273976124e+03
4.798466070780155860e+03
4.459772890741260198e+03
4.989098383415249373e+03
5.604416294927553281e+03
4.903449794870348342e+03
1.868063125476423920e+03
7.363030538466265170e+03
5.469377473591306625e+03
4.995337834202849990e+03
5.507654188057731517e+02
2.738672526491724966e+03
2.954817870077316911e+03
6.353514950510186281e+03
2.497908590671165257e+03
3.984306681479592953e+03
3.617231924162619634e+03
5.670009813209062486e+03
4.241719441542729328e+03
5.782296658285502417e+03
5.040256445889108363e+03
6.508260110638473634e+03
4.834933672593407209e+03
2.868054376929976570e+03
1.984739605664430883e+03
3.658571037177190192e+03
7.455419202999290974e+03
2.298424347959404713e+03
4.443726364196762006e+03
7.134255704981100280e+03
4.163448367473019971e+03
7.110315083075489383e+03
3.000899366017994907e+03
6.118609128851544483e+03
1.491817874735571650e+03
4.729092350545904992e+03
5.880940636197767162e+03
3.445617825700233880e+03
5.366984150537673486e+03
4.852493772375239132e+03
7.629419951335789847e+03
8.307616909793594459e+03
5.101261093460941083e+03
4.553759908103941598e+03
3.701958680292498229e+03
8.623730260882468428e+03
4.845957198035343936e+03
5.711982200351730171e+03
5.395634805489357859e+03
4.107143362810847066e+03
4.634146616522907607e+03
4.751260005409334553e+03
5.323808176999794341e+03
3.910462379021074412e+03
4.873272610911903030e+03
3.870273922457673052e+03
3.967511660168686831e+03
5.152643326398337194e+03
3.803428957093095050e+03
5.893164804319254472e+03
8.526492354371290276e+03
1.496674348564202319e+03
5.052367957529385421e+03
4.220637666179240114e+03
7.540518846435090381e+03
4.182501844478833846e+03
3.857276284184188626e+03
3.826316112574717863e+03
6.079809470828824487e+03
5.658139846511926407e+03
5.821441365894328555e+03
5.430947417570432663e+03
7.407273620966896488e+03
6.170151865552636082e+03
4.090904543684288001e+03
2.118830769948926900e+03
5.743240434540204660e+03
9.316095176293205441e+03
5.491595326177704919e+03
4.342013376959006564e+03
1.099733182282808457e+03
6.332690792317783234e+03
4.313509839770068538e+03
5.896297844780050582e+03
4.967504248712455592e+03
1.539216361833465271e+03
6.475726325327021186e+03
1.630840529630009542e+03
1.670097875913983898e+03
1.691161807726738289e+03
6.457646266388844197e+03
4.900446858741636788e+03
4.753482059588450284e+03
7.627113120945537048e+02
7.554618462131998967e+03
6.295088376957507535e+03
7.137550849219645897e+03
2.092148829501131786e+03
1.059358210058832992e+04
7.290447438318126842e+03
5.171132606173059685e+03
1.969583450862796781e+03
6.657280918875575480e+03
6.132453877630471652e+03
7.048212963976161518e+03
5.531841608474260283e+03
7.068244343776135793e+03
6.049126270767676942e+03
8.057223469887841929e+03
2.722303046569904836e+03
5.402678591302017594e+03
3.548257817800057637e+03
1.182557641317937851e+04
7.946112029845313373e+03
5.959702815057882617e+03
6.552844309519467970e+03
4.651963659971010202e+03
4.312446299147886748e+03
6.336525680281949462e+03
1.501142122872832078e+04
3.441216975283377451e+03
7.529723153917466334e+03
4.910429224397692451e+03
4.738020268190137358e+03
5.549666269152763562e+03
3.946264383293826540e+03
8.678165368815167312e+03
2.049905246018652906e+04
9.062243509064714090e+03
6.215694289427950025e+03
8.108739503541530212e+03
4.398124921812908724e+03
5.315389734108891389e+03
4.745116080114763463e+03
5.697629742648525280e+03
8.799375217217635509e+03
8.320293625838277876e+03
7.880152169722085091e+03
7.935660404649024713e+03
8.206662526976644585e+03
7.416975467141633089e+03
5.316970352972003639e+03
1.076698867887738379e+04
8.316893312882835744e+03
7.027758774083244134e+03
2.444352342696593951e+03
6.289514157517792228e+03
4.079255441821167551e+03
9.513452861060632131e+03
3.520664594804597982e+03
7.589117245373309743e+03
5.888390037755330923e+03
7.481324852737247056e+03
8.890185567430049559e+03
8.631452995108611503e+03
7.998607800002545446e+03
9.701904042471502180e+03
9.545435726800624252e+03
6.611142316154307991e+03
4.254043468740693243e+03
5.156390853904724281e+03
1.229635616919116728e+04
4.517299425255775532e+03
7.374536959765577194e+03
1.111347909776551751e+04
6.036324935722242117e+03
1.797669920352891131e+04
6.791381029590737853e+03
9.486821177816123964e+03
1.030490790110893840e+03
8.268920195731050626e+03
5.635845741571248254e+03
4.296621266271729837e+03
8.570411444926568947e+03
9.706449779485315958e+03
5.235846332865350632e+03
8.240458428476311383e+03
6.623874294765921150e+03
1.388982018552353838e+04
9.893839228360724519e+03
8.671188332152076327e+03
9.295508877762258635e+03
5.804355757596144940e+03
7.251470980281983429e+03
8.655991229835002741e+03
1.105104390342846091e+04
6.728357017456379253e+03
1.000901761499738313e+04
7.650469883354583544e+03
7.160260380918232840e+03
9.181180972983753236e+03
6.614433919514586705e+03
1.060124824542038914e+04
1.464859806927402497e+04
7.240402710163141819e+03
9.220547754370865732e+03
9.803248274712335842e+03
7.538461156130410018e+03
8.733963429360199370e+03
7.157021934653449534e+03
7.678774480085196046e+03
1.130660373899896877e+04
1.045133281536923096e+04
1.012439618597778463e+04
1.081228079224072098e+04
1.217613522760774504e+04
1.079732524081739939e+04
7.546537611481981912e+03
6.858514384993846761e+03
1.061944725638000818e+04
1.031152690954212085e+04
6.286746636737103472e+03
8.740278701317682135e+03
5.608393368286481746e+03
1.364998815694958648e+04
8.029216743545624922e+03
1.078798328387761285e+04
9.076165012986870352e+03
6.836642755151387973e+03
1.092091108663988598e+04
7.605808725469673846e+03
7.409439166075108915e+03
6.803033466185148427e+03
1.170898338178187623e+04
8.967727635912249752e+03
6.412127516811331589e+03
6.936636625150489635e+03
1.177486275256743284e+04
7.261291310916760267e+03
1.107978130118029367e+04
6.816264867864500047e+03
9.888421740697356654e+03
1.378024012745701839e+04
9.305323300045583892e+03
6.778030470914847683e+03
6.697052957140168473e+03
1.092229193108758955e+04
1.030863849870031845e+04
6.850304307586994582e+03
1.027801535156879618e+04
1.135284349373461373e+04
2.371953144858658561e+03
1.530575193642446266e+03
5.685468878225085064e+03
3.407270554514697324e+03
3.072379026545718716e+03
3.065097640718978255e+03
2.175333507466384617e+03
1.885112568136296431e+03
2.924708290051457880e+03
7.458147223556072277e+03
1.336886998625803471e+03
3.661947795948573912e+03
1.951184438146350203e+03
3.045630399635701906e+03
3.063023707073903552e+03
1.882672247386134586e+03
4.599332263753420193e+03
6.673579105860675554e+03
5.063388094392819767e+03
3.018880837070955295e+03
3.633880288236142405e+03
1.386707594618555959e+03
3.042487475737453678e+03
1.747333453252240361e+03
2.508129311747050451e+03
4.817858770803904918e+03
4.328616864031058867e+03
4.076321087941061705e+03
4.142937396426123087e+03
5.411665069123352623e+03
4.191469423436815305e+03
1.803823004473247693e+03
5.749327962202194612e+03
5.093959542787636565e+03
5.659487865935830996e+03
6.540174859895892041e+02
2.553123304410328728e+03
2.402531845299445649e+03
6.120522041550997528e+03
2.324400282984295245e+03
3.909511359276915300e+03
3.039066671116359885e+03
5.185121535188036432e+03
3.883713673343007940e+03
4.940082566230548764e+03
4.019627584095404472e+03
5.150946042308660253e+03
4.351227889641622824e+03
2.661865834946775976e+03
2.053634606555719529e+03
3.267208658100837056e+03
6.433640050915693791e+03
2.134989600442325809e+03
4.340293665279817105e+03
5.625913325155474922e+03
3.877427430413612456e+03
6.141426891097447879e+03
2.935081494138717062e+03
4.935431806546308508e+03
1.436336055239454936e+03
4.415458450735148290e+03
5.282101292404215201e+03
2.868368592223736869e+03
5.095241455448222041e+03
4.286694316713485023e+03
1.153115291891774632e+03
2.016902820535945921e+03
9.120034095962499805e+02
9.807275826322520516e+02
8.513075698590346292e+02
3.498352919989585644e+03
6.902476563143351314e+02
8.303657777486625946e+02
5.581385525814953326e+03
1.030239151054812282e+03
3.035461415123799725e+03
1.316254571118628746e+03
3.799520047891727245e+03
3.498870606441043492e+03
1.066597386921009729e+03
4.566353599995458353e+03
2.789973070388216911e+03
4.020440874005093974e+03
1.850169986405879854e+03
2.729759841783433330e+03
2.902627931839389021e+03
2.791912888504405146e+03
3.191542570131418870e+02
8.376437575561357107e+02
1.770820964080299973e+03
9.363443418946699239e+02
1.136097799574258261e+03
3.778226584167091460e+03
6.073234250556857660e+03
4.162082621980783188e+03
6.246991817164753229e+02
5.290023855817399635e+03
3.321037514206273499e+03
6.937107193847571580e+03
2.144127879323158140e+03
5.659394542288046068e+02
1.958294900730175641e+03
6.238568114386383058e+03
2.654283368022661307e+03
2.339542943387501509e+03
2.753862188188641994e+03
4.313246773119418322e+03
8.613446225986613172e+02
3.854369378483073433e+03
3.304259407250642653e+03
3.757654643570358076e+03
7.629552903859970456e+02
7.014402789125568916e+02
3.101186502744536483e+03
3.598493660698496569e+03
4.097585149691151855e+03
4.063185982021750078e+03
4.466183527140710794e+03
3.667629981927148947e+03
8.457958997777684999e+03
2.812952498642353476e+03
4.023244602620237629e+02
3.480188449835188294e+03
3.974692321393513794e+03
3.840793728558453950e+03
5.932611197726538194e+03
5.133101719446221068e+03
5.730751246856299986e+03
8.624226627035200181e+02
4.119095392599756451e+03
1.175219129990457759e+03
1.135303044180158395e+03
1.411602103426694384e+03
2.506333068168156387e+03
7.490312203191898561e+02
1.372045974588367699e+03
5.745003437854711592e+03
3.313993171687332051e+02
2.613801812906856867e+03
1.307396781091468711e+03
2.820375650025137475e+03
3.218957883311819387e+03
6.438133296907981276e+02
4.396891642822231006e+03
5.607708132865308471e+03
3.548539399042263994e+03
1.172491076361432761e+03
2.847900703750341563e+03
2.439797387261781296e+03
2.141623962758556900e+03
7.726786028339460017e+02
8.645080513657663914e+02
3.097201373125540158e+03
1.805571430647729130e+03
1.572463027190150797e+03
3.301722537848174397e+03
3.600161411636679077e+03
3.382122189136453017e+03
1.031930120753683696e+03
4.167292347095000878e+03
2.150881193221095145e+03
5.644806665033904210e+03
1.417399562432261519e+03
1.371575272513823620e+03
1.873578826131078586e+03
5.989697499752118347e+03
2.007999509766248366e+03
1.527049719066375474e+03
2.177213546458919609e+03
4.439368851332810664e+03
1.814733304209360313e+03
3.974859067791578127e+03
3.081215681510086142e+03
3.694093845485288512e+03
2.337248430228296002e+03
1.155839724109965573e+03
1.841673887172607465e+03
2.694342284656296215e+03
2.982433868626962976e+03
2.906559733125082857e+03
2.897280347504508427e+03
4.351580564232126562e+03
4.484532449658147016e+03
4.789663736542735023e+03
1.828156655874865919e+03
3.762539183257153127e+03
2.938134134441553670e+03
2.498134847902979345e+03
4.253081648499568473e+03
3.867111569575209614e+03
3.342142220641268977e+03
2.395369709632258491e+03
2.270374399762282337e+03
2.718977199910520085e+03
1.233992294364054942e+03
7.632858714290343414e+03
2.292328300509750989e+03
2.987396284495956934e+03
1.123818426206055665e+04
3.728543230458891685e+03
7.693750129687460685e+03
3.817389921537882856e+03
7.932550604608287358e+03
7.078641708475114683e+03
3.925884389311851919e+03
8.891292033119047119e+03
1.229490674641995611e+04
8.656179858376815901e+03
5.367306265902836458e+03
7.684729625297166422e+03
5.983858827513838150e+03
6.687840436198988755e+03
2.461743711237480966e+03
3.037027173979506188e+03
3.109550719400464004e+03
1.820942118533598205e+03
2.480594618282673309e+03
8.080018406387072901e+03
9.793036468361482548e+03
7.469805101132442360e+03
2.676371472466464184e+03
9.324426592560619611e+03
7.572912137034128136e+03
1.277360471872136986e+04
5.329615398158612152e+03
2.148820329914519789e+03
6.248124252063353197e+03
1.003888103175324977e+04
6.287914102391539927e+03
4.617862493554030152e+03
6.618845023928601222e+03
9.228379683707904405e+03
1.268462539050802206e+03
7.971966084078650965e+03
7.447745304438865787e+03
8.664930241068874238e+03
9.133142925790273239e+02
2.214147383763616745e+03
7.434516881075495803e+03
7.229041971351472966e+03
9.262135648251150997e+03
8.545104542123990541e+03
8.468665431047804304e+03
9.063590938731955248e+03
1.551436301594755423e+04
1.154983183223829474e+04
1.586451570595811972e+03
8.668781051258585649e+03
1.017870710799656263e+04
8.384105996849875737e+03
9.594696007383801771e+03
9.650385940009506157e+03
1.008983856928005298e+04
9.023273976137542149e+02
4.906744475266709742e+02
7.771335153021213955e+02
4.620550505842077655e+03
9.053748292072438062e+02
9.864090464192795480e+02
5.920576706368150553e+03
1.166316768829184639e+03
2.971344063359848860e+03
1.586857650015829449e+03
4.583082112216665337e+03
4.668126704431619146e+03
9.168881719496584992e+02
5.294643073161849316e+03
5.247708244894496602e+03
3.698836656811806733e+03
1.988822230010511703e+03
3.195965884507832925e+03
4.412580457379015570e+03
2.666841605439702107e+03
7.565137600639901621e+02
4.342171442037124507e+02
2.310790551398882144e+03
2.631110410290884829e+02
3.119526430663020165e+02
3.824427801446781359e+03
6.686182340457793543e+03
4.281685216369903173e+03
1.160734739855636235e+03
4.753704313481721329e+03
3.200739946555607730e+03
8.389156947089857567e+03
3.427084449505208795e+03
9.259589382102494710e+02
2.354530998962779449e+03
8.792107737828548125e+03
3.430544503832544251e+03
2.757096450494415876e+03
2.712513787227700050e+03
5.437134649709977566e+03
8.320270544013678773e+02
4.603778881302348964e+03
3.019528150396060028e+03
3.613599997584285120e+03
8.863040621465224831e+02
8.775569948988085116e+02
3.746641110649115490e+03
4.196759988680787501e+03
3.403722975007871355e+03
5.999530589414918722e+03
4.967599217154507642e+03
4.031361620071028483e+03
1.031640892392608293e+04
4.383838468119640311e+03
1.433809983218704474e+03
3.822207943715464353e+03
6.577447143333787608e+03
4.222069031099191307e+03
6.573648559604745969e+03
6.686605456596339536e+03
6.133709547990010833e+03
8.055801201695608142e+02
8.382181040490373789e+02
4.578449654808153355e+03
6.880281118873034529e+02
9.400133021084091069e+02
6.940005080192730929e+03
1.146686402692232832e+03
3.587536350875403969e+03
1.937639463023648204e+03
4.341887813920100598e+03
4.881600355267688428e+03
8.072339855554903352e+02
5.819958872034703745e+03
9.077489663901038512e+03
4.379409453196425602e+03
2.595374540438287568e+03
3.942975131339307609e+03
4.102122841721529767e+03
3.076556948086207740e+03
7.911833461704378578e+02
4.758950049042182400e+02
2.435535953427842287e+03
3.916462456301449038e+02
3.393629878150552486e+02
4.203997252734502581e+03
6.997552040510556253e+03
4.130610609702527654e+03
1.351519069340950864e+03
5.538643886168961217e+03
3.693790463995437676e+03
7.211881286332000855e+03
3.159758854718417751e+03
1.112215038127455955e+03
2.861041206756839983e+03
7.750962118640110930e+03
3.374724043453615195e+03
3.125937712615685086e+03
3.123348716309381416e+03
5.763050013361457786e+03
1.093878595146057251e+03
5.165659527561903815e+03
4.045749647298127456e+03
4.697594433243144522e+03
1.240387677051670835e+03
1.102617761929134076e+03
3.491199321788431007e+03
4.302565121501928843e+03
4.813021644625647241e+03
4.984383894368776964e+03
5.359178708574690972e+03
5.633619953311950667e+03
9.395383772039051109e+03
7.567645984427579606e+03
1.501848041617567787e+03
4.856553262721343344e+03
5.460922672811651864e+03
5.082249205083238849e+03
6.673140663700554796e+03
5.659386682428809763e+03
6.567984310217125312e+03
1.215050945657867487e+03
5.004656746478909554e+03
4.650425893424664991e+02
1.124501215693633640e+03
6.494201279578349386e+03
1.313433131283817829e+03
3.701698439063853584e+03
1.720882783086600284e+03
4.812862827964486314e+03
4.136739654854489345e+03
1.240822471600970175e+03
5.279224942118752551e+03
7.477667098638492462e+03
4.546312693634357856e+03
2.386550017361567370e+03
3.897113573447781619e+03
3.972856472062705507e+03
3.076666012657763986e+03
8.390684184490559119e+02
9.572887684586687556e+02
1.935972846160832432e+03
7.719969694512875549e+02
1.033775337878729260e+03
4.095239365960767827e+03
6.284143356272406891e+03
4.010175537751468255e+03
1.076527083491647318e+03
5.321032905430932260e+03
3.751743719199188945e+03
8.163494182058551814e+03
3.170896174306797548e+03
9.051151925641047455e+02
2.784768271800598086e+03
6.718465704890807501e+03
3.110228582351845489e+03
2.569000746360769881e+03
3.053159022264529085e+03
5.333692803684254613e+03
8.934376214396733076e+02
4.493345280838968392e+03
3.656716414509249262e+03
4.597043927103341048e+03
8.099823769854505144e+02
9.219940263635471638e+02
4.135666454263406195e+03
4.245017139697444691e+03
4.547648239584181283e+03
4.770300893883664685e+03
5.081230911969518274e+03
4.943615500926468485e+03
9.291090732099126399e+03
6.591080207778072690e+03
7.689028674153755674e+02
4.659481006896370673e+03
5.855308944232254362e+03
4.460626547967958686e+03
5.925884882527370792e+03
6.293916042309194381e+03
6.052914468266932090e+03
8.564749177126566337e+02
3.439897425644223404e+03
3.908511921584880838e+03
6.211355353578324866e+03
2.370182462678195407e+03
3.122630551714260037e+03
2.957943246386685132e+03
2.667815904525190035e+03
2.958144033677986499e+03
2.864937762007087258e+03
3.679818814959957308e+03
8.323345272499716884e+03
4.956604807582101785e+03
3.411051684319217657e+03
3.039553941437003232e+03
3.604225810764583912e+03
2.289651780009010508e+03
2.744662281111515313e+03
3.552594246586496411e+03
5.582422872684514005e+03
5.520201151460536494e+03
5.496610622951016921e+03
4.013045773407517117e+03
5.457692041716141830e+03
3.790559247932482776e+03
3.098485063665672442e+03
5.920694152291702267e+03
5.214560976104620750e+03
2.788752520343785818e+03
2.092305615120855236e+03
3.790831173035290703e+03
2.402183486094409545e+03
4.920326138900855767e+03
2.186480715099017743e+03
4.466215920151907085e+03
2.780153246536791812e+03
4.510785960624883955e+03
5.226328723112914304e+03
4.322304676483581716e+03
3.504213748702994053e+03
5.148162540596238614e+03
6.137394960453677413e+03
3.745830181076956251e+03
1.375759618313414194e+03
2.973028444577619666e+03
7.368403439605959647e+03
3.028086876418574320e+03
4.299817126161031410e+03
5.861949994954544309e+03
6.015119092053816530e+03
7.550702726408150738e+03
4.618412456048237800e+03
5.098317472384388566e+03
2.990552431362344578e+03
4.980894997668739961e+03
6.635771152994333534e+03
2.551017703400911159e+03
5.477954632981745817e+03
5.891179830993465657e+03
9.859280493558046601e+02
5.603951877199373484e+03
6.147376153144883801e+02
3.082858874185031709e+03
1.242726085871050600e+03
3.593796761163590872e+03
3.240329872695263475e+03
5.501793101663388370e+02
4.607716219197775899e+03
6.053651247343726936e+03
3.838500264324609361e+03
1.815071177505624973e+03
3.026608603488492008e+03
2.955300775051898199e+03
2.553895049877823112e+03
5.456761488918858731e+02
7.561828368481337748e+02
2.125656015444475543e+03
1.049239189562375486e+03
9.981324265585246849e+02
3.532065749854124988e+03
4.992998218262944647e+03
3.439342674047073160e+03
7.655050592633203905e+02
4.656946134660094685e+03
3.151966636919882603e+03
6.179244218198470662e+03
2.124349295500127027e+03
8.748386973311096426e+02
2.093989027365008951e+03
6.069816346160836474e+03
2.394021884362068704e+03
2.073970575885064136e+03
2.548477008445760930e+03
4.319976577595871277e+03
9.995253382832443094e+02
3.850855314603871648e+03
3.078896418431408620e+03
3.838694720292893180e+03
1.056181451709260500e+03
7.794376323281828718e+02
2.694146034760081420e+03
3.420804020060623770e+03
3.847821866178923301e+03
3.224832451123179908e+03
3.415219392400880679e+03
4.260078033472853349e+03
6.243919540382069499e+03
5.375499422643469188e+03
9.411748394272641463e+02
3.741206494748494151e+03
3.789896566392830209e+03
3.488786350252826196e+03
4.373909377382651655e+03
4.811202229620249454e+03
4.664049744833210752e+03
1.273996975570184304e+03
7.595302756849456273e+03
1.035474433092775143e+03
4.309628256548976424e+03
1.049048315514769911e+03
4.635683914012337482e+03
4.628253076217164562e+03
1.292952573717999257e+03
5.631454413510256927e+03
8.116844897732966274e+03
5.375849958314664036e+03
2.692220925313202770e+03
4.449531102312135772e+03
3.808104109895912188e+03
3.247306007117395893e+03
4.771904889577908762e+02
7.531249485773366814e+02
2.027645203643685363e+03
1.074087279646587149e+03
1.041724059735049650e+03
5.053912597033107886e+03
6.173921203272815546e+03
4.811530907651981579e+03
6.752441869364283775e+02
6.495206294965029883e+03
3.908741361432129452e+03
5.993153707690809824e+03
3.192616175851357184e+03
4.154853528455764717e+02
3.125737875738438561e+03
7.562595605460006482e+03
3.069082463247282249e+03
2.749219129744929887e+03
3.742666248935607655e+03
5.493273802144467481e+03
1.278680102552892549e+03
5.348033032410878150e+03
4.837486703080361622e+03
5.832522623684983046e+03
1.335736223078090461e+03
6.768518136882476028e+02
3.686718311918568361e+03
4.390715968274902480e+03
5.901489944461772211e+03
5.400893341239830079e+03
4.263305114161870733e+03
6.610185020735300895e+03
8.878533074119490266e+03
7.289741449909811308e+03
1.080525545099666942e+03
6.284946281238834672e+03
5.175697478829196370e+03
4.940671071555495473e+03
5.513246634817192898e+03
6.314812637801711389e+03
5.461559615882575599e+03
1.010133693764613326e+03
6.340042078640738509e+03
1.942566736001034315e+03
6.314133645163949950e+03
7.579533447515148509e+03
4.350164553126626743e+03
5.089541758919556742e+03
2.572405739796054149e+03
8.511122043272986048e+03
3.565754882203676061e+03
5.029005519364646716e+03
1.278919532687569244e+03
1.189282292703336316e+04
2.772169050828657419e+03
4.929419265642767641e+03
5.388619358771535190e+03
6.090923210592067335e+03
6.266677058994211620e+03
7.346039626346739169e+03
2.509012919784937822e+03
9.723806507837978643e+03
2.573408709351980633e+03
6.204808258577591914e+03
4.273362650408511399e+03
6.158357855607840975e+03
9.751293766600165327e+03
7.482608242266998786e+03
5.944912493840045499e+03
2.787587198539616111e+03
2.148746106918733858e+03
4.118796018067270779e+03
8.153460146211946267e+03
2.393147501047550577e+03
4.754441793511767173e+03
7.733308169976727186e+03
2.656273289821006983e+03
1.644756914846990412e+03
3.390982474977743095e+03
7.096827993149907343e+03
6.640771939013136944e+03
5.508206561025864175e+03
4.435778176836580315e+03
7.088577119496488194e+03
6.691451313277490044e+03
9.966895015707308630e+03
3.328982417039138909e+03
1.766254605122880821e+04
7.929082156697628307e+03
5.923905139169419272e+03
2.732576579329924243e+03
1.229186019419341028e+04
6.324215420316978452e+03
1.710166314487120326e+04
7.006335982716316721e+03
8.783436960923816514e+03
6.897794831031748799e+03
3.032170093554012055e+03
8.014160165808384590e+02
2.876247491595433075e+03
2.996464388090242664e+03
5.892017510150026283e+02
4.675769364052392120e+03
6.495796703371693184e+03
3.948939608542173573e+03
1.586991617817006954e+03
3.212675411687492669e+03
2.151177257424235904e+03
2.298535870531356068e+03
5.074191288212946347e+02
8.355687724065619477e+02
2.943527173642639809e+03
1.748081179419818454e+03
1.383350511468758214e+03
3.616476555697823642e+03
4.006624867105700105e+03
3.547452414029791271e+03
6.900037510156394092e+02
4.609368568236617648e+03
3.076053306840295591e+03
4.728921362105207663e+03
1.363920937663196355e+03
1.024935449602743120e+03
2.099833625041281721e+03
6.106220636251550786e+03
1.921056818468730853e+03
1.948682345225219706e+03
2.423473046711931602e+03
4.557606685861613187e+03
1.571136865359248759e+03
4.241280088282375800e+03
3.290084282275541227e+03
4.204768237516449517e+03
1.931561067000567846e+03
1.083365922565883920e+03
1.929424179221728991e+03
2.804389117306962362e+03
4.162543430271490251e+03
3.220515173514489106e+03
2.716209018860930428e+03
4.850853678690707966e+03
4.790312948984693321e+03
5.577585431938737202e+03
1.528670611478891260e+03
4.369078773089328934e+03
2.747460202878756718e+03
3.242725318845479705e+03
3.760406482437602790e+03
4.262666512201200931e+03
3.955081770785234312e+03
2.133687199480541040e+03
3.593342407326198554e+03
4.104057240869022280e+03
1.794930075341716474e+03
2.507497218233636886e+03
9.036146483822959681e+02
4.697899860140209057e+03
3.500635689707401070e+03
2.297618313966840105e+03
3.073979441071875272e+02
6.478601795740503803e+03
2.558021470428166140e+02
2.449835765161620657e+03
2.663855486672550796e+03
4.008303997881824671e+03
3.246749136760558486e+03
4.329434832266164449e+03
4.051535151065663740e+02
6.241920435970166182e+03
5.301402382409664824e+02
3.589055129094055701e+03
4.404642713275383358e+03
3.374218821584202487e+03
6.667229080697508834e+03
3.739946998409954176e+03
3.507947359524517196e+03
1.655400721730379473e+03
2.802928137014696404e+03
1.180722360492498183e+03
4.934457624161156673e+03
1.425410798983787117e+02
4.562677682183688376e+03
4.935151091782260664e+03
3.258304784456318885e+03
1.799759146267553433e+03
3.146908291600248049e+03
4.799688173181693855e+03
3.893234507594953357e+03
2.501524370018979425e+03
3.668893229658343898e+03
3.588925732702282403e+03
3.477092054384834228e+03
6.062182952662806201e+03
3.310413559684512165e+03
1.033425769645211767e+04
4.118819542643084787e+03
3.757924173019911905e+03
2.849878349127533511e+03
5.985878609222035266e+03
4.009218532927530759e+03
1.051969312084597368e+04
4.050845604080690464e+03
5.523941300197435339e+03
4.463348069642739574e+03
3.863489825352403386e+03
2.705960073534565709e+03
1.274910038953653839e+03
4.304587702672193700e+03
6.490260469112941792e+03
4.343722711600501498e+03
2.214535203215835736e+03
3.727251289022613491e+03
2.755623471590891768e+03
2.656767101919513607e+03
5.980392346174253362e+02
1.127188792753214557e+03
2.868716213757295009e+03
2.061121887404303834e+03
1.915659077093160249e+03
3.952530690722746385e+03
4.721048584743668471e+03
4.092327970029308290e+03
7.838811278899238459e+02
5.370781657405952501e+03
3.424764030528149306e+03
5.703347862631177122e+03
2.282807025571384656e+03
7.217283240217295770e+02
2.332294272572481532e+03
6.576209529267359358e+03
2.389790384433330928e+03
2.720168381365489950e+03
3.025680450215381370e+03
4.554472019773442298e+03
1.984694040861137182e+03
4.459884902500746648e+03
3.488234205551879313e+03
4.578901252296796883e+03
2.194333030458347821e+03
1.247292352936028237e+03
2.940509457036296226e+03
3.580237396933215223e+03
5.043262110909518924e+03
4.346472548140927756e+03
3.089162193517818650e+03
5.135752882027280066e+03
6.411492860425396429e+03
5.836241207114297140e+03
1.663018818157138412e+03
4.873807670373982546e+03
3.604459823054424760e+03
3.765325928994745937e+03
3.795332930233213574e+03
5.038205540395400931e+03
4.887666823176268736e+03
1.971234841787352025e+03
4.575673447779076923e+03
2.791568409654928018e+03
5.581847925518419288e+03
1.435483515261487082e+04
5.306300211453632983e+03
6.527815554133875594e+03
4.178913162223219842e+03
4.445094730937344139e+03
3.386930684543743155e+03
3.900859535237600085e+03
3.825614634639785436e+03
5.628414433083369659e+03
5.409294887876141729e+03
4.919433472275255554e+03
4.609658727436019035e+03
9.059293210199903115e+03
4.807358687648948035e+03
3.468477903050563782e+03
6.058331272100581373e+03
7.337409256118784469e+03
6.419499991028756995e+03
3.156726237125627904e+03
4.505438643786999819e+03
2.311142585845045232e+03
5.976121232116981446e+03
3.326666076759414864e+03
6.303316817638458815e+03
3.939240090407397474e+03
5.194766147109352460e+03
6.233943009284323125e+03
4.881980390790646197e+03
3.843320511760521640e+03
5.660232796747957764e+03
6.235650881033192491e+03
4.693198515659183613e+03
3.101215937723921343e+03
3.028018154968016461e+03
1.022837720314071339e+04
3.607817458709697803e+03
7.929464819352104314e+03
6.443926243675257865e+03
8.713069722094629469e+03
1.279378585783678682e+04
4.881923997228217559e+03
5.119156543095322377e+03
3.637354290507678343e+03
7.893666657242330075e+03
8.713715693603535328e+03
2.105312283141293392e+03
9.063765290236377041e+03
6.476331765422569333e+03
3.440361519642479834e+03
1.236717284315709776e+03
7.309944251929940947e+03
5.710769891200525308e+03
3.483933012642678023e+03
1.818738311481494748e+03
4.873849042787283906e+03
1.289158444339376729e+03
2.995228469746589326e+03
4.030170452128259058e+03
3.456231119500570458e+03
5.021580044621812704e+03
5.305095823407066746e+03
1.573541418675053137e+03
5.299031943983323799e+03
1.473931533788680781e+03
3.291121925420115986e+03
6.619109748036324163e+03
4.993726731543885762e+03
5.324064331453300838e+03
3.098694854414765359e+03
3.750282866635419850e+03
2.738541538028688592e+03
2.551613207296340079e+03
9.673857709686574253e+02
4.889661025994500960e+03
1.301026784450831883e+03
5.245822729534101200e+03
5.019622074331549811e+03
4.308807867554547556e+03
3.213637962894407792e+03
5.658332479822680398e+03
5.124044014721677740e+03
4.093859520011029872e+03
2.933706261119808914e+03
4.250123673358651104e+03
6.615917093172223758e+03
2.890188329153203995e+03
4.844160167241519957e+03
5.565687331716958397e+03
7.282676233626707472e+03
7.122795805125504558e+03
3.858823667912251949e+03
5.197580173176593235e+03
4.109259955547977370e+03
4.597540436706991386e+03
8.043309600411123938e+03
4.172494508707008208e+03
5.430944872619922535e+03
5.190139049716379304e+03
4.371064956819094732e+03
5.182044133438955214e+03
3.308081760215745362e+03
1.763116739124592641e+03
2.463843890630647365e+03
2.933796357332287698e+03
2.103621684027637457e+03
7.033129880116406412e+02
6.548481248489238169e+02
2.967040012520897562e+03
1.283976525031447181e+03
1.118057872020551713e+03
2.985731127296619889e+03
5.122107837387260588e+03
3.263148539990189420e+03
1.127448965670670077e+03
4.093339279965704009e+03
2.905459972238202681e+03
6.171041254823539020e+03
1.961821160752401283e+03
1.180033199164114421e+03
1.727107069331420917e+03
6.564891689039265657e+03
2.197603637736046039e+03
2.725029535749747538e+03
2.182470103124791422e+03
3.893814496062536818e+03
1.777678983203045618e+03
3.884612536672272199e+03
2.791335939815959591e+03
3.409705653148477722e+03
1.964052835314988897e+03
1.430863242924766382e+03
2.153769764577907154e+03
2.892366276466451382e+03
3.649465620100399519e+03
3.535066914602013640e+03
3.300149949200897026e+03
3.973442832900354460e+03
6.354528688061263892e+03
4.359850679891726031e+03
1.756075974017839371e+03
3.278800565648214615e+03
3.114588805925966426e+03
3.528028119494900238e+03
4.617800007498746709e+03
4.084746072533967890e+03
4.618795047313280520e+03
2.027831731590668369e+03
8.926707329931698041e+03
4.844506863412439998e+03
3.961365619250541840e+03
8.799496560515742658e+02
7.053506740915230694e+03
1.020676257883978337e+03
3.838107638322177081e+03
4.509837879812155734e+03
4.447541787598990595e+03
5.594061870822224591e+03
6.493686922006196255e+03
1.111954417025861403e+03
6.621821460823868620e+03
9.172515418558607507e+02
4.806170028637277937e+03
6.237388844730102392e+03
5.188580400883413859e+03
7.494891226260884650e+03
4.863639142018933853e+03
4.479636774179973145e+03
2.567805684125006337e+03
1.880646260868349600e+03
1.574447300683115145e+03
6.358177749032842257e+03
9.366894126655704440e+02
4.701089261168986923e+03
6.534266213152068303e+03
3.993684004557044318e+03
2.684302598566920096e+03
4.792644042603880735e+03
6.456675791942599972e+03
5.177530797270457697e+03
4.248013042501761447e+03
4.659761853546653583e+03
7.002843928387588676e+03
4.251270950616913979e+03
6.299492809507984930e+03
4.956437755638530689e+03
1.076673509724299583e+04
8.319697097003809176e+03
5.013518031319065813e+03
4.512938621747186517e+03
6.440258689904705534e+03
5.148657144362843610e+03
1.111515116226953978e+04
4.846602370320117188e+03
7.013597882486022172e+03
5.839051493152568582e+03
7.031676557474143010e+03
4.044271284107445354e+03
3.574351712665340074e+03
1.299443440596048640e+04
6.118795354017223872e+03
4.204677761760853173e+03
4.805042917556624161e+03
7.874811647376052861e+03
6.444344636895096301e+03
8.478750520391975442e+03
6.204196939709123399e+03
1.223533946117309097e+04
9.688359265757990215e+03
5.026161516374053463e+03
8.322673228246500003e+03
7.139801153405651348e+03
1.900010697699035154e+04
6.955011754272844883e+03
6.370813816044846135e+03
3.963182698525346495e+03
1.291076664841958700e+04
7.209958728041578979e+03
8.647600010017578825e+03
5.061216789636652720e+03
8.553237040725802217e+03
7.814596766501455932e+03
6.803111356845445698e+03
5.027097153680025258e+03
5.778660031732623793e+03
6.242318896563703674e+03
6.446901632626964783e+03
5.436694107649833313e+03
7.295658181555219926e+03
5.851952035440082909e+03
7.435731580984800530e+03
1.195363362973154290e+04
4.079686616643214620e+03
1.914836707362925881e+04
2.077276958925900203e+02
4.409754304693146878e+03
4.728009736650601553e+03
1.476089308554287527e+04
6.718400696010741740e+03
2.091665765048610774e+04
1.427783198475094468e+04
8.827311573457296618e+03
6.788394519866163137e+03
3.518351655656041657e+03
3.312869858632367595e+03
8.220792934355367834e+03
3.417398173199461326e+03
3.215985787914728917e+03
3.231365857096386208e+03
5.790557124129790282e+03
4.147404869192403567e+03
4.690661381372054166e+03
4.838459818237219224e+03
7.504910656427726281e+03
5.250504913656215649e+03
4.455188848616466203e+03
5.013031068888152504e+02
4.658469983317660081e+03
1.015842801334349497e+04
5.203941940705783054e+03
4.192068884397838701e+03
1.166554963734001831e+03
7.486531654185681873e+03
4.354178887226765255e+03
6.127344982993134181e+03
3.617667931831113492e+03
1.639185884078221534e+03
5.432470902912373276e+03
1.099625233372466937e+03
1.016572152912400952e+03
2.904148895328155504e+02
5.202652197347234505e+03
4.821179679231436239e+03
5.156835453459352721e+03
1.234498683251425291e+03
5.355468456910059103e+03
6.570522000872648277e+03
7.260288516562273799e+03
7.659016530101966964e+02
1.288813432978022138e+04
6.084439410672852318e+03
4.622067647713173756e+03
7.107423388906992159e+02
8.065777473897021991e+03
5.267447996879226594e+03
8.262914024282445098e+03
5.222390462069750356e+03
7.265989603694730249e+03
5.131139546570859238e+03
2.335368879905232461e+03
4.595373846261749350e+03
2.164377583782709735e+03
1.370425340785014441e+03
1.789008741171967358e+03
3.900230538511389568e+03
2.480913976726140390e+03
2.937495640464168901e+03
3.203325113216134014e+03
1.399349090908912103e+03
3.167370647844698397e+03
2.305705142654724114e+03
4.562490283068857025e+03
8.284407912124643190e+02
6.283488858691758651e+03
2.706142556020075972e+03
2.278785074291026376e+03
1.914561355261584595e+03
6.593161731125175720e+03
2.448120332615815187e+03
1.074523266117155345e+03
1.987369150136903500e+03
4.482966802825088052e+03
2.699370465117997810e+03
3.797436631733067770e+03
2.687604277771789839e+03
3.212243965185757133e+03
3.157298135143117179e+03
1.801666200839867997e+03
3.402877078274516862e+03
4.005891929213104049e+03
1.117562073053900122e+03
5.221994579631842498e+03
1.415205072664798536e+03
3.355082469398596913e+03
6.361721402051531186e+03
3.645611929498391873e+03
2.626061607027530499e+03
3.199221639104572205e+03
5.024420294788231331e+03
6.650547100294048732e+02
4.654374534643693551e+03
5.867004118360616303e+03
1.312451615194407850e+03
3.108499202817814876e+03
6.573510866553821870e+03
7.378849662919825505e+02
2.433945222575313892e+03
2.789382374563790108e+03
4.154732146793829088e+03
3.570383970360401690e+03
4.528335110997770244e+03
5.323246475112267717e+02
6.367252972370963107e+03
7.082992053661457703e+02
3.421001111657630645e+03
4.063716663199829782e+03
3.752596521146171199e+03
6.714295317261254240e+03
3.569021690459756883e+03
3.441890826660977837e+03
1.469322882005755446e+03
1.699083051643842737e+03
1.540960751759612549e+03
5.070375320397602081e+03
5.598574834228541022e+02
3.942760047356685391e+03
4.870211119636134754e+03
2.655793956989328763e+03
1.453914548428482703e+03
2.864929582258525443e+03
4.552265112675662749e+03
3.811290947856036382e+03
2.874404678666601740e+03
3.189956968462321584e+03
3.950632336502302223e+03
3.455158810002550126e+03
6.141709796652119621e+03
2.733400545053680617e+03
1.094434041695359520e+04
3.428675925289432143e+03
3.429410547645028146e+03
2.249523453133488147e+03
6.131218758383818567e+03
4.002177022148413016e+03
1.106786973850283903e+04
3.848133410582652232e+03
5.636656164307034487e+03
4.450465221773356461e+03
5.104799218476524402e+03
2.585882918108942704e+03
3.816245106559086253e+03
6.011074398153068614e+03
5.554558101238408199e+03
5.212507186455522969e+03
7.483471471642860706e+03
7.536910383455911870e+03
7.052870130543352388e+03
2.788755002279588098e+03
9.393912250720859447e+03
7.107525859551131362e+03
7.049880106134643938e+03
8.709534888888167643e+02
3.300876773049731582e+03
4.865216281858330149e+03
8.602673926914867479e+03
3.890410371306855723e+03
4.862314216564858725e+03
5.314481012672091310e+03
7.587966388292615193e+03
4.342259120683864239e+03
7.943335760635929546e+03
7.423782409799550805e+03
8.867162861957249333e+03
5.331806256869290337e+03
3.601916013626488166e+03
4.075300851494966082e+03
5.436492850442306917e+03
9.968746312982915697e+03
4.737993521929431154e+03
5.582530702910518812e+03
1.008453887994823526e+04
5.905633187492299840e+03
1.200428707294193919e+04
3.892757425539233736e+03
8.707232927604798533e+03
2.972716084769054305e+03
6.844825108450966582e+03
6.321583942857411785e+03
4.802343427524358049e+03
7.843452550676808642e+03
5.269500822950569273e+03
1.995757574057215834e+03
2.237897470724718005e+03
3.239710475669774496e+03
2.892430453331630815e+03
3.724099623701597011e+03
5.947391088187789592e+02
5.049120318992052489e+03
7.593063836145969390e+02
2.978671952682409938e+03
4.357602960363743478e+03
2.936716689915544521e+03
4.646509752790377206e+03
3.142509957084032976e+03
2.828943207448204703e+03
1.397634398185695545e+03
3.091118592787360740e+03
5.669082153634385577e+02
4.076657343631588446e+03
2.096731577827708861e+02
4.059020651866717344e+03
4.325792745686052513e+03
3.222423941904582080e+03
1.859523314495153045e+03
3.330777158437147591e+03
4.374862525846041535e+03
3.205275161524898067e+03
1.917709830148183528e+03
3.173707224824357581e+03
3.849538600722828050e+03
3.265537988479982232e+03
4.564527825202585518e+03
3.726426361748699037e+03
8.130481704662644916e+03
5.073490525190539302e+03
3.392083333890725498e+03
3.245087469769219751e+03
4.280094585780924717e+03
3.576075217255411189e+03
7.982356600272117248e+03
3.639183485924433626e+03
4.650449064178915251e+03
3.914252812212820572e+03
5.154123405167617875e+02
1.889946688654668833e+03
9.008757101132277967e+02
9.385305362696079783e+02
2.999797452117978537e+03
4.657141235591134318e+03
3.160281764224855579e+03
4.526455316775513893e+02
4.295050466957491153e+03
2.649339643826240717e+03
5.638733088132155899e+03
1.929957110981167943e+03
2.570805971779373067e+02
1.538572763026319535e+03
6.073323457623367176e+03
1.970516647365292556e+03
2.017897571559647531e+03
2.087730482769615264e+03
3.824971909439665524e+03
8.883937964298726229e+02
3.341851512080554130e+03
2.514999094342931130e+03
3.106624611746794471e+03
1.025329471754954284e+03
5.674720145128974309e+02
2.493268637807858340e+03
3.085540511049465294e+03
3.420564457674222467e+03
3.775010169603750001e+03
3.155414249543453479e+03
3.435803040407579374e+03
6.905212232201040024e+03
3.746202736848065797e+03
8.031706228110742813e+02
3.152215106474819549e+03
3.591093358811808230e+03
3.142344026502622455e+03
4.071229601539060695e+03
4.798433933864846040e+03
4.649168968806661724e+03
9.017957404753778974e+02
1.754665545422123159e+03
5.792979857845432434e+02
5.456688529203663620e+02
3.221917096330290406e+03
5.689530531360434907e+03
3.534964227204740837e+03
9.097132276116108187e+02
4.351397344480908941e+03
2.729833724402395092e+03
6.464657645359471644e+03
2.802476125559672710e+03
7.600308933632923072e+02
1.721729790769562669e+03
7.346485267787300472e+03
2.670724440741238141e+03
2.606430640958719778e+03
2.411154188763006459e+03
4.395095469375712128e+03
1.209934114672636724e+03
3.911958480776943361e+03
2.598781183949019578e+03
3.189359831213894722e+03
1.296279693208875869e+03
9.068702796381886628e+02
2.604669991017022767e+03
3.362042860297097377e+03
3.262931717536209362e+03
4.413896975735979140e+03
4.203094186235784946e+03
3.625653727800900924e+03
7.939207117768530225e+03
4.058345149681435942e+03
1.327634212053825195e+03
3.350349643258666219e+03
5.048195039350904153e+03
3.746500505724241066e+03
5.334603450640208393e+03
5.408324786800485526e+03
5.351592433674359199e+03
1.151322645341741918e+03
2.223116350874137424e+03
2.465430978835703172e+03
4.572336480815602044e+03
8.469923448387149620e+03
4.610809377037812737e+03
2.099436209651500121e+03
7.137433407948159584e+03
4.929658532873760123e+03
8.147470395811626986e+03
4.832178553279218249e+03
1.780442539717319960e+03
3.591366749699977845e+03
5.816138785597835522e+03
3.433202313187766777e+03
4.011345787545024905e+03
3.596688480513199465e+03
6.044173857422618312e+03
2.106139147755124213e+03
5.254861977746625598e+03
4.682299343514430802e+03
5.794258391350252168e+03
1.962925286377084603e+03
1.900165440073656328e+03
5.163568718080476174e+03
5.425707169987467751e+03
6.306058323432154793e+03
6.056906150904322203e+03
6.899884287647063502e+03
6.087444556017875584e+03
1.213166188649657488e+04
7.492871172014104559e+03
1.730600378926148551e+03
5.727008930556558880e+03
7.432456139339157744e+03
5.748509980744695895e+03
9.686253106036498139e+03
7.342525531574646266e+03
7.588717435730768557e+03
1.835400039991320682e+03
3.771881681284166916e+02
3.910608014136937527e+03
7.757928108686769519e+03
4.398825763744240248e+03
1.437654734863559042e+03
5.208858841875189682e+03
3.734392601306625693e+03
9.109467861470531716e+03
4.147380128883721227e+03
1.052208415120540849e+03
2.627629811027214600e+03
8.810877484571083187e+03
3.722632123032501568e+03
3.279592608648096757e+03
2.967200406271817883e+03
5.812692916238136604e+03
8.365470336620342096e+02
4.736472018933392064e+03
3.350227685452196965e+03
4.000574286482892603e+03
7.672970836434121793e+02
1.028887740436482545e+03
4.599682074796707639e+03
4.808095492725697113e+03
4.145556574376891149e+03
6.812673559371277406e+03
6.171700099631850208e+03
4.462766514852567525e+03
1.342513834627028700e+04
5.517341627669242371e+03
1.266388303538946275e+03
4.196108212213523075e+03
7.397588500505680713e+03
4.994956080032405225e+03
7.750518333071680900e+03
6.931491956905027109e+03
7.106276864584204304e+03
5.662427955983321226e+02
4.846139110532676568e+03
7.556358380384684096e+03
5.045942932194813693e+03
1.211960849475535952e+03
5.903992015816616004e+03
4.049571235603325476e+03
8.566865260884012969e+03
4.285504844967948884e+03
1.018639606033478003e+03
3.331194552008224491e+03
8.878725972227983220e+03
4.177222352885722103e+03
3.446920638767126547e+03
3.937846020705118463e+03
6.213940072872787823e+03
8.948552117276858553e+02
5.591771811973985677e+03
4.342149567891485276e+03
5.029373272583763537e+03
8.212693419140739479e+02
1.079960018208702195e+03
4.574813154479877994e+03
4.905657828355993843e+03
4.847416398705589017e+03
6.491775104680878940e+03
5.522057730429996809e+03
5.894638976302665469e+03
1.099035870319082642e+04
7.160509978487504668e+03
1.483800975370586229e+03
5.304040333676581213e+03
6.953783178280655193e+03
5.283000537233083378e+03
7.022954994357762189e+03
7.141302969263786508e+03
7.108600234998506494e+03
9.679901907830219443e+02
6.722272411434449168e+03
6.447741782738202119e+02
3.782511400636212784e+03
5.638849308650005696e+03
4.017259557822793795e+03
7.350756591786160243e+03
4.069608196878833496e+03
3.859090812216816630e+03
2.213430325844388335e+03
2.089442228674227863e+03
1.426937196865875649e+03
5.537757843412234251e+03
5.510139526160706964e+02
5.430013128191501892e+03
5.394817528331580434e+03
3.970073941333949733e+03
2.241332809560351052e+03
4.465075974453649906e+03
5.328599558340298245e+03
4.403535394557766267e+03
2.678181456260425875e+03
4.334301761050330242e+03
4.623475051906749286e+03
3.012041358844428032e+03
6.892454118290670522e+03
4.638183332070804681e+03
1.112061972301020614e+04
5.531553636644798644e+03
4.010844542613182966e+03
3.883874113457395197e+03
6.269602146940048442e+03
4.467488269369887348e+03
1.159047010623987444e+04
4.527582993199988778e+03
6.275045095497907823e+03
5.122100673731003553e+03
5.857939585325892040e+03
5.301371605941540111e+03
8.368260487581481357e+03
2.868542826546281958e+03
8.422105287384623807e+03
5.143983481896144440e+03
5.743038148729438035e+03
4.949200896869222561e+03
8.288431635745102540e+03
4.151598432321007749e+03
3.226672454200275297e+03
5.152275524487704388e+03
7.134191048261475771e+03
6.612761042092522985e+03
7.008416163993883856e+03
6.344422027166897351e+03
7.709966784989353982e+03
8.152503701988262037e+03
5.196354560772082550e+03
6.225425650134242460e+03
6.253758343515946763e+03
3.657835606586428185e+03
7.296361078507463390e+03
1.916956649658871811e+03
8.328423282863375789e+03
7.795753048809106986e+03
1.122429585115862210e+04
6.583975868797909243e+03
7.947026291838082216e+03
6.823687650107916852e+03
1.143638499415952538e+03
5.785674783805021434e+03
7.959334570310855270e+03
1.329700006588568385e+03
8.175939016756477940e+03
4.223739973874998213e+03
6.125045343398922341e+03
4.513761405168919737e+03
6.334134526320385703e+03
4.124757683907313549e+03
4.024667239058181167e+03
2.669852180277505795e+03
1.494269872846467706e+03
1.370366947894629220e+03
5.168260662420660083e+03
4.057264215018274172e+02
5.731843511749492791e+03
5.260310415661664592e+03
4.271063151106396617e+03
2.663718820837192197e+03
5.065358067834500616e+03
5.639816302617595284e+03
4.599811825506119931e+03
2.974016157852692231e+03
4.650127085936417643e+03
5.456120536202673975e+03
2.597475310804956735e+03
6.041501635757927943e+03
5.507432143518669363e+03
1.005147046123994187e+04
8.726779989530004968e+03
4.336484522511010255e+03
4.525089707657160034e+03
6.145095181306949598e+03
4.702689681886653489e+03
1.017175889364965406e+04
4.767463963785929081e+03
5.914001750937031829e+03
5.490371912606347905e+03
5.107695782169235827e+03
3.564691567145950557e+03
6.455139619175964981e+03
2.104432412258966451e+03
4.020191440999574297e+02
2.265424630800560408e+03
6.069445981236181979e+03
2.651039828700144881e+03
2.280468426453333450e+03
3.155731349209903783e+03
4.557278303941615377e+03
1.043005374905612825e+03
4.207018397813490083e+03
3.340036298391725722e+03
4.351963354732301923e+03
1.019996890247114379e+03
5.801237235007192794e+02
2.795930955567509955e+03
3.542219638941679023e+03
4.532851049417664399e+03
3.424394810340043477e+03
3.933752392248446995e+03
4.551244821388168930e+03
6.515531746714976180e+03
4.707994827827471454e+03
6.131926963665948733e+02
4.345291743986646907e+03
3.932732401390329869e+03
3.707196944145712223e+03
4.793251217819360136e+03
5.266603974937087514e+03
4.923771566747568613e+03
1.105626299679404838e+03
5.945530998604832348e+03
1.057892577527233880e+04
5.842264875545979521e+03
5.284911927914576154e+03
1.722916135252397908e+03
7.677934697009299271e+03
5.165327057211447936e+03
6.816588853551325883e+03
4.573462091916673671e+03
2.115963244426403890e+03
6.367805723133112224e+03
1.079858408223239849e+03
1.438623591232079434e+03
3.413148954247391202e+02
6.541291067572783504e+03
5.550499886503191192e+03
6.300103767123643593e+03
1.685737965729688085e+03
6.610765377919513412e+03
7.307187995170543218e+03
9.122173995744504282e+03
5.497856469018344114e+02
1.530789478398019492e+04
7.550017669930510237e+03
5.567099266887540580e+03
6.969837833354077929e+02
9.910647787657164372e+03
6.250961802267569510e+03
9.576058802383147849e+03
5.692244488112285580e+03
7.908635652520601070e+03
6.223018457752657923e+03
9.453785295621557452e+03
4.710014760567633857e+03
3.378698094756390674e+03
2.933542880193472683e+03
8.442838027217319905e+03
3.554545838890144751e+03
1.468948329407212441e+03
3.054880382193504374e+03
5.549518713517394644e+03
4.292770698699000604e+03
5.003539579839418366e+03
3.817444740232371714e+03
4.566096462321921535e+03
4.727434573237124823e+03
2.888569281226986732e+03
4.976717272284697174e+03
5.197619891567490413e+03
8.362152287437195355e+02
7.242369203936003942e+03
3.368680075059202863e+03
5.056886319895546876e+03
9.006650600035538446e+03
6.211605407696597467e+03
4.234159585161895848e+03
4.896693430584569796e+03
7.326740201685877764e+03
1.026581266420400425e+03
6.936942979561848915e+03
7.128283036995769180e+03
1.993038066079985128e+03
4.523231692048397235e+03
5.106566286899379520e+03
7.074405083689027379e+03
6.754532668433455001e+03
7.596096885536869195e+03
3.961237152425213026e+03
8.153774026873757975e+03
5.766379209490733956e+03
1.019843847169221226e+04
8.849243498297744736e+03
9.543736100016792989e+03
7.816460582630168574e+03
1.044644707720137376e+04
1.037352619511416924e+04
6.933964261299159261e+03
3.092650265704594858e+03
6.726756870555560454e+03
1.280741073820765996e+04
5.398470503960207679e+03
6.889662303852837795e+03
1.111317016649225116e+04
8.162276228749215079e+03
1.731269552811330141e+04
7.955867713346321580e+03
1.020363680799644499e+04
5.257940932964234889e+03
9.432063721998445544e+03
1.152849019541370035e+04
6.135072994603792722e+03
8.471493049042768689e+03
1.024225133798058778e+04
2.787949944241418052e+03
2.546549875898978826e+03
5.683642247231669899e+03
2.328633581402001255e+03
3.486370262951993936e+03
3.115873202566305281e+03
5.099754235158770825e+03
3.664865313492050518e+03
4.710861868917685570e+03
4.219632292391854207e+03
5.263510542361073931e+03
4.426089546747753957e+03
2.828757911930244518e+03
2.058762847745294039e+03
3.204546868589159203e+03
6.059920184202248493e+03
2.333083409766910336e+03
4.019603675705893693e+03
5.786637515873704615e+03
4.300749800078643602e+03
6.465944240427533259e+03
2.881446617146384142e+03
4.857107795507592527e+03
1.209543424618034805e+03
4.171636342273317496e+03
5.521301248966912681e+03
2.664254368797553525e+03
4.913347458765472766e+03
4.253183792998334866e+03
2.277265733453024041e+03
6.703379599253050401e+03
2.711258959076365500e+03
2.526930337798225082e+03
3.047111929487535235e+03
4.462880900527212361e+03
8.731000789448653450e+02
4.177133985930460767e+03
3.384706728375796047e+03
4.265296329624688951e+03
8.870383039342025313e+02
5.552647977329229434e+02
3.719515894583773843e+03
3.971063945650002552e+03
4.770978926908378526e+03
4.843364466014205391e+03
4.072226140514322651e+03
4.701552781963723646e+03
8.637858865279493330e+03
5.779207407953642360e+03
6.422354947486201127e+02
4.406639610507410907e+03
4.867852792218418472e+03
3.986430329034900751e+03
4.778962898630049494e+03
5.872576911964681130e+03
5.763853472832494845e+03
6.528957460941201134e+02
3.783541229388130887e+03
1.666415014244894564e+03
4.026465518369524943e+03
1.701416782893198615e+03
1.097205428167944547e+03
3.820155563453208288e+03
9.114826416490442398e+02
7.156805521480321204e+02
9.961695637888351484e+02
3.507643218545053969e+03
2.779203326502737582e+03
2.542869985216583245e+03
7.052761209201712518e+02
3.506087150078732520e+03
3.014739451155644929e+03
4.765115480538862357e+03
1.153614573602942528e+03
7.762858814434201122e+03
3.666214976842362375e+03
2.404929456960511743e+03
9.491253489526636713e+02
3.225101044161621758e+03
3.231819136146679739e+03
5.474156678218094385e+03
2.487343001424046633e+03
4.781554956944573860e+03
3.408050147494204339e+03
2.762945218294295046e+03
7.725004735845130199e+03
2.581573985449286738e+03
6.374736617869093607e+03
8.652424257636024777e+03
4.251618234210654919e+03
3.489254659390875076e+03
6.757026570667116175e+03
8.512278942597822606e+03
7.314173197366753811e+03
5.416327944623997610e+03
4.953768417853066239e+03
1.067898074016088685e+04
3.948591145735088503e+03
9.003026128402470931e+03
6.416338544615397950e+03
1.257345094618745679e+04
1.279618841429068016e+04
6.214994021853914091e+03
5.673832564749829544e+03
7.844845110928676149e+03
7.245336792053522004e+03
1.379750422792431345e+04
5.890443638619831290e+03
8.425912977007958034e+03
8.856456269281683490e+03
3.678365432927433176e+03
7.926430880851377196e+02
4.099303239796377966e+03
4.340832484582648249e+03
3.650572636523139408e+03
2.703525228188025721e+03
4.415700871437242313e+03
4.625686506272263614e+03
3.216428986124370113e+03
1.841176126761581145e+03
3.098547264964180158e+03
5.187995945378197575e+03
2.338974757815657085e+03
3.874067997544754235e+03
4.738289907566182592e+03
5.991560855776288008e+03
6.291665229820295281e+03
3.152512649191047785e+03
4.214760199199468843e+03
2.704365743674737132e+03
3.612886239644604757e+03
6.468970652534261717e+03
3.534431264988626481e+03
4.444570817413648911e+03
4.255662601748310408e+03
4.257954917353430574e+03
6.375565867032802089e+03
2.396007793777289407e+03
5.842638632085357131e+03
5.243690179104789422e+03
6.290424500173306114e+03
3.365601914469922121e+03
1.529501455602088299e+03
4.487371674789963436e+03
5.005637950095448105e+03
2.309244031523956892e+03
5.965592027866543503e+03
3.093105493243723231e+03
6.941814105973438927e+03
7.239486848498832842e+03
7.933613128663181669e+03
2.958128905942835445e+03
6.446986890556108847e+03
6.394079279850067905e+03
1.852724528892057378e+03
5.657022236411890844e+03
7.231503657554109850e+03
2.771114203795017602e+03
3.336633925639175686e+03
4.579252114508180966e+03
4.349518684460505938e+03
3.415004288206959700e+03
2.014330509000784105e+03
3.372992125471482723e+03
4.386426685941071810e+03
3.471987956105267131e+03
2.070942439782514612e+03
3.701504580344352689e+03
3.464654981644702275e+03
2.737777545055779683e+03
4.960753020099529749e+03
3.624255386315351188e+03
8.225385050414557554e+03
4.375595432864411123e+03
3.368451220786645081e+03
3.162491226672499579e+03
4.862234880742874338e+03
3.523308224749243436e+03
8.399480222049520307e+03
3.871039978650566354e+03
4.866233362206323363e+03
4.031266020412887883e+03
6.557794257817673497e+03
1.003703657662777232e+03
1.716513653251541427e+03
1.343487006123071296e+03
6.287713041527761561e+03
5.295834456583335850e+03
5.845607764469563335e+03
1.501157135163746943e+03
7.628308949456211849e+03
6.331803973815047357e+03
6.333970078242726231e+03
1.435845984932518149e+03
1.132052702330968350e+04
8.067983577808374321e+03
4.769428473359890631e+03
1.306983944297861399e+03
6.155075095409250025e+03
5.689201273331092125e+03
6.762846326672313808e+03
5.296106485606511342e+03
7.237015695837371823e+03
6.149704813253378234e+03
5.599111838053937390e+03
4.760866966526470605e+03
5.540165812018103679e+03
4.670511606863096858e+02
7.319282036627018897e+02
4.977794011636347932e+03
5.275097958662738165e+03
5.053378125176706817e+03
6.520613831074686459e+03
4.985653856842465757e+03
6.076446412886563849e+03
1.055885756799902811e+04
7.063852877037266808e+03
9.458613196439026751e+02
5.682962619081677985e+03
7.204373294364819230e+03
4.818234424223084716e+03
6.534680034231430909e+03
7.742488180160962656e+03
6.666109777836760259e+03
6.229062548417900871e+02
7.381207373844430322e+02
6.052191485971527527e+02
5.169071567343720744e+03
4.709664441895511118e+03
5.313030467407460492e+03
1.130892567549872638e+03
5.993367468266402284e+03
5.607154523911575779e+03
7.401755898438204895e+03
4.952720672045655874e+02
1.249109039994805789e+04
6.599229027771254550e+03
3.852502130707518518e+03
5.167311637746153110e+02
7.368895334625936812e+03
5.008560879083815053e+03
8.877260879720692174e+03
4.653976433851825277e+03
6.676512319647446930e+03
5.218964776596065349e+03
8.974663316480069852e+02
4.432775601490082408e+03
3.919452249935593045e+03
3.592433016700852022e+03
1.335438523701956456e+03
4.048240993315152537e+03
4.300826458582927444e+03
6.586187769689451670e+03
9.584131866389232073e+02
1.094131151746701835e+04
4.568312405682239842e+03
3.412361443607270303e+03
7.314449609142366171e+02
6.794220598115442954e+03
4.235397198482452040e+03
8.548165192992957600e+03
3.874949162357448131e+03
6.260797455208483370e+03
4.413542852487175878e+03
5.029721656826856815e+03
4.803144427485970482e+03
5.420979400697844540e+03
1.376559009304553911e+03
4.857146991040232933e+03
6.480618316941850935e+03
8.207589626437813422e+03
2.584633871338094195e+02
1.419886922214274091e+04
5.282811364884012619e+03
4.114262407517659085e+03
2.974792422047022455e+02
8.603826200448067539e+03
5.104526663732478482e+03
8.778570593185801044e+03
5.310760957665745991e+03
7.454714865006697437e+03
5.112040112202087585e+03
9.430468935321117669e+02
5.592846919493284986e+03
5.582037125778433619e+03
5.141027665595673170e+03
6.592720600980987911e+03
6.212315469291802401e+03
5.323536962978796510e+03
1.253991115831310890e+04
5.911255780130958556e+03
5.700411433866956941e+02
5.031921818016780890e+03
8.051364478735655211e+03
5.334713609696768799e+03
7.751123850877068435e+03
8.449174130204955873e+03
7.664762138169773607e+03
3.355810314343966638e+02
3.518398416453576829e+03
4.322063274165131588e+03
3.820738677231868223e+03
4.873923113250720235e+03
3.832254338595254922e+03
5.282381336160917272e+03
8.302643818996604750e+03
5.957712362328931704e+03
9.506885574213837344e+02
4.965739964225020231e+03
5.251739690737056662e+03
3.408849322326307629e+03
5.583754525116631157e+03
5.945294788620363761e+03
4.707829300669347504e+03
7.519725008169286866e+02
3.090561096640952201e+03
5.029633309947007547e+03
1.832146640449911956e+03
5.307038066756558692e+03
5.262070869514200240e+03
5.937964491415716111e+03
4.602027350334614312e+03
4.229784160850616900e+03
5.039238218040976790e+03
3.129875314173291372e+03
4.917767585735178727e+03
8.798583371623317362e+03
3.306924302246208754e+03
5.192598111256602351e+03
5.341332839627802059e+03
6.686683510324548479e+03
4.209739199697444747e+03
5.875744316064216036e+03
1.795308901106631765e+03
8.441942451067803631e+03
6.523829679363552714e+03
4.327421140915892465e+03
1.357773506564540639e+03
4.400334918879048018e+03
5.323400923707921720e+03
6.768090238592361857e+03
3.378167054713597281e+03
6.052879180729289146e+03
5.470596895237460558e+03
7.370745103196152741e+03
5.291530192451393305e+03
5.005542385117813865e+03
1.049522336339810863e+04
5.208302788340487496e+03
4.668797413178304851e+03
4.821709711137776139e+03
1.108329230629991616e+04
1.129189960491222564e+03
1.030636420731012186e+04
9.556181275971230207e+03
2.152414127816696237e+03
5.420189745082944683e+03
7.420942470181546923e+03
6.516799857669726407e+03
5.916606742746693271e+03
7.317702937043433849e+03
4.272349175632702099e+03
5.520464128324353624e+03
3.301203265776995977e+03
5.762305623029220442e+03
9.733494584921709247e+03
3.554459878436925464e+03
6.307285638067979562e+03
6.839376508094524979e+03
9.390528004253670588e+03
6.941435819384410934e+03
1.059681912380060567e+04
5.403083005854559815e+03
8.433467485241664690e+03
5.400582994422969932e+03
2.609196755608993044e+03
4.914535341322546628e+03
7.482455549170032100e+03
2.767170188412757398e+03
6.246651310647866921e+03
1.527103613389418751e+04
4.078652740301010908e+03
3.861751720834062326e+03
3.782382297694791760e+02
9.776848162864920596e+03
5.318331923735819146e+03
1.009699070665434738e+04
5.866579704613930517e+03
7.786459561076806494e+03
5.526026730502716418e+03
1.743181712508854980e+04
9.965979453643252782e+03
1.431062362104696513e+04
5.354760300457703124e+03
7.185154166819329475e+03
7.695254633470633053e+03
8.509382045733909763e+03
7.244584267099014141e+03
1.358485411127979023e+04
4.501117054969879064e+03
4.503637767975008501e+03
1.332378619293635347e+04
6.287716243509828928e+03
1.837560586536000119e+04
1.286464909615600845e+04
8.352313300429867013e+03
6.259036428566666473e+03
3.841148207240138163e+03
5.368123080400615436e+03
4.268676237469620901e+03
6.323217933384166827e+03
6.331981993978060018e+03
6.371006024821588653e+03
7.857493419481528463e+02
7.922325723980358816e+03
5.126263219933243818e+03
9.851729386013921612e+03
4.569807891928631761e+03
7.519393347925684793e+03
5.283524209135564888e+03
6.743489194900630537e+03
6.020047440995673242e+03
2.847454823490174022e+03
7.543606619108652012e+03
8.109943964778858572e+03
6.846332068905981941e+03
7.249675768235944815e+03
7.732728991782255434e+02
5.281887816747170291e+03
8.742200698433052821e+03
7.414624715435769758e+03
7.634597967360343318e+03
8.148205668832926676e+03
8.134225870357866370e+03
7.668832128762900538e+03
