0.000000000000000000e+00 3.300000000000000000e+01 1.378334100028514513e+02 2.000000000000000000e+00
1.800000000000000000e+01 4.800000000000000000e+01 1.425410798983787117e+02 2.000000000000000000e+00
2.400000000000000000e+01 6.300000000000000000e+01 2.077276958925900203e+02 2.000000000000000000e+00
1.000000000000000000e+00 3.000000000000000000e+01 2.205362770784809072e+02 2.000000000000000000e+00
2.900000000000000000e+01 7.300000000000000000e+01 2.572140377156937916e+02 3.000000000000000000e+00
5.300000000000000000e+01 6.100000000000000000e+01 2.584633871338094195e+02 2.000000000000000000e+00
1.000000000000000000e+01 7.200000000000000000e+01 2.832741518924707975e+02 3.000000000000000000e+00
8.000000000000000000e+00 1.700000000000000000e+01 3.313993171687332051e+02 2.000000000000000000e+00
5.400000000000000000e+01 7.100000000000000000e+01 3.355810314343966638e+02 2.000000000000000000e+00
1.100000000000000000e+01 3.400000000000000000e+01 3.393629878150552486e+02 2.000000000000000000e+00
6.500000000000000000e+01 7.700000000000000000e+01 3.634615034704431764e+02 3.000000000000000000e+00
4.300000000000000000e+01 7.500000000000000000e+01 3.817038064739330139e+02 3.000000000000000000e+00
7.000000000000000000e+00 6.400000000000000000e+01 4.023244602620237629e+02 2.000000000000000000e+00
1.200000000000000000e+01 1.400000000000000000e+01 4.650425893424664991e+02 2.000000000000000000e+00
3.800000000000000000e+01 8.300000000000000000e+01 4.692169747027520543e+02 4.000000000000000000e+00
2.000000000000000000e+00 6.000000000000000000e+00 4.701997192565265777e+02 2.000000000000000000e+00
2.500000000000000000e+01 3.900000000000000000e+01 5.013031068888152504e+02 2.000000000000000000e+00
2.700000000000000000e+01 3.500000000000000000e+01 5.323246475112267717e+02 2.000000000000000000e+00
3.100000000000000000e+01 8.100000000000000000e+01 5.577615583687074832e+02 3.000000000000000000e+00
5.000000000000000000e+01 8.000000000000000000e+01 6.054429093317648949e+02 3.000000000000000000e+00
5.500000000000000000e+01 8.600000000000000000e+01 6.124938042769723552e+02 5.000000000000000000e+00
5.100000000000000000e+01 8.200000000000000000e+01 6.241562066104830819e+02 4.000000000000000000e+00
4.200000000000000000e+01 8.700000000000000000e+01 6.431886869537756866e+02 3.000000000000000000e+00
7.800000000000000000e+01 9.000000000000000000e+01 6.636262290799833181e+02 6.000000000000000000e+00
2.600000000000000000e+01 6.700000000000000000e+01 6.650547100294048732e+02 2.000000000000000000e+00
1.500000000000000000e+01 9.200000000000000000e+01 6.709416798024950594e+02 6.000000000000000000e+00
2.200000000000000000e+01 7.900000000000000000e+01 6.864117098732830300e+02 3.000000000000000000e+00
3.700000000000000000e+01 7.600000000000000000e+01 6.996321444789545012e+02 4.000000000000000000e+00
4.400000000000000000e+01 5.700000000000000000e+01 7.052761209201712518e+02 2.000000000000000000e+00
8.900000000000000000e+01 9.900000000000000000e+01 7.184726304124204717e+02 6.000000000000000000e+00
4.000000000000000000e+01 5.800000000000000000e+01 8.362152287437195355e+02 2.000000000000000000e+00
2.100000000000000000e+01 4.600000000000000000e+01 9.673857709686574253e+02 2.000000000000000000e+00
5.200000000000000000e+01 9.300000000000000000e+01 1.001917427325596805e+03 5.000000000000000000e+00
3.000000000000000000e+00 1.000000000000000000e+02 1.014046157542731180e+03 3.000000000000000000e+00
4.000000000000000000e+00 6.600000000000000000e+01 1.030490790110893840e+03 2.000000000000000000e+00
8.400000000000000000e+01 9.700000000000000000e+01 1.050524300849295514e+03 8.000000000000000000e+00
7.000000000000000000e+01 9.600000000000000000e+01 1.183027566645218258e+03 3.000000000000000000e+00
2.300000000000000000e+01 1.010000000000000000e+02 1.183218808543901332e+03 7.000000000000000000e+00
9.000000000000000000e+00 9.100000000000000000e+01 1.228362135107030326e+03 4.000000000000000000e+00
8.800000000000000000e+01 1.040000000000000000e+02 1.235012417079405623e+03 7.000000000000000000e+00
8.500000000000000000e+01 1.070000000000000000e+02 1.255326977669541975e+03 1.000000000000000000e+01
1.900000000000000000e+01 9.800000000000000000e+01 1.357655389049427640e+03 4.000000000000000000e+00
1.300000000000000000e+01 5.600000000000000000e+01 1.375759618313414194e+03 2.000000000000000000e+00
3.600000000000000000e+01 1.080000000000000000e+02 1.434096058098655931e+03 4.000000000000000000e+00
2.800000000000000000e+01 9.400000000000000000e+01 1.439772533937787102e+03 4.000000000000000000e+00
4.900000000000000000e+01 1.050000000000000000e+02 1.591173701455373475e+03 4.000000000000000000e+00
1.120000000000000000e+02 1.130000000000000000e+02 2.091581378148994645e+03 1.400000000000000000e+01
2.000000000000000000e+01 6.900000000000000000e+01 2.105312283141293392e+03 2.000000000000000000e+00
1.600000000000000000e+01 4.500000000000000000e+01 2.148746106918733858e+03 2.000000000000000000e+00
1.030000000000000000e+02 1.090000000000000000e+02 2.166536811994861182e+03 9.000000000000000000e+00
4.700000000000000000e+01 1.020000000000000000e+02 2.181863001688511304e+03 3.000000000000000000e+00
6.000000000000000000e+01 1.150000000000000000e+02 2.697660097801342999e+03 5.000000000000000000e+00
9.500000000000000000e+01 1.180000000000000000e+02 2.714567372544781392e+03 2.000000000000000000e+01
1.110000000000000000e+02 1.170000000000000000e+02 2.774375986090577499e+03 1.100000000000000000e+01
5.900000000000000000e+01 1.140000000000000000e+02 2.778454508002528655e+03 3.000000000000000000e+00
3.200000000000000000e+01 1.100000000000000000e+02 2.851867607929066253e+03 5.000000000000000000e+00
1.240000000000000000e+02 1.270000000000000000e+02 3.893215305250284928e+03 2.500000000000000000e+01
1.060000000000000000e+02 1.160000000000000000e+02 4.145278582333624399e+03 6.000000000000000000e+00
1.190000000000000000e+02 1.260000000000000000e+02 4.174576376339536182e+03 5.000000000000000000e+00
1.200000000000000000e+02 1.210000000000000000e+02 4.184498486952652456e+03 1.100000000000000000e+01
1.220000000000000000e+02 1.230000000000000000e+02 4.349069603621845999e+03 8.000000000000000000e+00
1.290000000000000000e+02 1.300000000000000000e+02 6.012263764457457000e+03 1.100000000000000000e+01
4.100000000000000000e+01 1.330000000000000000e+02 6.962332703952366501e+03 1.200000000000000000e+01
6.200000000000000000e+01 6.800000000000000000e+01 7.695254633470633053e+03 2.000000000000000000e+00
5.000000000000000000e+00 1.340000000000000000e+02 8.985849859062125688e+03 1.300000000000000000e+01
1.350000000000000000e+02 1.360000000000000000e+02 1.017175171272862644e+04 1.500000000000000000e+01
7.400000000000000000e+01 1.250000000000000000e+02 1.149983877914235381e+04 1.300000000000000000e+01
1.310000000000000000e+02 1.380000000000000000e+02 1.421478091914874130e+04 2.400000000000000000e+01
1.280000000000000000e+02 1.320000000000000000e+02 1.512216395697090047e+04 3.300000000000000000e+01
1.390000000000000000e+02 1.400000000000000000e+02 1.987127127200584437e+04 5.700000000000000000e+01
1.370000000000000000e+02 1.410000000000000000e+02 2.471913961310569721e+04 7.200000000000000000e+01
