2.925836568955941885e+01
4.544865204293758154e+01
9.449080771854623606e+01
7.542779061142626063e+01
1.655448468125630654e+02
5.381221923629573212e+01
3.915936321322072189e+01
4.404513277656110404e+01
2.686932769949968502e+01
1.409003626773226792e+01
1.542898382828444070e+01
1.835824713429615329e+01
9.091317618873540596e+01
2.475113737145854031e+01
2.861853507827861165e+01
1.343612118976166414e+02
3.982698453813019057e+01
8.092075110322255682e+01
3.844177997043173889e+01
9.419096896117170559e+01
8.449213744956590233e+01
2.919427807542011877e+01
1.099836382250478835e+02
1.370489267953846309e+02
8.669693101165663052e+01
6.779263996796241543e+01
9.014801023962428417e+01
5.035625718665443173e+01
7.483087758782073706e+01
3.464292222702162150e+01
1.118785059291734711e+02
1.839361846232970521e+01
5.577535452086896584e+01
5.990318124539289357e+00
1.694011993250747139e+01
8.884578198974296015e+01
1.030308518400110671e+02
9.199220460173773972e+01
3.481005834927501752e+01
9.647314166649705669e+01
7.642352540114301007e+01
9.393920392561156518e+01
4.931624581054614964e+01
2.973743602323662572e+01
7.635960221158676120e+01
1.184642413725620571e+02
7.751702943124664102e+01
6.432361124165763044e+01
7.590635184769180910e+01
1.009648998352385263e+02
2.117458050729701924e+01
8.104464018132763670e+01
1.003660294169640679e+02
8.543611273879083967e+01
8.967918065698063401e+01
6.716217825941653530e+01
1.901951507879560666e+01
3.601683654420870795e+01
6.966720093068730080e+01
9.502526422624289637e+01
8.374529284162747444e+01
7.153159493647807210e+01
8.597035903804622592e+01
9.428046542270080010e+01
1.177973698710305115e+02
1.183415031710109702e+02
2.639300129288167440e+01
9.540287370787480370e+01
6.356252231353644078e+01
9.195448474802860517e+01
1.081486320634776632e+02
1.150205194903177670e+02
1.024058696059219926e+02
1.574487094210671678e+01
3.075490928946077318e+01
8.750456298605807604e+01
6.340061886416630443e+01
1.563800857594063132e+02
4.050100499739754412e+01
3.244295714531673980e+01
2.395829370401519398e+01
5.181703929791549967e+01
2.215326258472916265e+01
2.740212754941798323e+01
2.592905546968134445e+01
8.214775901437785421e+01
1.399576553489553277e+01
1.550071980613798317e+01
1.205062117029946052e+02
2.121495812771299683e+01
7.531255109036662532e+01
2.316689982845344886e+01
8.697671636166018061e+01
7.794610999710418753e+01
2.482987522561351668e+01
1.096059254178045705e+02
1.334837255654877595e+02
8.281526636444178280e+01
4.793249012290792166e+01
8.302506486852074374e+01
3.425566156347837676e+01
6.937895598627375193e+01
1.930864427765440183e+01
1.019972507865275020e+02
1.745336031809525679e+01
6.004655631570356888e+01
3.041556106494388345e+01
3.089144955642565904e+01
8.108011681922970126e+01
8.344011816269031101e+01
8.077516620195669361e+01
2.021465327985966809e+01
8.926492560603156790e+01
6.272872956828901891e+01
8.870779686111688989e+01
2.793440927703257159e+01
1.907581537318033682e+01
7.010312473392748700e+01
1.101350374891307666e+02
6.723832885070416410e+01
4.430863094547577674e+01
6.798220320798652949e+01
9.316135441342630941e+01
2.585856745557522984e+01
9.320114080434261439e+01
9.267929489860689785e+01
8.279426328714677652e+01
8.302334002081012443e+01
6.590711876968880745e+01
3.615996881860494483e+01
2.495520832089374963e+01
6.587947482790217180e+01
8.326892709354893896e+01
7.155241046815224593e+01
6.775814510584611128e+01
6.016191820133052204e+01
8.581042739738356318e+01
9.703835068118125662e+01
1.117190361602849293e+02
3.079891847643116165e+01
8.721881856020888790e+01
5.556315017682720736e+01
7.067741885685676095e+01
8.578380701236758910e+01
1.114505775623642450e+02
8.113709841836067937e+01
3.260177764862487493e+01
8.834960216092987650e+01
6.706771643421946294e+01
1.482032970513407406e+02
2.202889404989156219e+01
4.078583364937500733e+01
4.058265729310911496e+01
6.855437697592482493e+01
4.167486817264750698e+01
4.906628866454110494e+01
4.911730773939969197e+01
7.009708010171988235e+01
3.735027002888806891e+01
3.630209584811837686e+01
1.277684771203146425e+02
2.800203838741862583e+01
7.579725672145164594e+01
2.832732170432797503e+01
8.345383811292954590e+01
8.157925190143056682e+01
3.012962998974391837e+01
1.087514215565799844e+02
1.615106978927533419e+02
8.762294917043621467e+01
5.381059069289024421e+01
8.051396965243851866e+01
4.017209710254110178e+01
7.092680075171514886e+01
2.544713758596312303e+01
8.732674923321658866e+01
3.474940119923638804e+01
7.900904575507107097e+01
5.062048734456280386e+01
4.891918032870681543e+01
8.030034396044987943e+01
9.666211348619567900e+01
9.123025746390496238e+01
3.123425988950855015e+01
9.386725743620414164e+01
7.527403406594773116e+01
9.086538817062553619e+01
2.115296232880704963e+01
3.506410735222256392e+01
7.017861388341354711e+01
1.142591032015947548e+02
6.610254411859263257e+01
5.269257498237477222e+01
7.054223168217124851e+01
9.110050381029205369e+01
4.991044428950223732e+01
9.873809005734493383e+01
9.425329077930996391e+01
8.344648052416506800e+01
8.671967824509462730e+01
7.164834205708899617e+01
4.893449214103532086e+01
4.903107823832830547e+01
5.896137851539218389e+01
8.524862062146908670e+01
8.306777426929878061e+01
5.942976364302040793e+01
7.366545682622025026e+01
8.674751658577496016e+01
9.308659380850758680e+01
1.424322600468248652e+02
4.149899024894608601e+01
8.689849288508921177e+01
4.747539679827107761e+01
8.484410179159485210e+01
1.000985139496090142e+02
1.061116739922886438e+02
9.390288493675606674e+01
4.815205994623944008e+01
8.459706419634771635e+01
1.068752130273578871e+02
8.420955977211276888e+01
8.446754816880459771e+01
9.141540552530334196e+01
1.350630536810244848e+02
9.624261733993397172e+01
1.054497582313432247e+02
1.070472593592094341e+02
5.956377878166617279e+01
9.065642589953932884e+01
9.315211157141686726e+01
8.653222685621706489e+01
8.894252500165302422e+01
8.072519535795181866e+01
8.841400340024944171e+01
7.090488149095418180e+01
8.445738557858513218e+01
7.694958438239619625e+01
1.021430542364234100e+02
1.639197485142873632e+02
3.861489761958228684e+01
9.289648804326880338e+01
6.702450721902586395e+01
1.094558138203032200e+02
8.308351888446935618e+01
8.275297447623540847e+01
1.049534468406248493e+02
8.667344928494325984e+01
1.228962814619988251e+02
1.000367085572074473e+02
1.083655225074641635e+02
9.092265784648981253e+01
1.401899253169534632e+02
1.133206072902551540e+02
9.272584756238859427e+01
4.083489573839696618e+01
1.108676578315210151e+02
9.359716258440572290e+01
8.828216320108498394e+01
9.330177584627980991e+01
2.708658945894110204e+01
9.912844699111681734e+01
8.160565229722111269e+01
1.219152410636626058e+02
8.913054774628238874e+01
2.148377501306944382e+01
1.141903099499199357e+02
1.617173979773893393e+02
3.311324164915319557e+01
3.834792501359848416e+01
2.954883750461779357e+01
7.380738980771833724e+01
1.107008148635877802e+02
1.032301258907858283e+02
7.326759074181002518e+01
1.919588971908923725e+01
1.132018728554462683e+02
8.708181904722218292e+01
1.178455401628844612e+02
2.863620439004372997e+01
1.344005641900980095e+02
1.427725331804816733e+02
9.419398585888335163e+01
3.178118714977305359e+01
6.699285106593866601e+01
1.154210305240661967e+02
1.359485151860905034e+02
5.017683211381574182e+01
1.281424039638744716e+02
1.053595756130199845e+02
1.317778784629522875e+02
6.334110738897187787e+01
9.257648031888808760e+01
6.850945137784084693e+01
1.114933237943631354e+02
7.593973868129684490e+01
8.350723307635179538e+01
8.171903364884319387e+01
7.683236253622310130e+01
6.873229099533901376e+01
7.629791211541230211e+01
1.376888362326695017e+02
7.235374870124242364e+01
7.189707176179621229e+01
7.562019826925653376e+01
1.076842678256313235e+02
7.694311693360651816e+01
5.924375911854804144e+01
1.115553000087605966e+02
2.709373894131720135e+02
8.842372698875341541e+01
7.763080174138494272e+01
8.065613551250524438e+01
9.612048845135477393e+01
6.595607124247329978e+01
7.583426953507166957e+01
9.951252985251710470e+01
6.794801183626172758e+01
1.160914758685759836e+02
8.206040579507597954e+01
8.983409006220738036e+01
8.166181145816520370e+01
1.048246721894102365e+02
1.009349491883879040e+02
9.091627319563090737e+01
8.191158880946906606e+01
9.314179882987509984e+01
9.193319670081481831e+01
6.958612974369265203e+01
8.240313703563296599e+01
6.768679881548109734e+01
1.128094928122782079e+02
6.645796585247744304e+01
9.781689858392714143e+01
6.439527444036073689e+01
8.505126547587289565e+01
9.288318751440014864e+01
1.503707269462683485e+02
9.126698166636006704e+01
7.912280266848435417e+01
7.701687428169911698e+01
2.877858432672007893e+01
9.583637145693010950e+01
8.446411538979329237e+01
5.432711427418644945e+01
8.408518123796682175e+01
9.487352215924207144e+01
5.517438460755932539e+01
1.056927716882740924e+02
8.258202633376090773e+01
9.776119004021445846e+01
2.232771939364415346e+02
8.720182908536926902e+01
8.754713833266448830e+01
2.739104137975496300e+01
9.407802241706282587e+01
7.127928569009795012e+01
9.986279171877393424e+01
9.887804266914096729e+01
8.843669126771932554e+01
1.378763155324166405e+02
1.668167387241488200e+02
1.560249779734110689e+02
1.965603417969306008e+02
1.633462247322677285e+02
1.638602969928397783e+02
1.709228196845652406e+02
1.310245682033312278e+02
1.589375830377350667e+02
1.620519136153939712e+02
1.428552535323850066e+02
1.505250533999166294e+02
1.560954882250445053e+02
1.513950325591978299e+02
1.430830573283006117e+02
1.578664968350060462e+02
1.462701344102402743e+02
1.599955600254411934e+02
2.552566603010506867e+02
9.950414100175970589e+01
1.549453392087767725e+02
1.487014579062501127e+02
1.627855549705520275e+02
1.567651216703847012e+02
1.543806544384152915e+02
1.486562771806755165e+02
1.512157329089799305e+02
1.801695921300075725e+02
1.668823315385160981e+02
1.668683353776390845e+02
1.688041002928575836e+02
1.856188873060476681e+02
1.654533361465990424e+02
1.616712217873508450e+02
1.048430840552725982e+02
1.717170402182185001e+02
1.419269258774725415e+02
1.496974733973512173e+02
1.622201548089768721e+02
1.176052223473970457e+02
1.540757509488036874e+02
1.516553556723617930e+02
1.828786351417422225e+02
1.565107231357582123e+02
9.559185247454043122e+01
1.765112090397940108e+02
1.830348607728173818e+02
1.081181259477707215e+02
1.082225716155445525e+02
1.013425436058315228e+02
1.294297283740456805e+02
1.731761703368270844e+02
1.739200435149374755e+02
1.515807086166373665e+02
1.120596343277575215e+02
1.756571422096122035e+02
1.552304359695742448e+02
1.645611003596755495e+02
1.062962421727472702e+02
1.674899384226438883e+02
2.346001886378521988e+02
1.638519740686145383e+02
1.107456084965079413e+02
1.324201477101399576e+02
1.777442047726204919e+02
1.371715996623484273e+02
1.164037096827244113e+02
1.835906562260997816e+02
1.784521255237417847e+02
4.613707992428814464e+01
4.414571865844604304e+01
8.323121516284980714e+01
5.309913248567077915e+01
5.834790956203968904e+01
6.159451528740268600e+01
6.901795980552799392e+01
4.703972760176029055e+01
4.365326262812094882e+01
1.286287947692187572e+02
2.971649114112737777e+01
7.423316081389036469e+01
3.212916792965751256e+01
8.081865179691617129e+01
8.015109771292328844e+01
3.271121930334755490e+01
1.072243203980525976e+02
1.487728816167280002e+02
8.892069216610450155e+01
5.836516130996807306e+01
7.993889239562732030e+01
4.042716640010483786e+01
6.999501927693532366e+01
3.163980139571834016e+01
7.986041232666720191e+01
4.297476890498064961e+01
8.629289796885073827e+01
5.827615793617416529e+01
5.764539176872230541e+01
7.861028204922017437e+01
1.012026563148758243e+02
9.179805212543743664e+01
3.795891275733904280e+01
9.331337871853725119e+01
8.130962864775898424e+01
8.815136951480172911e+01
2.443383856175935165e+01
4.200245004431439355e+01
6.786822425182259622e+01
1.172038154304946573e+02
6.383635240240540298e+01
6.636028520780419626e+01
7.001783055099770081e+01
8.756934892630559375e+01
6.154109513328860714e+01
1.073028715184952375e+02
9.279059933649426739e+01
8.526099742199576781e+01
8.513175991266969334e+01
6.743527132906719146e+01
5.621596691167275850e+01
5.840009040187385381e+01
5.646597930521327413e+01
8.055564686910352634e+01
8.870240209030451695e+01
5.813195404025836410e+01
7.568514763314175298e+01
8.407627309085489742e+01
8.404480997281072518e+01
1.281042637372015349e+02
4.529617591025720458e+01
8.753255675650045475e+01
4.515669759944258033e+01
8.879680127179624094e+01
1.011757723573217476e+02
1.005671427584207436e+02
9.796585339656581937e+01
5.749780769530664770e+01
5.211355634009844806e+01
6.597419805223719891e+01
3.804804861808831618e+01
4.985881888421727126e+01
5.011743268811465413e+01
9.101098682221265790e+01
4.324321031652076641e+01
3.248209637313270548e+01
1.487747574250731475e+02
4.032760730135821348e+01
8.619730843309079660e+01
4.024979134280599880e+01
1.015976573449305960e+02
8.443790830056542518e+01
4.110464655674270062e+01
1.231326686471526131e+02
9.992289248941162327e+01
1.040005491968889828e+02
7.121957977092381498e+01
8.151209384801506985e+01
4.420025739174296575e+01
8.515652715781010329e+01
2.296829938850781971e+01
1.092874472816606328e+02
3.997053642315863442e+01
6.662293202115453994e+01
4.865916537859902036e+01
4.486076735296104800e+01
8.705348234569481747e+01
1.224050983381591777e+02
1.203769002928726479e+02
1.814793775342231541e+01
1.074503444988561824e+02
9.377368238059897010e+01
1.206630055062242519e+02
4.284848525616548187e+01
2.277535471223670882e+01
6.924286007393746445e+01
1.384936266729542922e+02
7.725290855243000010e+01
7.537382775570678461e+01
8.788665910972532913e+01
9.433187439833736221e+01
4.534243245607643757e+01
1.026241975589609297e+02
9.763558633844505152e+01
9.855297070782056323e+01
9.244210502396211382e+01
1.006650278034626638e+02
3.761527024397571495e+01
3.627413151804938707e+01
6.914770218198410134e+01
8.498191905834643478e+01
1.004811121787786021e+02
8.259349093138659725e+01
8.763942939192720871e+01
8.437105665737755089e+01
1.098772567970561482e+02
8.685896661958179266e+01
2.300879244009371050e+01
8.716096426178991408e+01
6.860134815784189755e+01
9.812478498898136081e+01
1.323145671820952884e+02
1.226836970262348814e+02
1.133657933818364398e+02
3.892733030632474112e+01
7.427795463880660520e+01
3.829395944629280280e+01
4.374383203378925344e+01
4.349475630932381875e+01
8.827342087519151903e+01
2.978138700279244588e+01
4.133315850447142736e+01
1.255973407145132654e+02
2.099080880854489806e+01
7.551801208086561701e+01
2.976194971944281420e+01
8.187604074117005837e+01
7.880375107913982902e+01
2.767581298367547404e+01
1.031404579356367606e+02
1.581886930681558852e+02
8.474752942118362853e+01
3.563361959568805304e+01
8.235200810497741486e+01
5.522733664398437270e+01
7.140126731148778561e+01
3.577437514322280521e+01
1.015023516280528355e+02
3.264691628503243237e+01
8.019422861626946997e+01
4.612634841070725145e+01
4.814130566648916698e+01
8.208362355758849560e+01
7.089467156807336323e+01
7.975104076160212685e+01
4.037762694001958863e+01
9.144198527543618127e+01
4.873580560723225119e+01
9.136403181344743984e+01
3.287815476033404138e+01
4.148461314500944042e+01
7.162682721454633850e+01
1.123515959532501967e+02
6.977956398618005096e+01
4.181158597701386981e+01
6.815606752690031556e+01
9.716654631720787449e+01
4.028240287585968815e+01
9.710420112893402234e+01
9.693960697340446586e+01
8.624027582734757402e+01
8.565998441047709377e+01
6.762811046900122847e+01
5.496134528472472169e+01
3.490783440760031198e+01
6.886759086817322384e+01
9.034516984910608528e+01
5.923010471270682586e+01
6.962876058342017416e+01
4.466025245583572456e+01
8.879032105811684517e+01
7.983062502093966373e+01
1.332483259606685237e+02
4.835365348006848052e+01
9.085400239901375130e+01
6.084160967760561789e+01
5.938101199236176342e+01
8.155921738612096306e+01
1.105533200505713012e+02
6.994020504433747476e+01
5.239557131442423810e+01
4.064881624726859854e+01
5.331978400106098093e+01
4.340326023425532753e+01
1.205868904993611039e+02
5.931733247038566503e+01
5.169990863546855309e+01
1.751809630664311612e+02
7.190192599068512891e+01
1.188935071910863712e+02
6.387533258706817207e+01
1.296406433205022495e+02
1.219329109905067838e+02
6.306272132689972665e+01
1.438524815084476245e+02
2.459248179367354794e+02
1.267571813051471992e+02
9.564951604659826501e+01
1.274488090146157191e+02
7.279229657391100261e+01
1.107918483748868681e+02
6.270341131274675206e+01
1.453128201788198623e+02
5.309376129237443820e+01
7.108803733543736314e+01
3.577270210881376755e+01
5.024010010316987263e+01
1.283459065446764669e+02
1.372903826287152924e+02
1.325648154122966105e+02
6.338254531442718331e+01
1.370954994685935731e+02
1.103859932100012315e+02
1.293092267920042673e+02
6.937200532578194156e+01
5.406112461574470984e+01
1.160362961979692926e+02
1.611593536388145367e+02
1.147259011202864230e+02
9.056538297851365371e+01
1.117216940340068305e+02
1.416029210986984594e+02
3.829382153253620658e+01
9.244520246686151665e+01
1.383925434407196065e+02
1.256741312545872802e+02
1.287023582124619168e+02
1.130282496240165386e+02
3.841104188730214020e+01
5.356420027277774665e+01
1.099191781907636596e+02
1.301209226654267468e+02
1.210690990276815029e+02
1.087364488172199799e+02
1.169425171292137549e+02
1.319973235198696102e+02
1.527909629228519748e+02
2.145552785794670001e+02
5.085330545647599365e+01
1.333647570828312325e+02
9.888628292323829783e+01
1.234882582780362981e+02
1.320829010878215684e+02
1.561264309689757113e+02
1.383753350651016945e+02
2.915688007017799777e+01
1.633826705424192838e+01
9.061768728544281615e+00
9.160475918026257602e+01
2.105898227944293311e+01
2.596392465846396291e+01
1.325619989460838326e+02
3.505638523557419717e+01
8.130064863635239192e+01
3.388483582087285129e+01
9.439869306306324859e+01
8.585867903786177635e+01
2.868713057531451227e+01
1.125413883230351217e+02
1.494128127255176253e+02
8.383243271491473081e+01
6.162575658046110760e+01
9.225308391560606935e+01
4.186803660042228614e+01
7.441719593251023923e+01
3.242614171309110560e+01
1.114226172050369996e+02
1.814570799040054183e+01
5.183233814292817954e+01
1.616274484157160529e+01
1.424260742557062720e+01
8.895357418716318421e+01
9.469082223190051195e+01
9.080741896806075886e+01
3.307236982391906821e+01
9.654873041285793533e+01
7.227707079937032120e+01
9.578653403304743108e+01
4.176064216391110762e+01
2.688477488092792456e+01
7.764986268827031779e+01
1.176126801509195303e+02
7.559752227671530989e+01
5.977288183827393908e+01
7.247100628759316976e+01
1.020660586485054466e+02
1.981551549582997751e+01
8.506353526385655073e+01
1.016791411703897694e+02
8.556563878831479997e+01
9.117979862285223192e+01
6.855660513015200763e+01
3.042478981179723618e+01
2.990039425571311682e+01
7.128032536623113913e+01
9.639706075070482427e+01
7.888513202264634572e+01
7.339969318171172574e+01
7.728209083372735222e+01
9.499461439681945762e+01
1.123294814396659831e+02
1.260050621429322746e+02
2.663174015674718476e+01
9.625697104403468529e+01
6.464986531376158041e+01
8.604782668301133697e+01
1.033960909487637707e+02
1.185659002004680218e+02
9.564070329485672062e+01
2.797392120304428076e+01
2.272976281457765424e+01
9.808818547570150770e+01
1.944532766258470957e+01
2.764989637178352666e+01
1.340183120043534473e+02
4.319107496976292992e+01
8.338399798435850130e+01
4.538284710440867542e+01
9.324927564730316476e+01
9.130820218164438984e+01
2.560457087203164406e+01
1.146230214656910391e+02
2.028011204421665639e+02
9.175798213316326724e+01
7.678234455623430676e+01
9.714658016021549258e+01
5.243417519260454895e+01
7.821018414284040432e+01
3.995199825451447850e+01
1.150773059703137733e+02
1.257251049503462603e+01
5.158495902329956095e+01
1.614953766095522525e+01
1.330120187332461157e+01
9.371765071802421687e+01
1.131676432610405243e+02
9.293925892688567103e+01
4.083665678703094670e+01
1.003829022173581080e+02
7.399559269305086673e+01
9.762795628269364556e+01
5.154381702169663981e+01
3.186162687169708008e+01
8.503816479600408229e+01
1.189461724577016781e+02
8.320385281134966249e+01
6.575957970451779033e+01
7.788668863246034846e+01
1.118114125791414608e+02
3.165532071100199474e+01
9.257461979559508336e+01
1.089433958408500587e+02
8.954539742191474261e+01
9.535973913645926814e+01
7.284589298701959592e+01
3.664244430871493563e+01
3.327218463740617693e+01
7.658605537854232637e+01
1.062684253576416324e+02
8.096208950541479510e+01
7.530292245908421478e+01
9.951092488185850016e+01
1.024242907772476059e+02
1.283652015949415386e+02
1.700606870455505373e+02
3.455686082692427874e+01
1.048660165461119789e+02
7.562004272917502590e+01
9.900885793325988971e+01
1.073303465705713222e+02
1.231410342776591023e+02
1.096436174522321920e+02
3.805802361635562647e+01
1.013960591866553216e+02
2.338625555468880890e+01
3.236329430130573570e+01
1.399250836778750511e+02
4.605633366373600524e+01
8.747846632617928719e+01
4.350169272958240185e+01
1.025546595022105123e+02
9.460438831375401492e+01
3.481658747707436419e+01
1.182751402861714780e+02
1.947150195760903273e+02
8.948290103368249504e+01
6.997385488264373521e+01
1.027111733777898905e+02
4.316702072662198475e+01
7.985469348050163774e+01
4.354708390675593677e+01
1.174784044301689647e+02
2.522959815637990388e+01
5.065592277324046933e+01
1.968029803859181825e+01
2.215900752064694146e+01
9.758479163389328903e+01
1.035740570888195720e+02
9.915129800622065659e+01
4.374267079361354860e+01
1.054919727654377652e+02
7.787011891137022701e+01
1.049232702116976697e+02
4.287085537880138020e+01
3.595532200518530175e+01
8.855681562835135878e+01
1.268184233798993574e+02
8.340017941144628821e+01
6.419052578973142431e+01
7.842037981825961879e+01
1.138220124190094964e+02
2.482125904390356297e+01
8.592250587700871733e+01
1.115270930584120208e+02
9.278373059605705464e+01
9.977414917509916847e+01
7.651344109873318189e+01
4.141067330162743332e+01
3.083552325059948274e+01
8.006174049198867237e+01
1.049184410256788169e+02
8.467749179307389795e+01
7.897173636815939801e+01
8.429306828495640502e+01
1.044277274877847361e+02
1.213726021261376502e+02
1.647162772904754036e+02
3.524996100476472094e+01
1.064644095516446498e+02
7.532153215809903202e+01
9.465939628519370785e+01
1.000258138598454565e+02
1.292398930722052626e+02
1.015578238820267813e+02
3.588682869526777353e+01
8.735445897542901150e+01
9.163186822690450128e+01
7.871417870161201336e+01
7.861504498429434307e+01
5.819763189893117072e+01
8.196947188412050878e+01
5.513652820256807985e+01
5.452289226571219416e+01
7.490696639095025944e+01
7.427672839919388537e+01
1.781609331166762331e+02
7.019276826427052640e+01
8.416781955162319662e+01
4.754188472989042680e+01
1.016592597048716584e+02
5.205339865600836902e+01
7.774815910699958010e+01
6.109301139077759757e+01
8.151264480827703096e+01
9.994275960857956420e+01
9.604943917373729789e+01
1.004733955869257045e+02
6.748115713606541988e+01
1.311350077051656626e+02
7.383880334860614880e+01
8.988136603220544885e+01
7.609265536648378259e+01
1.105807240321397700e+02
4.185364565482693422e+01
7.580960482025278679e+01
8.957440305019198945e+01
4.408290855551202725e+01
6.121276692910396378e+01
5.595529250370225327e+01
1.126121580264329793e+02
6.019831917576746605e+01
6.618074893274612691e+01
1.057456484457823223e+02
1.393277295390154222e+02
5.988891920408349989e+01
4.085801411722083998e+01
6.810046499738085402e+01
6.832591667416966175e+01
1.003325315514889837e+02
9.901238214575312213e+01
3.850049998833514309e+01
5.011382227049432458e+01
1.096362421436039227e+02
3.854934425488823280e+01
1.088126226323300898e+02
6.980868920745071193e+01
1.148262533447600049e+02
1.629584214795908963e+02
9.305018867056131171e+01
6.160999082085936607e+01
6.148522317415464755e+01
1.137375119969901363e+02
1.208331200309175131e+02
4.253905820029270046e+01
1.236585267809866764e+02
1.013678146820322468e+02
2.398999954181087446e+01
1.262528892606064659e+02
3.103674902040044259e+01
7.246473448989694077e+01
3.525668832489385807e+01
8.493201794145005579e+01
7.841546067295232092e+01
2.106938568615117546e+01
1.082356172452477239e+02
1.679834547195112293e+02
8.298769760751928004e+01
6.129637771983045980e+01
8.473011600239098584e+01
3.753170445822305368e+01
6.685633936290210499e+01
2.747671512672544125e+01
1.046389067301228408e+02
1.154425627622894091e+01
5.903425302833194621e+01
2.592668974737714294e+01
2.877385404288179060e+01
8.126315806148596721e+01
9.795411474351126913e+01
8.483012859294275643e+01
2.832917642084088072e+01
9.016393922186887266e+01
6.136773013457516157e+01
8.953441470923742429e+01
3.543185014236856745e+01
3.083032593331172677e+01
7.162080316957229797e+01
1.082428073455505739e+02
6.916879724185113787e+01
5.024518271231811184e+01
6.910936875588684813e+01
9.755653785603570327e+01
3.405694181956170041e+01
9.484429526741521954e+01
9.566175727793945782e+01
7.801154828127540952e+01
8.417816807118563815e+01
6.222420542778419872e+01
4.591572667877058933e+01
3.045096317447071854e+01
6.411466225974027111e+01
9.030204927924226865e+01
7.044599050886860425e+01
6.760376966877156235e+01
7.951786561124949060e+01
8.982097113992433890e+01
1.077238349976907728e+02
1.407256124790518186e+02
3.786718180855760352e+01
9.163841709859528351e+01
6.135768457225786676e+01
8.360918537958984587e+01
8.258118355710203673e+01
1.096070873795614489e+02
9.168719443410921599e+01
4.123503417005456839e+01
1.309040574926613942e+02
3.141067496416197713e+01
8.222631885294687493e+01
2.561348406138185041e+01
9.369095380373937587e+01
8.770419563426661114e+01
2.651548425004463283e+01
1.151453733388690921e+02
1.782772494914545405e+02
9.235568370037584884e+01
6.722969606304324941e+01
9.314292110344062792e+01
4.057045999913400891e+01
7.936901428688945259e+01
1.720487953823657179e+01
1.099448237400440433e+02
2.063746701693020569e+01
5.930418644635669523e+01
2.856372958606720758e+01
2.987548869822839137e+01
8.855133659026998316e+01
1.063683271792209695e+02
9.343564494137578436e+01
2.241292139375836356e+01
9.794487342683373754e+01
7.477241326344349659e+01
1.057201789655952808e+02
3.951036143094122366e+01
1.132068789436737077e+01
7.980864751985211569e+01
1.209017461800233519e+02
7.614577679304672131e+01
5.357800678936650485e+01
7.538264122248294541e+01
9.796691674280880591e+01
3.159297844223073426e+01
1.000129917847882837e+02
1.034302969941476107e+02
9.379964789706357919e+01
9.132430366433585789e+01
8.207289570340932983e+01
3.343110367716287357e+01
2.892573137571191566e+01
7.505593672398111948e+01
9.448551313230458959e+01
8.670485560721951401e+01
7.591387113774581508e+01
8.113943462668511586e+01
9.244740359019182563e+01
1.128213375751781200e+02
1.547159547919177385e+02
2.600777613896833529e+01
9.534116384503973052e+01
6.590461348658217844e+01
9.222837994286784635e+01
1.044648919926640218e+02
1.231644132091629871e+02
1.038961477347842646e+02
2.554934066122739367e+01
1.258647256948297581e+02
6.680074981544329660e+01
1.254635264092300133e+02
1.028620727004260971e+02
9.214338257446611635e+01
1.174437920355705955e+02
7.785539287735583969e+01
2.193473644573770969e+02
7.121452652244738601e+01
1.241144962171835857e+02
6.300818439972074714e+01
1.433727931424508597e+02
8.136584357116532829e+01
1.281346769896527746e+02
8.811204146531352421e+01
1.215740240409658952e+02
1.317363298055694827e+02
1.347435139605098584e+02
1.413316144601172937e+02
7.068573336382593197e+01
1.577301509675736213e+02
6.175502685783235535e+01
1.404455712232598330e+02
8.796743899351453422e+01
1.407834877796942692e+02
9.643988797990830619e+01
1.252793732336527341e+02
1.337592940471099894e+02
8.552306624574167415e+01
5.090046048908178733e+01
9.310363747644225896e+01
1.546687048647200982e+02
7.179524424875779687e+01
8.208379526063689013e+01
1.470516851183681695e+02
2.046046103720951521e+02
7.173599395613673835e+01
4.885539039437865938e+01
7.719540682831434708e+01
1.228034579149448007e+02
1.505199641270981488e+02
1.462513555267227332e+02
9.837957501255048953e+01
8.904458585634593248e+01
1.396583736964995239e+02
9.040444114143470244e+01
1.352621019010516363e+02
8.064508692848890803e+01
1.722391177020379587e+02
1.998595655001100795e+02
1.422944817131500201e+02
7.621650758715261986e+01
1.219776779605357149e+02
1.464774673103998737e+02
1.474405302280498518e+02
7.332522090696299699e+01
1.571843440989715361e+02
1.468323342561955940e+02
7.511440725696014908e+01
1.949176917895592709e+01
8.456928745264794145e+01
8.093921012051795572e+01
2.059930267545373894e+01
1.045236034384120671e+02
1.629263636180625952e+02
8.421129846460662804e+01
4.414153817843470051e+01
8.328627125757014937e+01
4.443239393974939588e+01
7.011558014506957193e+01
2.066055949900527722e+01
9.794891596968666647e+01
2.870117194906504210e+01
7.156409288820375991e+01
4.656244739812601807e+01
4.030733778117790678e+01
8.159978101334651512e+01
8.687752692483540784e+01
8.671276442929864459e+01
2.667948528818631715e+01
8.982979047930049887e+01
6.575159015256073758e+01
8.693997576968743601e+01
2.896427446925987326e+01
3.067707792614297801e+01
7.084141393458735081e+01
1.158045876881374312e+02
6.261799434276141341e+01
4.775696462955875177e+01
6.717534021785503739e+01
9.203047703175897709e+01
3.947113537607489064e+01
1.061247537666713185e+02
9.562280012851850586e+01
8.534199623043423344e+01
8.394546213118999844e+01
7.870733637779909486e+01
3.781267318822867907e+01
4.445859078962837430e+01
6.651424861904105512e+01
8.624068078697041528e+01
7.379729181559912377e+01
6.462454969357663970e+01
5.618815467280747100e+01
8.490564375780955686e+01
9.346469826028629768e+01
1.306393513901497556e+02
3.447798821637567812e+01
8.871894227065433824e+01
5.562812658664208953e+01
7.313959645712355950e+01
8.585794498952004972e+01
1.159804645275463884e+02
8.516146654910282621e+01
4.357789405061529919e+01
7.699577998533540324e+01
8.166613658565945855e+01
2.470434857863680023e+01
6.372028014872620361e+01
2.193035571362506531e+01
1.434175691016166354e+02
8.204534241398097549e+01
7.717813201328100092e+01
2.333351412353714949e+01
9.337742270269637856e+01
1.644997463228066437e+01
7.354383889867850144e+01
4.569098911252488193e+01
7.106965852382744231e+01
7.918666585445603801e+01
8.129229777497161535e+01
9.220323804371048482e+01
1.514245426693289787e+01
1.137069001487094226e+02
2.207251713904298285e+01
8.368503242710427514e+01
9.129793574716745752e+01
8.833196224330473001e+01
5.063151166361500088e+01
7.441701477468863857e+01
8.175111987500170585e+01
5.858921574924896447e+01
3.476479853246689089e+01
2.854972610835047320e+01
1.035658536781715071e+02
1.758114776935076762e+01
8.648224199565622428e+01
1.004826113013560160e+02
1.550444286957849442e+02
7.421183619862989644e+01
4.963803266906871414e+01
7.922628688711969858e+01
6.484564968253803841e+01
1.019320827174489210e+02
9.007792581995357750e+01
3.754345497233369144e+01
7.919086369433694017e+01
9.234481069963962341e+01
3.242080397160025740e+01
9.748543327499136524e+01
7.947075741457118170e+01
1.182615162323294840e+02
1.230047290151024413e+02
8.564487928157778640e+01
7.359254577266848685e+01
6.122288805685508351e+01
9.701867440077951699e+01
1.096206789337257703e+02
6.848333181997706731e+01
1.046102347740778242e+02
9.392544596664072287e+01
8.717364436262394634e+01
8.356126798710546666e+01
1.933372779737391056e+01
1.028854209163677353e+02
1.546244187331041076e+02
8.110876284374447209e+01
4.800564126366049322e+01
8.420876358604253653e+01
4.460081794331610183e+01
7.120876960261136901e+01
2.083725076043207736e+01
1.022326722147267759e+02
2.883067781762856185e+01
7.094338485124293925e+01
4.140468128574372741e+01
4.555388104665857441e+01
8.517721717959295802e+01
9.350511229625392673e+01
8.781269958056296332e+01
2.991024732770917183e+01
9.125234586628189959e+01
7.016263255004936639e+01
9.486666343495494402e+01
3.247223933617782876e+01
2.427865392600406125e+01
7.020052093819019490e+01
1.168018163318051279e+02
6.733907150415339515e+01
5.113958256050880635e+01
6.694416107142754413e+01
9.476004114244642551e+01
4.334095397512388814e+01
1.094758571945797172e+02
9.547365318132203527e+01
8.528499889160511316e+01
8.528443962181813731e+01
8.236029137759376795e+01
4.306731953782025357e+01
4.217287798383990349e+01
6.802558269476804753e+01
9.001853105473587391e+01
7.900768653202374026e+01
7.036793568030627455e+01
6.289545420607314696e+01
8.464499458208669580e+01
1.068793841602980450e+02
1.330172048949013401e+02
3.203889161590938528e+01
8.819011531912700264e+01
5.960887826502471398e+01
7.943812724704926609e+01
9.587568336335890251e+01
1.171003221719675338e+02
9.494317162410989397e+01
3.960851466353271633e+01
8.686112546078143737e+01
7.316884121117794848e+01
1.008960672216139614e+02
2.489787876940047227e+02
8.716581572262325039e+01
1.147234593595295991e+02
7.616125683652168732e+01
1.108602844566723462e+02
7.865873621190928588e+01
9.173024952478012040e+01
8.907384226024049667e+01
8.242338142162992654e+01
8.894761026728821207e+01
9.747623799278647994e+01
1.017200323274980747e+02
9.129952879243768393e+01
1.585101278770139857e+02
1.024069640685040241e+02
9.853442703223930721e+01
9.150202795955011936e+01
1.191618985968306390e+02
7.582562439113115715e+01
9.229126975879800909e+01
9.720432945659395330e+01
5.666791035526343023e+01
9.239446166978372332e+01
7.634214594755771088e+01
1.166982038044742183e+02
8.579603836691565277e+01
8.401070672693811048e+01
1.083110094297726249e+02
1.459563428583694247e+02
7.339437611368536807e+01
6.081734054581879434e+01
8.224305402390129416e+01
9.328251100405813645e+01
1.100815803539991720e+02
1.011699784089113763e+02
7.163091741452485905e+01
6.319062792143131446e+01
1.302442382528827238e+02
7.694762666246965921e+01
1.436289303401223947e+02
8.388115735520237592e+01
1.466107988323307154e+02
2.221391854248320783e+02
9.910854230398153675e+01
7.919481553433533350e+01
9.580014778463926461e+01
1.398797238970285832e+02
1.369119242704247483e+02
6.353584594608938829e+01
1.438583243916509957e+02
1.065666319379631091e+02
7.080648630239006991e+01
4.280172427907325527e+01
1.768286125163966460e+02
9.021980252094593311e+01
8.141724520783219532e+01
3.259592173022748796e+01
9.959412834557056726e+01
1.768392733867953481e+01
7.924141862073760478e+01
6.165700317243845774e+01
7.616066095845837935e+01
7.395867323817861916e+01
8.816236461218322518e+01
9.830650239807495439e+01
2.694213537042546847e+01
1.206191548024526838e+02
4.486357610338083646e+01
8.799524097058203154e+01
9.470432508165629315e+01
9.661246741682985828e+01
5.262919714648214153e+01
7.942176549543908948e+01
8.681772668205914556e+01
6.006965348052456477e+01
6.480832773279523451e+01
2.666735756498938770e+01
1.109374982404852119e+02
2.354970261012147859e+01
9.510771808672093641e+01
1.023092573327815273e+02
1.531370483675044056e+02
6.966887784556276131e+01
5.458728387694524997e+01
7.836906079545730108e+01
6.605948450488632773e+01
1.030873605311499972e+02
9.091450348723532215e+01
2.782341031894805994e+01
8.412403533773172626e+01
9.985347818938059561e+01
3.155803251421507483e+01
1.058197517907229894e+02
7.577589365498222662e+01
1.260684124568178106e+02
1.541014004657365604e+02
8.768970219587090753e+01
7.510972375632697151e+01
5.947211123067314986e+01
9.943736671795213056e+01
1.203118520800613567e+02
6.805924727392367402e+01
1.087165826557765627e+02
9.751696997722932281e+01
9.872669573027701517e+01
1.394987792990757782e+02
7.100052000431878696e+01
5.494197888836123411e+01
7.412117192245200670e+01
5.040890677760449989e+01
5.714408444090262407e+01
2.494230347266430314e+01
8.909286772103990870e+01
1.636865109044460809e+01
6.942349778112620129e+01
2.869624595703026770e+01
3.150029902231680623e+01
6.900426023689283284e+01
9.411889685176591058e+01
7.749258586669689919e+01
3.120084126693673099e+01
8.064233615848017678e+01
6.417101943647782036e+01
7.902730666935819670e+01
3.894857660628200335e+01
3.208317680097333380e+01
5.917575449697727663e+01
1.012614064572512547e+02
5.529346203526809944e+01
5.301259996181262579e+01
6.040080614368118717e+01
8.051581600917593562e+01
4.285090282584083354e+01
1.056479971160624984e+02
8.443693254403051185e+01
7.063007450152149147e+01
7.184422176044843411e+01
5.414410792280759921e+01
4.448634347252420440e+01
4.479413219807853608e+01
5.246520996518540159e+01
7.738489712776652141e+01
7.022335044374982260e+01
5.582647668146498177e+01
7.508194659995653808e+01
7.506854793568689388e+01
9.916683264512150231e+01
1.145876433254095446e+02
3.297417305353926764e+01
7.742236714540149478e+01
4.715027114214089465e+01
8.159910612829882837e+01
9.310742014738941918e+01
9.866874762367736196e+01
9.086665500750464730e+01
4.271502535801614187e+01
2.021880978398459376e+02
9.732469446461439588e+01
1.007699532976129433e+02
3.162321599637201786e+01
1.195495253372699267e+02
3.671747510892101474e+01
1.071552073397342326e+02
6.133168581393591978e+01
1.030738925969965152e+02
9.872787730006471918e+01
1.103070922199103023e+02
1.229005282576227813e+02
3.640164706568944553e+01
1.306514391361766911e+02
3.104153388717097073e+01
1.156892038840362460e+02
1.070390971307547971e+02
1.128169759607207112e+02
5.334816614978763027e+01
1.046188098057198630e+02
1.126702899107494318e+02
7.744649933226595806e+01
4.433149702927350688e+01
5.389390151223324210e+01
1.306536533458279905e+02
3.043875530306647548e+01
1.134117811483862681e+02
1.235097765392208373e+02
1.757034605382604013e+02
9.360833377921767351e+01
6.962837444234963868e+01
9.336964310722058258e+01
9.848965527389793806e+01
1.306537749425686741e+02
1.185268047655716970e+02
6.714458951057002878e+01
1.035970243638842589e+02
1.188170056758740429e+02
6.292021772227728604e+01
1.168508481644135060e+02
9.436365878021508991e+01
1.533641928593846444e+02
1.852767910572570145e+02
1.154609428148728369e+02
9.528505387568274898e+01
9.955623756398210844e+01
1.188446199270494645e+02
1.288153119017981396e+02
7.785835884781205607e+01
1.264455546652829696e+02
1.214468123481806714e+02
1.768808943331453634e+02
1.282614903144350933e+02
1.252979598060303204e+02
2.236456077832510516e+02
1.591398763485927361e+02
1.251654322180984877e+02
2.170638928076394905e+02
1.404223930314402651e+02
2.068323342504239690e+02
1.708700614223839978e+02
1.899415523305922022e+02
1.652302886074912749e+02
2.476847325730232683e+02
2.188498308679835134e+02
1.414937222886874792e+02
1.899506252083376410e+02
1.801294391525010781e+02
2.879655243087156578e+02
1.530940301556756253e+02
1.537874914553415806e+02
1.209650408354846007e+02
2.623096969837402526e+02
1.756088845970840566e+02
2.111956062074498846e+02
1.506429425976587879e+02
1.744363883396158030e+02
1.903427876671694889e+02
3.530663958235323321e+02
1.694708010768315773e+02
1.582346323843992764e+02
1.564855148622950480e+02
3.100469170137684500e+02
1.654274037941338520e+02
1.712481084626093661e+02
1.390529395076338517e+02
1.717030407313045544e+02
1.644796925574014779e+02
1.719487342061090089e+02
2.097337121469875001e+02
1.315209138275115777e+02
2.780679211923988419e+02
1.569657209007520038e+00
1.382123545577863979e+02
1.423056750677501725e+02
2.061780800991333820e+02
1.757031009436078079e+02
3.101520026712345270e+02
2.313502967800255874e+02
2.155866794554590058e+02
1.701636602690186919e+02
8.760921140345958236e+01
8.242648293776699120e+01
1.081212225143741534e+02
8.110341464970133529e+01
8.594971280600709918e+01
1.095017844836787617e+02
7.802582699065736449e+01
1.180832874229455740e+02
8.855253135635669537e+01
9.530509083678414584e+01
9.585734391482611727e+01
1.265366249071030609e+02
1.008525061970805865e+02
9.638772728381928800e+01
2.496945172138527269e+01
1.035778937245789564e+02
8.593237640793176979e+01
8.988935950787988816e+01
9.299621443549678190e+01
4.743719921973985976e+01
8.993302839606994326e+01
7.655305153310790445e+01
1.168519478222017369e+02
8.228463280119932222e+01
3.410500548840533241e+01
1.090090766574170686e+02
1.645561163539033771e+02
3.001658711552755321e+01
3.154359583680998114e+01
2.001770830155652448e+01
8.001012094910613826e+01
1.106014108731646388e+02
1.040415679484650013e+02
8.250876151735606356e+01
4.587466101804844953e+01
1.044837340246002384e+02
8.595885118320947527e+01
1.045674222838140821e+02
2.690848469474082094e+01
1.345789742269099634e+02
1.523720220738215403e+02
9.692957093727918050e+01
3.066323501509137373e+01
7.711561138422058548e+01
1.114326761857762023e+02
1.304966253698586627e+02
6.875323295642668597e+01
1.208832910161230956e+02
1.048248628494304171e+02
8.256685758935255137e+01
7.543760685296953739e+01
7.293528524159383153e+01
5.618641838598092164e+01
1.007145659030456244e+02
5.960881216882530964e+01
1.045340373899221618e+02
7.412996542053885207e+01
7.658494756226741629e+01
8.420863245887852599e+01
3.992067360621608429e+01
8.206347563661037725e+01
6.263905777477270220e+01
9.608321759409312790e+01
3.278114615333774395e+01
9.470773296518881068e+01
4.329255474322217623e+01
6.259749411972615007e+01
7.313648165813498281e+01
1.169414042720240161e+02
7.085451307073904559e+01
3.761600185096145310e+01
6.701810381892030932e+01
1.001967344137085547e+02
6.666958445548634415e+01
1.113261875913517400e+02
9.971168179487143846e+01
9.022581858325406756e+01
9.098124194957991051e+01
8.207324451882251992e+01
7.601042105889355582e+01
5.802383759343123870e+01
7.030556988509891880e+01
9.447517221693192369e+01
4.102485572570196126e+01
6.828958389183640065e+01
2.470211894588966928e+01
9.031820356790929338e+01
5.590327880060490884e+01
1.125184977436726967e+02
6.866042749619627727e+01
9.327744277537955497e+01
5.862260298435850814e+01
2.974044175762291786e+01
8.439736260466426643e+01
1.184143498754664705e+02
4.100617920742644174e+01
7.463464649405015905e+01
1.028200013560937123e+02
3.929540065624885870e+01
8.062608095054034152e+01
4.373616785338320767e+01
8.230416151516240575e+01
9.121486441191913741e+01
9.395168048488416446e+01
1.019335128275356368e+02
2.255041153203563908e+01
1.306654303016200345e+02
4.380148230236230233e+01
8.659482176729633807e+01
8.874953111503135972e+01
1.004120268914296332e+02
5.650982220397519029e+01
8.165731447770885154e+01
8.961280819974837186e+01
4.343728044760111828e+01
2.683782399283748532e+01
4.619751864350777026e+01
1.178213998105145919e+02
4.067920649287022172e+01
7.364124937751574862e+01
1.086444081063720972e+02
1.631646677739874463e+02
6.233210906633172499e+01
5.232508092410219547e+01
7.307868737405989634e+01
7.169084938901787041e+01
1.053451152486391749e+02
9.769572573819223749e+01
4.429978782244626245e+01
6.517783919332741505e+01
1.025792354838082758e+02
4.305308293430026367e+01
1.051167627423314599e+02
6.984459660159302530e+01
1.271006871521689590e+02
1.159201079226896951e+02
8.818408702238791363e+01
6.193308127627722826e+01
6.064417197731161480e+01
1.053781181834606429e+02
1.268954547252503602e+02
6.065646326962064450e+01
1.209245675017908752e+02
1.001059044373446625e+02
8.847001663994353748e+01
3.593884148705276260e+01
1.176378428348056389e+02
4.130412920699918544e+01
6.363054096821576167e+01
5.468682899981972412e+01
5.135181508435053388e+01
1.024240637810096359e+02
1.083855124055434374e+02
1.054093658432846183e+02
3.430721183696888232e+01
1.138968991055634348e+02
8.765610705582516005e+01
1.104857440149363441e+02
2.503405897016599013e+01
3.723498711492787550e+01
9.357478250508107465e+01
1.377095969388444132e+02
8.397679217313313416e+01
7.013717417260394882e+01
8.500047147791545399e+01
1.114684497560228351e+02
5.064277270714044477e+01
8.772933074130180842e+01
1.142203526545538352e+02
1.036229812819495919e+02
1.096071005295696779e+02
9.551877410929394330e+01
5.460753069213867406e+01
4.769730266885019176e+01
8.913166277088792810e+01
1.098278641102384796e+02
1.006443649831379759e+02
8.793793741910867823e+01
8.744550858828148421e+01
1.088212423861365465e+02
1.048542058506961041e+02
2.008395161694794808e+02
4.545720574409085657e+01
1.132076478612047907e+02
8.378508464991270444e+01
9.988474034580880812e+01
1.018790612401999880e+02
1.287487578772386030e+02
1.097578642265861504e+02
5.639854895652126743e+01
7.077265407329463187e+01
6.121916845608886604e+01
6.458599666275880224e+01
6.513776804547978827e+01
7.526743341129164833e+01
8.780494335842813314e+01
2.485935423496447783e+01
1.081395982069100938e+02
3.239082557610569779e+01
8.319523775536626431e+01
8.938315222225907064e+01
8.353489925227208346e+01
4.794379089709919839e+01
6.909746846169376511e+01
7.966475983755159973e+01
5.848449348412381710e+01
5.711081304931950342e+01
2.089795857203437635e+01
9.780189311505040450e+01
1.284999863870664782e+01
8.975454880751050268e+01
9.587359021181713103e+01
1.491843660345118678e+02
7.450641585695980496e+01
4.368622235906383366e+01
7.878686554268283260e+01
5.401028539366735259e+01
9.716775325283038001e+01
8.702114505487523388e+01
2.578539268184460198e+01
7.986949920897562549e+01
8.762605371978597191e+01
2.371118280083129193e+01
9.510325477277699235e+01
7.857470103470745926e+01
1.129720807942544383e+02
1.308401985132172172e+02
8.423932952070181557e+01
7.571215968853670120e+01
5.489809664974750802e+01
9.157093877442429175e+01
1.122290026125395173e+02
6.601189030736544794e+01
9.817860389082144934e+01
9.166908244272357820e+01
9.808892261398356993e+01
2.462218008441391603e+01
6.422924440823274495e+01
4.023166107576956563e+01
3.773071007104141472e+01
7.964997376025873166e+01
9.719914480047214056e+01
9.391559505507211725e+01
1.425875616184553785e+01
9.063417440040220185e+01
7.501937031816564172e+01
9.719147761574737387e+01
2.856641109838765402e+01
1.465122171659007932e+01
6.867215797356688256e+01
1.179322171826526642e+02
6.284291389618864798e+01
5.106596759895808901e+01
6.794950326984262290e+01
9.005949225243084300e+01
3.900995694531356150e+01
1.049703148604830716e+02
9.438325663176937041e+01
8.546812503775142034e+01
8.307778476038549798e+01
8.451679898454874262e+01
3.279623304987298837e+01
3.542309896753103260e+01
6.317058071390092522e+01
8.529915115415420246e+01
8.280641167368051470e+01
6.650578701962979267e+01
6.796544264035874505e+01
8.158242379562243229e+01
9.838207221589350127e+01
1.030833310583030595e+02
2.373248211249313400e+01
8.513106864608037938e+01
5.679081346779356210e+01
8.167427879808784041e+01
1.052255599316329011e+02
1.162335387466228980e+02
9.307896235990571654e+01
3.141384978395248950e+01
1.010477537835019604e+02
1.197969798597384425e+02
1.146351152285238157e+02
1.198505643332072879e+02
4.847555526496062583e+01
1.432883143346542738e+02
5.522748274998570395e+01
1.083882309661533441e+02
1.184150660745772115e+02
1.209797439387243116e+02
6.588466282988427736e+01
9.478874364841287559e+01
1.088678412439756329e+02
8.221010076610278361e+01
5.289355164072052418e+01
6.829877538456695163e+01
1.286104911406748954e+02
5.745218541445358795e+01
1.065031062935852333e+02
1.259334145623827226e+02
1.547448678387797827e+02
9.834776363603785398e+01
7.771030205367152632e+01
1.057628272331850212e+02
9.115365807024406308e+01
1.242856050494148974e+02
1.188720875823290299e+02
5.669172551781703362e+01
9.640924380274668692e+01
1.218913617343232829e+02
5.109508317804563404e+01
1.225883887061162056e+02
1.046372836289193771e+02
1.101730819975466460e+02
1.943802484355335309e+02
1.123568063950076663e+02
1.009025021149152792e+02
8.363155980670386214e+01
1.273216911344272972e+02
1.351815002300149331e+02
7.776132136903535752e+01
1.356110994950419126e+02
1.220994706626250945e+02
5.809368792990849784e+01
2.038928837462180255e+01
2.000375694317341058e+01
7.959917352388232814e+01
9.411464174066848898e+01
8.072467623644121204e+01
2.716072759970256456e+01
8.664641139425933147e+01
6.597426090094103301e+01
8.324705623408566169e+01
3.808495915008543165e+01
2.683236855730648074e+01
6.855342625173373960e+01
1.073285742488782262e+02
6.694265248127889834e+01
5.369921890862548963e+01
6.499765719193710822e+01
9.273813153941667053e+01
3.170259671468126328e+01
9.710713675242311638e+01
9.186361107559613970e+01
7.559722747351939631e+01
8.036738811376406488e+01
5.860530442735924339e+01
3.659849655483872510e+01
3.479938448879289581e+01
6.155843012593439312e+01
8.799960229357999708e+01
7.200544357431887477e+01
6.223617345627604180e+01
7.940392774797410880e+01
8.531467893215989307e+01
1.091645921496590859e+02
1.175866028662618987e+02
3.244008922074398527e+01
8.722585418956430203e+01
5.650782225034062378e+01
8.321433814584156607e+01
9.397019924876325092e+01
1.061261880758187885e+02
9.305648499060758638e+01
3.746047387733253942e+01
5.710071062532131236e+01
4.928765999695498579e+01
8.691321646240588450e+01
1.299883950343406980e+02
8.991122695323407754e+01
6.326038128978354536e+01
1.252901989427167990e+02
1.106823882763801237e+02
8.453662935369258946e+01
7.439946091939174266e+01
5.617599471478850859e+01
9.519781295611278438e+01
1.146162324467564275e+02
6.399249165252493299e+01
9.516854239696442619e+01
6.932259646553094967e+01
1.226564626026800084e+02
5.488781345231625153e+01
1.070216726558897449e+02
1.107279286697475555e+02
8.861386419997846531e+01
1.140048003131746981e+02
1.053518274569923108e+02
5.697493987069129417e+01
6.091140305706632319e+01
8.309880755651913375e+01
1.149971667782703832e+02
1.195637362284901712e+02
8.870196712573208231e+01
1.185817475379162147e+02
1.114259634309100591e+02
1.490496226514373461e+02
1.831432375962414767e+02
5.402492010715857162e+01
1.150076503671056400e+02
1.082969427189261182e+02
1.230549920483293249e+02
1.102326172221223857e+02
1.101349508680849709e+02
1.311634155415000578e+02
6.176728931005623480e+01
1.979353487956813851e+01
9.129533272420992773e+01
1.112044236094623528e+02
9.113618074898538168e+01
4.262388338541767752e+01
9.907369732272387353e+01
7.696262670463218569e+01
9.909865606796839188e+01
5.316540997419486558e+01
3.261559641416310740e+01
8.092078529042231594e+01
1.186056994050516380e+02
8.018238459462976664e+01
6.760665438033848318e+01
7.511581695515647539e+01
1.072201755217350296e+02
2.491801265712497226e+01
8.273519786947009891e+01
1.053698035639286275e+02
8.660082079102726027e+01
9.352115753937930265e+01
7.137787696456786080e+01
2.743679183228053020e+01
3.763346610647961654e+01
7.373361939539775278e+01
1.019723234212415264e+02
8.513507787478118871e+01
7.498579739595578530e+01
9.533668873669500954e+01
9.927967098774665544e+01
1.261359055239174438e+02
1.451430295817139609e+02
3.077870491529290931e+01
1.007222528794887637e+02
7.037378782820172773e+01
9.784144597364941376e+01
1.145645378351896113e+02
1.200341857637735927e+02
1.079548386964647477e+02
2.218438098883355281e+01
9.824722135241533749e+01
1.125264294222480430e+02
1.048372201439568983e+02
3.711274536273041491e+01
1.061156559749949224e+02
8.421696154452557437e+01
1.056136299753507046e+02
5.197374080327972479e+01
3.079405000728137054e+01
9.025784007814820598e+01
1.275619707249410908e+02
8.497359691553580774e+01
7.198819747110466949e+01
8.697008624804364274e+01
1.110514530789134966e+02
2.749185166868214480e+01
9.012350359418488210e+01
1.144507337810928220e+02
9.783347364720935957e+01
1.003787013325115112e+02
8.428036128791455894e+01
2.458888015771178459e+01
3.722881644058907824e+01
8.380525637748817758e+01
1.095914885435846600e+02
8.650354493231176889e+01
8.186874175436986434e+01
9.284524477279028076e+01
1.042880871483603329e+02
1.273717343949303427e+02
1.591100145564330433e+02
2.411984952089142098e+01
1.074938891789218189e+02
8.067010265276616110e+01
9.943157591246679772e+01
1.126496874730843416e+02
1.332103623212468335e+02
1.127936769447503735e+02
3.262076791887206184e+01
1.254525719515736881e+02
3.067213217785973711e+01
8.901817637686279738e+01
1.068865606045156795e+02
9.877924928539380289e+01
6.749603560281249770e+01
8.006809980472435484e+01
8.843394360219912187e+01
6.646039712920818943e+01
3.808990620671576721e+01
3.097519861878565450e+01
1.155250722088184006e+02
2.340338505337136965e+01
9.256611864883376484e+01
1.095488566242561319e+02
1.611588077444286000e+02
8.250463917236203315e+01
6.279811397838246023e+01
8.961241963795141885e+01
6.794465408904081016e+01
1.067356822412536985e+02
9.868409287015413156e+01
3.884771794366547226e+01
8.938281069211559782e+01
1.013435049469664904e+02
3.534623863520882026e+01
1.078086154966854764e+02
8.396169634689651673e+01
1.255034265485651730e+02
1.404612546815952214e+02
9.022839860534830336e+01
8.079425460262433489e+01
6.093179054611782419e+01
1.043993512930184266e+02
1.298627084073270339e+02
7.755664929756797221e+01
1.138800243309332672e+02
1.002169828820677395e+02
1.166198298102408444e+02
1.074455987161330341e+02
1.351336620383134743e+02
5.801611483047980755e+01
1.285498842488114519e+02
7.337388977036505366e+01
1.030821408743274361e+02
1.254602249146582267e+02
1.572249453092910585e+02
1.075914225450998742e+02
6.646763312372874566e+01
9.903248537174326316e+01
1.468672640167508519e+02
1.006885443285601127e+02
1.327303170066515463e+02
1.441428517808828076e+02
1.296983660610647462e+02
1.327249758714525854e+02
1.198995184008163335e+02
1.157844291829203769e+02
9.164320551212723842e+01
1.168052512397104721e+02
1.398809523713320573e+02
6.328510042941906732e+01
1.094347321416985324e+02
5.432162028274647980e+01
1.352652820559338807e+02
7.162111282514055688e+01
2.126824190173744569e+02
1.138854589527302181e+02
1.385643128828845079e+02
1.099802466103258638e+02
3.449517056551427885e+01
1.022541679674999244e+02
1.639933897236398650e+02
2.707067039674461384e+01
1.149216184553358886e+02
1.079648526040407575e+02
1.129015557730202488e+02
9.560635167469240514e+01
6.361601071758623505e+01
8.325215724638913173e+01
9.799010781545216275e+01
8.857529114052240971e+01
4.756951563512451742e+01
5.101660287905404800e+01
1.114157401070304303e+02
2.100626140428901323e+01
1.213204083875974959e+02
1.049846645297376853e+02
1.600051836435885093e+02
1.039779146953548690e+02
7.084441137484088813e+01
1.020950673640701041e+02
8.309400983673613439e+01
1.164800122245209053e+02
1.020209870727847630e+02
5.650123805645483799e+01
1.117271209954608935e+02
9.889240297457642725e+01
4.421681851570888000e+01
9.822394225212848085e+01
1.067421929588275162e+02
1.340756176856357911e+02
1.870727557640712178e+02
1.091379320614732364e+02
1.054250403766795330e+02
8.789964230353692187e+01
1.033201301064248696e+02
1.046906346562319357e+02
9.288508581241812578e+01
1.099484342614107106e+02
1.090804792144614481e+02
1.022530097521115522e+02
8.201495510313257853e+01
1.067779262884594544e+02
3.438021841758531139e+01
1.702302659455352796e+01
7.734417610654348607e+01
1.292621171894386123e+02
7.645620328719863323e+01
6.028681898645498194e+01
8.131607644671727542e+01
9.863884261474066761e+01
3.683916294643113787e+01
1.042970382266067446e+02
1.042463169391582340e+02
9.709339540021117898e+01
9.095377968081368181e+01
1.028596554852251472e+02
3.244200373834166840e+01
3.450405494161179121e+01
7.462941094473355008e+01
9.422001295845863922e+01
8.980989394036700446e+01
7.879848967317401787e+01
7.379613107554898477e+01
8.941979121846674161e+01
1.064779140935626742e+02
1.231803837721925134e+02
1.932574170994204010e+01
9.365446581363306677e+01
7.208535443400396048e+01
8.973664393299007713e+01
1.092050591123455661e+02
1.265242219607084593e+02
1.041255969693430359e+02
3.434461153521691301e+01
1.131279255284400307e+02
9.651780997616785385e+01
9.852759893122195933e+01
9.899478223448203096e+01
5.224840465546535739e+01
1.034193757239586517e+02
8.717789927443389786e+01
1.210551865018895370e+02
9.313591474917468815e+01
4.076221122674325414e+01
1.134642975749802503e+02
1.693848215320453789e+02
3.472584122147821262e+01
4.295247252554547401e+01
1.317588578337888272e+01
7.909078401228656219e+01
1.153209241741024016e+02
1.065191983865354928e+02
8.794894424331279481e+01
4.845879229424231482e+01
1.151246588579860344e+02
9.245659565773863164e+01
1.143317578481855037e+02
1.463831900513039130e+01
1.343841986266637605e+02
1.657422462139315940e+02
1.020163385226025667e+02
2.653693099342363126e+01
7.660855565833743697e+01
1.168946121350429195e+02
1.187761429222652225e+02
7.231555848916961793e+01
1.279284526981017223e+02
1.090327372597955105e+02
1.181606832584622566e+02
6.354607907690250101e+01
8.026589812580643013e+01
8.902911523202075728e+01
1.234053911681652806e+02
8.665236009170395448e+01
3.543772200141687279e+01
8.095429458124269217e+01
1.185423448294107658e+02
7.841706825376590473e+01
1.183239167926055018e+02
1.144705067923614337e+02
9.983263838654799827e+01
1.041250693814891690e+02
8.293786876786249707e+01
9.779726102988296077e+01
6.404787197861767822e+01
8.999752891007601363e+01
1.141235821366063306e+02
2.412893774614739328e+01
8.443479061665193797e+01
6.043758206942618472e+01
1.081374110468309055e+02
7.044444276037623354e+01
1.579435151098466008e+02
8.966876285387171208e+01
1.091874471342433850e+02
8.112368441655809193e+01
2.915093428734263270e+01
1.017852948636485877e+02
1.318483089564816453e+02
4.123553063857922751e+01
9.133138878917971226e+01
9.455187754794970090e+01
1.050324383854490975e+02
7.364174803360820931e+01
6.963839950935445700e+01
5.670476421158387126e+01
1.226840176224248751e+02
5.435320890183174924e+01
1.003104403280012349e+02
1.064408300080806526e+02
1.559821930651343962e+02
8.638597113258035165e+01
5.578458006634021160e+01
8.381541068064591116e+01
7.862971669325007440e+01
1.120273317404313218e+02
1.039101435163574081e+02
5.075275460434614416e+01
8.900687747700155228e+01
1.137310825468253199e+02
4.169637018510569249e+01
1.159813272242583508e+02
9.138042674186085890e+01
1.365377555564271574e+02
2.447824845846032531e+02
1.053888610341342371e+02
9.226191313933999538e+01
8.578772703687300805e+01
1.165416958650545496e+02
1.229780701251375348e+02
6.188076144622240804e+01
1.253853278715850337e+02
1.122615993211623504e+02
3.669651118129608847e+01
7.097045932333006135e+01
1.162017713427550518e+02
6.477236218601886719e+01
4.368498737341371196e+01
6.600064941472909652e+01
9.508151169177079964e+01
4.285326216038669145e+01
8.997119867022212247e+01
9.623727405795098377e+01
8.608366194586312758e+01
9.189199297921878440e+01
7.441434695913642372e+01
5.108697849186022211e+01
4.021219517128594845e+01
6.278104334921211205e+01
8.768901257752457923e+01
7.382673311198367117e+01
6.076846444081617449e+01
5.247047972011927186e+01
9.209666651755412659e+01
7.921174612063146014e+01
1.383097455438265229e+02
4.623937472093893319e+01
9.197764064091458636e+01
5.010389521825197079e+01
6.778244154368591978e+01
8.938083789809476798e+01
1.054999618743885605e+02
7.449595325172805360e+01
5.050885192312948391e+01
7.836402149818019325e+01
1.244309889973425527e+02
7.327582969112199862e+01
5.801830203246247919e+01
7.519614345613796047e+01
9.972615791215572756e+01
3.092826030495855250e+01
9.887225292604966853e+01
1.035084113901837384e+02
9.482545246094767322e+01
9.179546858222569483e+01
9.276027998285050558e+01
2.850925684556934669e+01
2.683710785921578079e+01
7.492955605205179381e+01
9.516098893097948519e+01
8.957704072998922129e+01
7.671033239146397875e+01
7.607331267286004106e+01
9.102891433029697055e+01
1.123308399665969830e+02
1.325252913264620247e+02
1.895879711773534737e+01
9.473253390652719474e+01
6.772581036281216882e+01
8.886078716390251486e+01
1.058678721480693667e+02
1.251633637631717590e+02
1.015990044730339292e+02
2.311256981639315455e+01
7.150209329717384321e+01
5.427733998588661990e+01
1.042870129758138944e+02
6.632868825244801769e+01
3.936898224652514955e+01
9.741742174975964019e+01
1.443953485101007175e+02
3.284298770005640478e+01
4.050424239616967981e+01
3.879376696601810437e+01
5.518929378532821062e+01
9.473153489049330744e+01
8.507165389238399200e+01
5.095852895259732662e+01
2.157073573666927402e+01
9.049040592977377173e+01
6.215487130035085528e+01
9.917336576698022554e+01
3.631034604865688209e+01
1.159886351162907800e+02
1.077026087336388258e+02
7.801712538520020246e+01
3.047836747822268322e+01
4.903459550400161504e+01
9.825044594122469732e+01
1.243451554525951508e+02
5.245740285796890845e+01
1.099835891622945496e+02
8.907749263939697926e+01
7.169957380384249745e+01
1.403861218545051486e+02
4.923929748639917392e+01
9.986945884127321449e+01
1.364051601280478110e+02
1.902187968953918187e+02
8.624862738012492969e+01
6.215631983642186498e+01
8.705236507242453570e+01
9.890179815977387534e+01
1.415193568478738939e+02
1.282665252211110953e+02
7.117814708945790869e+01
9.637219090270896515e+01
1.274640100700667205e+02
5.746520960785454690e+01
1.408475546085359440e+02
9.084383666885565844e+01
1.637304135333924080e+02
2.293692313568058978e+02
1.284277159956722585e+02
9.150138329398926373e+01
1.005088723179588044e+02
1.377263687373309722e+02
1.458429222428997036e+02
8.555525978992191938e+01
1.462403411631179893e+02
1.333203223786956357e+02
1.006139975272606080e+02
2.500906407760041361e+01
8.316047519156165890e+01
9.694090689889597456e+01
1.467349765864187248e+02
6.879606727678964262e+01
4.445039637166755853e+01
7.450837210055847493e+01
5.934139461039591623e+01
9.152610705673410507e+01
8.835289514424698609e+01
2.742434635983319069e+01
7.642341909592013849e+01
9.100052944061853566e+01
3.079397181515330217e+01
8.920487393199064741e+01
7.090005371103607956e+01
1.074478926950574760e+02
1.410282567260194924e+02
7.757515915708377463e+01
7.196971495412785202e+01
5.058306183394654454e+01
9.005651013689821127e+01
1.092757934419344394e+02
7.452161230228662703e+01
9.687283807896659482e+01
8.816948102265556031e+01
9.585875530607189887e+01
1.290292767763976371e+02
5.674592873233562074e+01
1.083369261651318993e+02
1.279192697554332057e+02
1.129725754911635107e+02
1.157042637073471241e+02
9.893530821930166042e+01
7.537221097014261773e+01
4.504158145308913674e+01
9.901020367696074231e+01
1.206686076762650544e+02
5.288176523635565474e+01
9.344477283764557285e+01
6.619720139241057666e+01
1.207824392132233555e+02
7.179661062836888163e+01
1.817065384982601870e+02
6.929801998657782747e+01
1.226772812939688038e+02
8.598769477474665734e+01
5.033398651496279541e+01
9.784895801848071528e+01
1.444072138760826363e+02
5.472287065679475404e+01
6.834509714636551792e+01
9.369006883873038305e+01
9.259916840002718175e+01
1.512351481501336821e+02
8.162597937101485002e+01
5.368841835567876331e+01
8.621158518726088005e+01
5.885096178418638857e+01
9.398830522389604880e+01
8.555275891526999033e+01
3.409188085991015527e+01
8.459860692797650472e+01
8.436726923291588776e+01
2.634894567103667384e+01
8.410387325692065019e+01
8.493073302589044715e+01
1.137707530930032789e+02
1.270775935416533855e+02
8.396851389683234856e+01
8.111114984992910593e+01
5.855899437984058409e+01
8.889721188680188391e+01
1.013018670350517141e+02
7.516155670920494458e+01
9.375375042657441327e+01
8.777066260630861905e+01
1.214305760852488731e+02
1.706588423757407327e+02
3.729759409734794673e+01
4.045498623550703599e+01
2.864460902667140729e+01
8.084835786377753664e+01
1.147663687303017497e+02
1.128095405007628216e+02
7.983783077611266776e+01
3.087956649066736503e+01
1.197753344760432128e+02
9.015206982364220778e+01
1.248254030452630445e+02
2.597423704421973412e+01
1.368183125884862648e+02
1.513854807887614413e+02
9.863823929104928823e+01
3.403659830431617195e+01
7.016464964197646736e+01
1.229112065341607831e+02
1.257034359101429857e+02
5.595147513375001580e+01
1.342834183651327464e+02
1.113811395914685960e+02
7.951212070254280206e+01
1.204386625916407780e+02
1.100001655403262220e+02
1.079390160634316231e+02
9.244975584521822043e+01
2.493865477275329567e+01
2.656551753410543526e+01
9.271682717670773854e+01
1.156264188699790338e+02
8.603374789811809364e+01
8.749668068468025695e+01
8.072080835047563596e+01
1.133592748836429251e+02
1.173214317582994539e+02
1.648090159105676094e+02
2.912811531158868661e+01
1.147938448304717127e+02
8.240453389408162366e+01
9.118128521259737340e+01
9.976494100578497637e+01
1.335588103213065381e+02
1.032978572826877439e+02
2.582365922995964524e+01
1.701053294463720817e+02
1.610814208713631217e+02
1.637591920574717790e+02
1.337309333758661865e+02
8.524689634855347720e+01
8.092081923415786093e+01
1.424839494138677765e+02
1.604273161705347377e+02
1.310134572703809397e+02
1.447627764750342862e+02
1.123102968480599486e+02
1.646831403537071594e+02
1.287103100820379495e+02
3.288321814557457401e+02
9.635297069288903060e+01
1.664187773851857060e+02
1.396479105747302185e+02
1.319458937436402550e+02
1.404281847931302423e+02
1.643908394303029468e+02
1.341101198395818415e+02
8.543584473420455083e+01
2.883283568786881546e+01
2.462735914898833656e+01
8.041121019680113591e+01
1.189397504605620384e+02
1.065547171118849974e+02
6.979727164855370347e+01
3.298730930688353169e+01
1.160141479917560048e+02
7.728672005718253502e+01
1.237249284085718983e+02
2.454341747361608128e+01
1.408038515493977343e+02
1.498188431796380939e+02
1.040839216291645499e+02
1.360042785978543556e+01
7.323850988361107284e+01
1.207382583406185006e+02
1.334369971621913464e+02
4.760066302114888259e+01
1.312436892368483825e+02
1.137749462420763535e+02
3.725537464972628499e+01
6.619623499050221938e+01
1.095923543248842975e+02
1.025131047835623406e+02
4.939529546340866517e+01
3.869026716066966287e+01
1.021126944200768207e+02
5.094575420558767576e+01
1.107002701262850053e+02
4.214288170297395908e+01
1.285936172594279299e+02
1.360889581844915028e+02
9.792472352407990854e+01
3.478946021156939139e+01
6.798439080334361506e+01
1.107088254147464426e+02
1.222741553896071167e+02
3.653652116723005605e+01
1.191122176143716160e+02
1.053670970210743292e+02
7.040381103136195406e+01
1.079128969933671840e+02
9.992444324455348692e+01
7.672325516046953453e+01
3.614798369685156842e+01
1.064681023097519983e+02
8.309800880675997803e+01
1.113273161052182445e+02
1.124145739086321960e+01
1.308677840083302044e+02
1.395566246198074793e+02
9.137539910508348839e+01
1.689034436413015783e+01
6.793809757538285510e+01
1.119349908538340514e+02
1.257577913469825290e+02
6.256127347412338224e+01
1.235325127703551686e+02
1.026417582785544624e+02
1.043049563783644516e+02
8.400562880736444527e+01
4.917730541198112348e+01
7.547759912450952413e+01
8.516188037296151947e+01
5.217725980127847407e+01
1.168319547609838196e+02
7.725079496064077489e+01
1.058987762770247372e+02
2.548922259872256575e+02
9.693733207223611714e+01
8.100409900741594527e+01
3.074995582228043034e+01
1.028641242807110956e+02
8.101672294476875891e+01
8.450188554092645177e+01
1.069425283713683967e+02
9.417809883665699999e+01
4.207147188368780633e+01
8.978306846886454196e+01
1.087530589249897872e+02
1.005681036049757466e+02
9.064816354782188057e+01
8.761340291798731528e+01
1.074842131781907568e+02
1.256678513418835905e+02
1.427348216500797946e+02
2.113560086279556316e+01
1.118100389225840274e+02
8.256402265526629947e+01
1.003994737243455546e+02
1.145419153094337616e+02
1.399290556123364695e+02
1.163660797186358877e+02
1.588707197903112345e+01
8.130139417827196269e+01
1.031896561716589247e+02
7.658369191345585136e+01
8.156050758179996762e+01
6.601896326438817653e+01
1.029901346019779282e+02
9.696079429811321404e+01
1.525923860129173590e+02
3.472490731215390980e+01
1.020198092402675485e+02
7.342421222647297441e+01
8.008339648119344645e+01
9.461573958445509902e+01
1.245107837094851106e+02
8.912323993712757897e+01
3.670898860579735867e+01
6.713270760989951214e+01
8.919165069122203704e+01
1.859034187341310229e+01
9.849555911372762296e+01
7.655999254406347632e+01
1.033419549669551998e+02
1.221024799965349530e+02
7.576325163013730446e+01
6.922151002895590466e+01
3.846484680534941702e+01
9.720406925656578778e+01
1.165347802219654909e+02
4.626970370884039596e+01
1.044337010004444153e+02
8.520158000719179370e+01
1.143060576110601687e+02
8.112053677330655432e+01
1.209703731743105379e+02
3.562613510957373109e+01
1.293475940587018727e+02
1.436644542793822268e+02
9.654234819943393120e+01
3.281590828932013437e+01
6.429522227371134591e+01
1.153608701639481779e+02
1.394916102972857743e+02
5.011785415751339912e+01
1.247453579353862381e+02
1.063146485311249734e+02
8.652371858220080014e+01
6.229453927581793238e+01
1.104389938485299183e+02
7.826620684786901450e+01
1.453758074801455109e+02
9.642573779532897049e+01
1.106761214137663387e+02
8.052551545912581332e+01
3.810877048785906140e+01
1.037964387186246569e+02
1.323041873099749353e+02
5.256088992885599964e+01
1.001349393576980162e+02
9.609790462763379537e+01
8.524025739808750757e+01
1.043997363950122406e+02
1.443341270270099983e+02
7.793529378461886381e+01
7.584041864140799305e+01
4.085098076678890777e+01
9.818941311683173012e+01
1.052617448349261480e+02
6.001942000771391861e+01
1.032659458031357786e+02
8.534268324414594531e+01
1.111383683505599151e+02
7.799346770458689093e+01
1.827731898068948908e+02
8.496544713021947359e+01
1.160071419375362609e+02
9.304990549833169666e+01
4.583876149131050681e+01
9.807188033684604989e+01
1.514479029118728022e+02
5.754695721861271096e+01
8.909532143299728091e+01
1.323229469980822159e+02
1.215479461213749914e+02
9.023901521769290923e+01
1.705240914673977670e+01
6.697691860501936389e+01
1.125239794685736285e+02
1.334171965402767341e+02
6.477215433651237220e+01
1.250748369144791212e+02
1.036454064170655016e+02
2.299362799303148677e+02
1.138315018753574037e+02
1.359252541651659101e+02
9.668071099310736827e+01
5.914707975908952164e+01
1.195222758778505607e+02
1.517431630844082520e+02
6.401761946978301410e+01
1.264820730325134690e+02
1.219392756793613728e+02
1.299963806585761859e+02
1.750903364481993947e+02
1.553642470014334833e+02
2.640131926461025387e+02
2.049694247373425071e+02
1.858164201245060383e+02
1.505048914783997986e+02
9.430564765384590942e+01
7.009517016581544624e+01
9.559643653026566312e+01
1.163039937468734450e+02
1.255514674785464848e+02
1.103462288770679720e+02
2.462685079913737241e+01
6.809584121029399739e+01
1.147548200994976213e+02
1.437788060752094452e+02
5.571485959855265691e+01
1.274329268490690055e+02
1.059949550314783124e+02
8.847529053281101596e+01
8.927000559718565853e+01
8.027059884637478149e+01
1.001532679146716589e+02
7.353362595560814441e+01
9.528518054414067251e+01
1.432685033567455264e+02
2.016078302690936752e+01
1.000762165229752583e+02
1.548977785613461720e+02
9.828960417464345767e+01
1.142995076784435184e+02
1.499946683454256799e+02
1.330031746714824976e+02
1.135278780843678703e+02
