3.741455810546875000e+03
1.168931445312500000e+04
5.448731445312500000e+03
3.506660644531250000e+03
6.074308105468750000e+03
8.985537109375000000e+03
1.017499609375000000e+04
4.512648437500000000e+03
2.827165771484375000e+03
3.794927978515625000e+02
3.608624023437500000e+03
4.568138671875000000e+03
3.336532470703125000e+03
4.088155761718750000e+03
3.474498779296875000e+03
6.721602783203125000e+02
8.322093505859375000e+02
8.378568359375000000e+03
7.055145507812500000e+03
5.565547851562500000e+03
3.497515625000000000e+03
3.652048339843750000e+02
2.926628173828125000e+03
5.810079101562500000e+03
1.380108203125000000e+04
3.684549072265625000e+03
6.047717285156250000e+02
3.513730468750000000e+03
4.487591552734375000e+02
1.777363037109375000e+03
7.682803906250000000e+04
1.189888671875000000e+04
4.677760742187500000e+03
2.755086669921875000e+02
3.711592285156250000e+03
4.910128173828125000e+02
4.410916015625000000e+03
1.038804565429687500e+03
4.557656738281250000e+03
4.483336425781250000e+03
4.176999023437500000e+03
1.077199414062500000e+04
7.380917968750000000e+02
3.347222167968750000e+03
7.874333496093750000e+03
3.164100585937500000e+03
5.412299804687500000e+02
3.105875976562500000e+03
4.581706542968750000e+02
2.749968750000000000e+03
4.311981933593750000e+03
1.599732177734375000e+03
1.044592773437500000e+04
1.145455322265625000e+03
7.839365844726562500e+02
4.431290527343750000e+03
8.296017578125000000e+03
7.079983886718750000e+03
4.518895019531250000e+03
4.292473632812500000e+03
6.616497070312500000e+03
9.880925781250000000e+03
6.877232055664062500e+02
1.820551391601562500e+03
7.514040039062500000e+03
1.822461718750000000e+04
8.421219482421875000e+02
1.322544921875000000e+03
3.747620117187500000e+03
1.816839218750000000e+05
5.328224609375000000e+03
5.306274902343750000e+03
1.046935839843750000e+04
2.221399169921875000e+03
7.221876220703125000e+02
4.763132324218750000e+02
8.134644531250000000e+03
4.672116699218750000e+02
5.407176513671875000e+02
1.099847558593750000e+04
6.179530273437500000e+03
1.047912304687500000e+04
6.099721679687500000e+03
5.486372070312500000e+03
2.175270507812500000e+03
4.037591796875000000e+03
1.088324414062500000e+04
1.779412890625000000e+04
5.801241455078125000e+02
7.444886718750000000e+03
7.593125000000000000e+02
3.795594726562500000e+03
8.178602539062500000e+03
2.841890869140625000e+02
5.467093750000000000e+03
3.859173339843750000e+03
1.607131347656250000e+02
1.965689697265625000e+02
3.408334960937500000e+02
3.425922241210937500e+02
9.223779296875000000e+01
3.991178710937500000e+03
3.663782714843750000e+03
6.326250000000000000e+03
8.619265625000000000e+03
1.696101757812500000e+04
2.484017333984375000e+02
3.459172363281250000e+03
6.089655761718750000e+03
6.824078369140625000e+02
6.630645507812500000e+03
8.574964843750000000e+03
4.541502929687500000e+03
7.356567382812500000e+01
3.438362548828125000e+03
4.556847656250000000e+03
4.487789843750000000e+04
8.592417968750000000e+03
3.937832031250000000e+02
3.932144775390625000e+03
1.200242919921875000e+02
3.656764160156250000e+03
4.282273437500000000e+03
4.499020507812500000e+03
2.509652099609375000e+02
1.304216699218750000e+04
1.029420166015625000e+03
1.808011596679687500e+03
3.560609619140625000e+03
2.009997558593750000e+02
9.070463867187500000e+02
2.956318603515625000e+03
4.634648437500000000e+03
4.635739746093750000e+03
3.709361083984375000e+03
8.623296875000000000e+03
3.108588867187500000e+02
5.805836914062500000e+03
3.071455566406250000e+03
4.412439941406250000e+03
6.697223632812500000e+03
2.489039306640625000e+02
4.456157226562500000e+03
5.935147705078125000e+02
6.712272338867187500e+02
2.382668457031250000e+02
2.915457519531250000e+03
6.698271484375000000e+03
4.078972656250000000e+03
4.616541992187500000e+03
6.206763183593750000e+03
5.393354492187500000e+03
3.430997558593750000e+03
6.355158203125000000e+03
1.002556152343750000e+02
1.277434609375000000e+05
7.186906250000000000e+03
5.796032714843750000e+02
7.057559570312500000e+03
3.946417236328125000e+03
4.828308593750000000e+03
3.919408935546875000e+03
4.320470703125000000e+03
4.015810058593750000e+03
4.119752929687500000e+03
3.625637207031250000e+03
4.631939941406250000e+03
1.097416210937500000e+04
1.435902832031250000e+03
9.892905273437500000e+02
3.808891845703125000e+03
2.734831542968750000e+02
6.769999511718750000e+03
1.918804296875000000e+04
1.065576171875000000e+04
2.023903710937500000e+04
2.083304687500000000e+04
1.538188378906250000e+04
1.818340234375000000e+04
5.979269531250000000e+03
1.156832226562500000e+04
1.851945312500000000e+04
1.810018164062500000e+04
1.877840234375000000e+04
1.852528906250000000e+04
1.840530078125000000e+04
7.511905273437500000e+03
8.534715820312500000e+03
1.757153710937500000e+04
1.763613671875000000e+04
2.656072509765625000e+03
1.850910351562500000e+04
1.027168164062500000e+04
6.416548339843750000e+03
1.891704492187500000e+04
2.372319140625000000e+04
1.188163183593750000e+04
1.201278515625000000e+04
1.782207031250000000e+04
9.864553710937500000e+03
6.100046875000000000e+03
5.987270312500000000e+04
2.201204687500000000e+04
1.884105859375000000e+04
1.162704199218750000e+04
1.791756640625000000e+04
1.174513183593750000e+04
1.038151171875000000e+04
8.120429687500000000e+03
1.796344726562500000e+04
5.372680664062500000e+03
1.689042187500000000e+04
1.874783984375000000e+04
1.231364843750000000e+04
1.789319531250000000e+04
2.054520117187500000e+04
8.379488281250000000e+03
1.089534765625000000e+04
8.315069335937500000e+03
1.033811328125000000e+04
2.317114746093750000e+03
1.856642968750000000e+04
1.236087695312500000e+04
1.641203906250000000e+04
1.004899609375000000e+04
1.201419335937500000e+04
1.839767968750000000e+04
2.124720898437500000e+04
1.807366015625000000e+04
1.857549023437500000e+04
1.831189257812500000e+04
1.762919921875000000e+04
2.014821875000000000e+04
1.095256054687500000e+04
7.402419433593750000e+03
9.267673828125000000e+03
2.221236718750000000e+04
1.503983398437500000e+04
1.046582031250000000e+04
1.793128710937500000e+04
1.458950468750000000e+05
1.349161328125000000e+04
1.986093750000000000e+04
1.635834960937500000e+04
8.039533203125000000e+03
8.046542480468750000e+03
9.823392578125000000e+03
1.806562500000000000e+04
1.219016406250000000e+04
1.126262304687500000e+04
1.925892578125000000e+04
8.657113281250000000e+03
1.592093457031250000e+04
2.020216992187500000e+04
1.945740234375000000e+04
1.167437402343750000e+04
1.815778515625000000e+04
2.077373437500000000e+04
7.706826171875000000e+03
1.202912475585937500e+03
3.112927978515625000e+03
6.970463867187500000e+03
4.933386230468750000e+02
6.737250488281250000e+03
5.577867187500000000e+03
4.178741455078125000e+02
7.123591308593750000e+02
3.054960937500000000e+02
5.128955078125000000e+02
3.765573730468750000e+02
5.695359375000000000e+03
5.250484375000000000e+03
5.520094726562500000e+03
7.814263671875000000e+03
1.800207031250000000e+04
4.346179199218750000e+02
5.099549316406250000e+03
7.210361328125000000e+03
3.055068359375000000e+02
5.281835937500000000e+03
9.868203125000000000e+03
5.911413085937500000e+03
5.916143798828125000e+02
4.979291992187500000e+03
5.758406738281250000e+03
4.541295703125000000e+04
6.849416015625000000e+03
1.143451171875000000e+03
5.768961425781250000e+03
5.491082763671875000e+02
5.141261718750000000e+03
4.559828613281250000e+03
6.117541992187500000e+03
8.485401611328125000e+02
1.391503515625000000e+04
1.401203735351562500e+03
2.403603271484375000e+03
5.027260253906250000e+03
4.618874511718750000e+02
1.577158935546875000e+03
4.339699707031250000e+03
6.181509277343750000e+03
5.831751953125000000e+03
5.380899414062500000e+03
9.879628906250000000e+03
3.023967285156250000e+02
6.827630859375000000e+03
4.307971191406250000e+03
5.658326171875000000e+03
8.573365234375000000e+03
4.184941406250000000e+02
3.885788818359375000e+03
1.586712402343750000e+03
6.329343261718750000e+02
4.067464599609375000e+02
1.929579101562500000e+03
5.292598632812500000e+03
5.726916015625000000e+03
6.643873535156250000e+03
6.280172851562500000e+03
6.464405761718750000e+03
4.957447265625000000e+03
7.727679687500000000e+03
5.653371582031250000e+02
1.228825625000000000e+05
7.247809570312500000e+03
1.156559326171875000e+03
8.972983398437500000e+03
4.975434570312500000e+03
6.132225585937500000e+03
5.904954589843750000e+03
3.499725585937500000e+03
5.611835937500000000e+03
5.776340820312500000e+03
3.655617431640625000e+03
5.728730957031250000e+03
9.684382812500000000e+03
8.764791259765625000e+02
9.309173583984375000e+02
5.919923339843750000e+03
4.403712158203125000e+02
5.058825195312500000e+03
8.924703125000000000e+03
9.714802734375000000e+03
1.092642578125000000e+04
7.298820312500000000e+03
3.951440917968750000e+03
3.403698730468750000e+03
7.655564453125000000e+03
8.143437500000000000e+03
7.028966796875000000e+03
6.917837890625000000e+03
7.584513671875000000e+03
4.927591796875000000e+03
5.036907714843750000e+03
8.052610351562500000e+03
4.564946289062500000e+03
5.984087890625000000e+03
6.888426757812500000e+03
4.090787841796875000e+03
4.002115722656250000e+03
7.849015136718750000e+03
1.574538085937500000e+04
1.541113769531250000e+03
3.120597412109375000e+03
7.430473632812500000e+03
4.345950195312500000e+03
3.442841552734375000e+03
5.269031250000000000e+04
1.224566796875000000e+04
8.660530273437500000e+03
3.525600585937500000e+03
7.433058593750000000e+03
3.415792480468750000e+03
5.293248046875000000e+03
4.168243164062500000e+03
7.831055664062500000e+03
3.405291748046875000e+03
6.134306152343750000e+03
1.275131738281250000e+04
4.387806640625000000e+03
6.852137695312500000e+03
9.358582031250000000e+03
5.780150878906250000e+03
3.523003417968750000e+03
5.448661132812500000e+03
4.186224609375000000e+03
4.720214355468750000e+03
7.209567382812500000e+03
4.412332519531250000e+03
1.198535351562500000e+04
4.425353515625000000e+03
3.949727539062500000e+03
7.368086914062500000e+03
7.063089355468750000e+03
9.898443359375000000e+03
6.686717285156250000e+03
7.137769531250000000e+03
8.465260742187500000e+03
1.142285351562500000e+04
4.118146484375000000e+03
5.561442382812500000e+03
4.849202148437500000e+03
1.765663671875000000e+04
5.762303222656250000e+03
6.067420898437500000e+03
7.652076171875000000e+03
1.268449453125000000e+05
5.103838867187500000e+03
9.135699218750000000e+03
7.452230468750000000e+03
4.121674316406250000e+03
4.419840820312500000e+03
4.440988769531250000e+03
8.741013671875000000e+03
3.275610351562500000e+03
3.890718261718750000e+03
1.187727441406250000e+04
5.986816406250000000e+03
1.173386132812500000e+04
8.029473632812500000e+03
9.267405273437500000e+03
5.482539062500000000e+03
6.872486328125000000e+03
1.107679882812500000e+04
4.496460937500000000e+03
9.433090820312500000e+03
9.496721191406250000e+02
7.274830566406250000e+03
6.518709960937500000e+03
8.231103515625000000e+02
8.847215576171875000e+02
8.919784545898437500e+02
1.024022094726562500e+03
8.400573730468750000e+02
6.821165527343750000e+03
6.120343750000000000e+03
7.420013183593750000e+03
9.730425781250000000e+03
1.919603125000000000e+04
1.014765808105468750e+03
6.143008789062500000e+03
7.837664550781250000e+03
1.198108520507812500e+03
7.707336914062500000e+03
9.741159179687500000e+03
6.973782226562500000e+03
6.248741455078125000e+02
6.065756835937500000e+03
6.274376953125000000e+03
4.980633984375000000e+04
9.926867187500000000e+03
9.028594970703125000e+02
6.569008789062500000e+03
8.753779907226562500e+02
6.294868164062500000e+03
5.766211914062500000e+03
7.006527343750000000e+03
7.629459228515625000e+02
1.501805273437500000e+04
1.681005615234375000e+03
3.059894287109375000e+03
6.094388183593750000e+03
9.440000610351562500e+02
8.610854492187500000e+02
4.958424804687500000e+03
7.036955078125000000e+03
6.468394531250000000e+03
6.450417480468750000e+03
1.107082421875000000e+04
8.612340087890625000e+02
8.469998046875000000e+03
4.357109375000000000e+03
6.493386718750000000e+03
8.981833984375000000e+03
9.282453613281250000e+02
4.780875976562500000e+03
1.277917480468750000e+03
1.319439819335937500e+03
8.334310302734375000e+02
3.745069824218750000e+03
7.976795410156250000e+03
6.740786132812500000e+03
7.176554199218750000e+03
8.127693359375000000e+03
7.093764648437500000e+03
6.210654785156250000e+03
9.213615234375000000e+03
8.142521972656250000e+02
1.365068750000000000e+05
9.249005859375000000e+03
1.165437255859375000e+03
7.237264648437500000e+03
5.569546875000000000e+03
7.328737304687500000e+03
6.790681640625000000e+03
5.282533203125000000e+03
6.669707519531250000e+03
6.721211425781250000e+03
4.035167968750000000e+03
6.002857421875000000e+03
1.241160351562500000e+04
1.492793212890625000e+03
9.276995849609375000e+02
6.124202636718750000e+03
9.253397827148437500e+02
8.124648925781250000e+03
5.503465820312500000e+03
3.205506347656250000e+03
1.000750000000000000e+04
8.487920898437500000e+03
3.283190429687500000e+03
4.368283203125000000e+03
2.843287597656250000e+03
2.650856445312500000e+03
3.216478515625000000e+03
8.864094726562500000e+03
8.769750000000000000e+03
3.641596923828125000e+03
1.037665820312500000e+04
2.038673632812500000e+04
2.734432861328125000e+03
8.526652343750000000e+03
1.013781835937500000e+04
3.127499023437500000e+03
4.274800781250000000e+03
1.041868847656250000e+04
8.394538085937500000e+03
3.791112304687500000e+03
8.850130859375000000e+03
8.977290039062500000e+03
4.956277343750000000e+04
2.660001953125000000e+03
5.382273437500000000e+03
8.750587890625000000e+03
3.714285156250000000e+03
8.263939453125000000e+03
5.711645996093750000e+03
8.863256835937500000e+03
3.908992675781250000e+03
1.651998828125000000e+04
1.236812988281250000e+03
3.417016601562500000e+03
9.097170898437500000e+03
3.312255859375000000e+03
5.402070800781250000e+03
7.629688476562500000e+03
8.640154296875000000e+03
8.382250000000000000e+03
8.870607421875000000e+03
1.212198242187500000e+04
2.896271484375000000e+03
1.040405273437500000e+04
4.726961425781250000e+03
8.072027343750000000e+03
1.005585351562500000e+04
2.898073974609375000e+03
5.413810546875000000e+03
5.404245605468750000e+03
3.053797363281250000e+03
3.037071777343750000e+03
2.298792480468750000e+03
3.134789062500000000e+03
8.545796875000000000e+03
9.306457031250000000e+03
7.932736816406250000e+03
4.375784179687500000e+03
9.823535156250000000e+03
1.047516796875000000e+04
3.878459716796875000e+03
1.270347187500000000e+05
1.033416406250000000e+04
4.967598632812500000e+03
1.438472851562500000e+04
7.863478027343750000e+03
9.169707031250000000e+03
8.915416015625000000e+03
8.768657226562500000e+02
8.445875976562500000e+03
8.261882812500000000e+03
2.092149169921875000e+03
8.725834960937500000e+03
7.629667480468750000e+03
3.345477294921875000e+03
5.115533203125000000e+03
9.384191406250000000e+03
2.818711181640625000e+03
4.055176269531250000e+03
7.394106445312500000e+03
1.212603515625000000e+04
9.984481445312500000e+03
7.995473144531250000e+03
9.289359375000000000e+03
6.191225585937500000e+03
6.049779296875000000e+03
7.610654785156250000e+03
8.709987304687500000e+03
8.024243652343750000e+03
4.052067626953125000e+03
1.043165527343750000e+04
1.818767968750000000e+04
6.093600585937500000e+03
9.573453125000000000e+03
1.201722460937500000e+04
7.213606445312500000e+03
3.160056640625000000e+03
1.369048828125000000e+04
1.064818945312500000e+04
8.155663574218750000e+03
9.522215820312500000e+03
1.048631250000000000e+04
5.249819140625000000e+04
3.100580078125000000e+03
1.012775585937500000e+04
9.980347656250000000e+03
7.929934082031250000e+03
9.786658203125000000e+03
7.684693359375000000e+03
8.692027343750000000e+03
8.851795898437500000e+03
1.645945312500000000e+04
5.013113769531250000e+03
6.950420898437500000e+03
9.883033203125000000e+03
7.213067871093750000e+03
1.020811914062500000e+04
1.178902148437500000e+04
1.076714355468750000e+04
1.128490429687500000e+04
9.538202148437500000e+03
1.159893847656250000e+04
6.787103515625000000e+03
1.110357226562500000e+04
9.510931640625000000e+03
8.130238769531250000e+03
1.207388867187500000e+04
6.957134765625000000e+03
7.306374023437500000e+03
1.049237792968750000e+04
6.174587890625000000e+03
6.912620605468750000e+03
3.727962890625000000e+03
2.737371337890625000e+03
9.141453125000000000e+03
8.054263671875000000e+03
9.126799804687500000e+03
1.222141699218750000e+04
9.736636718750000000e+03
1.009778320312500000e+04
8.390088867187500000e+03
1.257614062500000000e+05
9.988700195312500000e+03
1.016132519531250000e+04
1.709802148437500000e+04
9.934291992187500000e+03
9.643924804687500000e+03
9.577650390625000000e+03
4.193260742187500000e+03
1.035983398437500000e+04
9.688497070312500000e+03
7.303779296875000000e+03
1.153738867187500000e+04
4.544552246093750000e+03
6.272031250000000000e+03
1.029880957031250000e+04
9.061723632812500000e+03
6.479720214843750000e+03
2.765133544921875000e+03
5.785916503906250000e+03
4.564037109375000000e+03
2.629768066406250000e+02
4.738638916015625000e+02
2.603002929687500000e+02
2.368066406250000000e+02
1.681320800781250000e+02
4.753534179687500000e+03
4.415670898437500000e+03
5.557388671875000000e+03
8.326083007812500000e+03
1.730168750000000000e+04
1.740476074218750000e+02
4.174128906250000000e+03
6.349345703125000000e+03
6.272899169921875000e+02
5.951065429687500000e+03
8.831029296875000000e+03
5.176555664062500000e+03
2.960396728515625000e+02
4.190884765625000000e+03
4.944202636718750000e+03
4.513349609375000000e+04
7.206880859375000000e+03
9.399740600585937500e+02
4.619066894531250000e+03
1.961721191406250000e+02
4.429726074218750000e+03
4.222029296875000000e+03
5.163637695312500000e+03
3.740614013671875000e+02
1.266796875000000000e+04
1.077054199218750000e+03
2.654329589843750000e+03
4.370712890625000000e+03
1.449744873046875000e+02
1.183759033203125000e+03
3.495565185546875000e+03
5.170499511718750000e+03
5.142239257812500000e+03
4.440179687500000000e+03
9.351817382812500000e+03
1.545393066406250000e+02
6.660296386718750000e+03
3.984998535156250000e+03
4.980095703125000000e+03
7.248214843750000000e+03
2.595747070312500000e+02
4.058100097656250000e+03
1.289458984375000000e+03
2.633511962890625000e+02
2.745565185546875000e+02
2.464045898437500000e+03
5.715635253906250000e+03
4.648175781250000000e+03
5.225582031250000000e+03
6.435748046875000000e+03
6.623412109375000000e+03
4.107946289062500000e+03
6.983318359375000000e+03
3.423098144531250000e+02
1.225628593750000000e+05
7.088155761718750000e+03
1.012791015625000000e+03
7.594095214843750000e+03
4.377423339843750000e+03
5.549803710937500000e+03
4.579796875000000000e+03
4.012465576171875000e+03
4.758393554687500000e+03
4.725975585937500000e+03
4.089869628906250000e+03
5.288946777343750000e+03
1.007123632812500000e+04
1.171631469726562500e+03
1.312666137695312500e+03
4.473417968750000000e+03
1.551040039062500000e+02
5.532552734375000000e+03
3.135798583984375000e+03
5.772097167968750000e+03
5.742564453125000000e+03
5.768693359375000000e+03
5.949089843750000000e+03
5.654534179687500000e+03
3.360512695312500000e+03
3.923369384765625000e+03
9.940415039062500000e+03
8.381244140625000000e+03
4.598570800781250000e+03
5.670632812500000000e+03
2.925323974609375000e+03
1.268675415039062500e+03
6.999391113281250000e+03
1.520968945312500000e+04
4.314191406250000000e+03
3.452025390625000000e+03
5.339663085937500000e+03
2.997988525390625000e+03
5.598181152343750000e+02
4.894850000000000000e+04
1.401095507812500000e+04
5.833616699218750000e+03
2.913897460937500000e+03
5.532733398437500000e+03
3.256523925781250000e+03
2.864952148437500000e+03
3.701298583984375000e+03
5.870453125000000000e+03
3.795127441406250000e+03
5.943357421875000000e+03
8.725647460937500000e+03
3.157810058593750000e+03
5.297908203125000000e+03
7.547081542968750000e+03
2.251629882812500000e+03
3.308499267578125000e+03
1.430140869140625000e+03
2.933026367187500000e+03
3.069231445312500000e+03
5.977940917968750000e+03
4.571293457031250000e+03
7.541561035156250000e+03
4.091058593750000000e+03
4.139480957031250000e+03
6.068138183593750000e+03
9.473924804687500000e+03
6.732267578125000000e+03
6.152377929687500000e+03
5.881115234375000000e+03
8.491551757812500000e+03
1.230530859375000000e+04
3.376978759765625000e+03
4.725246093750000000e+03
3.574602050781250000e+03
1.225250390625000000e+04
3.835874755859375000e+03
5.294997070312500000e+03
5.630861328125000000e+03
1.348396406250000000e+05
6.888605468750000000e+03
6.847625000000000000e+03
6.450032226562500000e+03
1.837135498046875000e+03
3.358355224609375000e+03
2.975666259765625000e+03
9.854067382812500000e+03
3.331232666015625000e+03
3.306464355468750000e+03
1.009917968750000000e+04
1.676564331054687500e+03
1.184946093750000000e+04
8.039052734375000000e+03
6.962861328125000000e+03
5.660428710937500000e+03
5.650425781250000000e+03
1.247918457031250000e+04
3.781291503906250000e+03
4.607927246093750000e+03
3.560042480468750000e+03
4.150075683593750000e+03
3.688619384765625000e+03
6.130765991210937500e+02
7.115955200195312500e+02
7.916365722656250000e+03
6.717916015625000000e+03
5.816257812500000000e+03
3.576043945312500000e+03
2.035386962890625000e+02
2.729872070312500000e+03
6.089192382812500000e+03
1.301509863281250000e+04
3.727421386718750000e+03
4.945344238281250000e+02
3.664311035156250000e+03
3.214700927734375000e+02
1.869625854492187500e+03
7.677229687500000000e+04
1.112397265625000000e+04
4.977243652343750000e+03
1.539466552734375000e+02
3.776640869140625000e+03
2.205235595703125000e+02
4.557256347656250000e+03
7.594843139648437500e+02
4.594738281250000000e+03
4.609305664062500000e+03
4.300462890625000000e+03
1.048624902343750000e+04
5.589268798828125000e+02
3.397189453125000000e+03
7.965538574218750000e+03
3.441413574218750000e+03
4.886889648437500000e+02
3.371832031250000000e+03
2.770343017578125000e+02
3.180540039062500000e+03
4.540828125000000000e+03
1.294350585937500000e+03
9.947080078125000000e+03
8.434561157226562500e+02
6.024812622070312500e+02
4.560984863281250000e+03
7.227501953125000000e+03
7.077399902343750000e+03
4.496629882812500000e+03
4.428194824218750000e+03
6.470406738281250000e+03
9.225965820312500000e+03
3.905780029296875000e+02
1.127138305664062500e+03
7.328147460937500000e+03
1.728354296875000000e+04
1.076746582031250000e+03
1.241661010742187500e+03
3.862470458984375000e+03
1.811347968750000000e+05
5.042526367187500000e+03
5.426975585937500000e+03
1.032694531250000000e+04
2.031342285156250000e+03
7.426787109375000000e+02
3.625545043945312500e+02
7.738944824218750000e+03
3.415501708984375000e+02
3.017517700195312500e+02
1.061889453125000000e+04
6.094409179687500000e+03
1.108601757812500000e+04
6.429371093750000000e+03
5.864552734375000000e+03
1.382172973632812500e+03
4.088215820312500000e+03
1.027759277343750000e+04
2.863325195312500000e+02
2.412995605468750000e+02
2.999854736328125000e+02
9.326599121093750000e+01
3.831871093750000000e+03
3.520334960937500000e+03
6.124058105468750000e+03
8.360065429687500000e+03
1.705608398437500000e+04
2.664052734375000000e+02
3.318204833984375000e+03
6.225573242187500000e+03
5.166350097656250000e+02
6.031630859375000000e+03
9.036744140625000000e+03
4.311747070312500000e+03
1.211867675781250000e+02
3.210024658203125000e+03
4.631650390625000000e+03
4.957774609375000000e+04
7.862194335937500000e+03
6.065010986328125000e+02
3.886844726562500000e+03
1.923229980468750000e+02
3.389919921875000000e+03
4.297315917968750000e+03
4.213897460937500000e+03
2.835150146484375000e+02
1.312930468750000000e+04
1.062350585937500000e+03
2.383399902343750000e+03
3.303398925781250000e+03
2.047614746093750000e+02
1.286848266601562500e+03
3.064911621093750000e+03
4.529981445312500000e+03
4.767062500000000000e+03
3.621164794921875000e+03
8.466769531250000000e+03
2.528782958984375000e+02
5.481057617187500000e+03
3.714561035156250000e+03
4.269639160156250000e+03
6.688089355468750000e+03
2.203659667968750000e+02
4.084808593750000000e+03
9.703872680664062500e+02
5.063068847656250000e+02
2.952576904296875000e+02
2.502138916015625000e+03
6.183744140625000000e+03
3.979127441406250000e+03
4.560946289062500000e+03
6.512043945312500000e+03
6.344377929687500000e+03
3.308654785156250000e+03
6.012332031250000000e+03
1.333150634765625000e+02
1.335807500000000000e+05
7.101241210937500000e+03
8.077536010742187500e+02
7.750795898437500000e+03
4.016507812500000000e+03
4.622735351562500000e+03
3.999803955078125000e+03
3.827788574218750000e+03
3.910171386718750000e+03
3.999235595703125000e+03
3.736880615234375000e+03
5.162432617187500000e+03
1.035106933593750000e+04
1.237312011718750000e+03
9.296518554687500000e+02
3.790773681640625000e+03
2.278841552734375000e+02
6.179380859375000000e+03
4.733441162109375000e+02
6.035022583007812500e+02
2.793341064453125000e+02
4.716015625000000000e+03
4.546309570312500000e+03
7.414443359375000000e+03
9.041972656250000000e+03
1.734165625000000000e+04
5.097466430664062500e+02
4.158503906250000000e+03
6.655589843750000000e+03
9.036341552734375000e+02
7.619232910156250000e+03
9.401931640625000000e+03
5.261610351562500000e+03
2.253518066406250000e+02
4.127146484375000000e+03
4.980028320312500000e+03
4.393761328125000000e+04
9.688952148437500000e+03
3.353491210937500000e+02
4.885301269531250000e+03
2.730095214843750000e+02
4.316414062500000000e+03
4.847964355468750000e+03
5.171330078125000000e+03
3.254456787109375000e+02
1.356548046875000000e+04
1.444517822265625000e+03
2.166641845703125000e+03
4.332542480468750000e+03
4.728312988281250000e+02
9.105573120117187500e+02
3.007517578125000000e+03
5.471521484375000000e+03
4.774463378906250000e+03
4.478443847656250000e+03
8.917852539062500000e+03
4.953092041015625000e+02
6.423332031250000000e+03
3.112741699218750000e+03
5.205577148437500000e+03
7.586965820312500000e+03
5.329760742187500000e+02
4.879694824218750000e+03
4.836560058593750000e+02
1.024410278320312500e+03
5.666813964843750000e+02
3.378400878906250000e+03
7.818454101562500000e+03
4.778001464843750000e+03
5.427709960937500000e+03
6.758067871093750000e+03
5.708592773437500000e+03
4.372495117187500000e+03
7.037189453125000000e+03
2.595747070312500000e+02
1.270108046875000000e+05
7.618759765625000000e+03
5.920765380859375000e+02
7.432812011718750000e+03
4.535589843750000000e+03
5.521399414062500000e+03
4.833400878906250000e+03
4.923036132812500000e+03
4.756891601562500000e+03
4.782948242187500000e+03
3.928348876953125000e+03
4.774131835937500000e+03
1.186388476562500000e+04
1.804062500000000000e+03
8.615535888671875000e+02
4.687375000000000000e+03
5.587539062500000000e+02
7.921893066406250000e+03
1.746834716796875000e+02
1.879768066406250000e+02
3.713461425781250000e+03
3.159565185546875000e+03
4.434045898437500000e+03
7.633631347656250000e+03
1.717060546875000000e+04
1.087336425781250000e+02
3.108750244140625000e+03
6.173681640625000000e+03
4.895054931640625000e+02
4.445226562500000000e+03
8.733529296875000000e+03
4.227098632812500000e+03
2.828725585937500000e+02
3.003917480468750000e+03
4.544010253906250000e+03
4.480182812500000000e+04
5.759159179687500000e+03
7.947679443359375000e+02
3.642652099609375000e+03
2.859044799804687500e+02
3.381514648437500000e+03
3.979266113281250000e+03
4.174099121093750000e+03
5.610945434570312500e+02
1.246459960937500000e+04
9.135104980468750000e+02
2.180416259765625000e+03
3.262727294921875000e+03
2.150721435546875000e+02
1.316506591796875000e+03
3.298243652343750000e+03
4.356164062500000000e+03
4.905631347656250000e+03
3.422507568359375000e+03
8.428070312500000000e+03
1.194831542968750000e+02
5.382315917968750000e+03
4.144826660156250000e+03
3.917234863281250000e+03
6.500996093750000000e+03
2.835190429687500000e+02
3.532857910156250000e+03
1.493341308593750000e+03
2.458524169921875000e+02
2.648162841796875000e+02
1.642037963867187500e+03
4.220271972656250000e+03
3.872900878906250000e+03
4.368708984375000000e+03
6.275467285156250000e+03
6.447798828125000000e+03
2.938823486328125000e+03
5.640024414062500000e+03
3.356800537109375000e+02
1.215159375000000000e+05
6.707298828125000000e+03
8.868046264648437500e+02
7.784656250000000000e+03
4.143087402343750000e+03
4.343620117187500000e+03
3.683501708984375000e+03
3.185157226562500000e+03
3.741860839843750000e+03
3.853124023437500000e+03
3.433984863281250000e+03
5.245163085937500000e+03
8.597155273437500000e+03
6.821231689453125000e+02
8.692655029296875000e+02
3.557363769531250000e+03
1.917348632812500000e+02
4.062883300781250000e+03
2.531165771484375000e+02
4.358620605468750000e+03
3.939046142578125000e+03
4.171093750000000000e+03
8.054589843750000000e+03
1.722419335937500000e+04
8.530895996093750000e+01
3.802153808593750000e+03
6.283151367187500000e+03
5.348793945312500000e+02
3.904382324218750000e+03
8.655165039062500000e+03
4.932650390625000000e+03
2.949724121093750000e+02
3.767664550781250000e+03
4.868563476562500000e+03
4.515873437500000000e+04
5.620821289062500000e+03
1.019364135742187500e+03
4.301465820312500000e+03
3.153575439453125000e+02
4.009218994140625000e+03
3.929662109375000000e+03
4.828580078125000000e+03
5.852631225585937500e+02
1.267652050781250000e+04
7.298348999023437500e+02
2.373963623046875000e+03
3.941871093750000000e+03
2.433115234375000000e+02
1.534276611328125000e+03
3.554376220703125000e+03
5.021818359375000000e+03
5.077566406250000000e+03
4.006788330078125000e+03
9.063026367187500000e+03
2.040096435546875000e+02
6.099809082031250000e+03
4.394321289062500000e+03
4.621182128906250000e+03
7.052278808593750000e+03
1.560908203125000000e+02
3.581750000000000000e+03
1.613958374023437500e+03
2.123859863281250000e+02
2.515275878906250000e+02
1.724588867187500000e+03
4.157900390625000000e+03
4.459207031250000000e+03
4.922281250000000000e+03
6.484190917968750000e+03
6.563744140625000000e+03
3.671467773437500000e+03
6.523663085937500000e+03
3.454681396484375000e+02
1.212910781250000000e+05
6.960392089843750000e+03
1.181313232421875000e+03
7.633324707031250000e+03
4.182334960937500000e+03
5.160581054687500000e+03
4.291394531250000000e+03
2.936184082031250000e+03
4.366267578125000000e+03
4.442949707031250000e+03
3.748062988281250000e+03
5.311517578125000000e+03
8.252275390625000000e+03
8.717572631835937500e+02
1.412264282226562500e+03
4.075226074218750000e+03
7.875048828125000000e+01
3.959592773437500000e+03
3.724275878906250000e+03
3.354687988281250000e+03
5.844716796875000000e+03
8.194119140625000000e+03
1.697702929687500000e+04
1.604838867187500000e+02
3.205569335937500000e+03
6.096377929687500000e+03
5.521616210937500000e+02
5.879198242187500000e+03
8.726459960937500000e+03
4.311182617187500000e+03
1.066137695312500000e+02
3.121764648437500000e+03
4.571029296875000000e+03
4.787285156250000000e+04
7.632087890625000000e+03
5.837119750976562500e+02
3.761612792968750000e+03
1.427191162109375000e+02
3.342398193359375000e+03
4.140482910156250000e+03
4.157494140625000000e+03
2.733316650390625000e+02
1.285193554687500000e+04
9.732359008789062500e+02
2.300659423828125000e+03
3.279590576171875000e+03
1.478714599609375000e+02
1.100228027343750000e+03
3.044605712890625000e+03
4.454988281250000000e+03
4.768152832031250000e+03
3.548080078125000000e+03
8.449382812500000000e+03
1.702524414062500000e+02
5.506113281250000000e+03
3.753531005859375000e+03
4.154929687500000000e+03
6.542816894531250000e+03
1.876445312500000000e+02
4.022498535156250000e+03
9.983007202148437500e+02
4.245437011718750000e+02
1.965480957031250000e+02
2.406140380859375000e+03
5.980585937500000000e+03
3.881661865234375000e+03
4.386457519531250000e+03
6.350409179687500000e+03
6.322391601562500000e+03
3.194891113281250000e+03
5.915854492187500000e+03
1.326998291015625000e+02
1.296365312500000000e+05
6.916878906250000000e+03
6.959208374023437500e+02
7.597265625000000000e+03
4.006952148437500000e+03
4.570368652343750000e+03
3.831655761718750000e+03
3.794080566406250000e+03
3.815053955078125000e+03
3.884359130859375000e+03
3.688069580078125000e+03
5.103289062500000000e+03
1.032143164062500000e+04
1.178368408203125000e+03
9.527093505859375000e+02
3.572982910156250000e+03
1.835065917968750000e+02
5.898681640625000000e+03
2.929384155273437500e+02
8.219057617187500000e+03
8.781865234375000000e+03
3.530074951171875000e+03
3.655977539062500000e+03
2.825932617187500000e+02
2.799172363281250000e+03
6.322871582031250000e+03
1.285889062500000000e+04
5.987765625000000000e+03
9.954214477539062500e+02
3.813563964843750000e+03
3.387432250976562500e+02
2.025727783203125000e+03
7.671710937500000000e+04
1.130177636718750000e+04
5.185747070312500000e+03
5.666317749023437500e+02
3.839060546875000000e+03
5.334329223632812500e+02
4.817585937500000000e+03
5.176747436523437500e+02
4.778191406250000000e+03
3.892615722656250000e+03
4.351627929687500000e+03
1.024586718750000000e+04
7.721516723632812500e+02
3.505365722656250000e+03
8.245942382812500000e+03
3.376042968750000000e+03
1.063113769531250000e+03
3.429811035156250000e+03
4.462875976562500000e+02
2.064768798828125000e+03
4.657375976562500000e+03
1.464488891601562500e+03
1.000470703125000000e+04
8.180607299804687500e+02
1.291018798828125000e+03
4.731845703125000000e+03
7.933064941406250000e+03
7.266797851562500000e+03
4.757149414062500000e+03
4.607838867187500000e+03
6.342500976562500000e+03
9.295316406250000000e+03
5.458809814453125000e+02
5.935860595703125000e+02
7.451932617187500000e+03
1.772133203125000000e+04
1.238307128906250000e+03
5.608710937500000000e+02
3.950603759765625000e+03
1.811235625000000000e+05
5.755221679687500000e+03
5.555862792968750000e+03
1.198171093750000000e+04
2.324094482421875000e+03
3.205476074218750000e+02
2.558016357421875000e+02
7.938390625000000000e+03
6.663004150390625000e+02
4.855975952148437500e+02
1.074150390625000000e+04
6.570704101562500000e+03
9.992325195312500000e+03
6.642475585937500000e+03
6.071480468750000000e+03
1.755285888671875000e+03
4.314006835937500000e+03
1.026156835937500000e+04
7.522124511718750000e+03
8.474722656250000000e+03
4.322205078125000000e+03
3.293972656250000000e+03
4.018120727539062500e+02
3.174779052734375000e+03
5.822635742187500000e+03
1.187275781250000000e+04
6.843558593750000000e+03
1.076685424804687500e+03
3.481874023437500000e+03
3.373912353515625000e+02
2.358617675781250000e+03
7.703696093750000000e+04
1.064488378906250000e+04
4.804183105468750000e+03
7.474746704101562500e+02
3.570501953125000000e+03
6.553074951171875000e+02
5.033179199218750000e+03
6.781248779296875000e+02
4.538677246093750000e+03
4.581711914062500000e+03
4.026069335937500000e+03
1.050607031250000000e+04
7.090399780273437500e+02
3.250355957031250000e+03
7.793099121093750000e+03
4.359031738281250000e+03
1.131947265625000000e+03
4.211335937500000000e+03
4.738443603515625000e+02
2.492779052734375000e+03
4.149040039062500000e+03
1.233782348632812500e+03
1.071989355468750000e+04
3.613586425781250000e+02
1.706680664062500000e+03
4.356693359375000000e+03
7.438938476562500000e+03
7.368328125000000000e+03
4.328863281250000000e+03
4.178629394531250000e+03
5.823373046875000000e+03
8.337309570312500000e+03
6.943227539062500000e+02
8.342589111328125000e+02
7.785911132812500000e+03
1.876276562500000000e+04
9.970787353515625000e+02
4.500117187500000000e+02
3.685827148437500000e+03
1.798125468750000000e+05
5.611338867187500000e+03
5.179511718750000000e+03
1.289605078125000000e+04
2.714634765625000000e+03
3.762637939453125000e+02
5.566093750000000000e+02
7.691258789062500000e+03
8.548365478515625000e+02
7.071361083984375000e+02
1.089046191406250000e+04
7.237703125000000000e+03
9.557287109375000000e+03
5.608098632812500000e+03
5.254921875000000000e+03
1.777574096679687500e+03
3.940795166015625000e+03
9.176539062500000000e+03
8.529226562500000000e+03
1.770999609375000000e+04
4.269182617187500000e+03
8.158803710937500000e+03
9.653051757812500000e+03
5.345540527343750000e+03
4.037325195312500000e+03
1.084966992187500000e+04
8.534479492187500000e+03
6.213702148437500000e+03
8.104963867187500000e+03
8.276243164062500000e+03
5.008534765625000000e+04
2.693300781250000000e+03
8.288845703125000000e+03
8.070614746093750000e+03
6.116396484375000000e+03
7.865321289062500000e+03
5.643061523437500000e+03
8.436105468750000000e+03
6.747943359375000000e+03
1.400392773437500000e+04
2.658613525390625000e+03
6.140124023437500000e+03
7.864664062500000000e+03
5.248275390625000000e+03
8.202803710937500000e+03
9.226435546875000000e+03
8.726451171875000000e+03
9.332063476562500000e+03
8.004265136718750000e+03
1.026195996093750000e+04
4.879789550781250000e+03
9.810259765625000000e+03
8.601544921875000000e+03
6.765829589843750000e+03
9.178297851562500000e+03
5.142117187500000000e+03
5.565913574218750000e+03
8.504244140625000000e+03
4.331045898437500000e+03
4.888699218750000000e+03
2.442760498046875000e+03
1.777275634765625000e+03
8.163917480468750000e+03
8.556732421875000000e+03
6.557885253906250000e+03
9.993172851562500000e+03
8.112976074218750000e+03
9.802247070312500000e+03
6.501625976562500000e+03
1.222028046875000000e+05
8.545127929687500000e+03
8.224548828125000000e+03
1.473346679687500000e+04
7.363820312500000000e+03
8.942750000000000000e+03
8.356056640625000000e+03
2.927591064453125000e+03
8.372672851562500000e+03
8.092804687500000000e+03
6.257617187500000000e+03
8.962841796875000000e+03
4.971069824218750000e+03
4.485775390625000000e+03
8.594280273437500000e+03
8.594515625000000000e+03
4.537525390625000000e+03
1.943752319335937500e+03
1.356587890625000000e+04
7.699885742187500000e+03
7.786721679687500000e+03
8.131513183593750000e+03
8.198021484375000000e+03
1.360507226562500000e+04
5.609623046875000000e+03
6.574995117187500000e+03
8.726408203125000000e+03
7.964460937500000000e+03
7.665216796875000000e+03
5.442675781250000000e+04
1.049102734375000000e+04
9.882453125000000000e+03
6.623469726562500000e+03
8.258727539062500000e+03
6.647137207031250000e+03
8.878194335937500000e+03
8.077903808593750000e+03
8.987441406250000000e+03
9.492370117187500000e+03
7.676162109375000000e+03
1.334481933593750000e+04
7.237085937500000000e+03
7.922449707031250000e+03
9.419056640625000000e+03
1.019305468750000000e+04
6.996323242187500000e+03
9.684712890625000000e+03
7.634706054687500000e+03
1.016750976562500000e+04
7.872279296875000000e+03
8.843410156250000000e+03
1.411869531250000000e+04
7.744619140625000000e+03
7.507420898437500000e+03
8.241700195312500000e+03
4.318725585937500000e+03
1.013458007812500000e+04
7.735830078125000000e+03
8.394264648437500000e+03
8.218341796875000000e+03
1.058235546875000000e+04
7.276322265625000000e+03
8.913811523437500000e+03
5.866975585937500000e+03
1.993856250000000000e+04
8.042510253906250000e+03
9.979713867187500000e+03
8.641587890625000000e+03
1.278498437500000000e+05
1.706100585937500000e+03
9.855782226562500000e+03
1.228880664062500000e+04
8.487174804687500000e+03
8.835286132812500000e+03
8.065703125000000000e+03
1.055671679687500000e+04
6.824249511718750000e+03
7.271122070312500000e+03
1.411419335937500000e+04
9.937100585937500000e+03
1.431418945312500000e+04
8.606993164062500000e+03
9.805716796875000000e+03
7.015808593750000000e+03
8.007662109375000000e+03
9.897511718750000000e+03
1.717019921875000000e+04
5.228495117187500000e+03
3.634056152343750000e+03
1.808903125000000000e+04
2.576533398437500000e+04
7.267687500000000000e+03
5.778724609375000000e+03
1.688557812500000000e+04
4.904318847656250000e+03
4.222549804687500000e+03
6.897138281250000000e+04
2.195137500000000000e+04
1.791430078125000000e+04
5.735384765625000000e+03
1.704812890625000000e+04
5.719616210937500000e+03
8.627898437500000000e+03
3.330976318359375000e+03
1.730301953125000000e+04
1.585000488281250000e+03
1.638855664062500000e+04
1.997198437500000000e+04
6.834582031250000000e+03
1.686026171875000000e+04
2.027000585937500000e+04
7.886134277343750000e+03
5.052025878906250000e+03
7.650469238281250000e+03
5.137194335937500000e+03
1.222509033203125000e+03
1.730985546875000000e+04
6.866626953125000000e+03
1.784876953125000000e+04
5.395578125000000000e+03
6.399131835937500000e+03
1.711456250000000000e+04
1.929845117187500000e+04
1.880624218750000000e+04
1.741824218750000000e+04
1.718306250000000000e+04
1.811281445312500000e+04
2.020516601562500000e+04
5.944126953125000000e+03
4.234159179687500000e+03
8.215048828125000000e+03
2.419170312500000000e+04
1.036533105468750000e+04
6.037889648437500000e+03
1.687304101562500000e+04
1.587468281250000000e+05
9.624138671875000000e+03
1.857372265625000000e+04
1.467252343750000000e+04
5.809130859375000000e+03
3.399407714843750000e+03
5.196689941406250000e+03
1.651775390625000000e+04
6.197980468750000000e+03
5.828723632812500000e+03
1.890241601562500000e+04
7.868235839843750000e+03
1.872621679687500000e+04
1.886497656250000000e+04
1.854224218750000000e+04
7.023173828125000000e+03
1.701731835937500000e+04
2.166914648437500000e+04
3.133798339843750000e+03
6.157045410156250000e+03
6.101127929687500000e+02
4.241112792968750000e+03
8.508132812500000000e+03
4.367287109375000000e+03
2.399371948242187500e+02
3.103260742187500000e+03
4.522415039062500000e+03
4.490145312500000000e+04
5.635553710937500000e+03
8.843249511718750000e+02
3.658597900390625000e+03
1.767753906250000000e+02
3.411594970703125000e+03
3.981641113281250000e+03
4.253682128906250000e+03
5.134067993164062500e+02
1.255970410156250000e+04
7.842725830078125000e+02
2.261917480468750000e+03
3.352620849609375000e+03
1.542541503906250000e+02
1.322946044921875000e+03
3.292187744140625000e+03
4.479821777343750000e+03
4.905854003906250000e+03
3.445067871093750000e+03
8.594357421875000000e+03
1.357845458984375000e+02
5.526375000000000000e+03
4.112629394531250000e+03
4.082614257812500000e+03
6.465054687500000000e+03
2.321457519531250000e+02
3.590301513671875000e+03
1.444177124023437500e+03
2.300347900390625000e+02
2.204333496093750000e+02
1.864846435546875000e+03
4.192917968750000000e+03
3.797187988281250000e+03
4.334328125000000000e+03
6.082152832031250000e+03
6.606611816406250000e+03
3.038177246093750000e+03
5.767878417968750000e+03
2.960977172851562500e+02
1.211383906250000000e+05
6.575905273437500000e+03
9.757164306640625000e+02
7.821906250000000000e+03
4.102286132812500000e+03
4.534248046875000000e+03
3.611017089843750000e+03
3.204723388671875000e+03
3.772118164062500000e+03
3.794591796875000000e+03
3.716936035156250000e+03
5.257198242187500000e+03
8.610666992187500000e+03
9.430794067382812500e+02
1.309405517578125000e+03
3.502631835937500000e+03
1.276427001953125000e+02
4.052337890625000000e+03
2.507361083984375000e+03
5.649358886718750000e+03
1.269017968750000000e+04
4.752123046875000000e+03
4.818933105468750000e+02
3.235202392578125000e+03
1.274190673828125000e+02
1.693464355468750000e+03
7.648630468750000000e+04
1.112973828125000000e+04
4.563089843750000000e+03
1.954381103515625000e+02
3.303456787109375000e+03
2.497359619140625000e+02
4.432086914062500000e+03
6.790669555664062500e+02
4.180335937500000000e+03
4.340852539062500000e+03
3.991190429687500000e+03
1.008806445312500000e+04
5.770356445312500000e+02
2.931670410156250000e+03
7.655323730468750000e+03
3.138345214843750000e+03
3.918221435546875000e+02
3.274190917968750000e+03
2.136649169921875000e+02
2.749502197265625000e+03
4.083922607421875000e+03
1.126458496093750000e+03
9.816790039062500000e+03
6.047160644531250000e+02
4.610907592773437500e+02
4.192005859375000000e+03
7.427145507812500000e+03
6.638873535156250000e+03
4.138507812500000000e+03
4.037843261718750000e+03
6.182364257812500000e+03
8.994744140625000000e+03
1.995811767578125000e+02
1.011863159179687500e+03
7.071279296875000000e+03
1.737055468750000000e+04
8.760640258789062500e+02
7.898850097656250000e+02
3.438187500000000000e+03
1.809332656250000000e+05
5.452041015625000000e+03
4.902338867187500000e+03
1.132973046875000000e+04
2.059518798828125000e+03
3.778596191406250000e+02
1.242775878906250000e+02
7.737148437500000000e+03
3.369899902343750000e+02
1.204700927734375000e+02
1.052739257812500000e+04
6.190325195312500000e+03
1.050459082031250000e+04
6.020616699218750000e+03
5.285357910156250000e+03
1.821271484375000000e+03
3.723230468750000000e+03
1.010870312500000000e+04
7.275884765625000000e+03
1.511456250000000000e+04
4.869885253906250000e+03
2.855757080078125000e+03
5.880678710937500000e+03
2.318156250000000000e+03
6.900720214843750000e+02
6.074187890625000000e+04
1.376836523437500000e+04
6.804681640625000000e+03
2.686051269531250000e+03
6.087458984375000000e+03
2.542874267578125000e+03
2.532415039062500000e+03
2.955982421875000000e+03
6.361544921875000000e+03
2.946868896484375000e+03
6.362429687500000000e+03
9.484159179687500000e+03
2.466097412109375000e+03
5.813860839843750000e+03
8.327691406250000000e+03
3.496980712890625000e+03
2.919642089843750000e+03
2.191936279296875000e+03
2.304012939453125000e+03
3.236174560546875000e+03
6.305015625000000000e+03
3.647055175781250000e+03
9.111035156250000000e+03
3.280350341796875000e+03
3.920125000000000000e+03
6.293035156250000000e+03
9.292314453125000000e+03
7.828621582031250000e+03
6.323751953125000000e+03
6.187448242187500000e+03
8.221936523437500000e+03
1.189021972656250000e+04
2.975820312500000000e+03
3.785029296875000000e+03
3.704044433593750000e+03
1.361156542968750000e+04
3.687707275390625000e+03
4.601489746093750000e+03
6.048489257812500000e+03
1.529978281250000000e+05
6.404765136718750000e+03
7.550650390625000000e+03
7.753453125000000000e+03
1.049603271484375000e+03
2.731545410156250000e+03
2.852416015625000000e+03
9.736825195312500000e+03
2.941940185546875000e+03
2.850321289062500000e+03
1.051338574218750000e+04
2.327145019531250000e+03
1.150639062500000000e+04
7.597946777343750000e+03
7.930946289062500000e+03
4.746833496093750000e+03
6.047864257812500000e+03
1.191232421875000000e+04
5.289116699218750000e+03
9.905152343750000000e+03
6.345010253906250000e+03
7.085731201171875000e+02
5.524843750000000000e+03
5.883018066406250000e+03
4.512537500000000000e+04
6.850476074218750000e+03
1.324944824218750000e+03
6.271416992187500000e+03
7.515614013671875000e+02
5.702921875000000000e+03
4.324686523437500000e+03
6.747098144531250000e+03
8.516184082031250000e+02
1.415221777343750000e+04
1.328034057617187500e+03
2.563310302734375000e+03
5.476048828125000000e+03
5.068133544921875000e+02
1.824987182617187500e+03
4.504404296875000000e+03
6.620269531250000000e+03
6.200363281250000000e+03
5.934734863281250000e+03
1.018687402343750000e+04
3.486765136718750000e+02
7.342104492187500000e+03
4.510285156250000000e+03
5.975974121093750000e+03
8.967516601562500000e+03
3.688281250000000000e+02
3.932041992187500000e+03
1.684114501953125000e+03
5.275651855468750000e+02
3.705407714843750000e+02
2.057084228515625000e+03
5.087778320312500000e+03
6.346127441406250000e+03
7.248589843750000000e+03
6.481261718750000000e+03
6.244699218750000000e+03
5.433838867187500000e+03
8.290562500000000000e+03
6.725959472656250000e+02
1.219391406250000000e+05
7.857655761718750000e+03
1.324738403320312500e+03
8.850494140625000000e+03
4.919376464843750000e+03
6.670708984375000000e+03
6.479826171875000000e+03
3.428389892578125000e+03
6.208403320312500000e+03
6.385365234375000000e+03
3.575728271484375000e+03
5.690858398437500000e+03
9.279597656250000000e+03
6.344794921875000000e+02
8.447197265625000000e+02
6.531211914062500000e+03
4.050676269531250000e+02
4.928880859375000000e+03
1.830762109375000000e+04
1.383780761718750000e+04
6.390382324218750000e+03
1.255714062500000000e+04
1.366812304687500000e+04
5.183033984375000000e+04
2.821209228515625000e+03
8.480542968750000000e+03
1.366568945312500000e+04
6.344796386718750000e+03
1.276806835937500000e+04
7.757560546875000000e+03
1.278045117187500000e+04
6.897501953125000000e+03
2.192285937500000000e+04
4.095793457031250000e+03
5.047287109375000000e+03
1.234471191406250000e+04
5.450543945312500000e+03
8.911086914062500000e+03
1.433933398437500000e+04
1.443483886718750000e+04
1.419932226562500000e+04
1.271839453125000000e+04
1.660326953125000000e+04
4.988228027343750000e+03
1.461008300781250000e+04
8.634784179687500000e+03
1.079412207031250000e+04
1.647449609375000000e+04
4.840532226562500000e+03
5.792513671875000000e+03
8.527288085937500000e+03
4.768465332031250000e+03
4.918888671875000000e+03
3.484109375000000000e+03
1.847458984375000000e+03
1.314179882812500000e+04
1.299162695312500000e+04
1.121366210937500000e+04
1.006905664062500000e+04
1.324858398437500000e+04
1.454677636718750000e+04
6.621867187500000000e+03
1.268746562500000000e+05
1.457197753906250000e+04
8.596195312500000000e+03
1.946554687500000000e+04
1.265132226562500000e+04
1.345517578125000000e+04
1.329376171875000000e+04
3.889983886718750000e+03
1.317584765625000000e+04
1.325518164062500000e+04
6.190248535156250000e+03
1.350120898437500000e+04
4.379142578125000000e+03
4.401533203125000000e+03
9.048291015625000000e+03
1.322531542968750000e+04
4.474804199218750000e+03
1.612680175781250000e+03
3.188597656250000000e+03
8.472562500000000000e+03
5.360754882812500000e+03
4.289043945312500000e+03
6.006596875000000000e+04
1.416797558593750000e+04
9.536162109375000000e+03
3.791203613281250000e+03
8.590609375000000000e+03
3.784720214843750000e+03
7.790650390625000000e+03
5.640280761718750000e+03
9.113460937500000000e+03
4.949069335937500000e+03
7.295825195312500000e+03
1.327974804687500000e+04
5.518511230468750000e+03
8.497071289062500000e+03
9.546809570312500000e+03
6.110126953125000000e+03
3.711698486328125000e+03
5.688302734375000000e+03
5.177462890625000000e+03
5.800721191406250000e+03
8.834437500000000000e+03
6.452859375000000000e+03
1.187113281250000000e+04
5.902590820312500000e+03
3.730091796875000000e+03
8.977642578125000000e+03
8.963620117187500000e+03
1.049749609375000000e+04
8.856808593750000000e+03
8.716183593750000000e+03
1.091346386718750000e+04
1.406155468750000000e+04
4.717575195312500000e+03
6.778838867187500000e+03
6.296835937500000000e+03
1.887968164062500000e+04
8.149460937500000000e+03
8.033083007812500000e+03
8.812125000000000000e+03
1.485254218750000000e+05
6.297961425781250000e+03
1.004725097656250000e+04
6.658320312500000000e+03
5.225518066406250000e+03
5.541594726562500000e+03
5.140242187500000000e+03
1.007380664062500000e+04
3.422795898437500000e+03
4.010381347656250000e+03
1.221965429687500000e+04
6.646826171875000000e+03
1.536265820312500000e+04
1.032351367187500000e+04
1.099198242187500000e+04
6.028651367187500000e+03
8.588720703125000000e+03
1.480738476562500000e+04
4.321841796875000000e+03
5.907490234375000000e+02
2.248442626953125000e+03
7.702144531250000000e+04
1.136444335937500000e+04
5.654056640625000000e+03
4.717124023437500000e+02
4.496953125000000000e+03
3.935061035156250000e+02
5.218526367187500000e+03
1.018147949218750000e+03
5.148794921875000000e+03
4.553318847656250000e+03
4.802097656250000000e+03
1.116616113281250000e+04
9.690766601562500000e+02
3.937612792968750000e+03
8.480078125000000000e+03
3.853620605468750000e+03
1.522495117187500000e+02
3.844950927734375000e+03
7.748266601562500000e+02
3.172173583984375000e+03
5.090725585937500000e+03
1.350081054687500000e+03
1.007841406250000000e+04
9.211674804687500000e+02
5.594672851562500000e+02
5.134143554687500000e+03
7.783446289062500000e+03
7.561999511718750000e+03
5.037246093750000000e+03
4.927018554687500000e+03
6.840836914062500000e+03
9.370519531250000000e+03
6.828795166015625000e+02
1.854021240234375000e+03
7.522745117187500000e+03
1.713625000000000000e+04
1.787971435546875000e+03
1.375018798828125000e+03
4.492460449218750000e+03
1.814217031250000000e+05
5.411374023437500000e+03
6.066609863281250000e+03
1.072232617187500000e+04
2.306804687500000000e+03
7.724310302734375000e+02
7.666250000000000000e+02
7.679591308593750000e+03
3.963503417968750000e+02
4.442915039062500000e+02
1.052663183593750000e+04
6.871438476562500000e+03
1.110909082031250000e+04
6.849159179687500000e+03
6.128609863281250000e+03
2.458434570312500000e+03
4.674271484375000000e+03
1.101269140625000000e+04
3.166322753906250000e+03
4.358139648437500000e+03
4.726881250000000000e+04
8.593763671875000000e+03
4.130377197265625000e+02
3.777059326171875000e+03
1.377875976562500000e+02
3.452385253906250000e+03
4.252301757812500000e+03
4.331739746093750000e+03
2.368121337890625000e+02
1.291247363281250000e+04
9.918967285156250000e+02
1.958042114257812500e+03
3.389371093750000000e+03
1.902672119140625000e+02
9.307104492187500000e+02
2.964625000000000000e+03
4.448739257812500000e+03
4.509454589843750000e+03
3.498201904296875000e+03
8.507175781250000000e+03
3.062406005859375000e+02
5.647773437500000000e+03
3.288514160156250000e+03
4.225062500000000000e+03
6.560533203125000000e+03
2.274879150390625000e+02
4.417651367187500000e+03
6.185332031250000000e+02
6.113251953125000000e+02
2.521405029296875000e+02
2.849885742187500000e+03
6.617033203125000000e+03
3.984641357421875000e+03
4.466244140625000000e+03
6.544541015625000000e+03
5.671013671875000000e+03
3.267030029296875000e+03
5.997836914062500000e+03
7.418823242187500000e+01
1.323456250000000000e+05
7.310277832031250000e+03
7.099909057617187500e+02
6.954100585937500000e+03
3.797462402343750000e+03
4.556582519531250000e+03
3.778900634765625000e+03
4.241286621093750000e+03
3.831794677734375000e+03
3.928696289062500000e+03
3.614052490234375000e+03
4.633702148437500000e+03
1.067147070312500000e+04
1.370315917968750000e+03
9.560979003906250000e+02
3.659459960937500000e+03
2.273785400390625000e+02
6.723550781250000000e+03
1.676565673828125000e+03
7.661675000000000000e+04
1.145799218750000000e+04
4.513267089843750000e+03
3.083209228515625000e+02
3.300880859375000000e+03
2.745344238281250000e+02
4.331294921875000000e+03
6.587133178710937500e+02
4.171786621093750000e+03
4.423518066406250000e+03
4.039454589843750000e+03
1.001188085937500000e+04
4.755957031250000000e+02
2.881453125000000000e+03
7.614546875000000000e+03
3.198339111328125000e+03
5.869212646484375000e+02
3.401898925781250000e+03
1.768332519531250000e+02
2.703245117187500000e+03
4.018705566406250000e+03
1.052397094726562500e+03
9.969710937500000000e+03
5.956745605468750000e+02
1.006701110839843750e+03
4.054783691406250000e+03
7.306623535156250000e+03
6.580868164062500000e+03
4.085386962890625000e+03
3.943486816406250000e+03
6.038235351562500000e+03
8.932440429687500000e+03
4.155310668945312500e+02
1.060087402343750000e+03
7.147723632812500000e+03
1.752678125000000000e+04
8.300750732421875000e+02
7.738024902343750000e+02
3.321425292968750000e+03
1.811113437500000000e+05
5.558799804687500000e+03
4.881647949218750000e+03
1.126423828125000000e+04
1.850417236328125000e+03
3.639573974609375000e+02
3.217301635742187500e+02
7.867470703125000000e+03
5.140952148437500000e+02
3.566485595703125000e+02
1.067436035156250000e+04
6.132346679687500000e+03
1.029232812500000000e+04
5.866723144531250000e+03
5.178510742187500000e+03
1.848656982421875000e+03
3.662719238281250000e+03
9.877478515625000000e+03
5.514188281250000000e+04
1.247758203125000000e+04
5.140954101562500000e+03
1.788673461914062500e+03
4.558720703125000000e+03
1.902268798828125000e+03
2.069985351562500000e+03
2.348608642578125000e+03
5.021267578125000000e+03
3.511819091796875000e+03
4.967046386718750000e+03
8.103971679687500000e+03
1.714709228515625000e+03
4.268595703125000000e+03
7.179140136718750000e+03
2.333232177734375000e+03
2.304727783203125000e+03
1.495766479492187500e+03
1.663923950195312500e+03
2.675753173828125000e+03
4.924100097656250000e+03
2.907417480468750000e+03
7.384471679687500000e+03
2.615392333984375000e+03
3.314693603515625000e+03
5.000647460937500000e+03
8.602870117187500000e+03
6.253860839843750000e+03
5.061949218750000000e+03
4.878134765625000000e+03
7.001272460937500000e+03
1.061467968750000000e+04
2.256385253906250000e+03
3.219104492187500000e+03
3.018432373046875000e+03
1.173691210937500000e+04
2.187562988281250000e+03
3.506822021484375000e+03
4.580071289062500000e+03
1.441195312500000000e+05
6.118136718750000000e+03
5.987672851562500000e+03
6.908864257812500000e+03
9.156635742187500000e+02
1.998765625000000000e+03
1.909664672851562500e+03
8.584181640625000000e+03
2.168909912109375000e+03
2.157360107421875000e+03
9.281531250000000000e+03
1.623536499023437500e+03
1.012186523437500000e+04
6.644610839843750000e+03
6.011368652343750000e+03
4.193712402343750000e+03
4.657856445312500000e+03
1.068687890625000000e+04
5.315227343750000000e+04
4.445926562500000000e+04
7.704746875000000000e+04
4.700354687500000000e+04
7.654337500000000000e+04
5.216621875000000000e+04
7.698933593750000000e+04
4.802979687500000000e+04
5.948265625000000000e+04
4.458117578125000000e+04
4.542599218750000000e+04
7.694908593750000000e+04
4.523219921875000000e+04
4.523307031250000000e+04
4.630351953125000000e+04
7.743574218750000000e+04
4.853142578125000000e+04
7.692636718750000000e+04
5.773070703125000000e+04
4.543834765625000000e+04
7.912071875000000000e+04
4.777281250000000000e+04
7.530439843750000000e+04
7.931204687500000000e+04
4.516282812500000000e+04
5.071014843750000000e+04
4.692844531250000000e+04
4.571352734375000000e+04
4.488228906250000000e+04
4.767562109375000000e+04
5.316447265625000000e+04
7.696412500000000000e+04
7.735357031250000000e+04
4.947448046875000000e+04
4.651042578125000000e+04
7.511209375000000000e+04
8.217264843750000000e+04
4.656242578125000000e+04
1.649016796875000000e+04
5.365975000000000000e+04
4.435566015625000000e+04
5.002579687500000000e+04
6.069706250000000000e+04
7.729558593750000000e+04
7.698783593750000000e+04
5.191613281250000000e+04
7.664590625000000000e+04
7.671930468750000000e+04
4.916148437500000000e+04
4.767470312500000000e+04
5.436253125000000000e+04
4.648497656250000000e+04
4.431598046875000000e+04
7.720460937500000000e+04
4.528339843750000000e+04
5.065766796875000000e+04
1.111126171875000000e+04
1.152625585937500000e+04
8.046675292968750000e+03
1.113669140625000000e+04
8.090721679687500000e+03
1.138614062500000000e+04
8.816074218750000000e+03
1.830523632812500000e+04
3.563895019531250000e+03
6.634868164062500000e+03
1.175576953125000000e+04
7.109686035156250000e+03
1.060412207031250000e+04
1.364731933593750000e+04
1.168939746093750000e+04
1.264250000000000000e+04
1.149562207031250000e+04
1.436450878906250000e+04
6.436221191406250000e+03
1.359562988281250000e+04
8.665651367187500000e+03
9.248730468750000000e+03
1.223660644531250000e+04
6.686152832031250000e+03
6.408569824218750000e+03
1.069755664062500000e+04
5.802020996093750000e+03
6.702012695312500000e+03
3.708131347656250000e+03
1.029796020507812500e+03
1.077909765625000000e+04
1.169270312500000000e+04
9.672671875000000000e+03
9.977588867187500000e+03
1.214792871093750000e+04
1.286357031250000000e+04
8.783974609375000000e+03
1.257456953125000000e+05
1.176132812500000000e+04
1.062258593750000000e+04
1.951750390625000000e+04
1.176747656250000000e+04
1.186125878906250000e+04
1.135746582031250000e+04
2.333195068359375000e+03
1.152182812500000000e+04
1.074707226562500000e+04
5.596912597656250000e+03
1.305475195312500000e+04
4.979133789062500000e+03
5.822573730468750000e+03
1.130109765625000000e+04
1.232490039062500000e+04
6.145812988281250000e+03
2.037737792968750000e+03
5.061398437500000000e+03
6.071430664062500000e+02
4.764943359375000000e+03
5.406608398437500000e+03
5.520528320312500000e+03
6.498662719726562500e+02
1.421669531250000000e+04
1.835106079101562500e+03
2.263611816406250000e+03
4.654833984375000000e+03
7.545368652343750000e+02
1.045909423828125000e+03
3.137978271484375000e+03
5.717972656250000000e+03
4.812078125000000000e+03
4.811709960937500000e+03
9.494190429687500000e+03
9.503167724609375000e+02
7.041882812500000000e+03
3.092295410156250000e+03
5.534238769531250000e+03
7.916483398437500000e+03
8.990704345703125000e+02
5.450824707031250000e+03
4.378254394531250000e+02
1.569772216796875000e+03
8.795130004882812500e+02
4.124230468750000000e+03
8.958958984375000000e+03
5.317147460937500000e+03
5.738989257812500000e+03
7.782875488281250000e+03
6.025536132812500000e+03
4.613582031250000000e+03
7.758546875000000000e+03
4.479819335937500000e+02
1.300745390625000000e+05
8.335887695312500000e+03
6.250026855468750000e+02
6.678315429687500000e+03
4.700909179687500000e+03
5.949131835937500000e+03
5.156935058593750000e+03
5.734770507812500000e+03
5.062402343750000000e+03
5.325048339843750000e+03
4.118252929687500000e+03
4.938905761718750000e+03
1.322403515625000000e+04
2.011182861328125000e+03
7.505972900390625000e+02
4.801673828125000000e+03
9.358084106445312500e+02
8.975280273437500000e+03
3.833563964843750000e+03
2.145274658203125000e+02
4.601798828125000000e+03
8.826621093750000000e+02
4.711765625000000000e+03
4.413742675781250000e+03
4.497699218750000000e+03
1.076516699218750000e+04
5.244608154296875000e+02
3.522059326171875000e+03
7.974024414062500000e+03
3.489954101562500000e+03
4.697402343750000000e+02
3.420546142578125000e+03
3.273168945312500000e+02
3.035337890625000000e+03
4.529301757812500000e+03
1.323906250000000000e+03
1.010449218750000000e+04
8.711893310546875000e+02
6.177542724609375000e+02
4.697073730468750000e+03
7.846122070312500000e+03
7.345509765625000000e+03
4.665042968750000000e+03
4.481099121093750000e+03
6.687082031250000000e+03
9.592488281250000000e+03
2.907418212890625000e+02
1.446105712890625000e+03
6.789104492187500000e+03
1.761381835937500000e+04
9.702368164062500000e+02
1.311485717773437500e+03
3.972403808593750000e+03
1.813890937500000000e+05
5.003618652343750000e+03
5.647366699218750000e+03
1.079115429687500000e+04
2.138385986328125000e+03
6.994531250000000000e+02
2.864213867187500000e+02
8.032251953125000000e+03
4.052725830078125000e+02
2.952078857421875000e+02
1.107309472656250000e+04
6.143127929687500000e+03
1.100854394531250000e+04
6.474731933593750000e+03
6.103015136718750000e+03
1.950706054687500000e+03
4.245665039062500000e+03
1.076312500000000000e+04
3.518166015625000000e+03
4.386646484375000000e+03
4.381113769531250000e+03
2.552099609375000000e+02
1.281947851562500000e+04
1.143480102539062500e+03
2.309656982421875000e+03
3.570840332031250000e+03
1.410988769531250000e+02
9.435289306640625000e+02
3.077901855468750000e+03
4.575490722656250000e+03
4.693458496093750000e+03
3.638213867187500000e+03
8.539899414062500000e+03
2.411520996093750000e+02
5.686292480468750000e+03
3.531604980468750000e+03
4.304027343750000000e+03
6.554107421875000000e+03
3.135137939453125000e+02
4.316711425781250000e+03
7.846271362304687500e+02
5.470687866210937500e+02
2.819799804687500000e+02
2.820272460937500000e+03
6.371530273437500000e+03
3.881215820312500000e+03
4.494492675781250000e+03
6.024576171875000000e+03
6.449060546875000000e+03
3.404271484375000000e+03
6.162877929687500000e+03
1.205933837890625000e+02
1.295453437500000000e+05
6.822834472656250000e+03
7.620654907226562500e+02
7.652497558593750000e+03
4.034130371093750000e+03
4.733537109375000000e+03
3.741230957031250000e+03
4.293155761718750000e+03
3.885505859375000000e+03
3.912667480468750000e+03
3.964039306640625000e+03
4.961919921875000000e+03
1.080128027343750000e+04
1.425258300781250000e+03
1.098921264648437500e+03
3.735826171875000000e+03
2.531477050781250000e+02
6.439932617187500000e+03
4.542118164062500000e+03
6.759623413085937500e+02
4.349826660156250000e+03
4.488249023437500000e+03
4.217665039062500000e+03
1.010781250000000000e+04
4.024289550781250000e+02
3.092296630859375000e+03
7.795282226562500000e+03
3.484341308593750000e+03
5.407652587890625000e+02
3.498664062500000000e+03
2.479130859375000000e+02
3.085656738281250000e+03
4.247410644531250000e+03
9.788548583984375000e+02
9.731913085937500000e+03
8.661878662109375000e+02
8.530337524414062500e+02
4.254488281250000000e+03
7.052058105468750000e+03
6.706194335937500000e+03
4.289273437500000000e+03
4.154703125000000000e+03
6.116406738281250000e+03
9.172742187500000000e+03
4.346849975585937500e+02
1.277271850585937500e+03
6.983714843750000000e+03
1.712445117187500000e+04
1.002942382812500000e+03
1.165383056640625000e+03
3.507836669921875000e+03
1.809042500000000000e+05
5.072441406250000000e+03
5.233577148437500000e+03
1.062783398437500000e+04
1.955911376953125000e+03
6.392612304687500000e+02
4.829152221679687500e+02
7.486375976562500000e+03
3.366302490234375000e+02
3.317763671875000000e+02
1.033928515625000000e+04
6.283034179687500000e+03
1.081517968750000000e+04
6.107969238281250000e+03
5.472938476562500000e+03
1.705092041015625000e+03
3.868509277343750000e+03
1.022117871093750000e+04
5.122020507812500000e+03
4.637786621093750000e+03
6.638347656250000000e+03
4.240712890625000000e+03
4.991277343750000000e+03
3.986624023437500000e+03
3.982926757812500000e+03
6.655649414062500000e+03
2.919760986328125000e+03
5.161163085937500000e+03
3.017950439453125000e+03
4.252327148437500000e+03
6.463001464843750000e+03
4.100833984375000000e+03
5.658558105468750000e+03
6.737461914062500000e+03
5.135809570312500000e+03
6.748034179687500000e+03
3.962729003906250000e+03
7.150032226562500000e+03
5.867072265625000000e+03
3.915878173828125000e+03
4.099862792968750000e+03
3.906867187500000000e+03
6.397265625000000000e+03
5.165676269531250000e+03
6.155470703125000000e+03
4.096971679687500000e+03
8.443823242187500000e+03
3.437885498046875000e+03
6.977165527343750000e+03
4.366889648437500000e+03
1.293886640625000000e+05
7.864788085937500000e+03
5.881050292968750000e+03
9.681927734375000000e+03
1.643673461914062500e+03
4.925541992187500000e+03
4.824375976562500000e+03
4.941481933593750000e+03
4.836759765625000000e+03
5.091111328125000000e+03
6.546327148437500000e+03
2.465581054687500000e+03
6.513773437500000000e+03
4.774245605468750000e+03
5.972912597656250000e+03
7.537574707031250000e+03
3.866964355468750000e+03
6.203820312500000000e+03
5.252772460937500000e+03
3.748936035156250000e+03
4.838604492187500000e+03
1.065908789062500000e+04
9.278128662109375000e+02
4.173104980468750000e+03
8.468146484375000000e+03
3.921817382812500000e+03
1.184585815429687500e+03
3.851346191406250000e+03
7.133294677734375000e+02
2.349809326171875000e+03
5.150004394531250000e+03
8.689879150390625000e+02
1.019266601562500000e+04
1.083235961914062500e+03
1.531590332031250000e+03
5.048899902343750000e+03
7.308084472656250000e+03
7.704002441406250000e+03
5.327067382812500000e+03
5.275993164062500000e+03
6.609782226562500000e+03
9.533726562500000000e+03
8.606911010742187500e+02
5.232480468750000000e+02
7.430288574218750000e+03
1.770226171875000000e+04
1.676958862304687500e+03
1.002111816406250000e+03
4.351314453125000000e+03
1.815295312500000000e+05
4.724494628906250000e+03
6.306724609375000000e+03
1.115892968750000000e+04
2.317494873046875000e+03
6.242348632812500000e+02
7.464107666015625000e+02
7.932505859375000000e+03
5.976550292968750000e+02
8.590716552734375000e+02
1.069544824218750000e+04
6.859275878906250000e+03
1.063455664062500000e+04
7.216522949218750000e+03
6.400887207031250000e+03
1.214335571289062500e+03
4.802367187500000000e+03
1.051987304687500000e+04
1.318735058593750000e+04
1.305590087890625000e+03
2.507048583984375000e+03
4.360753906250000000e+03
2.927747802734375000e+02
1.048625732421875000e+03
3.236287597656250000e+03
5.180193359375000000e+03
4.855888671875000000e+03
4.462714355468750000e+03
9.284728515625000000e+03
3.845313720703125000e+02
6.549817871093750000e+03
3.733923828125000000e+03
4.966613281250000000e+03
7.261412109375000000e+03
5.092403564453125000e+02
4.656943847656250000e+03
6.905390625000000000e+02
7.670056152343750000e+02
3.843017578125000000e+02
3.196374511718750000e+03
7.022176269531250000e+03
4.652309570312500000e+03
5.310819824218750000e+03
6.766816406250000000e+03
6.357911132812500000e+03
4.395816406250000000e+03
6.975215332031250000e+03
2.869510498046875000e+02
1.309468828125000000e+05
7.849051757812500000e+03
7.275809936523437500e+02
7.391683593750000000e+03
4.318104980468750000e+03
5.520744628906250000e+03
4.674856445312500000e+03
4.582065429687500000e+03
4.835053710937500000e+03
4.684224609375000000e+03
3.994866699218750000e+03
5.123067382812500000e+03
1.119154394531250000e+04
1.595970214843750000e+03
1.029136840820312500e+03
4.632674316406250000e+03
4.463377685546875000e+02
7.072212890625000000e+03
1.243473046875000000e+04
1.740917968750000000e+04
5.589495117187500000e+03
1.237444238281250000e+04
1.567699609375000000e+04
7.398095703125000000e+03
4.280416992187500000e+03
6.516529296875000000e+03
4.486416992187500000e+03
2.301735595703125000e+03
1.266641601562500000e+04
5.736613281250000000e+03
1.588122949218750000e+04
4.702053710937500000e+03
5.021668457031250000e+03
1.292162988281250000e+04
1.458579589843750000e+04
1.592675683593750000e+04
1.245112695312500000e+04
1.278989648437500000e+04
1.426377343750000000e+04
1.677652343750000000e+04
4.746820312500000000e+03
4.803977050781250000e+03
6.102462890625000000e+03
2.204564062500000000e+04
8.108826171875000000e+03
5.634859863281250000e+03
1.299406640625000000e+04
1.350439843750000000e+05
7.136397460937500000e+03
1.453642968750000000e+04
1.174880175781250000e+04
5.544483886718750000e+03
3.720172119140625000e+03
4.399941406250000000e+03
1.412575390625000000e+04
4.656874023437500000e+03
4.590046875000000000e+03
1.724584375000000000e+04
7.041653320312500000e+03
1.606956738281250000e+04
1.401788085937500000e+04
1.549964453125000000e+04
6.216900390625000000e+03
1.252605664062500000e+04
1.736022460937500000e+04
2.381541992187500000e+03
4.395308593750000000e+03
9.754688720703125000e+02
2.131153076171875000e+03
3.739084960937500000e+03
5.036060546875000000e+03
4.701083984375000000e+03
4.380226562500000000e+03
8.914238281250000000e+03
9.341190185546875000e+02
6.513252929687500000e+03
3.687155273437500000e+03
4.555573730468750000e+03
6.765508789062500000e+03
9.199713745117187500e+02
3.757447265625000000e+03
2.432951416015625000e+03
1.046638427734375000e+03
8.618481445312500000e+02
2.085407958984375000e+03
3.810977050781250000e+03
4.666390625000000000e+03
4.899119140625000000e+03
5.945617187500000000e+03
4.354646972656250000e+03
4.503373046875000000e+03
6.554887207031250000e+03
1.137351928710937500e+03
1.215178359375000000e+05
7.147084960937500000e+03
1.863452514648437500e+03
7.094898437500000000e+03
4.293615234375000000e+03
5.120526367187500000e+03
4.417818359375000000e+03
1.691160644531250000e+03
4.324122070312500000e+03
4.461511718750000000e+03
2.187842285156250000e+03
5.248977050781250000e+03
6.742022460937500000e+03
1.648215698242187500e+03
2.258812988281250000e+03
4.325033203125000000e+03
8.126090698242187500e+02
4.221195312500000000e+03
1.044119921875000000e+04
2.494437011718750000e+03
3.532456054687500000e+03
6.444182617187500000e+03
1.146293261718750000e+04
6.651957031250000000e+03
1.024346484375000000e+04
1.301101367187500000e+04
2.576504394531250000e+03
1.220130859375000000e+04
1.681522705078125000e+03
1.055133496093750000e+04
1.344775878906250000e+04
2.246661865234375000e+03
7.283681152343750000e+03
2.402685546875000000e+03
2.975714843750000000e+03
2.382337890625000000e+03
3.553781250000000000e+03
5.822747558593750000e+03
1.057475878906250000e+04
1.116521679687500000e+04
6.972706542968750000e+03
2.341519042968750000e+03
1.058883593750000000e+04
1.299909570312500000e+04
1.968469360351562500e+03
1.279694375000000000e+05
1.270788183593750000e+04
2.617271728515625000e+03
1.151373242187500000e+04
7.030287597656250000e+03
1.086094726562500000e+04
1.059507910156250000e+04
3.575974609375000000e+03
1.069355175781250000e+04
1.052110351562500000e+04
1.772750732421875000e+03
5.590457031250000000e+03
9.402812500000000000e+03
3.384408203125000000e+03
2.637638427734375000e+03
1.141847070312500000e+04
2.483686523437500000e+03
5.752196289062500000e+03
3.087730468750000000e+03
7.818249511718750000e+03
3.630072753906250000e+03
1.098521240234375000e+03
3.704340820312500000e+03
3.714787597656250000e+02
3.491072753906250000e+03
4.180946289062500000e+03
1.340351562500000000e+03
1.032173046875000000e+04
9.795278320312500000e+02
2.012981689453125000e+03
4.243384765625000000e+03
7.111952148437500000e+03
6.828580566406250000e+03
4.312648437500000000e+03
4.112122070312500000e+03
6.039178222656250000e+03
9.197529296875000000e+03
9.029571533203125000e+02
1.553355346679687500e+03
7.034064453125000000e+03
1.771342968750000000e+04
6.597421875000000000e+02
1.601651367187500000e+03
3.504273193359375000e+03
1.816469531250000000e+05
5.179329101562500000e+03
4.935791015625000000e+03
1.063730957031250000e+04
1.955590820312500000e+03
1.033135742187500000e+03
8.346082153320312500e+02
8.104372558593750000e+03
7.630136718750000000e+02
9.340984497070312500e+02
1.095151757812500000e+04
6.092978515625000000e+03
1.094656054687500000e+04
5.849094726562500000e+03
4.884824218750000000e+03
1.807657958984375000e+03
3.831789062500000000e+03
9.981540039062500000e+03
1.164635009765625000e+03
3.059725830078125000e+03
4.107195312500000000e+03
4.656027343750000000e+03
3.208544677734375000e+03
8.104588867187500000e+03
1.286239013671875000e+02
4.980562988281250000e+03
3.974348632812500000e+03
3.897528808593750000e+03
6.298701171875000000e+03
2.221162109375000000e+02
3.844451904296875000e+03
1.158221191406250000e+03
2.345059814453125000e+02
1.161176757812500000e+02
2.342001708984375000e+03
5.389967285156250000e+03
3.641406005859375000e+03
4.381944335937500000e+03
5.928954589843750000e+03
6.678199218750000000e+03
2.942481445312500000e+03
5.467722656250000000e+03
1.930843505859375000e+02
1.233233046875000000e+05
6.733565917968750000e+03
8.656825561523437500e+02
7.546946289062500000e+03
3.768207031250000000e+03
4.246057617187500000e+03
3.515228515625000000e+03
3.829846191406250000e+03
3.463914550781250000e+03
3.630300048828125000e+03
3.879789062500000000e+03
5.084035156250000000e+03
9.524851562500000000e+03
1.072996337890625000e+03
1.087904785156250000e+03
3.586030517578125000e+03
1.135277099609375000e+02
5.289653320312500000e+03
5.638457031250000000e+03
8.490176757812500000e+03
6.745322265625000000e+03
8.025676757812500000e+03
1.280876953125000000e+04
1.215245117187500000e+03
1.041771386718750000e+04
4.612835449218750000e+03
8.112959472656250000e+03
9.994926757812500000e+03
1.439524414062500000e+03
4.986452148437500000e+03
1.301041381835937500e+03
1.775621459960937500e+03
1.203679321289062500e+03
4.787853515625000000e+03
8.906900390625000000e+03
7.915610351562500000e+03
8.644370117187500000e+03
7.525965820312500000e+03
7.957206054687500000e+03
7.816099609375000000e+03
1.125545898437500000e+04
1.035924560546875000e+03
1.283243437500000000e+05
9.799623046875000000e+03
8.298021240234375000e+02
7.202932617187500000e+03
6.503248046875000000e+03
9.174748046875000000e+03
8.249813476562500000e+03
6.402785644531250000e+03
8.232156250000000000e+03
7.955425781250000000e+03
5.044385253906250000e+03
6.225498046875000000e+03
1.373123632812500000e+04
1.969829589843750000e+03
1.460474121093750000e+03
7.537100097656250000e+03
1.359768432617187500e+03
9.199606445312500000e+03
3.808401611328125000e+03
1.288571899414062500e+03
3.374225585937500000e+03
4.413139648437500000e+03
3.604000732421875000e+03
5.379674804687500000e+03
5.325750488281250000e+03
4.892868164062500000e+03
5.222042968750000000e+03
3.561903320312500000e+03
8.849507812500000000e+03
4.161514648437500000e+03
4.197141601562500000e+03
3.569084960937500000e+03
6.303730468750000000e+03
1.199538281250000000e+04
4.044113525390625000e+03
4.636250488281250000e+03
5.352138671875000000e+03
9.285156250000000000e+03
3.833965332031250000e+03
5.749753906250000000e+03
3.008164550781250000e+03
1.327724218750000000e+05
7.966987304687500000e+03
3.777846191406250000e+03
7.442852539062500000e+03
1.469007568359375000e+03
3.660558105468750000e+03
3.383028320312500000e+03
7.838693847656250000e+03
3.349497558593750000e+03
3.627573730468750000e+03
7.513209472656250000e+03
1.510870117187500000e+03
1.189919433593750000e+04
5.601097656250000000e+03
3.958874267578125000e+03
5.457842285156250000e+03
3.479624023437500000e+03
1.217185937500000000e+04
3.826646484375000000e+03
7.540410156250000000e+02
3.171324218750000000e+03
5.155698242187500000e+03
1.489589721679687500e+03
1.023360644531250000e+04
9.438007812500000000e+02
4.121636962890625000e+02
5.245356933593750000e+03
8.306391601562500000e+03
7.758517089843750000e+03
5.121681640625000000e+03
5.055113769531250000e+03
7.221416503906250000e+03
9.806650390625000000e+03
5.734756469726562500e+02
1.970407836914062500e+03
7.624391113281250000e+03
1.747829492187500000e+04
1.741925048828125000e+03
1.467933837890625000e+03
4.644805664062500000e+03
1.817108125000000000e+05
5.633030273437500000e+03
6.289129394531250000e+03
1.128632812500000000e+04
2.450736328125000000e+03
8.677015380859375000e+02
6.579991455078125000e+02
7.981525878906250000e+03
4.040827636718750000e+02
3.869185791015625000e+02
1.100241992187500000e+04
6.765025878906250000e+03
1.136244726562500000e+04
6.984378417968750000e+03
6.463807617187500000e+03
2.506535644531250000e+03
4.787159179687500000e+03
1.146846972656250000e+04
3.460656982421875000e+03
4.367046386718750000e+03
5.214355468750000000e+03
5.096400878906250000e+03
5.177424316406250000e+03
4.654103515625000000e+03
5.016232421875000000e+03
5.090076660156250000e+03
9.471289062500000000e+03
5.572268554687500000e+03
5.505500976562500000e+03
5.094997070312500000e+03
7.446413085937500000e+03
1.131240625000000000e+04
3.863053466796875000e+03
4.557338378906250000e+03
4.659126953125000000e+03
8.977545898437500000e+03
3.931786132812500000e+03
5.702806640625000000e+03
4.595787597656250000e+03
1.360170156250000000e+05
7.966165527343750000e+03
5.659513671875000000e+03
6.766046875000000000e+03
1.493903686523437500e+03
3.617156005859375000e+03
3.407468750000000000e+03
8.390149414062500000e+03
3.378661132812500000e+03
3.454979003906250000e+03
7.710611328125000000e+03
1.019043945312500000e+03
1.143069628906250000e+04
7.147697265625000000e+03
6.161792968750000000e+03
6.033295898437500000e+03
4.921583984375000000e+03
1.179544335937500000e+04
2.703631347656250000e+03
4.363036621093750000e+03
1.121583740234375000e+03
1.002804394531250000e+04
8.107197265625000000e+02
1.180050659179687500e+03
4.349340332031250000e+03
7.517390625000000000e+03
6.898418945312500000e+03
4.325934570312500000e+03
4.238392578125000000e+03
6.225918457031250000e+03
9.374428710937500000e+03
4.837091064453125000e+02
1.130248535156250000e+03
6.985467285156250000e+03
1.747788085937500000e+04
8.793214111328125000e+02
1.034642333984375000e+03
3.679096679687500000e+03
1.813432500000000000e+05
5.219653320312500000e+03
5.428715820312500000e+03
1.102465234375000000e+04
2.007864257812500000e+03
6.010156250000000000e+02
4.127009887695312500e+02
7.885293457031250000e+03
5.719760742187500000e+02
4.719757690429687500e+02
1.083075683593750000e+04
6.007767578125000000e+03
1.045657324218750000e+04
6.137725585937500000e+03
5.640444335937500000e+03
1.603014404296875000e+03
3.919012695312500000e+03
1.024907031250000000e+04
9.200265625000000000e+03
4.255248046875000000e+03
1.180491601562500000e+04
3.069045898437500000e+03
3.640099365234375000e+03
9.033835937500000000e+03
1.221801953125000000e+04
1.071781250000000000e+04
9.426718750000000000e+03
9.141880859375000000e+03
9.607343750000000000e+03
1.286308300781250000e+04
3.318209960937500000e+03
2.585875976562500000e+03
5.691714843750000000e+03
1.836838671875000000e+04
4.745684570312500000e+03
3.285939941406250000e+03
8.421845703125000000e+03
1.437579218750000000e+05
6.954395019531250000e+03
1.039781250000000000e+04
1.157551660156250000e+04
3.660682373046875000e+03
2.127121826171875000e+03
2.808600830078125000e+03
1.046518554687500000e+04
3.346419921875000000e+03
3.200960937500000000e+03
1.299867773437500000e+04
5.440616210937500000e+03
1.243768164062500000e+04
1.113238085937500000e+04
9.730613281250000000e+03
4.328625976562500000e+03
8.825400390625000000e+03
1.362694726562500000e+04
6.260177734375000000e+03
4.213522949218750000e+03
4.583698242187500000e+03
7.226400390625000000e+03
2.569687500000000000e+02
3.743779296875000000e+03
1.433883300781250000e+03
2.279846191406250000e+02
1.158905029296875000e+02
2.039039184570312500e+03
4.826671875000000000e+03
4.616102539062500000e+03
5.304915039062500000e+03
6.290882812500000000e+03
6.743975585937500000e+03
3.946725097656250000e+03
6.697033203125000000e+03
3.649592285156250000e+02
1.224786406250000000e+05
7.023645507812500000e+03
9.023233642578125000e+02
8.016328125000000000e+03
4.333224121093750000e+03
5.380050781250000000e+03
4.533520507812500000e+03
3.565862548828125000e+03
4.653678710937500000e+03
4.652481445312500000e+03
3.761732910156250000e+03
5.402014648437500000e+03
9.142403320312500000e+03
7.305081787109375000e+02
9.227336425781250000e+02
4.624939941406250000e+03
1.386492919921875000e+02
4.674378417968750000e+03
1.196472753906250000e+04
1.438627319335937500e+03
2.187826416015625000e+03
6.393756835937500000e+03
8.000340820312500000e+03
8.689705078125000000e+03
6.065356933593750000e+03
6.069950195312500000e+03
7.596201660156250000e+03
1.068852148437500000e+04
1.257031005859375000e+03
2.359891601562500000e+03
7.173619628906250000e+03
1.896096093750000000e+04
1.745979858398437500e+03
1.665498046875000000e+03
5.670471679687500000e+03
1.825628906250000000e+05
5.934035156250000000e+03
7.545588378906250000e+03
1.326686523437500000e+04
2.783202148437500000e+03
1.141242919921875000e+03
1.411460205078125000e+03
9.288697265625000000e+03
9.787006835937500000e+02
1.361682617187500000e+03
1.230328515625000000e+04
7.771708496093750000e+03
1.139333398437500000e+04
7.781616210937500000e+03
6.737842285156250000e+03
3.669040771484375000e+03
5.858000000000000000e+03
1.211666308593750000e+04
1.053500195312500000e+04
1.198849707031250000e+04
4.023381835937500000e+03
9.804742187500000000e+03
2.918878906250000000e+03
4.785919433593750000e+03
4.061097900390625000e+03
5.736808593750000000e+03
8.427489257812500000e+03
9.749675781250000000e+03
1.060873535156250000e+04
7.149739746093750000e+03
1.985679565429687500e+03
1.097847265625000000e+04
1.270615136718750000e+04
3.339205078125000000e+03
1.357115625000000000e+05
1.261447070312500000e+04
3.560716308593750000e+03
1.012725390625000000e+04
6.703764648437500000e+03
1.034686328125000000e+04
1.011778222656250000e+04
5.360197265625000000e+03
1.018523535156250000e+04
9.775172851562500000e+03
2.510906738281250000e+03
5.239250000000000000e+03
1.194536621093750000e+04
5.657516601562500000e+03
3.847600585937500000e+03
1.113652734375000000e+04
4.189514648437500000e+03
8.820537109375000000e+03
1.314298339843750000e+03
4.905761718750000000e+03
7.469913085937500000e+03
7.823756347656250000e+03
4.756793945312500000e+03
4.612996093750000000e+03
5.740333496093750000e+03
7.166244628906250000e+03
8.450368652343750000e+02
1.350995239257812500e+03
7.329474609375000000e+03
1.769854687500000000e+04
1.544966064453125000e+03
8.163785400390625000e+02
4.410136718750000000e+03
1.755032343750000000e+05
5.616473632812500000e+03
5.830208007812500000e+03
1.260971093750000000e+04
2.849310302734375000e+03
6.657574462890625000e+02
8.354659423828125000e+02
7.138700195312500000e+03
1.070281738281250000e+03
8.309477539062500000e+02
1.012204687500000000e+04
7.427123046875000000e+03
8.988958007812500000e+03
5.586018554687500000e+03
5.553508789062500000e+03
2.200031250000000000e+03
4.485014648437500000e+03
8.332914062500000000e+03
7.423436523437500000e+03
9.752552734375000000e+03
9.776391601562500000e+03
7.326857421875000000e+03
7.244184570312500000e+03
9.132589843750000000e+03
1.130012500000000000e+04
5.298793334960937500e+02
1.941722656250000000e+03
8.081321777343750000e+03
1.867033593750000000e+04
3.268782470703125000e+03
1.978875610351562500e+03
6.747422363281250000e+03
1.833693281250000000e+05
5.823554687500000000e+03
8.348930664062500000e+03
1.164941015625000000e+04
3.713010742187500000e+03
1.310460327148437500e+03
5.695013427734375000e+02
9.301724609375000000e+03
4.473819580078125000e+02
1.752122802734375000e+02
1.261367382812500000e+04
7.569496093750000000e+03
1.302060058593750000e+04
9.257457031250000000e+03
8.987233398437500000e+03
2.306727294921875000e+03
6.963070312500000000e+03
1.281532226562500000e+04
3.757625976562500000e+03
1.247293212890625000e+03
2.482481689453125000e+02
2.026212158203125000e+02
1.982467529296875000e+03
5.169993652343750000e+03
4.792020996093750000e+03
5.364967285156250000e+03
6.392129882812500000e+03
6.090809570312500000e+03
4.082560791015625000e+03
6.894327636718750000e+03
1.973359375000000000e+02
1.225666640625000000e+05
7.068777343750000000e+03
1.123644042968750000e+03
7.673799804687500000e+03
4.119979492187500000e+03
5.460165039062500000e+03
4.811657226562500000e+03
3.203442382812500000e+03
4.728978515625000000e+03
4.807542480468750000e+03
3.580568115234375000e+03
5.069810546875000000e+03
9.153488281250000000e+03
8.774382324218750000e+02
1.157151611328125000e+03
4.542739257812500000e+03
7.612268066406250000e+01
4.944674804687500000e+03
5.993618164062500000e+03
3.465080078125000000e+03
3.978540527343750000e+03
4.653647460937500000e+03
5.772380371093750000e+03
7.784113281250000000e+03
8.367912109375000000e+03
7.127740234375000000e+03
1.270354101562500000e+04
7.617824218750000000e+03
9.465468750000000000e+03
4.420994140625000000e+03
1.244625000000000000e+05
5.532868164062500000e+03
5.694680664062500000e+03
1.007447460937500000e+04
7.604942871093750000e+03
8.605962890625000000e+03
8.105021484375000000e+03
5.504283691406250000e+03
7.034532226562500000e+03
7.797735839843750000e+03
8.100798339843750000e+03
9.042318359375000000e+03
9.711984375000000000e+03
4.178268066406250000e+03
5.719310058593750000e+03
6.902194335937500000e+03
3.590085937500000000e+03
5.351106933593750000e+03
1.983893432617187500e+03
1.323988769531250000e+03
4.791191406250000000e+03
8.897964843750000000e+03
7.167214843750000000e+03
8.098138671875000000e+03
6.836572753906250000e+03
5.921756347656250000e+03
7.009469726562500000e+03
1.011552343750000000e+04
6.032578125000000000e+02
1.321156718750000000e+05
9.713038085937500000e+03
9.237276000976562500e+02
8.088719726562500000e+03
5.436669921875000000e+03
7.841768066406250000e+03
7.331197753906250000e+03
6.068810546875000000e+03
7.221279296875000000e+03
7.230519531250000000e+03
4.524561035156250000e+03
4.938591796875000000e+03
1.289993750000000000e+04
2.801480957031250000e+03
1.225879028320312500e+03
7.444734375000000000e+03
1.374626708984375000e+03
8.936433593750000000e+03
2.939201660156250000e+02
1.928277709960937500e+03
4.115094238281250000e+03
4.699017578125000000e+03
5.451256347656250000e+03
6.199972656250000000e+03
7.083189453125000000e+03
3.924819335937500000e+03
6.558739257812500000e+03
6.437348632812500000e+02
1.203863281250000000e+05
6.962356445312500000e+03
1.588054687500000000e+03
8.229374023437500000e+03
4.356278320312500000e+03
5.392303222656250000e+03
4.663184570312500000e+03
3.362444335937500000e+03
4.671534179687500000e+03
4.722854003906250000e+03
4.125891113281250000e+03
5.631567382812500000e+03
8.180004882812500000e+03
7.979163818359375000e+02
1.605871826171875000e+03
4.689393066406250000e+03
1.177403564453125000e+02
4.054485351562500000e+03
2.125181640625000000e+03
4.940798828125000000e+03
4.677502929687500000e+03
5.382926757812500000e+03
6.366972656250000000e+03
6.325373046875000000e+03
3.893218017578125000e+03
6.736332031250000000e+03
2.785739746093750000e+02
1.220752187500000000e+05
7.479502441406250000e+03
8.343990478515625000e+02
7.648482910156250000e+03
4.112534179687500000e+03
5.265915039062500000e+03
4.545733398437500000e+03
3.613921386718750000e+03
4.547427734375000000e+03
4.647284179687500000e+03
3.669385253906250000e+03
5.245696777343750000e+03
9.024210937500000000e+03
7.669284667968750000e+02
9.756142578125000000e+02
4.627354980468750000e+03
1.315581054687500000e+02
4.829488281250000000e+03
2.561239746093750000e+03
6.655896484375000000e+03
6.886417480468750000e+03
6.826646972656250000e+03
6.643103515625000000e+03
5.914431640625000000e+03
7.561437500000000000e+03
2.824810791015625000e+03
1.201936875000000000e+05
7.426832519531250000e+03
4.043832519531250000e+03
1.249941601562500000e+04
5.850458984375000000e+03
6.732837890625000000e+03
6.731767578125000000e+03
1.379261718750000000e+03
6.719430664062500000e+03
6.609738281250000000e+03
3.515195556640625000e+03
7.148098144531250000e+03
5.907976562500000000e+03
1.815240966796875000e+03
3.652065429687500000e+03
6.805664550781250000e+03
1.944242919921875000e+03
2.419346191406250000e+03
9.193681640625000000e+03
1.001952539062500000e+04
8.763316406250000000e+03
9.797118164062500000e+03
9.055376953125000000e+03
1.027554687500000000e+04
6.956660156250000000e+03
1.271352656250000000e+05
1.099982421875000000e+04
8.649093750000000000e+03
1.868676367187500000e+04
9.757392578125000000e+03
9.491501953125000000e+03
9.340520507812500000e+03
2.511146728515625000e+03
9.601118164062500000e+03
9.171280273437500000e+03
5.753906738281250000e+03
1.136394335937500000e+04
4.074515625000000000e+03
3.904639648437500000e+03
9.133490234375000000e+03
1.101669140625000000e+04
4.533797851562500000e+03
7.956392822265625000e+02
1.064084594726562500e+03
6.652359375000000000e+03
1.757916015625000000e+04
1.404321533203125000e+03
1.252001098632812500e+03
4.108506835937500000e+03
1.811510468750000000e+05
4.896956054687500000e+03
5.597054687500000000e+03
1.203298046875000000e+04
2.594196044921875000e+03
7.827877197265625000e+02
1.876842041015625000e+02
7.803346679687500000e+03
5.975139770507812500e+02
2.096535034179687500e+02
1.080749804687500000e+04
6.626618164062500000e+03
1.135273242187500000e+04
6.824503906250000000e+03
6.288469726562500000e+03
1.576797729492187500e+03
4.379719726562500000e+03
1.031670507812500000e+04
8.636103515625000000e+03
1.882199023437500000e+04
2.521681640625000000e+03
1.239273559570312500e+03
4.646382812500000000e+03
1.818411718750000000e+05
5.020182128906250000e+03
6.493602539062500000e+03
1.105435937500000000e+04
3.258087402343750000e+03
1.164652343750000000e+03
9.497440185546875000e+02
8.360339843750000000e+03
1.357435791015625000e+03
1.149539916992187500e+03
1.125100195312500000e+04
7.564494140625000000e+03
1.144950488281250000e+04
7.507052246093750000e+03
6.956243164062500000e+03
7.538665771484375000e+02
4.946267578125000000e+03
1.079378222656250000e+04
1.132033007812500000e+04
7.217746093750000000e+03
1.004062500000000000e+04
6.430629394531250000e+03
1.292071718750000000e+05
4.090501220703125000e+03
7.545225585937500000e+03
1.148048828125000000e+04
3.886262207031250000e+03
7.563107421875000000e+03
7.112926757812500000e+03
8.448318359375000000e+03
7.527867675781250000e+03
7.254953613281250000e+03
9.393157226562500000e+03
3.645693847656250000e+03
9.483028320312500000e+03
7.462469726562500000e+03
7.722242187500000000e+03
8.654895507812500000e+03
6.225058105468750000e+03
8.052976562500000000e+03
1.914349023437500000e+04
2.022050195312500000e+04
5.690875488281250000e+03
1.277676328125000000e+05
1.873418359375000000e+04
6.303666015625000000e+03
1.596674511718750000e+04
1.116434375000000000e+04
1.764327734375000000e+04
1.772992382812500000e+04
5.159337402343750000e+03
1.745253710937500000e+04
1.734413281250000000e+04
2.208354980468750000e+03
8.464683593750000000e+03
1.401360156250000000e+04
7.599787109375000000e+03
6.032666015625000000e+03
1.963375585937500000e+04
6.489035156250000000e+03
1.091918457031250000e+04
2.107137939453125000e+03
3.506551513671875000e+03
1.729942656250000000e+05
5.960606933593750000e+03
5.099800292968750000e+03
1.219096972656250000e+04
2.426989990234375000e+03
1.455136596679687500e+03
1.172368774414062500e+03
8.770211914062500000e+03
1.301457641601562500e+03
1.563092773437500000e+03
1.179131542968750000e+04
6.396192382812500000e+03
9.863153320312500000e+03
5.573145507812500000e+03
5.107193359375000000e+03
3.009151855468750000e+03
3.609783691406250000e+03
9.266146484375000000e+03
6.230257324218750000e+03
1.847355156250000000e+05
7.022873046875000000e+03
7.865482421875000000e+03
1.471771679687500000e+04
3.921495849609375000e+03
5.532368164062500000e+02
8.807520141601562500e+02
9.231252929687500000e+03
1.263419677734375000e+03
1.084089355468750000e+03
1.270701464843750000e+04
9.788996093750000000e+03
1.085321093750000000e+04
8.537250000000000000e+03
7.853404296875000000e+03
2.781676757812500000e+03
6.352404296875000000e+03
1.161474414062500000e+04
1.308565078125000000e+05
7.122097656250000000e+03
7.839397583007812500e+02
7.304779296875000000e+03
3.889391845703125000e+03
4.776102050781250000e+03
4.033765136718750000e+03
4.263188476562500000e+03
3.975906494140625000e+03
4.067943847656250000e+03
3.733340332031250000e+03
4.731398437500000000e+03
1.099261035156250000e+04
1.406667602539062500e+03
9.112276611328125000e+02
3.818804443359375000e+03
2.504028320312500000e+02
6.937612304687500000e+03
1.274684687500000000e+05
1.278691250000000000e+05
1.404395625000000000e+05
1.550154375000000000e+05
1.816743281250000000e+05
1.812213750000000000e+05
1.301144843750000000e+05
1.811602343750000000e+05
1.808233281250000000e+05
1.326354531250000000e+05
1.329680000000000000e+05
1.276192890625000000e+05
1.218957812500000000e+05
1.268115312500000000e+05
1.822343906250000000e+05
1.223298750000000000e+05
1.211470468750000000e+05
8.928191406250000000e+03
1.314522558593750000e+04
6.857286132812500000e+03
6.330509277343750000e+03
5.683192871093750000e+03
9.611642578125000000e+03
5.416522460937500000e+03
5.385809082031250000e+03
1.301085839843750000e+04
8.858851562500000000e+03
1.367664843750000000e+04
8.435195312500000000e+03
8.968435546875000000e+03
3.658529296875000000e+03
6.892099609375000000e+03
1.029846386718750000e+04
7.870621582031250000e+03
5.444914550781250000e+03
6.174817382812500000e+03
5.688003906250000000e+03
5.672859863281250000e+03
5.628034179687500000e+03
5.605237304687500000e+03
4.230282226562500000e+03
5.784275878906250000e+03
1.338906835937500000e+04
1.841866210937500000e+03
1.024825073242187500e+03
5.669831054687500000e+03
1.127104003906250000e+03
8.700698242187500000e+03
7.402291992187500000e+03
1.210275195312500000e+04
1.169818554687500000e+04
1.513067382812500000e+04
1.062934960937500000e+04
1.111559375000000000e+04
1.380739257812500000e+04
6.839404296875000000e+03
1.819202343750000000e+04
9.199548828125000000e+03
8.563453125000000000e+03
9.838164062500000000e+03
7.544598144531250000e+03
1.834494531250000000e+04
2.244763916015625000e+03
2.359448974609375000e+03
7.390110839843750000e+03
2.178996337890625000e+03
2.473268310546875000e+03
8.138350585937500000e+03
1.646751831054687500e+03
9.346987304687500000e+03
5.530980468750000000e+03
5.490405273437500000e+03
4.568050781250000000e+03
3.989250976562500000e+03
9.819293945312500000e+03
5.234549560546875000e+02
8.151773925781250000e+03
7.562091064453125000e+02
6.501040039062500000e+02
1.081407031250000000e+04
6.714265625000000000e+03
1.005292773437500000e+04
7.047713378906250000e+03
6.063702148437500000e+03
2.751774414062500000e+03
5.000361328125000000e+03
1.087135937500000000e+04
8.161933105468750000e+03
5.487199707031250000e+02
2.246058349609375000e+02
1.105396484375000000e+04
6.398816406250000000e+03
1.071624609375000000e+04
6.671980468750000000e+03
6.348439453125000000e+03
1.943845214843750000e+03
4.255791015625000000e+03
1.053793164062500000e+04
7.888164062500000000e+03
7.621195312500000000e+03
2.130891601562500000e+03
8.910067382812500000e+03
6.305215820312500000e+03
3.302391113281250000e+03
5.583222656250000000e+03
8.504117187500000000e+03
3.263166015625000000e+03
3.374498779296875000e+03
3.142656250000000000e+02
1.073227734375000000e+04
6.572933105468750000e+03
1.114395117187500000e+04
6.443971191406250000e+03
5.882307617187500000e+03
1.945677001953125000e+03
4.260325195312500000e+03
1.093063964843750000e+04
1.048608203125000000e+04
6.556628906250000000e+03
1.114477148437500000e+04
6.740799316406250000e+03
6.184497070312500000e+03
1.697044189453125000e+03
4.357956054687500000e+03
1.048099511718750000e+04
7.973596191406250000e+03
9.253484375000000000e+03
3.787939941406250000e+03
3.785068359375000000e+03
1.160575097656250000e+04
3.788502197265625000e+03
6.720631347656250000e+03
1.154796289062500000e+04
6.704437500000000000e+03
5.924510742187500000e+03
8.738312500000000000e+03
5.143046875000000000e+03
1.114209570312500000e+04
8.195245117187500000e+03
1.297771093750000000e+04
1.229992480468750000e+04
8.571681640625000000e+03
3.614865722656250000e+03
1.448995605468750000e+03
6.859644042968750000e+03
8.407430419921875000e+02
4.124119628906250000e+03
6.193250976562500000e+03
1.247037353515625000e+03
8.914476562500000000e+03
4.127596679687500000e+03
1.132653906250000000e+04
4.412501953125000000e+03
