1.000000000000000000e+00 2.800000000000000000e+01 7.356567382812500000e+01 2.000000000000000000e+00
5.600000000000000000e+01 8.600000000000000000e+01 7.612268066406250000e+01 2.000000000000000000e+00
1.400000000000000000e+01 2.100000000000000000e+01 8.530895996093750000e+01 2.000000000000000000e+00
6.900000000000000000e+01 8.800000000000000000e+01 9.255314881375691982e+01 3.000000000000000000e+00
1.100000000000000000e+01 1.500000000000000000e+01 9.326599121093750000e+01 2.000000000000000000e+00
5.100000000000000000e+01 6.000000000000000000e+01 1.158905029296875000e+02 2.000000000000000000e+00
2.200000000000000000e+01 7.900000000000000000e+01 1.204700927734375000e+02 2.000000000000000000e+00
4.400000000000000000e+01 9.300000000000000000e+01 1.246652004292764815e+02 3.000000000000000000e+00
3.500000000000000000e+01 9.100000000000000000e+01 1.430821793397746546e+02 4.000000000000000000e+00
2.700000000000000000e+01 4.700000000000000000e+01 1.522495117187500000e+02 2.000000000000000000e+00
1.000000000000000000e+01 3.400000000000000000e+01 1.539466552734375000e+02 2.000000000000000000e+00
1.300000000000000000e+01 9.000000000000000000e+01 1.606206939377513550e+02 3.000000000000000000e+00
2.900000000000000000e+01 4.900000000000000000e+01 1.768332519531250000e+02 2.000000000000000000e+00
9.200000000000000000e+01 9.600000000000000000e+01 1.837395703451724671e+02 6.000000000000000000e+00
6.300000000000000000e+01 7.600000000000000000e+01 1.876842041015625000e+02 2.000000000000000000e+00
5.900000000000000000e+01 8.900000000000000000e+01 2.199888082984044786e+02 3.000000000000000000e+00
9.400000000000000000e+01 1.020000000000000000e+02 2.235414210384685418e+02 4.000000000000000000e+00
8.000000000000000000e+00 9.500000000000000000e+01 2.299948594136494648e+02 4.000000000000000000e+00
3.600000000000000000e+01 9.800000000000000000e+01 2.349508992419582114e+02 3.000000000000000000e+00
9.900000000000000000e+01 1.030000000000000000e+02 2.860438629222995246e+02 6.000000000000000000e+00
1.600000000000000000e+01 1.700000000000000000e+01 2.929384155273437500e+02 2.000000000000000000e+00
3.000000000000000000e+00 2.400000000000000000e+01 3.055068359375000000e+02 2.000000000000000000e+00
1.200000000000000000e+01 1.010000000000000000e+02 3.175330081538386935e+02 7.000000000000000000e+00
1.050000000000000000e+02 1.070000000000000000e+02 3.212177726861293650e+02 1.000000000000000000e+01
3.900000000000000000e+01 1.100000000000000000e+02 3.311624072762001560e+02 8.000000000000000000e+00
7.500000000000000000e+01 1.080000000000000000e+02 3.664412218552689637e+02 3.000000000000000000e+00
1.000000000000000000e+02 1.060000000000000000e+02 3.966422658459670743e+02 5.000000000000000000e+00
3.300000000000000000e+01 5.800000000000000000e+01 4.378254394531250000e+02 2.000000000000000000e+00
5.500000000000000000e+01 7.800000000000000000e+01 4.473819580078125000e+02 2.000000000000000000e+00
0.000000000000000000e+00 1.140000000000000000e+02 4.961754501704916720e+02 6.000000000000000000e+00
3.800000000000000000e+01 6.400000000000000000e+01 5.232480468750000000e+02 2.000000000000000000e+00
9.700000000000000000e+01 1.160000000000000000e+02 5.384832861233787753e+02 4.000000000000000000e+00
9.000000000000000000e+00 3.000000000000000000e+01 5.598181152343750000e+02 2.000000000000000000e+00
6.800000000000000000e+01 1.130000000000000000e+02 5.971230458041067095e+02 4.000000000000000000e+00
4.300000000000000000e+01 1.170000000000000000e+02 6.328013409097359272e+02 7.000000000000000000e+00
1.090000000000000000e+02 1.110000000000000000e+02 7.738828712016807003e+02 1.200000000000000000e+01
6.200000000000000000e+01 8.700000000000000000e+01 7.956392822265625000e+02 2.000000000000000000e+00
5.400000000000000000e+01 1.210000000000000000e+02 8.052791606217843992e+02 5.000000000000000000e+00
4.500000000000000000e+01 7.200000000000000000e+01 8.298021240234375000e+02 2.000000000000000000e+00
1.040000000000000000e+02 1.220000000000000000e+02 8.592896561014742929e+02 1.100000000000000000e+01
6.000000000000000000e+00 7.700000000000000000e+01 8.768657226562500000e+02 2.000000000000000000e+00
5.000000000000000000e+00 8.400000000000000000e+01 9.276995849609375000e+02 2.000000000000000000e+00
4.800000000000000000e+01 8.100000000000000000e+01 1.019043945312500000e+03 2.000000000000000000e+00
1.120000000000000000e+02 1.150000000000000000e+02 1.043798907315990391e+03 1.000000000000000000e+01
2.300000000000000000e+01 7.400000000000000000e+01 1.049603271484375000e+03 2.000000000000000000e+00
8.500000000000000000e+01 1.180000000000000000e+02 1.127247809655647870e+03 3.000000000000000000e+00
8.300000000000000000e+01 1.230000000000000000e+02 1.144990965970800971e+03 1.300000000000000000e+01
2.000000000000000000e+01 5.000000000000000000e+01 1.222509033203125000e+03 2.000000000000000000e+00
1.260000000000000000e+02 1.290000000000000000e+02 1.366339114634650059e+03 4.000000000000000000e+00
6.700000000000000000e+01 1.270000000000000000e+02 1.378072607710767670e+03 1.200000000000000000e+01
1.310000000000000000e+02 1.360000000000000000e+02 1.387460545722157576e+03 1.400000000000000000e+01
4.100000000000000000e+01 1.340000000000000000e+02 1.392648976821328461e+03 1.400000000000000000e+01
4.600000000000000000e+01 1.300000000000000000e+02 1.510832170192021749e+03 3.000000000000000000e+00
4.000000000000000000e+00 2.600000000000000000e+01 1.541113769531250000e+03 2.000000000000000000e+00
1.200000000000000000e+02 1.320000000000000000e+02 1.562718780401610275e+03 4.000000000000000000e+00
4.200000000000000000e+01 5.300000000000000000e+01 1.681522705078125000e+03 2.000000000000000000e+00
1.900000000000000000e+01 7.100000000000000000e+01 1.706100585937500000e+03 2.000000000000000000e+00
5.200000000000000000e+01 1.370000000000000000e+02 1.710853850582215728e+03 1.300000000000000000e+01
3.200000000000000000e+01 1.240000000000000000e+02 1.806716030636041069e+03 3.000000000000000000e+00
1.250000000000000000e+02 1.450000000000000000e+02 1.888048785161901606e+03 1.800000000000000000e+01
1.190000000000000000e+02 1.470000000000000000e+02 2.127817948889700347e+03 2.200000000000000000e+01
6.100000000000000000e+01 1.280000000000000000e+02 2.129532501009574389e+03 3.000000000000000000e+00
4.000000000000000000e+01 1.350000000000000000e+02 2.169938421898495562e+03 3.000000000000000000e+00
6.600000000000000000e+01 8.000000000000000000e+01 2.208354980468750000e+03 2.000000000000000000e+00
1.430000000000000000e+02 1.510000000000000000e+02 2.363110476188578104e+03 4.000000000000000000e+00
2.500000000000000000e+01 1.460000000000000000e+02 2.451981975665589289e+03 4.000000000000000000e+00
3.700000000000000000e+01 1.420000000000000000e+02 2.805637316536324761e+03 5.000000000000000000e+00
1.380000000000000000e+02 1.390000000000000000e+02 2.962416387122618289e+03 2.800000000000000000e+01
1.800000000000000000e+01 1.530000000000000000e+02 3.195997837668747707e+03 5.000000000000000000e+00
1.330000000000000000e+02 1.480000000000000000e+02 3.238953963367941469e+03 2.500000000000000000e+01
1.400000000000000000e+02 1.540000000000000000e+02 3.450002939132557458e+03 8.000000000000000000e+00
7.000000000000000000e+00 1.560000000000000000e+02 3.701172380652149513e+03 6.000000000000000000e+00
2.000000000000000000e+00 1.500000000000000000e+02 4.369660106698320305e+03 4.000000000000000000e+00
6.500000000000000000e+01 1.580000000000000000e+02 5.113481884731697392e+03 9.000000000000000000e+00
8.200000000000000000e+01 1.590000000000000000e+02 5.400814895236841039e+03 7.000000000000000000e+00
5.700000000000000000e+01 1.440000000000000000e+02 5.645566473074802161e+03 3.000000000000000000e+00
1.490000000000000000e+02 1.620000000000000000e+02 6.893213909580859763e+03 1.000000000000000000e+01
7.300000000000000000e+01 1.410000000000000000e+02 8.110957712374723997e+03 3.000000000000000000e+00
1.610000000000000000e+02 1.650000000000000000e+02 1.083626606651559268e+04 1.200000000000000000e+01
1.520000000000000000e+02 1.550000000000000000e+02 1.102441557130865840e+04 3.200000000000000000e+01
1.570000000000000000e+02 1.630000000000000000e+02 1.538954679255846168e+04 2.800000000000000000e+01
1.600000000000000000e+02 1.660000000000000000e+02 1.595052146549676218e+04 1.600000000000000000e+01
3.100000000000000000e+01 7.000000000000000000e+01 1.649016796875000000e+04 2.000000000000000000e+00
1.680000000000000000e+02 1.690000000000000000e+02 2.046890895267617816e+04 4.400000000000000000e+01
1.640000000000000000e+02 1.670000000000000000e+02 2.382142785638977875e+04 4.200000000000000000e+01
1.710000000000000000e+02 1.720000000000000000e+02 4.897557736110172118e+04 8.600000000000000000e+01
1.700000000000000000e+02 1.730000000000000000e+02 2.205636499536014453e+05 8.800000000000000000e+01
