4.604827636718750000e+03
7.635251464843750000e+03
1.998485937500000000e+04
3.243559570312500000e+03
2.454860595703125000e+03
2.805108398437500000e+03
2.644397216796875000e+03
1.620619824218750000e+04
3.169520996093750000e+03
3.349079589843750000e+03
5.594728125000000000e+04
9.001752929687500000e+03
3.791008544921875000e+03
2.748725341796875000e+03
2.489958984375000000e+03
1.076768847656250000e+04
2.271952734375000000e+04
8.435700195312500000e+03
1.602575097656250000e+04
2.350859130859375000e+03
9.823726562500000000e+03
3.805461425781250000e+03
2.155094140625000000e+04
1.315844921875000000e+04
1.433375244140625000e+03
1.939090625000000000e+04
3.202170166015625000e+03
2.130689697265625000e+03
2.255845703125000000e+03
3.863249755859375000e+03
1.533616992187500000e+04
4.023869140625000000e+03
1.480554296875000000e+04
1.892157714843750000e+03
1.800731689453125000e+03
2.551153076171875000e+03
2.086781738281250000e+03
4.485283203125000000e+03
2.092857226562500000e+04
1.031811914062500000e+04
2.057283789062500000e+04
2.376288476562500000e+04
3.172817138671875000e+03
1.839889404296875000e+03
1.307979101562500000e+04
1.944740722656250000e+03
2.100117187500000000e+03
1.719943115234375000e+03
7.148721191406250000e+03
3.368349365234375000e+03
9.978533203125000000e+03
2.850239501953125000e+03
2.571119873046875000e+03
1.119349121093750000e+03
2.055757421875000000e+04
3.290990234375000000e+03
3.463944531250000000e+04
2.605256591796875000e+03
1.802958203125000000e+04
2.536829101562500000e+03
3.154294677734375000e+03
2.695736132812500000e+04
6.363611328125000000e+03
2.610645019531250000e+03
1.553828125000000000e+03
1.517138671875000000e+04
1.205620849609375000e+03
4.813196777343750000e+03
9.783461914062500000e+03
1.120308105468750000e+04
2.069740234375000000e+04
2.395359375000000000e+03
1.515850292968750000e+04
2.728969726562500000e+03
1.680756347656250000e+03
4.508675000000000000e+04
2.575244628906250000e+03
1.821742773437500000e+04
1.194546289062500000e+04
1.568883056640625000e+03
5.373467773437500000e+03
3.221871875000000000e+04
1.708322265625000000e+03
3.311587890625000000e+03
2.761833984375000000e+03
4.289336914062500000e+03
2.781275781250000000e+04
2.323649169921875000e+03
2.804463867187500000e+03
5.758516796875000000e+04
1.149139843750000000e+04
3.134453613281250000e+03
3.353012695312500000e+03
2.550873291015625000e+03
1.084121875000000000e+04
2.210113671875000000e+04
5.004914062500000000e+03
1.570000097656250000e+04
1.997220336914062500e+03
7.725300292968750000e+03
1.614339111328125000e+03
2.228697265625000000e+04
1.354775390625000000e+04
3.165492919921875000e+03
1.827931250000000000e+04
1.908653808593750000e+03
3.045663085937500000e+03
1.651869628906250000e+03
3.089684570312500000e+03
2.389522656250000000e+04
3.710881347656250000e+03
1.061909277343750000e+04
3.073769042968750000e+03
2.429589111328125000e+03
1.895039306640625000e+03
3.146078125000000000e+03
4.745522949218750000e+03
3.095217968750000000e+04
6.815426269531250000e+03
3.264449023437500000e+04
2.695339843750000000e+04
3.172672363281250000e+03
3.182560546875000000e+03
8.685581054687500000e+03
2.824020507812500000e+03
1.985367675781250000e+03
3.337828613281250000e+03
5.446847167968750000e+03
3.630008300781250000e+03
5.350285156250000000e+03
4.310996093750000000e+03
1.706045898437500000e+03
3.730009521484375000e+03
2.152326953125000000e+04
3.823158203125000000e+03
4.025257812500000000e+04
2.350484863281250000e+03
1.545518554687500000e+04
2.028592895507812500e+03
2.836155761718750000e+03
2.709762890625000000e+04
5.569269531250000000e+03
2.748098632812500000e+03
5.273090820312500000e+03
2.232688867187500000e+04
3.539460937500000000e+03
4.840519531250000000e+03
1.059761718750000000e+04
8.416873046875000000e+03
2.426040234375000000e+04
3.084274658203125000e+03
1.812692578125000000e+04
3.049170166015625000e+03
4.673411621093750000e+03
4.604371093750000000e+04
1.939671142578125000e+03
1.451884960937500000e+04
1.412288964843750000e+04
2.203142822265625000e+03
2.760697265625000000e+04
4.288514648437500000e+03
6.380372070312500000e+03
4.010905273437500000e+03
7.000408691406250000e+03
1.778516601562500000e+04
5.462527343750000000e+03
3.867729492187500000e+03
5.514124218750000000e+04
1.032224609375000000e+04
4.801448730468750000e+03
4.290367187500000000e+03
6.795756835937500000e+03
1.396011132812500000e+04
1.570736035156250000e+04
2.454729003906250000e+03
1.784160546875000000e+04
4.775812500000000000e+03
2.691801269531250000e+03
3.985031494140625000e+03
1.497670703125000000e+04
6.847928710937500000e+03
5.610653808593750000e+03
8.692568359375000000e+03
5.333721191406250000e+03
4.600027832031250000e+03
5.015368164062500000e+03
3.078013427734375000e+03
2.190369140625000000e+04
1.079141406250000000e+04
6.931779296875000000e+03
4.290620605468750000e+03
5.758728515625000000e+03
5.298745605468750000e+03
5.503504882812500000e+03
6.860951660156250000e+03
2.282448828125000000e+04
3.086656494140625000e+03
2.563612695312500000e+04
2.853694531250000000e+04
4.524593750000000000e+03
6.428615234375000000e+03
4.942838378906250000e+03
5.895489257812500000e+03
5.266658203125000000e+03
6.387353515625000000e+03
1.016195019531250000e+04
6.902500000000000000e+03
3.286611572265625000e+03
7.486836914062500000e+03
3.707296875000000000e+03
4.238711914062500000e+03
1.409689550781250000e+04
6.688498046875000000e+03
3.750210546875000000e+04
4.351152343750000000e+03
1.039867968750000000e+04
4.351902343750000000e+03
4.279830078125000000e+03
1.646562500000000000e+04
6.820594726562500000e+03
6.310941406250000000e+03
9.956597656250000000e+03
1.816832617187500000e+04
5.795723632812500000e+03
8.311821289062500000e+03
1.499404101562500000e+04
6.007233398437500000e+03
2.357598242187500000e+04
7.725997070312500000e+03
1.668114453125000000e+04
4.156458007812500000e+03
9.398493164062500000e+03
4.397667968750000000e+04
4.774183105468750000e+03
1.123645312500000000e+04
1.463260742187500000e+04
3.885357421875000000e+03
2.036528320312500000e+04
2.226964453125000000e+04
2.190114062500000000e+04
2.654883593750000000e+04
1.326562011718750000e+03
2.434069531250000000e+04
2.508950781250000000e+04
5.397414062500000000e+04
4.032728515625000000e+04
2.588737500000000000e+04
1.892722070312500000e+04
2.376094531250000000e+04
2.211521093750000000e+04
2.685545703125000000e+04
2.765250195312500000e+04
5.155276562500000000e+04
1.744047656250000000e+04
3.066380468750000000e+04
2.506476171875000000e+04
3.718941406250000000e+04
3.913097656250000000e+04
1.837825781250000000e+04
2.536320312500000000e+04
2.319888671875000000e+04
2.042433007812500000e+04
2.116664257812500000e+04
2.316437890625000000e+04
1.228673046875000000e+04
4.018107031250000000e+04
3.423376562500000000e+04
2.386588671875000000e+04
2.301415625000000000e+04
1.900846093750000000e+04
2.472597265625000000e+04
3.301320703125000000e+04
2.682496582031250000e+03
2.967351171875000000e+04
1.409242187500000000e+03
5.685260156250000000e+04
2.785635742187500000e+04
2.680192578125000000e+04
3.237083203125000000e+04
2.397315625000000000e+04
2.205463671875000000e+04
2.287678906250000000e+04
4.747536718750000000e+04
2.871799804687500000e+04
2.798899218750000000e+04
3.162851953125000000e+04
2.180572265625000000e+04
1.935310546875000000e+04
2.844927929687500000e+04
2.361197265625000000e+04
6.956752343750000000e+04
2.457598242187500000e+04
3.688441406250000000e+04
1.556887500000000000e+04
2.642243750000000000e+04
3.411623046875000000e+04
5.539530468750000000e+04
1.997959960937500000e+04
3.594939843750000000e+04
1.649482031250000000e+04
2.559766015625000000e+04
5.172429687500000000e+04
4.768712500000000000e+04
3.552810546875000000e+04
5.981980078125000000e+04
2.277261132812500000e+04
4.366571875000000000e+04
2.468798437500000000e+04
2.540560546875000000e+04
5.558809375000000000e+04
1.964073046875000000e+04
3.462392187500000000e+04
2.442241796875000000e+04
1.943288867187500000e+04
2.090349609375000000e+03
1.730029296875000000e+03
2.783062988281250000e+03
1.624799707031250000e+04
2.055520507812500000e+03
2.355909667968750000e+03
5.288007421875000000e+04
1.050303710937500000e+04
2.179558837890625000e+03
2.086829589843750000e+03
1.785734375000000000e+03
8.878732421875000000e+03
2.036676171875000000e+04
4.488531250000000000e+03
1.577390527343750000e+04
8.999443359375000000e+02
5.545914550781250000e+03
9.405808105468750000e+02
2.009402734375000000e+04
1.044815722656250000e+04
2.046085937500000000e+03
1.510610253906250000e+04
9.598256835937500000e+02
2.032238647460937500e+03
9.888610839843750000e+02
2.568466308593750000e+03
1.483645703125000000e+04
2.766200195312500000e+03
8.642933593750000000e+03
2.448320800781250000e+03
1.583026367187500000e+03
5.607209472656250000e+02
2.638266113281250000e+03
4.101234375000000000e+03
1.920393164062500000e+04
5.886736328125000000e+03
2.113877539062500000e+04
2.593357421875000000e+04
2.037637695312500000e+03
3.023678222656250000e+03
7.772543945312500000e+03
1.604638671875000000e+03
8.429389648437500000e+02
1.640194335937500000e+03
4.570033203125000000e+03
3.129046875000000000e+03
4.871000000000000000e+03
3.380727539062500000e+03
1.170927490234375000e+03
2.070020019531250000e+03
1.804372851562500000e+04
3.020620849609375000e+03
3.937900000000000000e+04
1.330388427734375000e+03
1.353709667968750000e+04
8.299892578125000000e+02
2.178154785156250000e+03
2.380235156250000000e+04
6.263495605468750000e+03
2.054754150390625000e+03
5.218197753906250000e+03
1.421864648437500000e+04
2.499641357421875000e+03
5.181917968750000000e+03
9.991814453125000000e+03
7.680043945312500000e+03
2.456439843750000000e+04
1.514296386718750000e+03
1.563844140625000000e+04
1.964683837890625000e+03
3.459957519531250000e+03
4.203021875000000000e+04
7.623366699218750000e+02
1.292763574218750000e+04
1.288421972656250000e+04
1.011576171875000000e+03
1.118330566406250000e+03
2.069848388671875000e+03
1.737210546875000000e+04
1.611875000000000000e+03
1.643774414062500000e+03
5.636159375000000000e+04
8.057479980468750000e+03
2.770994140625000000e+03
7.341152343750000000e+02
2.521925781250000000e+03
1.059246972656250000e+04
1.972525000000000000e+04
6.560458984375000000e+03
1.306196484375000000e+04
1.536065917968750000e+03
9.701875000000000000e+03
2.311898925781250000e+03
2.078299609375000000e+04
1.194536523437500000e+04
1.045666748046875000e+03
1.629348144531250000e+04
1.995510009765625000e+03
2.995224121093750000e+03
1.041283203125000000e+03
3.267353027343750000e+03
1.793022265625000000e+04
4.005730468750000000e+03
1.262354492187500000e+04
1.264581542968750000e+03
2.218663818359375000e+03
1.939361328125000000e+03
1.445163330078125000e+03
2.149842041015625000e+03
2.128468359375000000e+04
8.050091796875000000e+03
2.248026562500000000e+04
2.165535156250000000e+04
2.141338378906250000e+03
1.959902099609375000e+03
1.145310351562500000e+04
1.066112060546875000e+03
1.481938964843750000e+03
2.314985839843750000e+03
5.944869628906250000e+03
1.271833984375000000e+03
7.763358886718750000e+03
1.973424804687500000e+03
1.140540771484375000e+03
1.249440429687500000e+03
1.878432421875000000e+04
2.682001953125000000e+03
3.323476562500000000e+04
1.351875732421875000e+03
1.698027734375000000e+04
1.598384643554687500e+03
1.607253417968750000e+03
2.569532421875000000e+04
5.573835449218750000e+03
3.324921875000000000e+03
2.839413085937500000e+03
1.436886230468750000e+04
1.464988281250000000e+03
5.190806152343750000e+03
9.814748046875000000e+03
8.383115234375000000e+03
1.820926171875000000e+04
2.366083984375000000e+03
1.466446093750000000e+04
6.243085937500000000e+02
2.411524169921875000e+03
4.333500781250000000e+04
1.756324218750000000e+03
1.524015234375000000e+04
1.079126953125000000e+04
2.003982421875000000e+03
1.651135009765625000e+03
1.643194726562500000e+04
8.132441406250000000e+02
1.044269287109375000e+03
5.847110156250000000e+04
7.804190429687500000e+03
1.780001708984375000e+03
6.521042480468750000e+02
2.649056152343750000e+03
1.047951953125000000e+04
1.687428320312500000e+04
3.531520019531250000e+03
1.405316992187500000e+04
1.332130737304687500e+03
6.770402343750000000e+03
1.905512817382812500e+03
1.871022460937500000e+04
9.551699218750000000e+03
1.445869628906250000e+03
1.214591992187500000e+04
1.248076904296875000e+03
2.125107177734375000e+03
1.206634765625000000e+03
2.361674804687500000e+03
1.637706054687500000e+04
4.307443847656250000e+03
9.419000000000000000e+03
1.140656738281250000e+03
2.520160400390625000e+03
1.863460327148437500e+03
1.615730590820312500e+03
2.274294677734375000e+03
2.028087109375000000e+04
4.545963867187500000e+03
2.149125000000000000e+04
2.287231835937500000e+04
1.094115722656250000e+03
2.289930908203125000e+03
7.906638671875000000e+03
1.378007812500000000e+03
1.632287109375000000e+03
2.305310302734375000e+03
5.406004882812500000e+03
2.184532714843750000e+03
4.826048828125000000e+03
1.767125488281250000e+03
8.695808105468750000e+02
1.608074584960937500e+03
1.516601953125000000e+04
2.761763183593750000e+03
3.491452734375000000e+04
7.501066894531250000e+02
1.285646386718750000e+04
1.570956298828125000e+03
6.465905761718750000e+02
2.126713476562500000e+04
4.819174804687500000e+03
2.813924316406250000e+03
3.255686035156250000e+03
1.352642382812500000e+04
1.335352294921875000e+03
4.756992675781250000e+03
1.114031640625000000e+04
6.261625976562500000e+03
1.900611328125000000e+04
2.742892578125000000e+03
1.402853808593750000e+04
6.545915527343750000e+02
2.430426757812500000e+03
4.389255078125000000e+04
1.760839355468750000e+03
1.321851269531250000e+04
1.102461718750000000e+04
2.078075683593750000e+03
2.166376562500000000e+04
1.642303955078125000e+03
2.510429199218750000e+03
6.023800000000000000e+04
9.068902343750000000e+03
2.723352783203125000e+03
2.180342041015625000e+03
3.372266845703125000e+03
1.121467187500000000e+04
2.510690625000000000e+04
6.684370117187500000e+03
1.668921484375000000e+04
2.405990966796875000e+03
1.007697558593750000e+04
3.604284912109375000e+03
2.257210156250000000e+04
1.273655468750000000e+04
2.027221679687500000e+03
2.061517187500000000e+04
2.053483886718750000e+03
3.075218505859375000e+03
2.106572998046875000e+03
3.820385009765625000e+03
1.867546093750000000e+04
4.619519531250000000e+03
1.305626074218750000e+04
2.207642578125000000e+03
3.376109863281250000e+03
2.647435302734375000e+03
2.302217041015625000e+03
3.236118896484375000e+03
2.581264257812500000e+04
8.526308593750000000e+03
2.719202148437500000e+04
2.160484570312500000e+04
2.152958496093750000e+03
2.974071533203125000e+03
1.144298632812500000e+04
1.952196289062500000e+03
2.365312255859375000e+03
2.531167236328125000e+03
4.981891601562500000e+03
3.018995361328125000e+03
8.231261718750000000e+03
2.050170410156250000e+03
2.624545898437500000e+03
2.515541259765625000e+03
2.264891015625000000e+04
4.415570800781250000e+03
3.696764843750000000e+04
1.517619628906250000e+03
1.863685546875000000e+04
2.907416015625000000e+03
1.710916748046875000e+03
2.991894140625000000e+04
5.320690917968750000e+03
4.043112548828125000e+03
3.150728515625000000e+03
1.493200585937500000e+04
1.978597167968750000e+03
5.347664062500000000e+03
1.151528222656250000e+04
7.747193847656250000e+03
2.112932421875000000e+04
3.277748535156250000e+03
1.468973730468750000e+04
1.961306396484375000e+03
2.711540283203125000e+03
4.179689062500000000e+04
2.630835937500000000e+03
1.717305468750000000e+04
1.517858789062500000e+04
3.016430419921875000e+03
1.935702929687500000e+04
1.955309179687500000e+04
5.575496093750000000e+04
3.429714062500000000e+04
2.057481250000000000e+04
1.358483984375000000e+04
2.123105468750000000e+04
2.089412109375000000e+04
1.598997949218750000e+04
1.839175781250000000e+04
4.534469921875000000e+04
1.326693359375000000e+04
2.384648242187500000e+04
2.119076171875000000e+04
3.244657226562500000e+04
3.059568554687500000e+04
1.368645410156250000e+04
1.384597460937500000e+04
1.824191210937500000e+04
1.538835449218750000e+04
1.645510937500000000e+04
1.675239648437500000e+04
1.190120605468750000e+04
3.825895703125000000e+04
2.685535156250000000e+04
1.871943164062500000e+04
1.843449609375000000e+04
1.500738574218750000e+04
1.899707812500000000e+04
2.730347851562500000e+04
1.600038574218750000e+03
1.991974609375000000e+04
9.176181640625000000e+02
4.985382812500000000e+04
2.293368750000000000e+04
2.244667773437500000e+04
2.666842187500000000e+04
1.963604687500000000e+04
1.801477929687500000e+04
1.942457421875000000e+04
4.377239062500000000e+04
2.455351171875000000e+04
2.041534179687500000e+04
2.766190625000000000e+04
1.655838476562500000e+04
1.511803613281250000e+04
1.874900000000000000e+04
1.789052734375000000e+04
6.151137109375000000e+04
1.972212500000000000e+04
2.786169726562500000e+04
1.157331640625000000e+04
2.089296875000000000e+04
2.194514062500000000e+04
5.091040625000000000e+04
1.560793261718750000e+04
3.132323437500000000e+04
1.289446777343750000e+04
2.186879296875000000e+04
4.821733593750000000e+04
4.713946093750000000e+04
3.006467187500000000e+04
5.481572656250000000e+04
1.941850000000000000e+04
3.658303125000000000e+04
1.940411718750000000e+04
2.200006054687500000e+04
5.082705859375000000e+04
1.514447753906250000e+04
2.853919531250000000e+04
1.922277148437500000e+04
1.506537597656250000e+04
1.468020996093750000e+03
5.870823437500000000e+04
7.772734863281250000e+03
2.125418212890625000e+03
1.428318237304687500e+03
2.572517822265625000e+03
1.139558105468750000e+04
1.853421679687500000e+04
4.844119140625000000e+03
1.348208691406250000e+04
1.791848876953125000e+03
8.682570312500000000e+03
2.692438720703125000e+03
1.944507812500000000e+04
1.136126171875000000e+04
1.441353515625000000e+03
1.401029882812500000e+04
1.681258300781250000e+03
2.986707519531250000e+03
1.719312255859375000e+03
3.253799072265625000e+03
1.923474609375000000e+04
4.387901367187500000e+03
1.030989843750000000e+04
1.476073486328125000e+03
2.988652343750000000e+03
2.403525878906250000e+03
1.614030273437500000e+03
2.845509765625000000e+03
2.265504492187500000e+04
6.203026367187500000e+03
2.492294921875000000e+04
2.166702929687500000e+04
1.331706787109375000e+03
2.012304931640625000e+03
9.571023437500000000e+03
1.963352050781250000e+03
2.221718750000000000e+03
2.927041015625000000e+03
5.511364746093750000e+03
2.417429931640625000e+03
6.157114746093750000e+03
2.070340576171875000e+03
1.703868408203125000e+03
2.100790771484375000e+03
1.728425390625000000e+04
3.566707763671875000e+03
3.393919531250000000e+04
7.350610351562500000e+02
1.417995507812500000e+04
2.351060058593750000e+03
8.877236328125000000e+02
2.306745703125000000e+04
4.580541992187500000e+03
3.526868652343750000e+03
3.220093750000000000e+03
1.534549316406250000e+04
1.877291748046875000e+03
5.208406738281250000e+03
1.156570117187500000e+04
6.174897949218750000e+03
1.823228515625000000e+04
3.310631347656250000e+03
1.406432226562500000e+04
1.182849853515625000e+03
2.924594238281250000e+03
4.404462890625000000e+04
2.376825439453125000e+03
1.352700390625000000e+04
1.156341015625000000e+04
2.567597167968750000e+03
5.814033593750000000e+04
6.807555175781250000e+03
1.744039306640625000e+03
1.419829589843750000e+03
2.729887207031250000e+03
1.133352148437500000e+04
1.618946093750000000e+04
3.636755126953125000e+03
1.245669531250000000e+04
2.051040527343750000e+03
6.264065917968750000e+03
2.309267089843750000e+03
1.783486718750000000e+04
8.670380859375000000e+03
1.817509399414062500e+03
1.187035742187500000e+04
1.822088867187500000e+03
2.799284667968750000e+03
1.595091308593750000e+03
2.769343017578125000e+03
2.019894140625000000e+04
4.681025390625000000e+03
9.589640625000000000e+03
1.506675292968750000e+03
2.691337402343750000e+03
2.621721435546875000e+03
1.949560180664062500e+03
1.821541015625000000e+03
2.439587695312500000e+04
4.079412353515625000e+03
2.568554492187500000e+04
2.123948242187500000e+04
1.851869873046875000e+03
2.483193603515625000e+03
7.741323730468750000e+03
2.115579101562500000e+03
2.100375976562500000e+03
3.139455810546875000e+03
5.554489746093750000e+03
1.755120361328125000e+03
4.933711425781250000e+03
2.189439208984375000e+03
1.308670166015625000e+03
2.139897216796875000e+03
1.563634960937500000e+04
2.533139160156250000e+03
3.269711718750000000e+04
1.159004394531250000e+03
1.128387792968750000e+04
2.230467529296875000e+03
9.015324707031250000e+02
1.917647070312500000e+04
3.800397216796875000e+03
3.614132324218750000e+03
3.405254638671875000e+03
1.495960156250000000e+04
2.051343505859375000e+03
4.322245117187500000e+03
1.008007812500000000e+04
5.598354003906250000e+03
1.753549218750000000e+04
2.996779785156250000e+03
1.369644042968750000e+04
1.379000244140625000e+03
2.855992675781250000e+03
4.259288281250000000e+04
2.447258544921875000e+03
1.270501562500000000e+04
1.175012109375000000e+04
2.284453613281250000e+03
5.581442187500000000e+04
5.962445312500000000e+04
5.676961718750000000e+04
5.536807031250000000e+04
5.481281640625000000e+04
5.972169921875000000e+04
6.027467187500000000e+04
6.376218359375000000e+04
5.544405078125000000e+04
5.366980078125000000e+04
5.585182421875000000e+04
6.448342968750000000e+04
5.928551953125000000e+04
5.541014062500000000e+04
5.301808593750000000e+04
5.936806250000000000e+04
5.858953515625000000e+04
5.799396093750000000e+04
5.775171875000000000e+04
7.061258593750000000e+04
5.950252734375000000e+04
6.059886328125000000e+04
5.792367968750000000e+04
5.519658593750000000e+04
5.492881250000000000e+04
5.853269531250000000e+04
6.138244531250000000e+04
5.710717578125000000e+04
6.084803125000000000e+04
5.639308984375000000e+04
8.061958593750000000e+04
6.274670312500000000e+04
5.712875781250000000e+04
6.098478125000000000e+04
5.999645312500000000e+04
5.630208593750000000e+04
5.690046875000000000e+04
7.490189843750000000e+04
5.816969140625000000e+04
5.792148828125000000e+04
6.256494921875000000e+04
5.863635156250000000e+04
5.532398828125000000e+04
5.561668750000000000e+04
5.906664843750000000e+04
6.327978125000000000e+04
5.858266406250000000e+04
5.977985937500000000e+04
5.453476953125000000e+04
5.967101171875000000e+04
5.856952734375000000e+04
5.718425000000000000e+04
5.777896484375000000e+04
6.047639843750000000e+04
7.072667968750000000e+04
5.898921093750000000e+04
5.667787109375000000e+04
4.886367968750000000e+04
6.587362500000000000e+04
6.434614453125000000e+04
5.480904687500000000e+04
6.007616406250000000e+04
5.877585156250000000e+04
5.859103515625000000e+04
7.071162500000000000e+04
5.725122656250000000e+04
5.583536718750000000e+04
5.150170312500000000e+04
5.388965625000000000e+04
1.025871679687500000e+04
7.701207031250000000e+03
1.007551171875000000e+04
2.133534765625000000e+04
1.705030468750000000e+04
9.077195312500000000e+03
8.146618652343750000e+03
9.326220703125000000e+03
1.355881445312500000e+04
1.093292187500000000e+04
2.003752929687500000e+04
1.408846875000000000e+04
7.208286132812500000e+03
1.506621875000000000e+04
1.009043066406250000e+04
9.421625976562500000e+03
8.999201171875000000e+03
7.950699707031250000e+03
3.219022656250000000e+04
1.279948242187500000e+04
9.670770507812500000e+03
7.065267089843750000e+03
9.494992187500000000e+03
1.051902832031250000e+04
7.929726562500000000e+03
8.968149414062500000e+03
3.983854296875000000e+04
1.066219726562500000e+04
4.041405468750000000e+04
2.615112109375000000e+04
8.936196289062500000e+03
8.304744140625000000e+03
1.575707617187500000e+04
8.962826171875000000e+03
9.585969726562500000e+03
9.992997070312500000e+03
1.612668457031250000e+04
6.997411621093750000e+03
1.224778515625000000e+04
9.467206054687500000e+03
8.260602539062500000e+03
7.993904296875000000e+03
1.547431152343750000e+04
9.549441406250000000e+03
2.978508789062500000e+04
8.060823242187500000e+03
9.286314453125000000e+03
1.008861523437500000e+04
8.667443359375000000e+03
2.315096484375000000e+04
8.111847167968750000e+03
1.109378222656250000e+04
1.004427343750000000e+04
2.807314648437500000e+04
8.679815429687500000e+03
1.133922656250000000e+04
1.710023828125000000e+04
1.218095703125000000e+04
1.920217578125000000e+04
1.049085546875000000e+04
1.606708789062500000e+04
8.419094726562500000e+03
9.929441406250000000e+03
3.657648828125000000e+04
1.072973242187500000e+04
1.032336230468750000e+04
1.503823242187500000e+04
9.540306640625000000e+03
2.548209472656250000e+03
2.726706054687500000e+03
1.055868750000000000e+04
2.131396484375000000e+04
3.756322753906250000e+03
1.473039160156250000e+04
1.970063110351562500e+03
6.262145507812500000e+03
2.110955810546875000e+03
1.994117578125000000e+04
1.078146093750000000e+04
2.764736083984375000e+03
1.623822949218750000e+04
1.308934570312500000e+03
2.313349121093750000e+03
1.944841552734375000e+03
3.222888671875000000e+03
1.780678125000000000e+04
4.742407714843750000e+03
9.597206054687500000e+03
2.777524902343750000e+03
2.720060058593750000e+03
2.249142578125000000e+03
2.962728515625000000e+03
3.332145751953125000e+03
2.485641406250000000e+04
5.003741699218750000e+03
2.579379687500000000e+04
2.293152148437500000e+04
2.146238525390625000e+03
3.168760253906250000e+03
7.515797363281250000e+03
2.481420898437500000e+03
2.284426025390625000e+03
2.798857421875000000e+03
4.309427734375000000e+03
3.613904296875000000e+03
4.807468750000000000e+03
2.748669921875000000e+03
2.124101562500000000e+03
2.642914550781250000e+03
1.842100000000000000e+04
3.259371582031250000e+03
3.510382031250000000e+04
1.877595703125000000e+03
1.427875195312500000e+04
2.454529541015625000e+03
1.492498291015625000e+03
2.356226367187500000e+04
4.897594726562500000e+03
2.708298339843750000e+03
4.416761718750000000e+03
1.387771484375000000e+04
2.679708984375000000e+03
4.581514648437500000e+03
1.010790625000000000e+04
6.493199218750000000e+03
2.069539257812500000e+04
2.551913818359375000e+03
1.353053906250000000e+04
2.485118896484375000e+03
2.940106445312500000e+03
4.399356250000000000e+04
2.258250488281250000e+03
1.512619531250000000e+04
1.482060546875000000e+04
2.221300537109375000e+03
3.226694824218750000e+03
1.078333984375000000e+04
1.755000000000000000e+04
4.282270996093750000e+03
1.351453613281250000e+04
1.641770751953125000e+03
7.446633789062500000e+03
2.165745117187500000e+03
1.844368750000000000e+04
9.492794921875000000e+03
1.385874755859375000e+03
1.140442480468750000e+04
2.086716796875000000e+03
2.716657226562500000e+03
1.398354980468750000e+03
2.409549316406250000e+03
1.607708203125000000e+04
4.948851074218750000e+03
1.019350000000000000e+04
1.160013916015625000e+03
2.554050537109375000e+03
2.155857177734375000e+03
1.800712280273437500e+03
2.075329345703125000e+03
1.749541406250000000e+04
4.987715332031250000e+03
1.910850000000000000e+04
2.023175195312500000e+04
1.658258789062500000e+03
2.442481201171875000e+03
8.574081054687500000e+03
1.352588867187500000e+03
1.902345825195312500e+03
2.833874755859375000e+03
6.468897460937500000e+03
1.828475585937500000e+03
5.649046386718750000e+03
2.291417480468750000e+03
9.370834960937500000e+02
1.354417724609375000e+03
1.450480273437500000e+04
2.621468994140625000e+03
3.167695312500000000e+04
1.234179199218750000e+03
1.325054882812500000e+04
1.574246337890625000e+03
1.265723999023437500e+03
2.094431054687500000e+04
5.620968750000000000e+03
3.516610107421875000e+03
3.561921875000000000e+03
1.272358593750000000e+04
1.710866943359375000e+03
5.055539550781250000e+03
1.003577343750000000e+04
6.789556640625000000e+03
1.685983593750000000e+04
3.109158447265625000e+03
1.314097460937500000e+04
4.246804199218750000e+02
2.917375976562500000e+03
4.199035937500000000e+04
1.960937988281250000e+03
1.296882617187500000e+04
1.007446972656250000e+04
2.270414062500000000e+03
9.201636718750000000e+03
2.343280468750000000e+04
6.472658203125000000e+03
1.559637207031250000e+04
1.528240234375000000e+03
7.735260742187500000e+03
2.322496826171875000e+03
2.250281250000000000e+04
1.320979003906250000e+04
1.693030761718750000e+03
2.130752539062500000e+04
1.965807861328125000e+03
1.859544433593750000e+03
1.593638671875000000e+03
3.219640869140625000e+03
1.799235351562500000e+04
2.066855468750000000e+03
1.260797851562500000e+04
2.170925537109375000e+03
1.739965087890625000e+03
1.627901367187500000e+03
2.255022460937500000e+03
4.400199218750000000e+03
2.547483203125000000e+04
8.196341796875000000e+03
2.483498632812500000e+04
2.793299804687500000e+04
3.111494140625000000e+03
1.797876953125000000e+03
1.043022363281250000e+04
2.258696777343750000e+03
1.568231933593750000e+03
2.115321044921875000e+03
4.969273437500000000e+03
3.761340820312500000e+03
6.905258300781250000e+03
3.258263427734375000e+03
2.039750122070312500e+03
2.240240478515625000e+03
2.305178515625000000e+04
2.308670898437500000e+03
3.988975000000000000e+04
2.494870361328125000e+03
1.683982421875000000e+04
1.702882812500000000e+03
2.888259765625000000e+03
2.868870898437500000e+04
6.661173828125000000e+03
2.181608154296875000e+03
3.621880615234375000e+03
1.850137109375000000e+04
2.483659912109375000e+03
5.987872070312500000e+03
9.373627929687500000e+03
1.022711425781250000e+04
2.709411718750000000e+04
1.369115234375000000e+03
1.807450390625000000e+04
2.793934570312500000e+03
2.392513183593750000e+03
4.543685937500000000e+04
1.517378662109375000e+03
1.684015820312500000e+04
1.280275585937500000e+04
1.283892333984375000e+03
2.942813085937500000e+04
1.421026171875000000e+04
2.708677148437500000e+04
8.731960937500000000e+03
1.491790429687500000e+04
9.804732421875000000e+03
3.212511132812500000e+04
2.222735742187500000e+04
1.031885156250000000e+04
2.738948437500000000e+04
9.183317382812500000e+03
1.004698632812500000e+04
9.429106445312500000e+03
1.129493554687500000e+04
9.190789062500000000e+03
1.099274804687500000e+04
1.988780468750000000e+04
1.140543066406250000e+04
9.791835937500000000e+03
8.424121093750000000e+03
1.124374023437500000e+04
1.298112500000000000e+04
2.266690429687500000e+04
1.606700195312500000e+04
2.225401171875000000e+04
3.652755078125000000e+04
1.076080859375000000e+04
1.183406250000000000e+04
1.719604296875000000e+04
9.325167968750000000e+03
8.575942382812500000e+03
9.224660156250000000e+03
1.285972070312500000e+04
1.160271484375000000e+04
1.400904101562500000e+04
1.137190136718750000e+04
9.725975585937500000e+03
1.054741992187500000e+04
2.868171875000000000e+04
1.093405761718750000e+04
4.807942187500000000e+04
1.041512597656250000e+04
2.424725000000000000e+04
8.414708007812500000e+03
1.143631835937500000e+04
3.415505078125000000e+04
1.676908007812500000e+04
9.617468750000000000e+03
1.383579296875000000e+04
1.905751757812500000e+04
1.075032617187500000e+04
1.436480468750000000e+04
1.113816796875000000e+04
1.856848437500000000e+04
3.635554687500000000e+04
8.798290039062500000e+03
2.206427734375000000e+04
1.070216601562500000e+04
1.094411132812500000e+04
4.755301953125000000e+04
8.706682617187500000e+03
2.393569140625000000e+04
2.344276562500000000e+04
8.941648437500000000e+03
1.483091796875000000e+04
1.872289843750000000e+04
1.926877343750000000e+04
1.979948828125000000e+04
2.091398437500000000e+04
1.885383007812500000e+04
2.098893554687500000e+04
1.858984765625000000e+04
8.726992187500000000e+03
2.266429687500000000e+04
2.268138281250000000e+04
2.120450390625000000e+04
1.944310742187500000e+04
3.147761132812500000e+04
3.527278906250000000e+04
1.733839843750000000e+04
1.846694921875000000e+04
2.441347656250000000e+04
2.209523046875000000e+04
2.001806445312500000e+04
2.274557031250000000e+04
2.172519140625000000e+04
1.366263769531250000e+04
2.492254882812500000e+04
5.447010546875000000e+04
2.192054882812500000e+04
2.048399609375000000e+04
1.932769921875000000e+04
2.431217773437500000e+04
2.257207617187500000e+04
2.518837890625000000e+04
4.464914453125000000e+04
2.150735156250000000e+04
1.581696093750000000e+04
2.748357617187500000e+04
1.896326757812500000e+04
1.904793359375000000e+04
1.000408593750000000e+04
2.087119140625000000e+04
3.056884960937500000e+04
1.920155859375000000e+04
1.345941503906250000e+04
1.811266210937500000e+04
1.782582031250000000e+04
1.086230664062500000e+04
2.064256640625000000e+04
2.427782226562500000e+04
2.588442382812500000e+04
2.441801171875000000e+04
2.224652343750000000e+04
2.832993359375000000e+04
3.025660937500000000e+04
2.131254492187500000e+04
2.604347070312500000e+04
2.458801562500000000e+04
3.079910351562500000e+04
1.957838085937500000e+04
2.472548046875000000e+04
4.549834375000000000e+04
2.310752734375000000e+04
1.555633203125000000e+04
2.392890820312500000e+04
1.945905273437500000e+04
1.580644921875000000e+04
4.538376464843750000e+03
4.587850097656250000e+03
3.587821777343750000e+03
1.503061328125000000e+04
8.912498046875000000e+03
5.840705078125000000e+03
1.178668164062500000e+04
4.368488281250000000e+03
4.424333007812500000e+03
5.003184082031250000e+03
2.965869384765625000e+03
2.127197656250000000e+04
1.067657226562500000e+04
7.628417968750000000e+03
4.141680175781250000e+03
5.905544433593750000e+03
5.169255859375000000e+03
5.314483398437500000e+03
6.546015625000000000e+03
2.243703710937500000e+04
1.516526367187500000e+03
2.581241601562500000e+04
2.746176562500000000e+04
3.971091796875000000e+03
6.542349609375000000e+03
3.569955566406250000e+03
6.226175292968750000e+03
5.611677246093750000e+03
6.736320800781250000e+03
9.217505859375000000e+03
7.342785644531250000e+03
1.623869140625000000e+03
7.421970214843750000e+03
3.813395507812500000e+03
5.084251464843750000e+03
1.339333300781250000e+04
5.841696777343750000e+03
3.605500390625000000e+04
4.085583007812500000e+03
1.095984765625000000e+04
4.403404296875000000e+03
3.800636962890625000e+03
1.957117773437500000e+04
7.012448242187500000e+03
5.919921875000000000e+03
1.024127148437500000e+04
1.620200781250000000e+04
6.620332031250000000e+03
8.904492187500000000e+03
1.595993359375000000e+04
4.085535888671875000e+03
2.245429101562500000e+04
7.485627441406250000e+03
1.593201367187500000e+04
4.382062011718750000e+03
9.196501953125000000e+03
4.423027343750000000e+04
5.000517578125000000e+03
1.282074511718750000e+04
1.590172070312500000e+04
4.625880859375000000e+03
1.445829980468750000e+04
2.069775781250000000e+04
1.549011816406250000e+04
2.338332031250000000e+04
2.192685937500000000e+04
1.432566015625000000e+04
2.121802343750000000e+04
1.566236816406250000e+04
1.664145898437500000e+04
1.410421289062500000e+04
1.585046582031250000e+04
3.826820312500000000e+04
1.899325976562500000e+04
1.350688085937500000e+04
1.376365625000000000e+04
1.625780859375000000e+04
1.609614453125000000e+04
1.451034375000000000e+04
1.556369531250000000e+04
4.926310937500000000e+04
1.636939941406250000e+04
5.041041015625000000e+04
3.502665625000000000e+04
1.680450781250000000e+04
1.419818945312500000e+04
2.109262890625000000e+04
1.594214550781250000e+04
1.565621289062500000e+04
1.754149218750000000e+04
2.323118359375000000e+04
1.296489062500000000e+04
1.560650976562500000e+04
1.754793359375000000e+04
1.354036816406250000e+04
1.546823632812500000e+04
1.856321093750000000e+04
1.597537500000000000e+04
2.657983789062500000e+04
1.401764355468750000e+04
1.266184375000000000e+04
1.477427343750000000e+04
1.391942578125000000e+04
2.505117578125000000e+04
1.427792187500000000e+04
1.702992187500000000e+04
1.696822265625000000e+04
3.533682031250000000e+04
1.518353125000000000e+04
1.658007031250000000e+04
2.075708789062500000e+04
1.936595312500000000e+04
2.260084375000000000e+04
1.634332617187500000e+04
2.212990039062500000e+04
1.490673535156250000e+04
1.653717968750000000e+04
4.092767968750000000e+04
1.718836718750000000e+04
1.241628906250000000e+04
2.118851367187500000e+04
1.562372558593750000e+04
6.733212890625000000e+03
1.200711669921875000e+03
2.069727148437500000e+04
1.203694921875000000e+04
1.574859619140625000e+03
1.408164257812500000e+04
9.846530761718750000e+02
1.920614013671875000e+03
6.606789550781250000e+02
2.384942871093750000e+03
1.289740625000000000e+04
3.195636718750000000e+03
1.018248632812500000e+04
1.726228149414062500e+03
1.655315917968750000e+03
5.144482421875000000e+02
1.700076416015625000e+03
3.775200927734375000e+03
1.659997265625000000e+04
6.649545898437500000e+03
1.758409375000000000e+04
2.508720898437500000e+04
2.069331054687500000e+03
1.886572387695312500e+03
8.846803710937500000e+03
1.162124511718750000e+03
5.263188476562500000e+02
1.118414550781250000e+03
4.618706054687500000e+03
2.607443359375000000e+03
5.224941894531250000e+03
2.816264648437500000e+03
1.110612304687500000e+03
1.665528930664062500e+03
1.690443554687500000e+04
2.863032470703125000e+03
3.566162890625000000e+04
1.356060791015625000e+03
1.469995703125000000e+04
4.919396972656250000e+02
1.862491821289062500e+03
2.289782617187500000e+04
5.683936035156250000e+03
1.744883422851562500e+03
4.353612304687500000e+03
1.300744140625000000e+04
1.832096191406250000e+03
4.059222412109375000e+03
9.195342773437500000e+03
8.501562500000000000e+03
2.307545703125000000e+04
1.314636230468750000e+03
1.479256640625000000e+04
1.691693603515625000e+03
2.393000732421875000e+03
4.195101171875000000e+04
5.723039550781250000e+02
1.423697949218750000e+04
1.162535156250000000e+04
1.049979980468750000e+03
5.603280761718750000e+03
1.629908789062500000e+04
5.920738769531250000e+03
7.958705078125000000e+03
1.380235351562500000e+04
7.673144531250000000e+03
5.232009765625000000e+03
7.606915039062500000e+03
4.609098632812500000e+03
2.373642773437500000e+04
1.246198632812500000e+04
7.374696289062500000e+03
6.513930664062500000e+03
7.251912597656250000e+03
6.965959960937500000e+03
8.090549804687500000e+03
1.001605859375000000e+04
2.727202343750000000e+04
5.555102539062500000e+03
2.862499414062500000e+04
3.216051562500000000e+04
7.428889160156250000e+03
7.957630371093750000e+03
6.446491210937500000e+03
8.588998046875000000e+03
7.466433593750000000e+03
8.142026367187500000e+03
1.159393261718750000e+04
1.015305078125000000e+04
4.632732910156250000e+03
1.014477929687500000e+04
6.251571777343750000e+03
6.208954101562500000e+03
1.734652148437500000e+04
6.967718261718750000e+03
3.964856250000000000e+04
7.366683593750000000e+03
1.177066406250000000e+04
6.112853515625000000e+03
7.017132324218750000e+03
1.831380468750000000e+04
9.189867187500000000e+03
7.273383789062500000e+03
1.238550781250000000e+04
2.236307617187500000e+04
8.174871093750000000e+03
1.018564843750000000e+04
1.504686132812500000e+04
8.900180664062500000e+03
2.694676953125000000e+04
8.968272460937500000e+03
1.832567968750000000e+04
7.599700683593750000e+03
1.084290820312500000e+04
4.526756250000000000e+04
6.737363281250000000e+03
1.377348339843750000e+04
1.619388281250000000e+04
5.082231445312500000e+03
2.048662695312500000e+04
1.125593652343750000e+04
2.888581054687500000e+03
1.605761230468750000e+04
1.302353027343750000e+03
1.899782714843750000e+03
8.957163085937500000e+02
2.070448730468750000e+03
1.742521093750000000e+04
3.820886962890625000e+03
9.678149414062500000e+03
2.537757324218750000e+03
1.427699951171875000e+03
1.064777587890625000e+03
2.904864257812500000e+03
3.941989257812500000e+03
2.491627734375000000e+04
5.345222656250000000e+03
2.468816796875000000e+04
2.428048828125000000e+04
2.427398681640625000e+03
3.300912597656250000e+03
7.128015136718750000e+03
1.884008544921875000e+03
1.123839843750000000e+03
2.316602539062500000e+03
5.058195800781250000e+03
3.532174316406250000e+03
4.231348632812500000e+03
3.637124267578125000e+03
9.108774414062500000e+02
2.769191894531250000e+03
1.815219921875000000e+04
2.702078125000000000e+03
4.005981640625000000e+04
2.033116821289062500e+03
1.445447851562500000e+04
9.988935546875000000e+02
2.430920898437500000e+03
2.423578515625000000e+04
6.436047851562500000e+03
1.951497314453125000e+03
5.402040039062500000e+03
1.505854589843750000e+04
2.978807373046875000e+03
4.713222167968750000e+03
1.004185937500000000e+04
7.930850585937500000e+03
2.303625976562500000e+04
2.132390625000000000e+03
1.559114843750000000e+04
2.182679931640625000e+03
4.026580078125000000e+03
4.304585937500000000e+04
1.044820068359375000e+03
1.408907617187500000e+04
1.337064355468750000e+04
1.324676025390625000e+03
1.733000781250000000e+04
2.022377343750000000e+04
1.490118164062500000e+04
2.237153320312500000e+04
2.071881640625000000e+04
2.133631250000000000e+04
1.758641015625000000e+04
3.711228515625000000e+04
2.784310546875000000e+04
1.482900195312500000e+04
1.916809960937500000e+04
2.247600781250000000e+04
2.231410546875000000e+04
2.126350976562500000e+04
2.243168359375000000e+04
3.531433593750000000e+04
1.383919921875000000e+04
3.736079687500000000e+04
4.235566406250000000e+04
2.211669140625000000e+04
1.977540820312500000e+04
1.686986718750000000e+04
2.326119726562500000e+04
2.206193750000000000e+04
2.351893945312500000e+04
3.692261718750000000e+04
2.137978710937500000e+04
1.669021484375000000e+04
2.604246093750000000e+04
1.994975000000000000e+04
1.761446484375000000e+04
1.447817968750000000e+04
2.134961523437500000e+04
3.897914843750000000e+04
1.900414843750000000e+04
1.452295996093750000e+04
1.974057421875000000e+04
1.867755078125000000e+04
1.908402343750000000e+04
2.110748828125000000e+04
2.333149609375000000e+04
2.376293359375000000e+04
3.310229687500000000e+04
1.998486718750000000e+04
2.589392382812500000e+04
2.811572070312500000e+04
1.869035156250000000e+04
2.624898828125000000e+04
2.441117578125000000e+04
3.378254687500000000e+04
2.000500585937500000e+04
2.505039453125000000e+04
4.663733593750000000e+04
2.275482812500000000e+04
1.343551171875000000e+04
2.053281250000000000e+04
1.921294726562500000e+04
1.108442773437500000e+04
1.445118066406250000e+04
1.252565820312500000e+04
1.061316015625000000e+04
1.218149218750000000e+04
9.266964843750000000e+03
3.282048046875000000e+04
1.803867187500000000e+04
9.870826171875000000e+03
9.086614257812500000e+03
1.242321093750000000e+04
1.295739843750000000e+04
1.084390429687500000e+04
1.111963964843750000e+04
3.590434765625000000e+04
8.630194335937500000e+03
3.755488671875000000e+04
3.134703515625000000e+04
1.042215039062500000e+04
1.139464941406250000e+04
1.095376367187500000e+04
1.240318652343750000e+04
1.270370703125000000e+04
1.331748437500000000e+04
1.769420898437500000e+04
1.236445117187500000e+04
1.049355078125000000e+04
1.297692578125000000e+04
1.038234277343750000e+04
9.150350585937500000e+03
1.892260546875000000e+04
1.128575585937500000e+04
3.779342187500000000e+04
1.055038085937500000e+04
1.310794921875000000e+04
1.166626757812500000e+04
9.558462890625000000e+03
1.998135937500000000e+04
1.183532812500000000e+04
1.311058398437500000e+04
1.454668164062500000e+04
2.779097070312500000e+04
1.107537695312500000e+04
1.520381445312500000e+04
2.048947656250000000e+04
1.021231054687500000e+04
2.387421289062500000e+04
1.476193164062500000e+04
2.092050781250000000e+04
9.978656250000000000e+03
1.467836132812500000e+04
4.788297656250000000e+04
1.243477929687500000e+04
1.533523730468750000e+04
1.709733203125000000e+04
1.026280078125000000e+04
1.445807910156250000e+04
2.203492675781250000e+03
2.084535644531250000e+03
1.250679931640625000e+03
2.548999267578125000e+03
1.537754101562500000e+04
3.393464111328125000e+03
1.182102246093750000e+04
8.058637695312500000e+02
1.733603759765625000e+03
1.842060058593750000e+03
6.318969726562500000e+02
2.537123779296875000e+03
1.786136914062500000e+04
7.671708984375000000e+03
1.899490625000000000e+04
2.220053515625000000e+04
2.137156738281250000e+03
1.089794433593750000e+03
1.118608007812500000e+04
1.186229980468750000e+03
1.506671875000000000e+03
1.954173583984375000e+03
6.189428710937500000e+03
2.158959960937500000e+03
7.327975097656250000e+03
1.866402587890625000e+03
1.397112060546875000e+03
9.797565917968750000e+02
1.712780078125000000e+04
2.414188476562500000e+03
3.312142187500000000e+04
1.207508789062500000e+03
1.505369140625000000e+04
1.499770874023437500e+03
1.738051025390625000e+03
2.282352343750000000e+04
5.175729003906250000e+03
2.886086914062500000e+03
2.116644042968750000e+03
1.377954687500000000e+04
1.255107666015625000e+03
4.498688964843750000e+03
1.008594726562500000e+04
9.025160156250000000e+03
1.908352343750000000e+04
1.833447753906250000e+03
1.400925781250000000e+04
1.266864746093750000e+03
2.014018310546875000e+03
4.345641015625000000e+04
1.638055419921875000e+03
1.553729394531250000e+04
1.095476562500000000e+04
1.456821289062500000e+03
1.760102734375000000e+04
1.637684472656250000e+04
1.630069921875000000e+04
1.463502832031250000e+04
3.034242968750000000e+04
3.509185937500000000e+04
1.132920312500000000e+04
1.497781250000000000e+04
1.987922656250000000e+04
1.630705371093750000e+04
1.724072265625000000e+04
1.870127343750000000e+04
1.998852539062500000e+04
1.147169726562500000e+04
2.371805078125000000e+04
4.605626562500000000e+04
1.734264453125000000e+04
1.684715039062500000e+04
1.977844921875000000e+04
1.968632812500000000e+04
1.736727343750000000e+04
2.090113867187500000e+04
3.896967578125000000e+04
1.686624218750000000e+04
1.392056640625000000e+04
2.347378125000000000e+04
1.434440527343750000e+04
1.350822949218750000e+04
6.098981933593750000e+03
1.852180859375000000e+04
2.405591015625000000e+04
1.519302246093750000e+04
8.651294921875000000e+03
1.251883203125000000e+04
1.392246875000000000e+04
4.570500976562500000e+03
1.682808593750000000e+04
1.954689257812500000e+04
2.461833984375000000e+04
2.106165625000000000e+04
1.835723437500000000e+04
2.273593164062500000e+04
3.057499609375000000e+04
2.013608203125000000e+04
2.009631445312500000e+04
2.141684960937500000e+04
2.764616406250000000e+04
1.477724804687500000e+04
2.386122070312500000e+04
3.323023046875000000e+04
1.668784960937500000e+04
8.891697265625000000e+03
1.849942968750000000e+04
1.403391308593750000e+04
1.796493408203125000e+03
9.129230957031250000e+02
2.792718750000000000e+03
1.571959960937500000e+04
3.156056640625000000e+03
1.066686132812500000e+04
2.025194458007812500e+03
1.964403320312500000e+03
9.846560058593750000e+02
2.121575683593750000e+03
3.476185058593750000e+03
2.221276171875000000e+04
6.574972167968750000e+03
2.349905859375000000e+04
2.453427734375000000e+04
1.836305175781250000e+03
3.042067626953125000e+03
8.641492187500000000e+03
1.659091064453125000e+03
1.052386718750000000e+03
1.585348144531250000e+03
3.520966308593750000e+03
3.101555175781250000e+03
5.156300292968750000e+03
2.562127441406250000e+03
1.322906250000000000e+03
2.544341796875000000e+03
1.996091015625000000e+04
3.187487792968750000e+03
3.832521093750000000e+04
1.246966796875000000e+03
1.588978710937500000e+04
1.286020263671875000e+03
1.558325195312500000e+03
2.651515234375000000e+04
5.643618164062500000e+03
2.243908203125000000e+03
4.615232421875000000e+03
1.350299414062500000e+04
2.268914794921875000e+03
4.473605468750000000e+03
1.008528613281250000e+04
7.019659667968750000e+03
2.402199414062500000e+04
1.713900634765625000e+03
1.479991992187500000e+04
1.855251464843750000e+03
2.755393798828125000e+03
4.405604687500000000e+04
1.077882080078125000e+03
1.503888476562500000e+04
1.474779199218750000e+04
1.588048339843750000e+03
1.614116455078125000e+03
2.077296630859375000e+03
1.286863671875000000e+04
3.678253417968750000e+03
1.110738671875000000e+04
2.006038452148437500e+03
1.370139160156250000e+03
1.569068603515625000e+03
2.531571044921875000e+03
4.377092773437500000e+03
2.050549218750000000e+04
6.429816406250000000e+03
2.040843359375000000e+04
2.394301171875000000e+04
2.754028564453125000e+03
2.568354003906250000e+03
8.867547851562500000e+03
1.748559326171875000e+03
1.747603759765625000e+03
2.027359619140625000e+03
4.947764648437500000e+03
3.912347656250000000e+03
5.999964843750000000e+03
3.093652587890625000e+03
1.838859252929687500e+03
1.862806884765625000e+03
1.856241406250000000e+04
2.035580810546875000e+03
3.739988671875000000e+04
2.527764160156250000e+03
1.553807226562500000e+04
1.792979736328125000e+03
2.697743408203125000e+03
2.362478125000000000e+04
6.332415039062500000e+03
9.764838867187500000e+02
3.363260742187500000e+03
1.280210742187500000e+04
2.069031005859375000e+03
4.651324707031250000e+03
1.017110351562500000e+04
9.574899414062500000e+03
2.259034179687500000e+04
1.995077880859375000e+03
1.395182421875000000e+04
2.755872558593750000e+03
2.488425048828125000e+03
4.416751171875000000e+04
1.578267822265625000e+03
1.723621093750000000e+04
1.346961523437500000e+04
1.110911621093750000e+03
2.311032226562500000e+03
1.573412988281250000e+04
2.955499023437500000e+03
1.102773242187500000e+04
1.638577392578125000e+03
8.646166992187500000e+02
6.173896484375000000e+02
1.592330078125000000e+03
2.665476562500000000e+03
2.078900585937500000e+04
7.028241210937500000e+03
2.196097460937500000e+04
2.294277929687500000e+04
1.867326904296875000e+03
1.899195312500000000e+03
9.538478515625000000e+03
6.359685058593750000e+02
3.858339843750000000e+02
1.194561767578125000e+03
4.473914550781250000e+03
2.068125488281250000e+03
5.876916992187500000e+03
1.944622314453125000e+03
6.666108398437500000e+02
1.543456054687500000e+03
1.829396875000000000e+04
2.234549804687500000e+03
3.539175390625000000e+04
1.248436523437500000e+03
1.605063671875000000e+04
6.997077636718750000e+02
1.613099609375000000e+03
2.555848437500000000e+04
5.147852539062500000e+03
1.609942871093750000e+03
3.323592529296875000e+03
1.367970410156250000e+04
1.518293212890625000e+03
3.417026611328125000e+03
9.643394531250000000e+03
8.552891601562500000e+03
2.153904101562500000e+04
1.316442626953125000e+03
1.450296093750000000e+04
1.343414794921875000e+03
2.128475097656250000e+03
4.298562109375000000e+04
4.785493164062500000e+02
1.469377929687500000e+04
1.206277441406250000e+04
7.711884765625000000e+02
1.749745312500000000e+04
6.000494628906250000e+03
9.908751953125000000e+03
2.147976562500000000e+03
2.289314941406250000e+03
2.372754394531250000e+03
2.642964843750000000e+03
4.485065429687500000e+03
2.188700000000000000e+04
4.467187011718750000e+03
2.283284960937500000e+04
2.451428906250000000e+04
3.377329345703125000e+03
3.300236328125000000e+03
7.213378906250000000e+03
2.829607910156250000e+03
2.421971191406250000e+03
3.622175537109375000e+03
6.763681640625000000e+03
4.030893798828125000e+03
4.349821289062500000e+03
4.131831542968750000e+03
1.635478027343750000e+03
2.467269042968750000e+03
1.675433398437500000e+04
2.413359375000000000e+03
3.746051562500000000e+04
2.673178710937500000e+03
1.377922265625000000e+04
1.905620483398437500e+03
3.157079833984375000e+03
2.308971875000000000e+04
6.379051757812500000e+03
3.306521972656250000e+03
5.542443847656250000e+03
1.495003222656250000e+04
3.538546630859375000e+03
5.916134277343750000e+03
1.119756835937500000e+04
6.992142089843750000e+03
2.206957031250000000e+04
3.712588134765625000e+03
1.438024804687500000e+04
2.456196777343750000e+03
4.625589355468750000e+03
4.368515234375000000e+04
2.170925048828125000e+03
1.385890625000000000e+04
1.166111230468750000e+04
2.125667480468750000e+03
2.660777929687500000e+04
2.897694921875000000e+04
1.867157031250000000e+04
1.629207812500000000e+04
1.308960742187500000e+04
1.874121875000000000e+04
2.388793164062500000e+04
1.461371289062500000e+04
2.481652734375000000e+04
1.280801855468750000e+04
4.471007421875000000e+04
1.795403906250000000e+04
2.072144140625000000e+04
2.668764062500000000e+04
1.630795019531250000e+04
1.574578125000000000e+04
1.521925976562500000e+04
2.580724218750000000e+04
2.171615039062500000e+04
2.181117187500000000e+04
2.137897460937500000e+04
1.605757910156250000e+04
1.516183105468750000e+04
3.167455664062500000e+04
1.690625976562500000e+04
5.995066406250000000e+04
1.867593750000000000e+04
3.285221093750000000e+04
1.224024023437500000e+04
2.052242968750000000e+04
3.806534375000000000e+04
4.044623828125000000e+04
1.243641796875000000e+04
2.702425390625000000e+04
1.677904687500000000e+04
1.858462890625000000e+04
3.562584375000000000e+04
2.974798828125000000e+04
2.940284765625000000e+04
4.924255468750000000e+04
1.596900878906250000e+04
3.138755468750000000e+04
1.889086914062500000e+04
1.823430468750000000e+04
5.852466015625000000e+04
1.295959765625000000e+04
3.282269531250000000e+04
2.826847265625000000e+04
1.427889257812500000e+04
1.719408203125000000e+04
3.597593994140625000e+03
3.298369628906250000e+03
2.743870605468750000e+03
3.931044433593750000e+03
5.925369628906250000e+03
4.112447265625000000e+04
1.283054492187500000e+04
4.161544531250000000e+04
3.248177148437500000e+04
4.254267089843750000e+03
3.673535888671875000e+03
1.372884082031250000e+04
3.254790283203125000e+03
2.766709716796875000e+03
2.988671386718750000e+03
5.604349609375000000e+03
5.024025878906250000e+03
1.046707031250000000e+04
4.627384765625000000e+03
3.446584472656250000e+03
3.652482177734375000e+03
3.560374609375000000e+04
4.724725585937500000e+03
4.407793750000000000e+04
3.577294433593750000e+03
2.292989062500000000e+04
3.385556884765625000e+03
4.528715332031250000e+03
4.088732031250000000e+04
7.177252441406250000e+03
3.638792236328125000e+03
5.137149414062500000e+03
3.028540429687500000e+04
3.519573486328125000e+03
7.115990234375000000e+03
1.152821679687500000e+04
1.214902343750000000e+04
3.068170312500000000e+04
2.579647949218750000e+03
2.284382812500000000e+04
4.040625976562500000e+03
3.964238525390625000e+03
5.031115625000000000e+04
2.950227783203125000e+03
2.019982812500000000e+04
1.624571289062500000e+04
2.808502441406250000e+03
1.122487011718750000e+04
1.221972753906250000e+04
1.092004687500000000e+04
1.225870312500000000e+04
1.253114160156250000e+04
3.032127734375000000e+04
8.694891601562500000e+03
3.364396484375000000e+04
3.486487109375000000e+04
1.018329101562500000e+04
1.206708886718750000e+04
1.134044531250000000e+04
1.242747265625000000e+04
1.135018750000000000e+04
1.302507128906250000e+04
1.644472265625000000e+04
1.280207226562500000e+04
7.401590332031250000e+03
1.381091210937500000e+04
9.909164062500000000e+03
1.036799804687500000e+04
1.382642187500000000e+04
1.244388867187500000e+04
3.403281640625000000e+04
9.949551757812500000e+03
5.974950195312500000e+03
1.056882421875000000e+04
9.796410156250000000e+03
1.811298828125000000e+04
1.254354492187500000e+04
1.293324707031250000e+04
1.675257812500000000e+04
2.417930078125000000e+04
1.223376757812500000e+04
1.453536914062500000e+04
2.052563867187500000e+04
9.998639648437500000e+03
2.511508984375000000e+04
1.387564062500000000e+04
2.141229687500000000e+04
1.043605371093750000e+04
1.610673828125000000e+04
3.272221484375000000e+04
1.111062500000000000e+04
5.490529785156250000e+03
1.914708203125000000e+04
9.625603515625000000e+03
2.137228271484375000e+03
2.315143066406250000e+03
5.579523925781250000e+02
2.397210205078125000e+03
2.317170703125000000e+04
5.848542968750000000e+03
2.441960937500000000e+04
2.292721875000000000e+04
1.800733154296875000e+03
1.300969726562500000e+03
1.024879492187500000e+04
1.575838867187500000e+03
2.062644531250000000e+03
2.471452880859375000e+03
5.777079101562500000e+03
2.363192382812500000e+03
6.242347656250000000e+03
2.479055175781250000e+03
1.154767333984375000e+03
1.019211425781250000e+03
1.756081250000000000e+04
2.357712890625000000e+03
3.413132812500000000e+04
1.052735595703125000e+03
1.451469433593750000e+04
1.873375366210937500e+03
1.371324707031250000e+03
2.214747656250000000e+04
4.640874023437500000e+03
2.758875488281250000e+03
2.391763427734375000e+03
1.518885156250000000e+04
1.260027099609375000e+03
5.198012207031250000e+03
1.046811328125000000e+04
7.905521484375000000e+03
1.877152734375000000e+04
2.583091552734375000e+03
1.426763476562500000e+04
1.030604492187500000e+03
2.393243896484375000e+03
4.347744140625000000e+04
2.162272216796875000e+03
1.554094921875000000e+04
9.958142578125000000e+03
1.838238891601562500e+03
1.174742919921875000e+03
2.248906738281250000e+03
3.793963378906250000e+03
2.405974609375000000e+04
8.126207031250000000e+03
2.353627929687500000e+04
2.390786718750000000e+04
2.938448242187500000e+03
2.429663330078125000e+03
1.025100585937500000e+04
1.310578125000000000e+03
9.752451171875000000e+02
1.454818847656250000e+03
5.490267578125000000e+03
3.210492431640625000e+03
6.971018554687500000e+03
2.736587646484375000e+03
1.332449218750000000e+03
1.694544921875000000e+03
2.075767187500000000e+04
1.978288085937500000e+03
3.858536718750000000e+04
2.483704101562500000e+03
1.784399609375000000e+04
1.333871582031250000e+03
2.991641601562500000e+03
2.803836718750000000e+04
6.424205078125000000e+03
1.498611083984375000e+03
3.155354492187500000e+03
1.403261328125000000e+04
2.084725830078125000e+03
4.035933593750000000e+03
9.339826171875000000e+03
1.057515332031250000e+04
2.294386328125000000e+04
1.351087402343750000e+03
1.488752734375000000e+04
2.426173828125000000e+03
2.488427978515625000e+03
4.393548828125000000e+04
1.133565429687500000e+03
1.744722656250000000e+04
1.297924804687500000e+04
5.842636718750000000e+02
2.290453613281250000e+03
4.388040527343750000e+03
1.811539453125000000e+04
7.703987304687500000e+03
1.951299804687500000e+04
2.594326562500000000e+04
2.322612060546875000e+03
2.757960937500000000e+03
9.315380859375000000e+03
1.040372558593750000e+03
3.995283203125000000e+02
9.807971191406250000e+02
4.399885742187500000e+03
2.993814453125000000e+03
5.789245117187500000e+03
2.880288574218750000e+03
1.234091308593750000e+03
1.902642089843750000e+03
1.870705468750000000e+04
2.902611572265625000e+03
3.817765234375000000e+04
1.693401367187500000e+03
1.585909863281250000e+04
4.549543457031250000e+02
2.552252929687500000e+03
2.532854296875000000e+04
6.500547851562500000e+03
1.450254638671875000e+03
4.739131835937500000e+03
1.370537890625000000e+04
2.214781982421875000e+03
4.259160156250000000e+03
9.183333984375000000e+03
9.684369140625000000e+03
2.503397851562500000e+04
9.962756347656250000e+02
1.508085058593750000e+04
2.160317382812500000e+03
2.697489990234375000e+03
4.305540234375000000e+04
3.616914062500000000e+02
1.533100195312500000e+04
1.273259179687500000e+04
8.010776367187500000e+02
2.702531250000000000e+03
2.351456250000000000e+04
7.170493652343750000e+03
2.495491992187500000e+04
2.255523437500000000e+04
2.277945312500000000e+03
1.516272949218750000e+03
1.102007617187500000e+04
1.605557617187500000e+03
1.986380371093750000e+03
2.495618408203125000e+03
5.908479003906250000e+03
2.653473632812500000e+03
7.014057128906250000e+03
2.478108886718750000e+03
1.462704101562500000e+03
1.450750732421875000e+03
1.932123437500000000e+04
2.793082763671875000e+03
3.526201562500000000e+04
1.312117431640625000e+03
1.626955078125000000e+04
1.733876342773437500e+03
1.585091552734375000e+03
2.448508593750000000e+04
5.387636230468750000e+03
2.885543945312500000e+03
2.580515380859375000e+03
1.514145800781250000e+04
1.575896972656250000e+03
5.171319824218750000e+03
1.061774804687500000e+04
8.915199218750000000e+03
1.929359375000000000e+04
2.457259033203125000e+03
1.504395898437500000e+04
1.505400390625000000e+03
2.466496582031250000e+03
4.396337109375000000e+04
2.135689941406250000e+03
1.675194726562500000e+04
1.173803222656250000e+04
1.965690429687500000e+03
3.305119921875000000e+04
7.414387695312500000e+03
3.281932812500000000e+04
2.171467578125000000e+04
3.309320556640625000e+03
3.337331542968750000e+03
1.122671777343750000e+04
2.626066894531250000e+03
3.413640625000000000e+03
4.626036621093750000e+03
6.742180175781250000e+03
2.925022216796875000e+03
7.921858886718750000e+03
2.572432373046875000e+03
2.360745361328125000e+03
3.182598876953125000e+03
2.061081250000000000e+04
3.337616699218750000e+03
3.330788281250000000e+04
2.330013183593750000e+03
1.732167382812500000e+04
4.015285644531250000e+03
2.201888916015625000e+03
2.704617382812500000e+04
4.784545410156250000e+03
5.415366210937500000e+03
4.025882080078125000e+03
1.886593750000000000e+04
3.275542968750000000e+03
6.305792968750000000e+03
1.187896777343750000e+04
7.025985839843750000e+03
1.844749218750000000e+04
4.434487304687500000e+03
1.317620117187500000e+04
1.992306396484375000e+03
3.652299316406250000e+03
4.606645312500000000e+04
3.897948486328125000e+03
1.540477929687500000e+04
1.496465429687500000e+04
3.990553955078125000e+03
2.478814062500000000e+04
1.758712402343750000e+03
5.535946093750000000e+04
2.630966992187500000e+04
2.729764062500000000e+04
2.884787500000000000e+04
2.348864257812500000e+04
2.117324023437500000e+04
2.276390429687500000e+04
4.747016015625000000e+04
2.893685742187500000e+04
2.392186328125000000e+04
3.172898046875000000e+04
2.068693750000000000e+04
1.919491015625000000e+04
2.374649609375000000e+04
2.363017187500000000e+04
6.699049218750000000e+04
2.324636132812500000e+04
3.133163671875000000e+04
1.489508398437500000e+04
2.513578320312500000e+04
2.875944335937500000e+04
5.520073437500000000e+04
2.006575390625000000e+04
3.706589062500000000e+04
1.571335742187500000e+04
2.603667382812500000e+04
5.206618750000000000e+04
4.892757812500000000e+04
3.277906250000000000e+04
6.047197656250000000e+04
2.300461718750000000e+04
4.236419531250000000e+04
2.348465820312500000e+04
2.669680078125000000e+04
5.544284375000000000e+04
1.890392382812500000e+04
3.109572460937500000e+04
2.404876953125000000e+04
1.969151171875000000e+04
2.844457812500000000e+04
2.765169531250000000e+04
4.986449218750000000e+03
8.099041015625000000e+03
2.854519287109375000e+03
8.099097656250000000e+03
7.810486328125000000e+03
9.396478515625000000e+03
1.101629785156250000e+04
8.492470703125000000e+03
2.584294921875000000e+03
9.088103515625000000e+03
5.291375488281250000e+03
6.013518554687500000e+03
1.294639062500000000e+04
7.146062011718750000e+03
3.493262500000000000e+04
5.454086914062500000e+03
1.051054003906250000e+04
6.430761718750000000e+03
4.208796875000000000e+03
1.852477343750000000e+04
7.353988281250000000e+03
8.239601562500000000e+03
1.173905664062500000e+04
1.775377148437500000e+04
7.659288085937500000e+03
1.101651367187500000e+04
1.747261523437500000e+04
3.772061523437500000e+03
2.235688867187500000e+04
9.882533203125000000e+03
1.684652539062500000e+04
5.112584960937500000e+03
1.063479687500000000e+04
4.685372656250000000e+04
6.928441406250000000e+03
1.326640429687500000e+04
1.600352539062500000e+04
5.840900390625000000e+03
5.372154687500000000e+04
2.803044335937500000e+04
2.710039648437500000e+04
3.222191992187500000e+04
2.425204296875000000e+04
2.253551562500000000e+04
2.366598828125000000e+04
4.893483593750000000e+04
2.985188671875000000e+04
2.677170703125000000e+04
3.233480468750000000e+04
2.195745312500000000e+04
1.953536914062500000e+04
2.636094140625000000e+04
2.329077734375000000e+04
6.932929687500000000e+04
2.552488085937500000e+04
3.530423437500000000e+04
1.636726562500000000e+04
2.704078515625000000e+04
3.211157812500000000e+04
5.624451562500000000e+04
2.011321093750000000e+04
3.683981250000000000e+04
1.569992675781250000e+04
2.642964648437500000e+04
5.332342187500000000e+04
4.802058593750000000e+04
3.614275390625000000e+04
6.015135937500000000e+04
2.348606250000000000e+04
4.234754296875000000e+04
2.511271093750000000e+04
2.665694531250000000e+04
5.660442968750000000e+04
2.050663281250000000e+04
3.485528906250000000e+04
2.554667968750000000e+04
2.011264257812500000e+04
2.267602734375000000e+04
2.353677734375000000e+04
3.457654296875000000e+04
2.243298437500000000e+04
2.502483984375000000e+04
2.715736914062500000e+04
2.424291015625000000e+04
2.400005078125000000e+04
3.011203515625000000e+04
2.144735351562500000e+04
2.301209375000000000e+04
2.429192773437500000e+04
4.572963671875000000e+04
2.450641210937500000e+04
4.786429296875000000e+04
2.244997851562500000e+04
4.333328125000000000e+04
2.581619140625000000e+04
2.212436328125000000e+04
5.324783984375000000e+04
2.415614453125000000e+04
2.575192187500000000e+04
2.416710742187500000e+04
2.403093945312500000e+04
2.398936328125000000e+04
2.793265625000000000e+04
3.768450781250000000e+04
2.684141015625000000e+04
2.595439648437500000e+04
2.631302343750000000e+04
2.569890429687500000e+04
2.228049218750000000e+04
2.485886328125000000e+04
5.091575000000000000e+04
2.547460156250000000e+04
3.887935156250000000e+04
3.791255078125000000e+04
2.459046875000000000e+04
2.948479492187500000e+03
8.402914062500000000e+03
1.958322998046875000e+03
2.182163330078125000e+03
2.647818115234375000e+03
5.333397460937500000e+03
2.992104003906250000e+03
5.791614257812500000e+03
2.260234375000000000e+03
1.818271362304687500e+03
2.407486816406250000e+03
2.026399023437500000e+04
3.786793945312500000e+03
3.571894921875000000e+04
1.268458007812500000e+03
1.538392089843750000e+04
2.417010253906250000e+03
1.329304931640625000e+03
2.652177343750000000e+04
5.052008300781250000e+03
3.493141113281250000e+03
3.733716308593750000e+03
1.487877636718750000e+04
2.061849853515625000e+03
5.379925781250000000e+03
1.168326171875000000e+04
6.687194824218750000e+03
2.087870507812500000e+04
3.107143310546875000e+03
1.487136816406250000e+04
1.486989257812500000e+03
3.188412109375000000e+03
4.546719921875000000e+04
2.186779296875000000e+03
1.533137500000000000e+04
1.690932421875000000e+04
2.608541015625000000e+03
1.215679101562500000e+04
1.803735107421875000e+03
2.125608886718750000e+03
2.579836914062500000e+03
6.239766601562500000e+03
2.768397705078125000e+03
7.852801757812500000e+03
2.672585693359375000e+03
2.153802734375000000e+03
1.422823730468750000e+03
1.967830468750000000e+04
2.937784667968750000e+03
3.319699218750000000e+04
2.248800537109375000e+03
1.581791406250000000e+04
2.402720703125000000e+03
2.166774414062500000e+03
2.402912304687500000e+04
4.414234863281250000e+03
3.293611816406250000e+03
1.704270996093750000e+03
1.946903515625000000e+04
1.540272216796875000e+03
3.930787597656250000e+03
9.144328125000000000e+03
9.531953125000000000e+03
1.957383984375000000e+04
2.377632568359375000e+03
1.603549804687500000e+04
2.113826904296875000e+03
2.138164794921875000e+03
4.448284375000000000e+04
2.462650878906250000e+03
1.625507226562500000e+04
1.045920117187500000e+04
2.062022460937500000e+03
1.069416406250000000e+04
9.910894531250000000e+03
1.165267773437500000e+04
1.243889843750000000e+04
1.197231445312500000e+04
3.525945312500000000e+03
1.213612500000000000e+04
7.940793945312500000e+03
9.835671875000000000e+03
1.725493359375000000e+04
9.985029296875000000e+03
4.581369140625000000e+04
8.537076171875000000e+03
1.371299414062500000e+04
8.566096679687500000e+03
8.134519042968750000e+03
2.740316406250000000e+04
1.184394140625000000e+04
1.072675390625000000e+04
1.519686425781250000e+04
2.284158398437500000e+04
1.133269335937500000e+04
1.458557324218750000e+04
1.920251953125000000e+04
7.524453125000000000e+03
3.267970703125000000e+04
1.158826953125000000e+04
2.007498828125000000e+04
8.451205078125000000e+03
1.340934765625000000e+04
5.268960937500000000e+04
9.025952148437500000e+03
1.592491406250000000e+04
2.120297265625000000e+04
7.991905273437500000e+03
7.743076171875000000e+02
1.339701416015625000e+03
4.582710937500000000e+03
2.188562011718750000e+03
7.382605468750000000e+03
1.473915527343750000e+03
1.016947021484375000e+03
1.295294921875000000e+03
2.131260156250000000e+04
2.476617919921875000e+03
3.642625781250000000e+04
1.467991699218750000e+03
1.836039062500000000e+04
1.270883056640625000e+03
1.881836181640625000e+03
2.947661328125000000e+04
5.184329101562500000e+03
1.784254638671875000e+03
2.573151123046875000e+03
1.440238378906250000e+04
1.020573974609375000e+03
4.031886962890625000e+03
1.020802734375000000e+04
9.131939453125000000e+03
2.074090625000000000e+04
1.628303222656250000e+03
1.412169042968750000e+04
1.226101318359375000e+03
1.804125488281250000e+03
4.470330078125000000e+04
9.438144531250000000e+02
1.632987109375000000e+04
1.260805664062500000e+04
1.312154296875000000e+03
8.326181640625000000e+02
4.466338378906250000e+03
2.445332763671875000e+03
6.410002929687500000e+03
2.109387939453125000e+03
1.037892089843750000e+03
1.727079589843750000e+03
1.949954101562500000e+04
2.591320068359375000e+03
3.734864843750000000e+04
1.550254882812500000e+03
1.622069042968750000e+04
6.071220703125000000e+02
2.293616699218750000e+03
2.681517968750000000e+04
5.185342773437500000e+03
1.769216308593750000e+03
3.636507812500000000e+03
1.491217480468750000e+04
1.752697509765625000e+03
3.410496093750000000e+03
9.174298828125000000e+03
9.605934570312500000e+03
2.343788867187500000e+04
9.841457519531250000e+02
1.506879296875000000e+04
1.734596191406250000e+03
2.258509277343750000e+03
4.412445703125000000e+04
3.415002441406250000e+02
1.508458984375000000e+04
1.237880468750000000e+04
6.911411132812500000e+02
4.941394042968750000e+03
3.246760498046875000e+03
7.708415039062500000e+03
2.376347167968750000e+03
2.083259277343750000e+03
1.713606201171875000e+03
2.283338476562500000e+04
3.562797363281250000e+03
3.928614062500000000e+04
2.219127441406250000e+03
1.880648437500000000e+04
1.297599609375000000e+03
2.986541992187500000e+03
2.959477539062500000e+04
6.013615234375000000e+03
2.137285888671875000e+03
3.825437744140625000e+03
1.578249902343750000e+04
1.588633544921875000e+03
3.829129394531250000e+03
9.593716796875000000e+03
1.087301171875000000e+04
2.617358593750000000e+04
9.773144531250000000e+02
1.607146484375000000e+04
2.731341796875000000e+03
2.068524169921875000e+03
4.408068359375000000e+04
1.035423339843750000e+03
1.747190234375000000e+04
1.371678515625000000e+04
1.144357177734375000e+03
6.850810546875000000e+03
9.553631835937500000e+03
4.824107421875000000e+03
5.464223144531250000e+03
6.930381347656250000e+03
4.100300000000000000e+04
7.004223632812500000e+03
5.005790625000000000e+04
5.062741210937500000e+03
2.740228125000000000e+04
5.396319335937500000e+03
5.034568359375000000e+03
4.912092187500000000e+04
7.955904296875000000e+03
5.169315429687500000e+03
7.389929687500000000e+03
2.389723828125000000e+04
5.600734375000000000e+03
7.026375000000000000e+03
1.308273730468750000e+04
1.051806445312500000e+04
3.161658984375000000e+04
4.616878906250000000e+03
1.795011914062500000e+04
6.118206054687500000e+03
5.916854492187500000e+03
5.120580859375000000e+04
4.268473632812500000e+03
2.514037109375000000e+04
3.098715625000000000e+04
5.124277832031250000e+03
8.699451171875000000e+03
2.670818603515625000e+03
2.197908203125000000e+03
2.365069824218750000e+03
1.979135156250000000e+04
3.682802246093750000e+03
3.299515625000000000e+04
2.144010009765625000e+03
1.533283398437500000e+04
3.003640869140625000e+03
2.422391601562500000e+03
2.594769140625000000e+04
4.648096191406250000e+03
4.649872558593750000e+03
3.581685546875000000e+03
1.969460156250000000e+04
2.640337890625000000e+03
5.005549804687500000e+03
9.962191406250000000e+03
8.687055664062500000e+03
2.021600976562500000e+04
3.590073730468750000e+03
1.568329687500000000e+04
1.622389648437500000e+03
3.442912353515625000e+03
4.123923046875000000e+04
3.012100585937500000e+03
1.464065039062500000e+04
1.249606640625000000e+04
3.133566406250000000e+03
8.933891601562500000e+03
4.839188476562500000e+03
6.532058105468750000e+03
1.448826464843750000e+04
6.732438476562500000e+03
3.885784375000000000e+04
5.469357421875000000e+03
1.255678710937500000e+04
5.197829101562500000e+03
5.114599121093750000e+03
2.161944140625000000e+04
9.030374023437500000e+03
7.182836425781250000e+03
1.231695117187500000e+04
1.795451562500000000e+04
7.969156738281250000e+03
9.709769531250000000e+03
1.455280859375000000e+04
4.673182128906250000e+03
2.716164062500000000e+04
7.872611328125000000e+03
1.526374023437500000e+04
5.770093261718750000e+03
9.991460937500000000e+03
4.584273046875000000e+04
5.805318359375000000e+03
1.223137500000000000e+04
1.783754687500000000e+04
5.296330078125000000e+03
2.427942138671875000e+03
2.535264892578125000e+03
2.422577734375000000e+04
3.666099121093750000e+03
3.558341015625000000e+04
2.093549804687500000e+03
2.031158593750000000e+04
3.153924316406250000e+03
2.104829589843750000e+03
3.217788281250000000e+04
4.919673339843750000e+03
3.705524414062500000e+03
2.297149414062500000e+03
1.784424218750000000e+04
1.639503417968750000e+03
4.090390869140625000e+03
9.977435546875000000e+03
9.261036132812500000e+03
2.037919140625000000e+04
2.585159179687500000e+03
1.406776367187500000e+04
1.988045166015625000e+03
1.986151367187500000e+03
4.536946484375000000e+04
2.685514160156250000e+03
1.846057031250000000e+04
1.678555859375000000e+04
2.872413330078125000e+03
1.564945190429687500e+03
1.702201953125000000e+04
1.893522460937500000e+03
3.660965234375000000e+04
1.073180664062500000e+03
1.418552050781250000e+04
8.248015136718750000e+02
1.461088012695312500e+03
2.340682031250000000e+04
4.986089843750000000e+03
1.997965942382812500e+03
3.545983886718750000e+03
1.393309082031250000e+04
1.700134765625000000e+03
4.574176757812500000e+03
1.035462695312500000e+04
7.628125000000000000e+03
2.030406250000000000e+04
2.175428466796875000e+03
1.490128808593750000e+04
8.442958984375000000e+02
2.776395996093750000e+03
4.228517968750000000e+04
1.070089599609375000e+03
1.349632226562500000e+04
1.078686621093750000e+04
1.286086914062500000e+03
1.657728125000000000e+04
2.641753906250000000e+03
3.532159765625000000e+04
1.587476806640625000e+03
1.393312988281250000e+04
1.522641845703125000e+03
1.935223999023437500e+03
2.142577148437500000e+04
5.327988281250000000e+03
2.563815917968750000e+03
2.046342773437500000e+03
1.446401464843750000e+04
7.739797363281250000e+02
4.698773925781250000e+03
8.680616210937500000e+03
8.402547851562500000e+03
2.027033984375000000e+04
2.142516357421875000e+03
1.535680175781250000e+04
1.248852539062500000e+03
2.023464355468750000e+03
4.417282031250000000e+04
1.891194580078125000e+03
1.463966406250000000e+04
1.040161816406250000e+04
1.050145507812500000e+03
1.925413281250000000e+04
2.366017968750000000e+04
1.831438281250000000e+04
1.127375976562500000e+04
1.614835546875000000e+04
1.680389257812500000e+04
1.038142968750000000e+04
2.050516406250000000e+04
2.094109375000000000e+04
2.489923828125000000e+04
2.461855859375000000e+04
2.060953515625000000e+04
2.470163671875000000e+04
2.904901171875000000e+04
1.946375585937500000e+04
2.208426171875000000e+04
2.273597460937500000e+04
2.397894921875000000e+04
1.756537500000000000e+04
2.341687109375000000e+04
3.874412890625000000e+04
1.923782226562500000e+04
1.124433789062500000e+04
2.149056250000000000e+04
1.693287109375000000e+04
3.802771093750000000e+04
3.390039062500000000e+03
1.708963671875000000e+04
2.464474121093750000e+03
3.148117919921875000e+03
2.582767968750000000e+04
6.495634765625000000e+03
2.735425781250000000e+03
3.792982421875000000e+03
1.499267382812500000e+04
2.862495849609375000e+03
6.076157714843750000e+03
1.088500195312500000e+04
1.037136523437500000e+04
2.165210742187500000e+04
2.643675537109375000e+03
1.503313476562500000e+04
3.075288574218750000e+03
2.511595214843750000e+03
4.569141796875000000e+04
2.521959472656250000e+03
1.771300781250000000e+04
1.164195507812500000e+04
2.258881347656250000e+03
3.558055078125000000e+04
2.976793164062500000e+04
3.582265234375000000e+04
3.427468359375000000e+04
2.443880859375000000e+04
2.923855078125000000e+04
3.775857812500000000e+04
3.590142187500000000e+04
4.820495312500000000e+04
3.621649218750000000e+04
3.326151562500000000e+04
4.192045703125000000e+04
3.741089453125000000e+04
3.287126953125000000e+04
3.919150781250000000e+04
2.909216406250000000e+04
3.640778125000000000e+04
3.454373437500000000e+04
4.400853125000000000e+04
3.898686718750000000e+04
2.843078125000000000e+04
3.472216015625000000e+04
3.769407031250000000e+04
1.402192089843750000e+04
1.582289916992187500e+03
7.013112792968750000e+02
2.316073437500000000e+04
3.969356689453125000e+03
3.087256347656250000e+03
3.350063232421875000e+03
1.518462792968750000e+04
1.626485107421875000e+03
4.959166503906250000e+03
1.081416406250000000e+04
5.950666992187500000e+03
1.985871093750000000e+04
2.651457519531250000e+03
1.444429199218750000e+04
7.952954101562500000e+02
2.756381835937500000e+03
4.384127343750000000e+04
1.766248535156250000e+03
1.367891113281250000e+04
1.294149023437500000e+04
1.911965087890625000e+03
1.427754296875000000e+04
1.361157421875000000e+04
1.386711523437500000e+04
1.377214062500000000e+04
1.881888671875000000e+04
2.152301367187500000e+04
2.855438281250000000e+04
1.742575781250000000e+04
2.004911328125000000e+04
2.441171093750000000e+04
1.527945898437500000e+04
2.392651367187500000e+04
1.869359375000000000e+04
2.811995312500000000e+04
1.489795605468750000e+04
2.097476367187500000e+04
3.804804687500000000e+04
1.597180468750000000e+04
6.498737792968750000e+03
1.921938085937500000e+04
1.403962304687500000e+04
2.401009277343750000e+03
2.172838476562500000e+04
6.805789062500000000e+03
1.729478393554687500e+03
4.871817382812500000e+03
1.243599804687500000e+04
2.231371582031250000e+03
4.720215820312500000e+03
9.581816406250000000e+03
9.413713867187500000e+03
2.398232421875000000e+04
1.387921875000000000e+03
1.501476074218750000e+04
1.752233154296875000e+03
2.859574951171875000e+03
4.113924609375000000e+04
4.599741210937500000e+02
1.435238281250000000e+04
1.098749902343750000e+04
8.942404785156250000e+02
2.096848437500000000e+04
3.673617431640625000e+03
3.202903320312500000e+03
3.036924316406250000e+03
1.523776562500000000e+04
1.622351318359375000e+03
4.686493652343750000e+03
1.107905664062500000e+04
5.271934570312500000e+03
1.892212109375000000e+04
3.214878906250000000e+03
1.376204882812500000e+04
1.093370605468750000e+03
2.472207763671875000e+03
4.418242187500000000e+04
2.430809570312500000e+03
1.441188085937500000e+04
1.265701269531250000e+04
2.489295410156250000e+03
2.474253515625000000e+04
2.626492773437500000e+04
2.975203125000000000e+04
2.830934765625000000e+04
2.582945312500000000e+04
3.189984375000000000e+04
3.641091796875000000e+04
2.645279296875000000e+04
2.426417578125000000e+04
2.928473437500000000e+04
3.011359375000000000e+04
2.408531640625000000e+04
2.864327734375000000e+04
4.113784765625000000e+04
2.579355664062500000e+04
1.704438671875000000e+04
2.407877734375000000e+04
2.199048242187500000e+04
7.188519531250000000e+03
5.608728515625000000e+03
3.788758984375000000e+04
5.083092773437500000e+03
4.491853515625000000e+03
1.093129882812500000e+04
8.507591796875000000e+03
1.757167382812500000e+04
6.553745605468750000e+03
1.830708007812500000e+04
5.252863281250000000e+03
5.491653808593750000e+03
3.675549609375000000e+04
6.455197753906250000e+03
1.631868164062500000e+04
1.659467578125000000e+04
6.224218750000000000e+03
4.328190917968750000e+03
1.310000683593750000e+04
2.486860839843750000e+03
4.906308593750000000e+03
9.720566406250000000e+03
1.103285937500000000e+04
2.434326367187500000e+04
2.154926757812500000e+03
1.462389453125000000e+04
3.449442138671875000e+03
2.721651367187500000e+03
4.426520312500000000e+04
1.569664550781250000e+03
1.897904296875000000e+04
1.358265820312500000e+04
1.400623291015625000e+03
2.450174218750000000e+04
1.454399902343750000e+03
5.175172851562500000e+03
9.955554687500000000e+03
1.083531933593750000e+04
2.122485937500000000e+04
3.699447753906250000e+03
1.684691015625000000e+04
3.240010986328125000e+03
1.977590820312500000e+03
4.875578125000000000e+04
4.472520507812500000e+03
1.963585351562500000e+04
1.259769238281250000e+04
3.338535400390625000e+03
1.744800976562500000e+04
3.611387109375000000e+04
4.284737500000000000e+04
2.193585742187500000e+04
3.728982031250000000e+04
1.596841503906250000e+04
2.300329296875000000e+04
1.489756054687500000e+04
1.680270898437500000e+04
4.245901953125000000e+04
1.375625976562500000e+04
2.877942187500000000e+04
2.100154882812500000e+04
1.402748828125000000e+04
4.513535156250000000e+03
9.502086914062500000e+03
8.659662109375000000e+03
2.042931250000000000e+04
2.053618896484375000e+03
1.553668945312500000e+04
1.524489746093750000e+03
1.390724121093750000e+03
4.520128125000000000e+04
2.074649658203125000e+03
1.651537500000000000e+04
1.151829492187500000e+04
1.665241455078125000e+03
8.892378906250000000e+03
1.218100000000000000e+04
2.258135937500000000e+04
3.993741943359375000e+03
1.814484375000000000e+04
5.405648437500000000e+03
4.240551757812500000e+03
4.674614062500000000e+04
4.255221191406250000e+03
1.874132617187500000e+04
1.712711718750000000e+04
4.098062011718750000e+03
1.793150195312500000e+04
3.009601171875000000e+04
8.479153320312500000e+03
2.355405859375000000e+04
1.026125976562500000e+04
1.018328906250000000e+04
5.426639453125000000e+04
9.499600585937500000e+03
2.494703320312500000e+04
2.081033984375000000e+04
8.792077148437500000e+03
2.323292187500000000e+04
1.061588281250000000e+04
1.580217089843750000e+04
6.721889160156250000e+03
9.598243164062500000e+03
4.875216015625000000e+04
9.865709960937500000e+03
1.346534765625000000e+04
2.042332421875000000e+04
8.771615234375000000e+03
2.524516796875000000e+04
2.562532031250000000e+04
1.996414843750000000e+04
2.201072265625000000e+04
3.419917187500000000e+04
2.557748046875000000e+04
2.427455468750000000e+04
2.141632031250000000e+04
2.363482421875000000e+04
1.604371093750000000e+04
3.044645019531250000e+03
2.088939697265625000e+03
4.462725000000000000e+04
1.181151611328125000e+03
1.738430078125000000e+04
1.334336328125000000e+04
1.173124267578125000e+03
1.465503320312500000e+04
1.488931640625000000e+04
4.916854296875000000e+04
1.543102050781250000e+04
2.788364648437500000e+04
2.942358984375000000e+04
1.492204296875000000e+04
2.910434570312500000e+03
4.445554296875000000e+04
1.901124511718750000e+03
1.361008398437500000e+04
1.198505957031250000e+04
2.063991699218750000e+03
4.575314843750000000e+04
2.561894287109375000e+03
1.916312890625000000e+04
1.419553710937500000e+04
2.378630615234375000e+03
4.318853515625000000e+04
3.373255468750000000e+04
4.343620312500000000e+04
4.252048437500000000e+04
1.520486523437500000e+04
1.339760351562500000e+04
7.873735351562500000e+02
2.074036328125000000e+04
1.449114550781250000e+04
1.184932031250000000e+04
