4.700000000000000000e+01 7.700000000000000000e+01 3.415002441406250000e+02 2.000000000000000000e+00
3.600000000000000000e+01 8.100000000000000000e+01 3.933889879095726769e+02 3.000000000000000000e+00
1.400000000000000000e+01 7.400000000000000000e+01 4.246804199218750000e+02 2.000000000000000000e+00
2.000000000000000000e+01 6.000000000000000000e+01 4.919396972656250000e+02 2.000000000000000000e+00
3.400000000000000000e+01 3.700000000000000000e+01 5.579523925781250000e+02 2.000000000000000000e+00
2.900000000000000000e+01 8.200000000000000000e+01 5.582824703727694668e+02 4.000000000000000000e+00
3.500000000000000000e+01 8.000000000000000000e+01 5.842636718750000000e+02 2.000000000000000000e+00
6.000000000000000000e+00 6.100000000000000000e+01 6.465905761718750000e+02 2.000000000000000000e+00
8.400000000000000000e+01 8.600000000000000000e+01 7.107223726014779004e+02 6.000000000000000000e+00
9.000000000000000000e+00 5.800000000000000000e+01 7.350610351562500000e+02 2.000000000000000000e+00
5.000000000000000000e+00 8.300000000000000000e+01 7.476673360254338832e+02 3.000000000000000000e+00
2.500000000000000000e+01 8.500000000000000000e+01 7.716021267049584367e+02 3.000000000000000000e+00
5.400000000000000000e+01 6.700000000000000000e+01 7.739797363281250000e+02 2.000000000000000000e+00
8.800000000000000000e+01 9.000000000000000000e+01 8.790684666016659321e+02 4.000000000000000000e+00
2.200000000000000000e+01 5.300000000000000000e+01 9.108774414062500000e+02 2.000000000000000000e+00
8.000000000000000000e+00 4.100000000000000000e+01 9.176181640625000000e+02 2.000000000000000000e+00
4.000000000000000000e+00 2.700000000000000000e+01 9.598256835937500000e+02 2.000000000000000000e+00
2.800000000000000000e+01 6.400000000000000000e+01 9.764838867187500000e+02 2.000000000000000000e+00
4.800000000000000000e+01 7.200000000000000000e+01 9.773144531250000000e+02 2.000000000000000000e+00
4.600000000000000000e+01 8.900000000000000000e+01 1.227977703439252309e+03 7.000000000000000000e+00
0.000000000000000000e+00 9.300000000000000000e+01 1.266739060681113642e+03 3.000000000000000000e+00
1.000000000000000000e+01 9.400000000000000000e+01 1.347005306219765316e+03 5.000000000000000000e+00
9.500000000000000000e+01 9.700000000000000000e+01 1.405525657276856009e+03 4.000000000000000000e+00
3.000000000000000000e+00 9.600000000000000000e+01 1.488784463123382011e+03 3.000000000000000000e+00
1.800000000000000000e+01 4.000000000000000000e+01 1.516526367187500000e+03 2.000000000000000000e+00
4.400000000000000000e+01 9.200000000000000000e+01 1.537191828676063551e+03 4.000000000000000000e+00
8.700000000000000000e+01 9.900000000000000000e+01 1.632666739895325691e+03 4.000000000000000000e+00
4.300000000000000000e+01 1.020000000000000000e+02 1.633319946783722116e+03 6.000000000000000000e+00
1.000000000000000000e+02 1.030000000000000000e+02 1.640640080015711874e+03 1.100000000000000000e+01
5.000000000000000000e+01 9.100000000000000000e+01 1.900441116073533067e+03 4.000000000000000000e+00
1.500000000000000000e+01 1.070000000000000000e+02 1.901984600291916877e+03 5.000000000000000000e+00
6.500000000000000000e+01 1.010000000000000000e+02 1.951325629453922375e+03 4.000000000000000000e+00
7.500000000000000000e+01 1.120000000000000000e+02 1.975718283104431521e+03 5.000000000000000000e+00
7.000000000000000000e+00 5.200000000000000000e+01 2.050170410156250000e+03 2.000000000000000000e+00
1.300000000000000000e+01 1.080000000000000000e+02 2.266531771052838394e+03 7.000000000000000000e+00
5.100000000000000000e+01 1.050000000000000000e+02 2.333181678583364373e+03 3.000000000000000000e+00
3.900000000000000000e+01 1.040000000000000000e+02 2.379047028688959017e+03 4.000000000000000000e+00
3.000000000000000000e+01 5.600000000000000000e+01 2.413359375000000000e+03 2.000000000000000000e+00
1.000000000000000000e+00 1.090000000000000000e+02 2.501762474298136567e+03 1.200000000000000000e+01
9.800000000000000000e+01 1.110000000000000000e+02 2.556508434503281933e+03 7.000000000000000000e+00
2.000000000000000000e+00 2.100000000000000000e+01 2.691801269531250000e+03 2.000000000000000000e+00
3.800000000000000000e+01 1.100000000000000000e+02 2.776928826645656045e+03 5.000000000000000000e+00
1.140000000000000000e+02 1.150000000000000000e+02 2.852915320675989733e+03 9.000000000000000000e+00
1.060000000000000000e+02 1.130000000000000000e+02 2.971015203918535917e+03 9.000000000000000000e+00
1.190000000000000000e+02 1.200000000000000000e+02 3.273549217164134006e+03 1.900000000000000000e+01
1.220000000000000000e+02 1.230000000000000000e+02 3.682391118792727411e+03 1.400000000000000000e+01
4.500000000000000000e+01 1.160000000000000000e+02 3.837535600454353244e+03 4.000000000000000000e+00
1.180000000000000000e+02 1.250000000000000000e+02 4.056340984513486546e+03 2.100000000000000000e+01
3.200000000000000000e+01 1.280000000000000000e+02 4.417806029848659819e+03 2.200000000000000000e+01
6.300000000000000000e+01 6.800000000000000000e+01 4.491853515625000000e+03 2.000000000000000000e+00
2.600000000000000000e+01 6.200000000000000000e+01 4.570500976562500000e+03 2.000000000000000000e+00
3.300000000000000000e+01 7.800000000000000000e+01 5.490529785156250000e+03 2.000000000000000000e+00
1.240000000000000000e+02 1.260000000000000000e+02 5.952037456943012330e+03 2.300000000000000000e+01
7.000000000000000000e+01 1.270000000000000000e+02 6.265490992676353017e+03 5.000000000000000000e+00
5.900000000000000000e+01 1.320000000000000000e+02 6.473570064880802420e+03 3.000000000000000000e+00
4.900000000000000000e+01 1.290000000000000000e+02 6.789302399574016817e+03 2.300000000000000000e+01
2.400000000000000000e+01 1.210000000000000000e+02 7.226173637999921084e+03 3.000000000000000000e+00
1.300000000000000000e+02 1.330000000000000000e+02 7.978454472926603557e+03 2.500000000000000000e+01
1.200000000000000000e+01 1.900000000000000000e+01 8.146618652343750000e+03 2.000000000000000000e+00
1.600000000000000000e+01 3.100000000000000000e+01 9.190789062500000000e+03 2.000000000000000000e+00
5.500000000000000000e+01 1.310000000000000000e+02 9.470196175174334712e+03 3.000000000000000000e+00
1.360000000000000000e+02 1.380000000000000000e+02 9.968308511063394690e+03 4.800000000000000000e+01
1.700000000000000000e+01 1.410000000000000000e+02 1.093034277262187607e+04 4.000000000000000000e+00
1.340000000000000000e+02 1.370000000000000000e+02 1.148987560802007465e+04 8.000000000000000000e+00
6.900000000000000000e+01 1.420000000000000000e+02 1.398241052185677472e+04 4.900000000000000000e+01
1.350000000000000000e+02 1.390000000000000000e+02 1.564160451471111264e+04 5.000000000000000000e+00
7.900000000000000000e+01 1.450000000000000000e+02 1.899348440754571493e+04 5.000000000000000000e+01
6.600000000000000000e+01 1.170000000000000000e+02 1.926016110474123343e+04 5.000000000000000000e+00
2.300000000000000000e+01 1.430000000000000000e+02 2.035982825642958414e+04 5.000000000000000000e+00
7.300000000000000000e+01 1.470000000000000000e+02 2.195292249514443756e+04 5.100000000000000000e+01
4.200000000000000000e+01 7.100000000000000000e+01 2.595439648437500000e+04 2.000000000000000000e+00
1.400000000000000000e+02 1.480000000000000000e+02 2.756167910323860997e+04 7.000000000000000000e+00
1.440000000000000000e+02 1.500000000000000000e+02 2.779226725237233404e+04 5.900000000000000000e+01
1.460000000000000000e+02 1.490000000000000000e+02 2.938755889701487831e+04 1.000000000000000000e+01
5.700000000000000000e+01 1.540000000000000000e+02 3.739286954401160619e+04 1.100000000000000000e+01
1.510000000000000000e+02 1.530000000000000000e+02 3.926912999940451846e+04 6.100000000000000000e+01
7.600000000000000000e+01 1.550000000000000000e+02 5.083308317860948591e+04 1.200000000000000000e+01
1.100000000000000000e+01 1.520000000000000000e+02 7.881019052487752924e+04 8.000000000000000000e+00
1.560000000000000000e+02 1.570000000000000000e+02 7.903857699619958294e+04 7.300000000000000000e+01
1.580000000000000000e+02 1.590000000000000000e+02 8.546627363788768707e+04 8.100000000000000000e+01
