5.241107177734375000e+02
6.263455078125000000e+03
4.727395507812500000e+03
2.534720947265625000e+03
3.933419921875000000e+03
2.494620605468750000e+03
5.755554687500000000e+03
2.218244384765625000e+03
3.621507324218750000e+03
2.157264160156250000e+03
1.441581665039062500e+03
4.519527587890625000e+02
1.965558593750000000e+03
3.735163574218750000e+03
2.562940429687500000e+03
5.334190673828125000e+02
3.146874023437500000e+03
2.675373046875000000e+03
3.785307861328125000e+03
8.001779785156250000e+02
5.485216064453125000e+02
3.453411132812500000e+03
2.331917236328125000e+03
1.614318750000000000e+04
5.849935546875000000e+03
5.607258789062500000e+03
6.511721679687500000e+03
2.291000732421875000e+03
2.940625000000000000e+03
7.807582031250000000e+03
2.272608886718750000e+03
4.808833984375000000e+03
2.677739990234375000e+03
2.808450195312500000e+03
4.858029785156250000e+02
1.793968261718750000e+03
3.823101806640625000e+03
8.655113281250000000e+03
9.818414306640625000e+02
2.167174804687500000e+03
6.727999023437500000e+03
7.134392578125000000e+03
8.209463867187500000e+03
4.198524414062500000e+03
3.173128906250000000e+03
2.495056396484375000e+03
2.752430419921875000e+03
1.354116210937500000e+03
1.481129394531250000e+03
3.590229248046875000e+03
2.205931640625000000e+03
3.329506835937500000e+03
2.656437988281250000e+03
1.517905029296875000e+03
3.634784912109375000e+03
7.413392333984375000e+02
2.397496826171875000e+03
4.445777343750000000e+03
2.485011718750000000e+03
2.228003417968750000e+03
1.917046997070312500e+03
3.559024902343750000e+03
4.789282714843750000e+03
6.713158203125000000e+03
3.954112304687500000e+03
6.975969726562500000e+03
3.184037109375000000e+03
5.826605468750000000e+03
3.434422607421875000e+02
3.106245117187500000e+02
1.984735107421875000e+03
1.344135351562500000e+04
1.644987304687500000e+03
6.029185546875000000e+03
5.249700195312500000e+03
2.547321044921875000e+03
3.587499023437500000e+03
2.195800781250000000e+03
6.145236328125000000e+03
2.388215576171875000e+03
3.034350830078125000e+03
1.667008666992187500e+03
9.353917236328125000e+02
6.172987060546875000e+02
1.699374755859375000e+03
2.569894042968750000e+03
2.378871826171875000e+03
4.625507812500000000e+02
2.284000000000000000e+03
2.254137939453125000e+03
3.724926269531250000e+03
5.595695800781250000e+02
5.154650878906250000e+02
3.130864013671875000e+03
2.322778808593750000e+03
1.558076074218750000e+04
5.483638671875000000e+03
4.608319335937500000e+03
5.980618164062500000e+03
2.272578857421875000e+03
3.458662841796875000e+03
6.622583984375000000e+03
1.718685424804687500e+03
4.068676757812500000e+03
2.210818603515625000e+03
2.266889160156250000e+03
2.951046142578125000e+02
1.655548583984375000e+03
3.845235839843750000e+03
7.493989257812500000e+03
6.066716308593750000e+02
1.949737915039062500e+03
4.864262207031250000e+03
6.418658691406250000e+03
7.263396484375000000e+03
3.674497070312500000e+03
2.808748779296875000e+03
1.979832885742187500e+03
2.384002929687500000e+03
1.081532104492187500e+03
1.569373779296875000e+03
3.246403076171875000e+03
2.166186279296875000e+03
3.062894042968750000e+03
2.319902587890625000e+03
1.443153442382812500e+03
3.301381835937500000e+03
1.048192382812500000e+03
1.964952880859375000e+03
4.101986816406250000e+03
2.418283447265625000e+03
2.659995605468750000e+03
1.428270263671875000e+03
3.231993164062500000e+03
3.826110351562500000e+03
6.731814453125000000e+03
3.312214355468750000e+03
5.207884765625000000e+03
2.755397949218750000e+03
5.490558105468750000e+03
4.048731689453125000e+02
2.018159179687500000e+02
1.721864990234375000e+03
1.520255859375000000e+04
1.543963989257812500e+03
5.109757324218750000e+03
4.967304199218750000e+03
3.761006835937500000e+03
8.479482421875000000e+03
1.116409179687500000e+03
1.023939257812500000e+04
8.972867187500000000e+03
8.324958984375000000e+03
6.332640625000000000e+03
9.901113281250000000e+03
6.597182617187500000e+03
5.656738281250000000e+03
8.578982421875000000e+03
5.456108398437500000e+03
5.966061035156250000e+03
6.023554687500000000e+03
1.090295019531250000e+04
6.226432617187500000e+03
6.637211914062500000e+03
9.274417968750000000e+03
8.703442382812500000e+03
2.302559375000000000e+04
1.934950561523437500e+03
5.767579101562500000e+03
1.373262402343750000e+04
8.035527343750000000e+03
7.802411621093750000e+03
1.319051367187500000e+04
5.817940917968750000e+03
1.079613085937500000e+04
6.345326171875000000e+03
5.807399902343750000e+03
6.224337890625000000e+03
8.198648437500000000e+03
1.212461132812500000e+04
1.204551269531250000e+03
6.020637695312500000e+03
7.158543945312500000e+03
1.130102783203125000e+03
5.878186035156250000e+03
1.308063085937500000e+04
7.475956054687500000e+03
8.654917968750000000e+03
6.414590820312500000e+03
8.544773437500000000e+03
6.435271484375000000e+03
6.320020996093750000e+03
9.278973632812500000e+03
8.429345703125000000e+03
9.948365234375000000e+03
9.509241210937500000e+03
6.826678222656250000e+03
8.955455078125000000e+03
6.446054687500000000e+03
8.528878906250000000e+03
1.006382031250000000e+04
8.638629882812500000e+03
4.427075683593750000e+03
7.242565429687500000e+03
9.655789062500000000e+03
9.268966796875000000e+03
1.520905371093750000e+04
9.544396484375000000e+03
1.330218164062500000e+04
9.566683593750000000e+03
1.313244726562500000e+04
5.282383789062500000e+03
5.597314941406250000e+03
6.683356445312500000e+03
2.514858398437500000e+04
5.754438476562500000e+03
2.106638183593750000e+03
6.872967529296875000e+02
6.236135742187500000e+03
5.176865234375000000e+03
6.845069335937500000e+03
6.986400878906250000e+03
6.713388671875000000e+03
5.295277343750000000e+03
7.087140625000000000e+03
4.867686523437500000e+03
6.344389648437500000e+03
6.619324218750000000e+03
4.631409179687500000e+03
6.718418945312500000e+03
4.925422851562500000e+03
7.885086914062500000e+03
5.205889160156250000e+03
5.392251464843750000e+03
7.290086914062500000e+03
6.491064453125000000e+03
2.021748046875000000e+04
5.201730468750000000e+03
7.060630371093750000e+03
1.082570214843750000e+04
6.089001953125000000e+03
3.827553710937500000e+03
1.129479492187500000e+04
5.971218750000000000e+03
8.361310546875000000e+03
5.735382812500000000e+03
6.236990234375000000e+03
5.406021972656250000e+03
5.436957031250000000e+03
9.115455078125000000e+03
6.490647460937500000e+03
5.089963867187500000e+03
5.540197265625000000e+03
4.981483886718750000e+03
3.277631835937500000e+03
1.044281835937500000e+04
6.044594726562500000e+03
6.476473144531250000e+03
4.911356445312500000e+03
6.599920410156250000e+03
5.449732421875000000e+03
4.819446289062500000e+03
7.296178710937500000e+03
6.172821777343750000e+03
6.938942382812500000e+03
6.722286132812500000e+03
4.145968261718750000e+03
6.948749511718750000e+03
4.045283203125000000e+03
6.724307617187500000e+03
7.915679687500000000e+03
6.631276855468750000e+03
1.362422119140625000e+03
6.092330078125000000e+03
7.351212890625000000e+03
8.370539062500000000e+03
1.212566210937500000e+04
7.691613281250000000e+03
1.100319042968750000e+04
6.951944335937500000e+03
1.076064257812500000e+04
4.366643554687500000e+03
4.604010742187500000e+03
4.795669433593750000e+03
4.629186523437500000e+03
3.336902832031250000e+03
1.633575805664062500e+03
3.889693359375000000e+03
4.651265625000000000e+03
4.416245117187500000e+03
4.687100585937500000e+03
3.707633300781250000e+03
2.667100830078125000e+03
3.812825683593750000e+03
2.794031738281250000e+03
4.452909179687500000e+03
4.309391601562500000e+03
2.233872314453125000e+03
4.215073242187500000e+03
2.878058593750000000e+03
5.846187988281250000e+03
2.886788085937500000e+03
3.221767089843750000e+03
4.840230957031250000e+03
4.362367675781250000e+03
1.793181445312500000e+04
5.546451171875000000e+03
5.331395507812500000e+03
8.498595703125000000e+03
4.137887695312500000e+03
1.220967163085937500e+03
9.300988281250000000e+03
3.399594238281250000e+03
6.367683593750000000e+03
3.602769531250000000e+03
3.884036132812500000e+03
2.765610351562500000e+03
2.647847412109375000e+03
6.768627929687500000e+03
6.858790039062500000e+03
2.235881591796875000e+03
3.834193847656250000e+03
5.102463867187500000e+03
4.121836914062500000e+03
8.681656250000000000e+03
4.550897460937500000e+03
4.465187500000000000e+03
3.242263183593750000e+03
4.310825195312500000e+03
3.073254150390625000e+03
2.779524902343750000e+03
5.341294921875000000e+03
4.050719482421875000e+03
5.054499023437500000e+03
4.593641113281250000e+03
1.296397949218750000e+03
5.051561523437500000e+03
1.509353027343750000e+03
4.238678710937500000e+03
6.066056640625000000e+03
4.486718750000000000e+03
1.189182983398437500e+03
3.477598632812500000e+03
5.363258789062500000e+03
5.957436523437500000e+03
1.021881445312500000e+04
5.633333984375000000e+03
1.002319531250000000e+04
5.040683593750000000e+03
8.871223632812500000e+03
1.975184326171875000e+03
2.204835205078125000e+03
2.713841308593750000e+03
6.749618164062500000e+03
1.631026977539062500e+03
4.566986328125000000e+03
4.365276855468750000e+03
6.865216796875000000e+03
6.033864257812500000e+03
5.528336425781250000e+03
4.345891601562500000e+03
6.846323242187500000e+03
4.875282226562500000e+03
4.274178222656250000e+03
4.858851562500000000e+03
3.417445312500000000e+03
4.657042968750000000e+03
3.215040283203125000e+03
7.680238281250000000e+03
3.973895019531250000e+03
4.868526855468750000e+03
6.191335937500000000e+03
5.319948242187500000e+03
2.041521484375000000e+04
4.774602539062500000e+03
5.813602050781250000e+03
1.053200976562500000e+04
4.802856445312500000e+03
3.377493896484375000e+03
9.866105468750000000e+03
3.853426269531250000e+03
8.123750000000000000e+03
4.394948242187500000e+03
5.320212402343750000e+03
4.188909179687500000e+03
4.985743164062500000e+03
8.900419921875000000e+03
5.058771484375000000e+03
3.859147705078125000e+03
5.142081054687500000e+03
3.028738281250000000e+03
3.943619873046875000e+03
1.001733496093750000e+04
5.046773437500000000e+03
4.700598632812500000e+03
3.823469238281250000e+03
4.625435058593750000e+03
4.579917480468750000e+03
3.642794189453125000e+03
6.462752929687500000e+03
4.626264648437500000e+03
6.752395019531250000e+03
6.001982910156250000e+03
3.491585693359375000e+03
6.301345703125000000e+03
3.201147216796875000e+03
5.453818359375000000e+03
6.746489257812500000e+03
5.075879394531250000e+03
1.232602294921875000e+03
4.528100585937500000e+03
7.022078125000000000e+03
7.654003906250000000e+03
1.153056933593750000e+04
6.740829101562500000e+03
8.729127929687500000e+03
6.323591796875000000e+03
1.021474609375000000e+04
2.964446533203125000e+03
3.055390625000000000e+03
4.326451660156250000e+03
7.504546875000000000e+03
3.127560791015625000e+03
9.257908203125000000e+03
3.625025146484375000e+03
5.292352294921875000e+02
3.102731445312500000e+03
2.490096923828125000e+03
2.964411865234375000e+03
3.797234863281250000e+03
3.230666992187500000e+03
1.536779785156250000e+02
2.032068603515625000e+03
3.498440185546875000e+03
3.017130126953125000e+03
1.740493530273437500e+03
2.227460693359375000e+03
2.583978515625000000e+03
1.327147705078125000e+03
2.960388183593750000e+02
1.043306933593750000e+04
8.593536132812500000e+03
5.714385742187500000e+03
3.397920410156250000e+03
2.596990966796875000e+02
4.955275390625000000e+03
3.463825195312500000e+03
2.603115234375000000e+03
2.840877929687500000e+03
4.066876220703125000e+03
4.281938476562500000e+03
2.227172363281250000e+03
3.139625488281250000e+03
1.341918579101562500e+03
1.069004296875000000e+04
1.932856567382812500e+03
3.020463867187500000e+03
6.348322265625000000e+03
8.305619140625000000e+03
3.709329101562500000e+03
4.362802734375000000e+03
3.007158203125000000e+02
3.107820312500000000e+03
7.052783813476562500e+02
2.804004150390625000e+03
2.284367431640625000e+03
1.045718505859375000e+03
1.855261230468750000e+02
6.502905273437500000e+02
7.002152099609375000e+02
2.768699707031250000e+03
1.090111694335937500e+03
2.580789794921875000e+03
6.256220703125000000e+02
1.333839599609375000e+03
2.281563720703125000e+02
3.746423828125000000e+03
2.963785644531250000e+03
9.996390380859375000e+02
6.315692382812500000e+03
3.966165283203125000e+03
1.880941894531250000e+03
5.276823730468750000e+03
1.136419433593750000e+03
3.301006835937500000e+03
1.793411621093750000e+03
1.842906616210937500e+03
3.634294189453125000e+03
2.218310937500000000e+04
2.843119140625000000e+03
8.532209960937500000e+03
1.006763476562500000e+04
8.090072265625000000e+03
6.342417480468750000e+03
8.136194335937500000e+03
6.392152343750000000e+03
6.245550781250000000e+03
9.457958984375000000e+03
5.607812011718750000e+03
6.417152343750000000e+03
6.568547363281250000e+03
1.081437500000000000e+04
6.163560546875000000e+03
6.606793945312500000e+03
9.996079101562500000e+03
9.191875976562500000e+03
2.279178515625000000e+04
1.098054199218750000e+03
6.003675781250000000e+03
1.406664453125000000e+04
8.732072265625000000e+03
7.078863281250000000e+03
1.467590234375000000e+04
5.989143554687500000e+03
1.077782714843750000e+04
6.679954101562500000e+03
5.776674804687500000e+03
6.525887695312500000e+03
7.088211914062500000e+03
1.127655664062500000e+04
1.661974365234375000e+03
6.256983886718750000e+03
7.577184570312500000e+03
1.666699218750000000e+03
6.408316894531250000e+03
1.414239062500000000e+04
8.094360839843750000e+03
9.658666015625000000e+03
6.782226562500000000e+03
9.619431640625000000e+03
6.915661132812500000e+03
6.312542968750000000e+03
9.739008789062500000e+03
9.049957031250000000e+03
1.007690820312500000e+04
9.759932617187500000e+03
6.323832031250000000e+03
9.823343750000000000e+03
5.597600585937500000e+03
8.832750000000000000e+03
1.112309960937500000e+04
9.349076171875000000e+03
4.447394531250000000e+03
7.101145507812500000e+03
9.801541992187500000e+03
9.472501953125000000e+03
1.464705273437500000e+04
1.046930859375000000e+04
1.445968457031250000e+04
1.028286035156250000e+04
1.492195996093750000e+04
5.520813476562500000e+03
5.735765625000000000e+03
6.076302734375000000e+03
1.830592773437500000e+04
5.479922851562500000e+03
4.919483398437500000e+03
2.000484497070312500e+03
1.267088012695312500e+03
2.209660888671875000e+03
3.678385498046875000e+03
3.805504882812500000e+03
3.875110351562500000e+03
1.959130249023437500e+03
3.239144042968750000e+03
1.314349853515625000e+03
4.950671875000000000e+03
1.302462524414062500e+03
2.189352539062500000e+03
4.285846679687500000e+03
3.571736328125000000e+03
1.777424609375000000e+04
8.734806640625000000e+03
5.441930664062500000e+03
7.716421386718750000e+03
3.400472656250000000e+03
6.364736328125000000e+03
1.016980273437500000e+04
2.399835205078125000e+03
5.235634765625000000e+03
1.266002563476562500e+03
2.981407714843750000e+03
2.089904296875000000e+03
1.499132568359375000e+03
4.575616210937500000e+03
1.258721875000000000e+04
1.924778076171875000e+03
3.225218750000000000e+03
1.020922851562500000e+04
8.627032226562500000e+03
8.812806640625000000e+03
2.170662597656250000e+03
4.259153808593750000e+03
1.208135009765625000e+03
4.467666503906250000e+03
2.769022216796875000e+03
8.655124511718750000e+02
4.778171875000000000e+03
3.232578125000000000e+03
4.359888671875000000e+03
3.579905273437500000e+03
3.194667968750000000e+03
4.624949218750000000e+03
2.173630859375000000e+03
3.644296875000000000e+03
5.913262207031250000e+03
3.540232910156250000e+03
4.838421875000000000e+03
1.926175170898437500e+03
4.449025878906250000e+03
5.144611328125000000e+03
7.884379882812500000e+03
5.587005859375000000e+03
1.044361132812500000e+04
4.415707031250000000e+03
8.564886718750000000e+03
2.080591064453125000e+03
1.970531250000000000e+03
1.504755004882812500e+03
1.693904687500000000e+04
3.790901123046875000e+03
4.161072265625000000e+03
3.075985107421875000e+03
4.101147460937500000e+03
3.992406738281250000e+03
3.687109863281250000e+03
6.456251220703125000e+02
2.834812988281250000e+03
3.521242919921875000e+03
4.188407226562500000e+03
1.993572265625000000e+03
3.143816162109375000e+03
3.110801513671875000e+03
1.882297607421875000e+03
5.925864257812500000e+02
9.724520507812500000e+03
8.518226562500000000e+03
5.889437500000000000e+03
3.362934082031250000e+03
8.482252197265625000e+02
5.682431640625000000e+03
3.567364990234375000e+03
3.448269531250000000e+03
2.835335449218750000e+03
4.758048828125000000e+03
4.245684082031250000e+03
3.032353027343750000e+03
4.157017578125000000e+03
1.594046875000000000e+03
1.080087792968750000e+04
2.781615722656250000e+03
3.312024902343750000e+03
8.438866210937500000e+03
7.980770507812500000e+03
2.875889160156250000e+03
5.230660156250000000e+03
8.153411865234375000e+02
4.040078613281250000e+03
1.038116455078125000e+03
3.058929687500000000e+03
3.597064941406250000e+03
1.055903930664062500e+03
8.172991943359375000e+02
9.209554443359375000e+02
1.213757934570312500e+03
3.639453369140625000e+03
7.434726562500000000e+02
3.991382324218750000e+03
6.236196289062500000e+02
1.247742797851562500e+03
7.214521484375000000e+02
4.769911621093750000e+03
3.955750976562500000e+03
8.690405273437500000e+02
5.974731933593750000e+03
4.825474609375000000e+03
1.503842895507812500e+03
6.404778808593750000e+03
1.235088623046875000e+03
3.400763183593750000e+03
2.813365722656250000e+03
2.850289062500000000e+03
4.366120605468750000e+03
2.478026171875000000e+04
3.156638427734375000e+03
8.416765136718750000e+02
2.702131103515625000e+03
3.399267578125000000e+03
3.198719238281250000e+03
3.519389404296875000e+03
1.796283691406250000e+03
2.656942382812500000e+03
1.421192871093750000e+03
5.048322753906250000e+03
9.943144531250000000e+02
2.487017333984375000e+03
4.439944824218750000e+03
3.580648925781250000e+03
1.701176367187500000e+04
8.282799804687500000e+03
5.352147460937500000e+03
7.513876464843750000e+03
3.234040527343750000e+03
4.966446289062500000e+03
1.011384082031250000e+04
1.787026245117187500e+03
5.481255371093750000e+03
1.645311523437500000e+03
2.473900146484375000e+03
1.694235839843750000e+03
1.668296508789062500e+03
5.338302734375000000e+03
9.633162109375000000e+03
1.104185668945312500e+03
3.688525634765625000e+03
7.773192871093750000e+03
8.187680664062500000e+03
8.767363281250000000e+03
3.468951660156250000e+03
3.581747070312500000e+03
1.734732299804687500e+03
3.779358886718750000e+03
2.433721679687500000e+03
1.043161621093750000e+03
4.348226562500000000e+03
3.282728515625000000e+03
3.988820800781250000e+03
3.659353027343750000e+03
2.331358642578125000e+03
4.401535156250000000e+03
2.082719482421875000e+03
3.417694335937500000e+03
5.672477050781250000e+03
3.773465576171875000e+03
4.793497070312500000e+03
1.894504394531250000e+03
4.631622070312500000e+03
4.321891601562500000e+03
7.802361816406250000e+03
5.159416503906250000e+03
9.573599609375000000e+03
4.265082031250000000e+03
8.578328125000000000e+03
1.571806274414062500e+03
1.687902465820312500e+03
1.990528320312500000e+03
1.880701953125000000e+04
2.957999755859375000e+03
1.514845825195312500e+03
2.034884521484375000e+03
2.226532714843750000e+03
2.745139404296875000e+03
7.891329345703125000e+02
1.760775634765625000e+03
1.290624755859375000e+03
3.772147949218750000e+03
5.253323974609375000e+02
1.237434448242187500e+03
3.265374023437500000e+03
2.655115234375000000e+03
1.580554101562500000e+04
5.749350585937500000e+03
3.635606689453125000e+03
6.464425781250000000e+03
2.522084716796875000e+03
4.061368408203125000e+03
7.195970214843750000e+03
1.231823242187500000e+03
4.090080322265625000e+03
1.261190185546875000e+03
1.553463623046875000e+03
9.951918945312500000e+02
1.093033691406250000e+03
4.322517089843750000e+03
7.908883300781250000e+03
5.664250488281250000e+02
2.015596069335937500e+03
6.114906250000000000e+03
6.023123046875000000e+03
6.806443359375000000e+03
2.415143554687500000e+03
3.120522460937500000e+03
1.264063354492187500e+03
2.768241943359375000e+03
1.367692626953125000e+03
9.123265380859375000e+02
3.405954101562500000e+03
2.577291992187500000e+03
3.401893554687500000e+03
2.883827880859375000e+03
1.690401367187500000e+03
3.267493164062500000e+03
1.562937500000000000e+03
2.276622558593750000e+03
4.260614257812500000e+03
2.768314697265625000e+03
3.451184814453125000e+03
9.948511962890625000e+02
3.160837646484375000e+03
3.362268066406250000e+03
7.732125000000000000e+03
3.678206542968750000e+03
6.876610351562500000e+03
3.313154541015625000e+03
6.393770507812500000e+03
9.811801757812500000e+02
8.879715576171875000e+02
9.416207275390625000e+02
1.748087890625000000e+04
2.055059082031250000e+03
2.026738647460937500e+03
5.312311523437500000e+03
3.203890136718750000e+03
6.187092285156250000e+02
4.083904296875000000e+03
3.767540527343750000e+03
4.265242187500000000e+03
9.540638427734375000e+02
4.469157714843750000e+02
3.933953613281250000e+03
2.813535400390625000e+03
1.776681445312500000e+04
8.776611328125000000e+03
7.384645507812500000e+03
6.757149414062500000e+03
2.779972656250000000e+03
4.185829589843750000e+03
9.829630859375000000e+03
3.233908203125000000e+03
4.513528320312500000e+03
3.307052734375000000e+03
3.210510742187500000e+03
4.357546386718750000e+02
1.968881103515625000e+03
4.200833984375000000e+03
1.251782226562500000e+04
1.161466186523437500e+03
2.095139648437500000e+03
1.112498437500000000e+04
9.211237304687500000e+03
8.933308593750000000e+03
5.378638671875000000e+03
3.857681152343750000e+03
3.382094970703125000e+03
3.745719726562500000e+03
1.407612304687500000e+03
2.179226562500000000e+03
4.189220214843750000e+03
2.566515380859375000e+03
3.612447265625000000e+03
2.731170898437500000e+03
2.119941406250000000e+03
3.914082275390625000e+03
1.273457031250000000e+03
2.462517822265625000e+03
5.524832031250000000e+03
2.987246093750000000e+03
3.874375976562500000e+03
2.100275146484375000e+03
3.732145996093750000e+03
4.556708984375000000e+03
7.763399414062500000e+03
4.634041015625000000e+03
1.034541210937500000e+04
3.623073486328125000e+03
6.803221679687500000e+03
7.465599365234375000e+02
5.205571289062500000e+02
2.248555175781250000e+03
1.525853808593750000e+04
2.393680419921875000e+03
4.229253906250000000e+03
4.050124267578125000e+03
1.483325073242187500e+03
3.574647949218750000e+03
3.932174316406250000e+03
4.424355957031250000e+03
2.136103515625000000e+03
1.519988037109375000e+03
4.428910644531250000e+03
3.675604980468750000e+03
1.604151464843750000e+04
5.398417968750000000e+03
5.710174316406250000e+03
7.172951171875000000e+03
3.839619628906250000e+03
3.376704589843750000e+03
8.112883789062500000e+03
3.448388427734375000e+03
3.754772949218750000e+03
3.479486083984375000e+03
2.924234375000000000e+03
1.711371582031250000e+03
2.582211914062500000e+03
5.048668945312500000e+03
8.447745117187500000e+03
1.905474365234375000e+03
2.072655517578125000e+03
7.611894531250000000e+03
5.463094726562500000e+03
6.918434570312500000e+03
4.211060546875000000e+03
4.522750488281250000e+03
2.942479492187500000e+03
3.892065917968750000e+03
1.471232910156250000e+03
3.149768066406250000e+03
4.423301269531250000e+03
3.743239501953125000e+03
4.182397949218750000e+03
3.663726806640625000e+03
2.322302734375000000e+03
3.547655761718750000e+03
2.225495117187500000e+03
3.200126464843750000e+03
5.323528808593750000e+03
3.940576171875000000e+03
2.937202880859375000e+03
2.848799560546875000e+03
3.921275146484375000e+03
3.163905761718750000e+03
8.130140136718750000e+03
4.010427734375000000e+03
7.218420410156250000e+03
3.984947998046875000e+03
5.699619628906250000e+03
1.890455810546875000e+03
1.752858642578125000e+03
2.569424804687500000e+03
1.095772949218750000e+04
1.214115966796875000e+03
3.630114501953125000e+03
2.487808593750000000e+03
6.414599609375000000e+02
1.955622314453125000e+03
5.106558593750000000e+03
2.304756591796875000e+03
3.376456298828125000e+03
4.226486816406250000e+03
3.654260253906250000e+03
1.702106640625000000e+04
4.730580078125000000e+03
7.501982421875000000e+02
8.103021484375000000e+03
3.544837402343750000e+03
7.352458007812500000e+03
7.494547851562500000e+03
7.112702636718750000e+02
5.656117187500000000e+03
2.115017578125000000e+03
1.330488037109375000e+03
3.053014404296875000e+03
3.580617187500000000e+03
5.847668945312500000e+03
5.707471679687500000e+03
2.619461669921875000e+03
3.552661865234375000e+03
3.183671386718750000e+03
5.777102539062500000e+03
6.621085449218750000e+03
2.900700195312500000e+03
3.225293457031250000e+03
2.031041137695312500e+03
3.083753906250000000e+03
2.874082031250000000e+03
2.266136474609375000e+03
4.108324218750000000e+03
3.278825195312500000e+03
4.595114257812500000e+03
4.089339843750000000e+03
3.891485839843750000e+03
3.834167236328125000e+03
3.934916992187500000e+03
3.114616455078125000e+03
4.550218261718750000e+03
3.606145996093750000e+03
4.668241699218750000e+03
2.855676513671875000e+03
4.333543945312500000e+03
5.023704589843750000e+03
9.394134765625000000e+03
4.280261230468750000e+03
4.845108886718750000e+03
4.127705566406250000e+03
8.550201171875000000e+03
2.583277099609375000e+03
2.500603027343750000e+03
3.047887939453125000e+03
2.635139843750000000e+04
3.745009033203125000e+03
2.292003417968750000e+03
3.703531250000000000e+03
3.317151855468750000e+03
1.918901000976562500e+03
2.350466308593750000e+03
2.775488281250000000e+03
1.540564697265625000e+03
3.025003662109375000e+02
9.641494140625000000e+03
8.584626953125000000e+03
6.082510253906250000e+03
3.273095703125000000e+03
2.747445068359375000e+02
5.523503906250000000e+03
3.379776123046875000e+03
2.813241699218750000e+03
3.166864501953125000e+03
4.320166015625000000e+03
4.383175781250000000e+03
2.353197265625000000e+03
3.454680175781250000e+03
1.037176513671875000e+03
1.072158593750000000e+04
2.216234863281250000e+03
3.457756591796875000e+03
7.044393554687500000e+03
8.564128906250000000e+03
4.099433593750000000e+03
4.652015625000000000e+03
3.595805664062500000e+02
3.369588378906250000e+03
7.847212524414062500e+02
3.199265380859375000e+03
2.411976562500000000e+03
9.990740966796875000e+02
2.403823242187500000e+02
6.985971679687500000e+02
8.011573486328125000e+02
3.067249023437500000e+03
1.274829711914062500e+03
2.740618652343750000e+03
7.795148925781250000e+02
1.173414306640625000e+03
1.404573974609375000e+02
3.958066162109375000e+03
3.281625000000000000e+03
9.893289794921875000e+02
6.532419433593750000e+03
3.525833984375000000e+03
1.967593994140625000e+03
6.172283691406250000e+03
1.225041015625000000e+03
3.185470947265625000e+03
1.912668212890625000e+03
2.040320556640625000e+03
3.951764160156250000e+03
2.319393945312500000e+04
3.215862304687500000e+03
1.892213989257812500e+03
2.106901367187500000e+03
3.374777587890625000e+03
7.724016113281250000e+02
5.400288085937500000e+02
2.659879638671875000e+03
2.130212890625000000e+03
1.488183007812500000e+04
5.007280761718750000e+03
4.338287597656250000e+03
6.016953125000000000e+03
2.038604003906250000e+03
3.166209472656250000e+03
6.357098632812500000e+03
1.675625488281250000e+03
3.198731201171875000e+03
1.991321777343750000e+03
2.124252441406250000e+03
4.448753662109375000e+02
1.538951416015625000e+03
3.424763183593750000e+03
6.961479492187500000e+03
6.447836914062500000e+02
1.538029663085937500e+03
5.046925781250000000e+03
5.457173828125000000e+03
6.266987304687500000e+03
3.181574707031250000e+03
2.655349853515625000e+03
1.931204589843750000e+03
2.303395019531250000e+03
8.553061523437500000e+02
1.559007080078125000e+03
2.992512695312500000e+03
2.056176757812500000e+03
3.049956542968750000e+03
2.416839843750000000e+03
1.517739501953125000e+03
2.808044433593750000e+03
1.059686523437500000e+03
1.899917236328125000e+03
3.600034423828125000e+03
2.106563476562500000e+03
2.386437988281250000e+03
1.355666381835937500e+03
2.773407714843750000e+03
3.623399414062500000e+03
6.364768554687500000e+03
3.333957031250000000e+03
4.770007812500000000e+03
2.851388671875000000e+03
5.007326171875000000e+03
3.719165039062500000e+02
3.060275878906250000e+02
1.434899047851562500e+03
1.438400976562500000e+04
1.399823852539062500e+03
2.158794677734375000e+03
4.854362304687500000e+03
1.951440185546875000e+03
2.779769287109375000e+03
4.136974609375000000e+03
3.612167724609375000e+03
1.655538671875000000e+04
4.651629394531250000e+03
1.466715576171875000e+03
7.754178222656250000e+03
3.589545898437500000e+03
6.825067382812500000e+03
7.410147460937500000e+03
6.826762695312500000e+02
4.820305664062500000e+03
1.661987060546875000e+03
7.766640625000000000e+02
2.469016845703125000e+03
3.107891845703125000e+03
5.407359375000000000e+03
5.792084960937500000e+03
2.322263183593750000e+03
3.325562988281250000e+03
4.491172363281250000e+03
5.122694335937500000e+03
6.536428710937500000e+03
3.203940429687500000e+03
3.624030273437500000e+03
2.198277343750000000e+03
3.415097412109375000e+03
2.489948242187500000e+03
2.334116455078125000e+03
3.729852783203125000e+03
3.493818847656250000e+03
4.551505371093750000e+03
4.115233886718750000e+03
3.668463378906250000e+03
3.507339111328125000e+03
3.682105957031250000e+03
3.071520263671875000e+03
4.616920898437500000e+03
3.642735595703125000e+03
4.722267089843750000e+03
2.583323486328125000e+03
3.962155029296875000e+03
3.981648437500000000e+03
8.653322265625000000e+03
3.784305175781250000e+03
5.187090332031250000e+03
4.198913085937500000e+03
7.589774414062500000e+03
2.299531738281250000e+03
2.297852294921875000e+03
2.699822753906250000e+03
2.400872265625000000e+04
3.440251953125000000e+03
5.053365234375000000e+03
1.610143554687500000e+03
3.040563964843750000e+03
4.076441894531250000e+03
3.532661621093750000e+03
1.748906835937500000e+04
6.074042968750000000e+03
3.238147460937500000e+03
7.811977050781250000e+03
3.300850830078125000e+03
5.830957031250000000e+03
7.840023437500000000e+03
1.286264160156250000e+03
5.570126953125000000e+03
7.735638427734375000e+02
2.710947265625000000e+03
2.466594482421875000e+03
1.628431274414062500e+03
5.795734375000000000e+03
7.358588867187500000e+03
1.579611450195312500e+03
3.832433837890625000e+03
4.703499511718750000e+03
5.775839355468750000e+03
8.400837890625000000e+03
1.459775146484375000e+03
3.562241210937500000e+03
7.709266357421875000e+02
3.436049316406250000e+03
2.902734375000000000e+03
5.716246948242187500e+02
4.490835937500000000e+03
3.017844238281250000e+03
4.581940917968750000e+03
3.822241699218750000e+03
2.225398437500000000e+03
4.517340332031250000e+03
2.162470703125000000e+03
3.430670898437500000e+03
4.992610839843750000e+03
3.430106933593750000e+03
3.364327148437500000e+03
2.001590454101562500e+03
4.708097656250000000e+03
5.383577148437500000e+03
8.744007812500000000e+03
5.261666015625000000e+03
7.442191406250000000e+03
4.399877929687500000e+03
8.200851562500000000e+03
1.811835083007812500e+03
1.969541015625000000e+03
1.715540527343750000e+03
1.838398632812500000e+04
3.141826660156250000e+03
3.362686523437500000e+03
3.584461425781250000e+03
1.797148681640625000e+03
1.549587036132812500e+03
1.100681835937500000e+04
1.017232324218750000e+04
7.577339843750000000e+03
3.364828613281250000e+03
1.646359497070312500e+03
6.791243164062500000e+03
3.987439941406250000e+03
4.289718261718750000e+03
3.921046630859375000e+03
5.735562011718750000e+03
5.040524902343750000e+03
3.449581054687500000e+03
4.390636718750000000e+03
2.476222167968750000e+03
1.370564648437500000e+04
3.500152587890625000e+03
3.714643066406250000e+03
1.125198828125000000e+04
9.733452148437500000e+03
3.169209472656250000e+03
6.289709960937500000e+03
1.982062622070312500e+03
4.844462890625000000e+03
1.597285522460937500e+03
3.789697509765625000e+03
3.995580322265625000e+03
2.264536621093750000e+03
1.725000976562500000e+03
2.079306396484375000e+03
2.145298095703125000e+03
4.171800781250000000e+03
1.829958984375000000e+03
4.132234375000000000e+03
1.717678466796875000e+03
2.270714843750000000e+03
1.835497314453125000e+03
5.167961425781250000e+03
4.464211914062500000e+03
1.660307495117187500e+03
6.809590820312500000e+03
4.485103027343750000e+03
1.702827636718750000e+03
8.342239257812500000e+03
1.720512573242187500e+03
3.817526855468750000e+03
3.372527587890625000e+03
3.497917480468750000e+03
4.870956054687500000e+03
2.263906250000000000e+04
3.914526855468750000e+03
8.005560302734375000e+02
3.235429443359375000e+03
2.218939208984375000e+03
1.556061523437500000e+04
5.269805175781250000e+03
4.051454101562500000e+03
6.104692382812500000e+03
2.204776367187500000e+03
4.193544433593750000e+03
6.865356445312500000e+03
1.232725341796875000e+03
3.965127441406250000e+03
1.439340332031250000e+03
1.573079467773437500e+03
4.917031250000000000e+02
1.176245361328125000e+03
3.610487304687500000e+03
7.595318847656250000e+03
7.033574218750000000e+02
2.330161132812500000e+03
5.674687011718750000e+03
6.338170410156250000e+03
7.897812500000000000e+03
2.688589599609375000e+03
2.721551757812500000e+03
1.364865234375000000e+03
2.318501708984375000e+03
1.702765869140625000e+03
7.681161499023437500e+02
3.117284667968750000e+03
2.131963378906250000e+03
2.748417968750000000e+03
2.205108642578125000e+03
1.701952758789062500e+03
3.318136718750000000e+03
1.167847167968750000e+03
2.079589843750000000e+03
3.962667480468750000e+03
2.344668457031250000e+03
2.951729248046875000e+03
1.091177734375000000e+03
3.146152587890625000e+03
3.672865722656250000e+03
6.288629394531250000e+03
3.334197265625000000e+03
6.041583007812500000e+03
2.577033447265625000e+03
5.450035156250000000e+03
8.503525390625000000e+02
6.676700439453125000e+02
1.346396484375000000e+03
1.653653515625000000e+04
1.888735351562500000e+03
3.330622070312500000e+03
2.306293945312500000e+03
1.522418652343750000e+04
5.766165527343750000e+03
5.305777832031250000e+03
6.238154296875000000e+03
2.593629150390625000e+03
4.019229248046875000e+03
7.106860351562500000e+03
2.505038085937500000e+03
4.006149169921875000e+03
2.550567138671875000e+03
2.333549316406250000e+03
3.129987792968750000e+02
1.712770019531250000e+03
3.553232177734375000e+03
8.904675781250000000e+03
9.805783691406250000e+02
1.353066650390625000e+03
7.230181640625000000e+03
6.658024414062500000e+03
6.851092773437500000e+03
3.954567626953125000e+03
3.372865966796875000e+03
2.285406250000000000e+03
2.946666992187500000e+03
7.337324218750000000e+02
1.893763061523437500e+03
3.657575927734375000e+03
2.370459472656250000e+03
3.175823242187500000e+03
2.485451904296875000e+03
2.053244873046875000e+03
3.077642089843750000e+03
1.458054443359375000e+03
1.936746826171875000e+03
4.349896484375000000e+03
2.619940917968750000e+03
2.863129150390625000e+03
1.836042480468750000e+03
3.092331054687500000e+03
3.548344482421875000e+03
6.590508789062500000e+03
3.587783935546875000e+03
5.827659667968750000e+03
2.869822265625000000e+03
5.043888671875000000e+03
7.907060546875000000e+02
5.112752685546875000e+02
1.890881713867187500e+03
1.539195312500000000e+04
1.642797485351562500e+03
1.471980712890625000e+03
1.125441503906250000e+04
9.083643554687500000e+03
6.591155273437500000e+03
5.667225097656250000e+03
1.314364501953125000e+03
6.325003417968750000e+03
4.303646484375000000e+03
3.445243652343750000e+03
3.641936035156250000e+03
5.192048828125000000e+03
5.149735351562500000e+03
3.050888671875000000e+03
3.812285156250000000e+03
2.712540527343750000e+03
1.176110644531250000e+04
2.660244628906250000e+03
3.822089599609375000e+03
8.469398437500000000e+03
9.213591796875000000e+03
3.597513671875000000e+03
5.254550781250000000e+03
1.326479003906250000e+03
3.890001464843750000e+03
1.648116088867187500e+03
3.134798339843750000e+03
3.339139160156250000e+03
1.903008422851562500e+03
1.312276367187500000e+03
2.031380859375000000e+03
2.072155273437500000e+03
3.678890869140625000e+03
2.139028320312500000e+03
3.625205078125000000e+03
1.654090698242187500e+03
2.704300781250000000e+03
1.610280517578125000e+03
4.409304687500000000e+03
4.300520507812500000e+03
1.869742431640625000e+03
6.914082031250000000e+03
4.736457031250000000e+03
2.412691406250000000e+03
6.739526367187500000e+03
2.054247558593750000e+03
4.214048339843750000e+03
2.570664550781250000e+03
2.767797363281250000e+03
4.822658203125000000e+03
2.388935937500000000e+04
3.343196777343750000e+03
9.646007812500000000e+03
8.166493652343750000e+03
5.928990722656250000e+03
3.447641601562500000e+03
3.822293701171875000e+02
5.370515625000000000e+03
3.104128417968750000e+03
2.918654296875000000e+03
2.661350585937500000e+03
4.207077636718750000e+03
4.082788330078125000e+03
2.206760253906250000e+03
3.356388671875000000e+03
9.135336914062500000e+02
1.061361132812500000e+04
2.295324951171875000e+03
3.025290771484375000e+03
7.446406250000000000e+03
8.170286132812500000e+03
3.388041503906250000e+03
4.554114746093750000e+03
5.625920410156250000e+02
3.266153808593750000e+03
8.470118408203125000e+02
2.910430419921875000e+03
2.581358642578125000e+03
1.038964599609375000e+03
2.919663085937500000e+02
7.241596679687500000e+02
6.493448486328125000e+02
3.259009765625000000e+03
8.974367675781250000e+02
2.877629394531250000e+03
4.406694335937500000e+02
1.280670776367187500e+03
2.435266113281250000e+02
3.939105468750000000e+03
3.186198486328125000e+03
6.944238281250000000e+02
6.139843261718750000e+03
3.521651367187500000e+03
1.484813354492187500e+03
5.684074218750000000e+03
1.038886230468750000e+03
2.758509277343750000e+03
2.022849609375000000e+03
2.047306396484375000e+03
3.718283203125000000e+03
2.190483007812500000e+04
2.977471679687500000e+03
2.261839062500000000e+04
1.994009375000000000e+04
1.220482226562500000e+04
1.007830273437500000e+04
2.024913476562500000e+04
1.124326171875000000e+04
1.635304882812500000e+04
1.375634570312500000e+04
1.787958984375000000e+04
1.687170507812500000e+04
1.541609277343750000e+04
1.734873828125000000e+04
8.751646484375000000e+03
2.536060351562500000e+04
1.552749707031250000e+04
1.534131640625000000e+04
2.314018945312500000e+04
2.135270898437500000e+04
1.004899121093750000e+04
1.861230273437500000e+04
1.062098144531250000e+04
1.671366406250000000e+04
8.909750976562500000e+03
1.508996484375000000e+04
1.627127343750000000e+04
9.939868164062500000e+03
1.056206933593750000e+04
1.085499414062500000e+04
1.139985742187500000e+04
1.722942968750000000e+04
9.533257812500000000e+03
1.711741210937500000e+04
1.045195703125000000e+04
7.641829589843750000e+03
9.609244140625000000e+03
1.753356250000000000e+04
1.845355468750000000e+04
9.125508789062500000e+03
1.849703515625000000e+04
6.668948730468750000e+03
8.807263671875000000e+03
1.949082421875000000e+04
9.135456054687500000e+03
1.108207910156250000e+04
1.542148437500000000e+04
1.527209863281250000e+04
1.798952734375000000e+04
6.095100781250000000e+04
1.566921386718750000e+04
4.599919921875000000e+03
1.307859863281250000e+04
8.071168945312500000e+03
8.038280273437500000e+03
1.256572265625000000e+04
5.110454101562500000e+03
9.400300781250000000e+03
5.621025390625000000e+03
4.154745117187500000e+03
5.746171875000000000e+03
7.452026367187500000e+03
1.142806738281250000e+04
1.284410888671875000e+03
6.080917968750000000e+03
6.036137207031250000e+03
2.138808105468750000e+03
4.675988769531250000e+03
1.136731250000000000e+04
6.658264160156250000e+03
8.998431640625000000e+03
5.455676269531250000e+03
8.503628906250000000e+03
5.686377929687500000e+03
6.074578125000000000e+03
8.681084960937500000e+03
8.255397460937500000e+03
9.680704101562500000e+03
8.821464843750000000e+03
7.092170410156250000e+03
8.207532226562500000e+03
6.332355468750000000e+03
7.891821289062500000e+03
9.595447265625000000e+03
8.503980468750000000e+03
4.902639160156250000e+03
6.803542480468750000e+03
8.657704101562500000e+03
7.276007812500000000e+03
1.446798632812500000e+04
8.041738281250000000e+03
1.050652929687500000e+04
8.748423828125000000e+03
1.207677343750000000e+04
5.408505859375000000e+03
5.463106445312500000e+03
6.107296875000000000e+03
2.066910937500000000e+04
5.040136230468750000e+03
1.021954296875000000e+04
5.714351074218750000e+03
8.658467773437500000e+03
1.027597460937500000e+04
1.875852050781250000e+03
8.112135742187500000e+03
3.340612304687500000e+03
2.143055175781250000e+03
4.906891601562500000e+03
5.254633300781250000e+03
8.798775390625000000e+03
5.420251464843750000e+03
4.285693847656250000e+03
5.365131835937500000e+03
4.339000000000000000e+03
6.344333496093750000e+03
9.104361328125000000e+03
3.657982421875000000e+03
5.983309570312500000e+03
3.155558349609375000e+03
6.097237304687500000e+03
4.659677246093750000e+03
3.779871093750000000e+03
6.340076171875000000e+03
5.779393066406250000e+03
6.793894042968750000e+03
6.415313476562500000e+03
5.819804199218750000e+03
5.790602050781250000e+03
5.643274414062500000e+03
5.548054687500000000e+03
7.022849609375000000e+03
6.126417968750000000e+03
6.129123535156250000e+03
4.537420898437500000e+03
6.454957031250000000e+03
6.404819335937500000e+03
1.281093261718750000e+04
6.437793945312500000e+03
1.062608593750000000e+04
6.596748046875000000e+03
1.197207812500000000e+04
4.439670898437500000e+03
4.483939453125000000e+03
4.501812988281250000e+03
2.846644531250000000e+04
5.318323730468750000e+03
3.598565429687500000e+03
9.199025390625000000e+03
8.130520996093750000e+03
7.223004882812500000e+03
6.004871582031250000e+03
8.272226562500000000e+03
7.767024902343750000e+03
6.092306640625000000e+03
7.934013183593750000e+03
3.575067626953125000e+03
1.560032421875000000e+04
6.323337890625000000e+03
6.373159179687500000e+03
1.336968066406250000e+04
1.196460351562500000e+04
7.090218750000000000e+03
9.127431640625000000e+03
3.804596923828125000e+03
7.557086425781250000e+03
3.268175537109375000e+03
6.513062988281250000e+03
6.925578613281250000e+03
2.994511230468750000e+03
3.242960449218750000e+03
3.302045166015625000e+03
3.222457031250000000e+03
7.540527343750000000e+03
3.706144287109375000e+03
7.411091796875000000e+03
3.705730468750000000e+03
2.874376220703125000e+03
3.253237304687500000e+03
8.654917968750000000e+03
6.815198242187500000e+03
3.450622314453125000e+03
9.112240234375000000e+03
5.272618164062500000e+03
4.724688476562500000e+03
1.049948828125000000e+04
2.889064941406250000e+03
7.209255371093750000e+03
6.196953125000000000e+03
6.017880859375000000e+03
7.543695800781250000e+03
2.836580273437500000e+04
6.869361816406250000e+03
4.933777832031250000e+03
3.736291992187500000e+03
2.709564941406250000e+03
2.833432861328125000e+03
4.122348632812500000e+03
4.101215820312500000e+03
2.249792968750000000e+03
3.317151367187500000e+03
1.263108886718750000e+03
1.021581152343750000e+04
2.157404296875000000e+03
3.199285156250000000e+03
7.227134765625000000e+03
8.370541015625000000e+03
3.839629394531250000e+03
4.572952148437500000e+03
3.696121826171875000e+02
3.408937988281250000e+03
6.442048950195312500e+02
3.076424316406250000e+03
2.276931152343750000e+03
7.763172607421875000e+02
2.387548828125000000e+02
7.462117919921875000e+02
9.522482299804687500e+02
2.953398925781250000e+03
1.169158081054687500e+03
2.564746582031250000e+03
8.051778564453125000e+02
1.334027099609375000e+03
3.133890380859375000e+02
3.759114501953125000e+03
3.112616455078125000e+03
8.530427246093750000e+02
6.239262695312500000e+03
3.596367919921875000e+03
1.715555786132812500e+03
6.336043945312500000e+03
1.283867065429687500e+03
3.591226562500000000e+03
1.730547973632812500e+03
1.932300781250000000e+03
3.663800537109375000e+03
2.249378906250000000e+04
3.099647460937500000e+03
1.211702343750000000e+04
5.886486328125000000e+03
7.284624023437500000e+03
6.424849609375000000e+03
5.936639160156250000e+03
3.924662597656250000e+03
4.138786132812500000e+03
7.709008300781250000e+03
1.001765234375000000e+04
3.572082763671875000e+03
4.359751464843750000e+03
8.525266601562500000e+03
6.692378906250000000e+03
1.036859082031250000e+04
8.393488281250000000e+03
5.368934570312500000e+03
6.439901367187500000e+03
5.724540527343750000e+03
3.999561767578125000e+03
4.699756347656250000e+03
6.249724609375000000e+03
5.061671875000000000e+03
5.862548828125000000e+03
5.538690429687500000e+03
1.909499145507812500e+03
5.987928710937500000e+03
2.147889160156250000e+03
5.065843750000000000e+03
7.840931640625000000e+03
5.629144042968750000e+03
1.796891357421875000e+03
4.987001464843750000e+03
6.240803710937500000e+03
7.000200195312500000e+03
1.170138574218750000e+04
6.988279785156250000e+03
1.271313281250000000e+04
6.307117187500000000e+03
1.073642968750000000e+04
2.750509765625000000e+03
3.000137207031250000e+03
3.777424804687500000e+03
8.074460449218750000e+03
1.839272460937500000e+03
7.033865722656250000e+03
5.864884765625000000e+03
8.952834960937500000e+03
8.404282226562500000e+03
6.776000000000000000e+03
9.134830078125000000e+03
4.438072265625000000e+03
1.500565332031250000e+04
6.880145019531250000e+03
6.419028320312500000e+03
1.192620703125000000e+04
1.151958984375000000e+04
4.283441406250000000e+03
8.809559570312500000e+03
3.360808837890625000e+03
7.105645019531250000e+03
3.492019775390625000e+03
6.913995117187500000e+03
7.485052734375000000e+03
4.591590820312500000e+03
3.669978271484375000e+03
4.459469726562500000e+03
3.867567871093750000e+03
8.650898437500000000e+03
4.018789550781250000e+03
8.459217773437500000e+03
3.182673828125000000e+03
4.074936523437500000e+03
3.247562988281250000e+03
8.596935546875000000e+03
7.226945312500000000e+03
3.882334960937500000e+03
1.001531347656250000e+04
6.011121093750000000e+03
2.929255615234375000e+03
9.843890625000000000e+03
3.537241210937500000e+03
4.375590820312500000e+03
6.426789062500000000e+03
6.442183593750000000e+03
8.209174804687500000e+03
3.674563671875000000e+04
7.233314941406250000e+03
5.290188476562500000e+03
1.577186279296875000e+03
1.087497314453125000e+03
1.946018066406250000e+03
2.167589355468750000e+03
4.842285644531250000e+03
6.463818359375000000e+03
1.509319702148437500e+03
3.150504638671875000e+03
3.848396728515625000e+03
6.220803710937500000e+03
7.427355957031250000e+03
2.642048095703125000e+03
2.823915527343750000e+03
1.582891845703125000e+03
2.734947265625000000e+03
2.446975585937500000e+03
1.164966308593750000e+03
3.421853271484375000e+03
2.658445800781250000e+03
3.752458984375000000e+03
3.300829833984375000e+03
2.555711914062500000e+03
3.759540039062500000e+03
2.421789306640625000e+03
2.863966796875000000e+03
4.206537597656250000e+03
2.886027343750000000e+03
3.785323730468750000e+03
1.834646728515625000e+03
3.711646484375000000e+03
4.834661132812500000e+03
7.791856445312500000e+03
3.994264160156250000e+03
5.693996093750000000e+03
3.648403320312500000e+03
7.737130859375000000e+03
1.607769775390625000e+03
1.628213867187500000e+03
2.100385742187500000e+03
2.241855859375000000e+04
3.015970458984375000e+03
5.367302734375000000e+03
5.159155761718750000e+03
4.043297363281250000e+03
5.209250976562500000e+03
3.682416015625000000e+03
1.149497265625000000e+04
4.033499755859375000e+03
4.137530761718750000e+03
1.020369921875000000e+04
8.141345214843750000e+03
5.193547363281250000e+03
6.360349609375000000e+03
3.038331054687500000e+03
4.931886718750000000e+03
2.769687744140625000e+03
3.640543701171875000e+03
5.039145019531250000e+03
2.890311035156250000e+03
2.805861572265625000e+03
2.965888671875000000e+03
2.687647216796875000e+03
5.434546875000000000e+03
2.713792236328125000e+03
5.221474609375000000e+03
2.221828857421875000e+03
3.972030273437500000e+03
2.827964355468750000e+03
6.180025390625000000e+03
4.759195312500000000e+03
2.646947753906250000e+03
5.511933105468750000e+03
6.875766601562500000e+03
3.068506591796875000e+03
7.021833984375000000e+03
3.198299804687500000e+03
3.348413574218750000e+03
4.246130859375000000e+03
4.083109863281250000e+03
4.927153320312500000e+03
2.224225000000000000e+04
3.887270751953125000e+03
1.952699218750000000e+03
2.220734130859375000e+03
2.151195312500000000e+03
6.077578613281250000e+03
7.364467773437500000e+03
1.917824462890625000e+03
3.864881103515625000e+03
6.134294433593750000e+03
5.506131347656250000e+03
9.292187500000000000e+03
1.498466308593750000e+03
4.714186523437500000e+03
8.726729736328125000e+02
4.383535156250000000e+03
2.927515625000000000e+03
1.140683593750000000e+03
4.945591796875000000e+03
4.054864746093750000e+03
5.195558105468750000e+03
4.394717285156250000e+03
3.199310058593750000e+03
4.889568359375000000e+03
2.687500488281250000e+03
3.802352783203125000e+03
5.805292968750000000e+03
4.173896484375000000e+03
4.275933593750000000e+03
2.218906250000000000e+03
4.946390136718750000e+03
4.173737304687500000e+03
9.281197265625000000e+03
5.250739257812500000e+03
7.309146484375000000e+03
4.770420898437500000e+03
8.243628906250000000e+03
2.167972656250000000e+03
2.178307617187500000e+03
1.778429077148437500e+03
1.987754296875000000e+04
3.571293212890625000e+03
2.255137207031250000e+03
2.664017822265625000e+03
5.664868164062500000e+03
5.896247558593750000e+03
2.340080322265625000e+03
2.913999023437500000e+03
5.574776855468750000e+03
5.028495605468750000e+03
7.543920898437500000e+03
3.490967529296875000e+03
4.601314941406250000e+03
2.230894042968750000e+03
4.308259277343750000e+03
2.587495117187500000e+03
2.399340332031250000e+03
4.436005859375000000e+03
4.143844726562500000e+03
4.554703613281250000e+03
4.217941406250000000e+03
3.394715087890625000e+03
4.057086914062500000e+03
3.265296386718750000e+03
3.609142822265625000e+03
5.355221679687500000e+03
4.253149414062500000e+03
4.458713378906250000e+03
2.659250244140625000e+03
4.394316894531250000e+03
3.665934570312500000e+03
8.855902343750000000e+03
4.163867187500000000e+03
6.879020507812500000e+03
4.247152343750000000e+03
7.820979003906250000e+03
2.598518310546875000e+03
2.482982421875000000e+03
2.491822509765625000e+03
1.894034179687500000e+04
3.185560546875000000e+03
1.431237792968750000e+03
3.541118652343750000e+03
8.244840820312500000e+03
5.876072998046875000e+02
1.874972900390625000e+03
6.259000000000000000e+03
6.660167480468750000e+03
7.377820312500000000e+03
3.474046875000000000e+03
2.893570800781250000e+03
1.908096191406250000e+03
2.469617431640625000e+03
9.826108398437500000e+02
1.514314453125000000e+03
3.378389404296875000e+03
2.133312744140625000e+03
2.807270263671875000e+03
2.139681884765625000e+03
1.530264526367187500e+03
3.191962646484375000e+03
1.071758666992187500e+03
1.999593139648437500e+03
4.119197265625000000e+03
2.357216064453125000e+03
2.774311035156250000e+03
1.575984130859375000e+03
3.204179443359375000e+03
3.794602539062500000e+03
6.326284179687500000e+03
3.541745605468750000e+03
6.259154785156250000e+03
2.573837402343750000e+03
5.031946289062500000e+03
4.968759765625000000e+02
3.168132324218750000e+02
1.829968750000000000e+03
1.581304687500000000e+04
1.649159667968750000e+03
5.123091796875000000e+03
1.065625195312500000e+04
8.701247558593750000e+02
3.051777587890625000e+03
8.498272460937500000e+03
7.161094238281250000e+03
8.542244140625000000e+03
3.185522949218750000e+03
3.883608886718750000e+03
1.735532470703125000e+03
3.777400878906250000e+03
1.962539794921875000e+03
1.112346923828125000e+03
4.583412109375000000e+03
3.087171386718750000e+03
3.973177246093750000e+03
3.475275634765625000e+03
1.436963623046875000e+03
4.340762695312500000e+03
1.194770019531250000e+03
3.300397460937500000e+03
5.573445800781250000e+03
3.556027587890625000e+03
3.168242675781250000e+03
1.997438232421875000e+03
4.341582031250000000e+03
4.694804687500000000e+03
8.470506835937500000e+03
5.107553222656250000e+03
1.170428320312500000e+04
4.130324218750000000e+03
7.792589843750000000e+03
1.351573242187500000e+03
1.399231811523437500e+03
1.544585327148437500e+03
1.260357226562500000e+04
2.221875976562500000e+03
1.426494433593750000e+04
3.973789550781250000e+03
4.044395263671875000e+03
1.185452441406250000e+04
1.097346679687500000e+04
3.977636718750000000e+03
7.145206054687500000e+03
1.606914306640625000e+03
5.403738281250000000e+03
1.996622436523437500e+03
4.048064697265625000e+03
4.289257812500000000e+03
1.544088134765625000e+03
1.185058227539062500e+03
1.283196411132812500e+03
1.315854980468750000e+03
5.148852539062500000e+03
1.328719482421875000e+03
4.646875000000000000e+03
1.124733398437500000e+03
1.489775512695312500e+03
8.170491943359375000e+02
5.950780273437500000e+03
4.911742675781250000e+03
9.352014160156250000e+02
7.374287597656250000e+03
3.395612792968750000e+03
2.283231445312500000e+03
8.295236328125000000e+03
1.649285888671875000e+03
3.239858154296875000e+03
3.569724121093750000e+03
3.503566894531250000e+03
5.298057128906250000e+03
2.380637890625000000e+04
4.643194335937500000e+03
8.474988281250000000e+03
8.614904296875000000e+03
1.550683471679687500e+03
5.598899902343750000e+03
1.393345703125000000e+04
8.690886718750000000e+03
1.047737695312500000e+04
7.590825195312500000e+03
1.038899511718750000e+04
8.154286132812500000e+03
8.395906250000000000e+03
1.083666699218750000e+04
1.041046289062500000e+04
1.254894921875000000e+04
1.136899218750000000e+04
9.531199218750000000e+03
1.058200781250000000e+04
9.094046875000000000e+03
9.923958984375000000e+03
1.164865722656250000e+04
1.068936328125000000e+04
6.637102050781250000e+03
8.497149414062500000e+03
1.174166210937500000e+04
9.571318359375000000e+03
1.703046484375000000e+04
1.022680078125000000e+04
1.333960546875000000e+04
1.151095312500000000e+04
1.623411523437500000e+04
7.372360351562500000e+03
7.377208007812500000e+03
8.375782226562500000e+03
2.887766015625000000e+04
7.471009765625000000e+03
2.277985107421875000e+03
6.195468750000000000e+03
6.571497558593750000e+03
7.000901367187500000e+03
2.991058105468750000e+03
2.569694580078125000e+03
1.691494506835937500e+03
2.420412353515625000e+03
1.023897460937500000e+03
1.039135253906250000e+03
3.192057128906250000e+03
2.087031494140625000e+03
2.942553222656250000e+03
2.398739013671875000e+03
8.526130371093750000e+02
3.204192871093750000e+03
8.166570434570312500e+02
2.130136962890625000e+03
4.067885498046875000e+03
2.361110351562500000e+03
2.715399658203125000e+03
1.357378051757812500e+03
3.073192626953125000e+03
4.130503906250000000e+03
7.115191406250000000e+03
3.892205810546875000e+03
7.797607421875000000e+03
2.905871826171875000e+03
5.937061523437500000e+03
4.597344970703125000e+02
4.322622070312500000e+02
1.432367309570312500e+03
1.546807031250000000e+04
1.546061523437500000e+03
6.808708984375000000e+03
5.411051757812500000e+03
5.286194335937500000e+03
4.305228027343750000e+03
3.837753906250000000e+03
3.111545898437500000e+03
3.599410888671875000e+03
1.469860107421875000e+03
3.271742919921875000e+03
4.070906494140625000e+03
3.116083496093750000e+03
3.776754394531250000e+03
3.163171386718750000e+03
3.098104248046875000e+03
3.153698730468750000e+03
2.915923095703125000e+03
2.598740966796875000e+03
4.274424804687500000e+03
3.111133789062500000e+03
3.447951416015625000e+03
1.931108398437500000e+03
3.064979003906250000e+03
3.271345703125000000e+03
7.141669921875000000e+03
3.696262207031250000e+03
5.161217773437500000e+03
3.560666259765625000e+03
5.448187500000000000e+03
2.007820556640625000e+03
1.760346191406250000e+03
1.976286987304687500e+03
1.467689453125000000e+04
2.345152587890625000e+03
6.413248046875000000e+03
1.139407812500000000e+04
6.166415039062500000e+03
5.756465332031250000e+03
4.980379882812500000e+03
5.573276855468750000e+03
6.406064453125000000e+03
5.740396484375000000e+03
8.879484375000000000e+03
6.184196289062500000e+03
9.848236328125000000e+03
8.067328125000000000e+03
7.374423828125000000e+03
8.606669921875000000e+03
6.625951171875000000e+03
6.202087890625000000e+03
8.908095703125000000e+03
7.079376953125000000e+03
4.768658203125000000e+03
5.253660644531250000e+03
9.579851562500000000e+03
9.196087890625000000e+03
1.359154687500000000e+04
8.758136718750000000e+03
8.282863281250000000e+03
8.321563476562500000e+03
1.294505859375000000e+04
4.965758300781250000e+03
4.490687500000000000e+03
6.529538085937500000e+03
2.813459179687500000e+04
5.845983398437500000e+03
8.943535156250000000e+03
6.340259765625000000e+03
8.623226562500000000e+03
5.491605468750000000e+03
8.283845703125000000e+03
5.804524414062500000e+03
6.732375000000000000e+03
8.531133789062500000e+03
8.147030273437500000e+03
9.360669921875000000e+03
8.398379882812500000e+03
6.803952636718750000e+03
7.300409667968750000e+03
6.786006835937500000e+03
7.441388671875000000e+03
8.896734375000000000e+03
8.272886718750000000e+03
4.354883789062500000e+03
6.463101562500000000e+03
8.325046875000000000e+03
5.960530761718750000e+03
1.418831835937500000e+04
7.817590820312500000e+03
9.377155273437500000e+03
8.710683593750000000e+03
1.110499023437500000e+04
6.194302734375000000e+03
6.274448242187500000e+03
5.851482421875000000e+03
7.668314453125000000e+03
4.757887695312500000e+03
8.657290039062500000e+03
3.733868652343750000e+03
7.829907714843750000e+03
3.594312011718750000e+03
5.626791015625000000e+03
8.234269531250000000e+03
3.817344238281250000e+03
3.765217041015625000e+03
4.081122070312500000e+03
4.354719238281250000e+03
8.168983398437500000e+03
2.004737792968750000e+03
8.676270507812500000e+03
2.813678222656250000e+03
3.719609619140625000e+03
3.871749511718750000e+03
8.375103515625000000e+03
7.667300781250000000e+03
2.829168212890625000e+03
8.065363769531250000e+03
6.663889648437500000e+03
2.490373291015625000e+03
6.408376953125000000e+03
3.825104248046875000e+03
4.925142578125000000e+03
6.771702636718750000e+03
6.874374511718750000e+03
8.145214843750000000e+03
2.884619531250000000e+04
6.329795898437500000e+03
4.962817382812500000e+03
1.071361328125000000e+03
4.825054687500000000e+03
4.079530273437500000e+03
2.026881347656250000e+03
5.835292968750000000e+03
4.273490722656250000e+03
5.619018554687500000e+03
4.641171875000000000e+03
4.742011718750000000e+03
4.990175781250000000e+03
3.878773925781250000e+03
4.575620117187500000e+03
6.266177734375000000e+03
4.534477539062500000e+03
5.270009765625000000e+03
2.828680175781250000e+03
5.668850585937500000e+03
4.806167968750000000e+03
1.037542089843750000e+04
5.930364746093750000e+03
8.483290039062500000e+03
5.104055664062500000e+03
8.904767578125000000e+03
3.367411621093750000e+03
3.338630371093750000e+03
2.511764648437500000e+03
2.220550781250000000e+04
4.321719726562500000e+03
3.643811035156250000e+03
7.261086425781250000e+02
3.681268798828125000e+03
2.673331542968750000e+03
1.019898803710937500e+03
3.269670410156250000e+02
6.467026367187500000e+02
9.553634643554687500e+02
3.260534423828125000e+03
1.376753173828125000e+03
3.232763183593750000e+03
8.822998046875000000e+02
1.600060302734375000e+03
4.993686523437500000e+02
4.085493652343750000e+03
3.492331787109375000e+03
1.331725463867187500e+03
6.697917480468750000e+03
4.245475585937500000e+03
2.014886718750000000e+03
4.914978515625000000e+03
1.352041015625000000e+03
3.606176269531250000e+03
2.347786132812500000e+03
2.478831054687500000e+03
4.302403808593750000e+03
2.316784765625000000e+04
3.346621093750000000e+03
3.397390136718750000e+03
2.548659912109375000e+03
8.752167358398437500e+02
4.489562500000000000e+03
3.012363281250000000e+03
4.087015380859375000e+03
3.099071289062500000e+03
2.892140380859375000e+03
4.310025878906250000e+03
2.416576416015625000e+03
3.236954345703125000e+03
5.049554199218750000e+03
3.421522216796875000e+03
3.549075439453125000e+03
1.836043212890625000e+03
4.434191894531250000e+03
4.588406738281250000e+03
7.904351562500000000e+03
4.519542968750000000e+03
6.248809082031250000e+03
3.590638916015625000e+03
7.056006835937500000e+03
1.941517578125000000e+03
1.928001586914062500e+03
1.664946289062500000e+03
1.786884179687500000e+04
2.783184326171875000e+03
3.085448486328125000e+03
2.651593017578125000e+03
9.287456054687500000e+02
7.545480346679687500e+02
1.312896972656250000e+03
1.429141845703125000e+03
3.217752929687500000e+03
1.406508789062500000e+03
3.121403320312500000e+03
1.097624755859375000e+03
6.601922607421875000e+02
8.419426269531250000e+02
4.091940429687500000e+03
3.185253173828125000e+03
1.184856445312500000e+03
6.088552734375000000e+03
2.985093994140625000e+03
1.502198730468750000e+03
4.408524414062500000e+03
8.853610839843750000e+02
3.283752929687500000e+03
2.012476318359375000e+03
2.147273925781250000e+03
4.112005859375000000e+03
2.510291406250000000e+04
3.071406738281250000e+03
2.446426269531250000e+03
3.635903320312500000e+03
2.932836669921875000e+03
3.710260253906250000e+03
3.105230224609375000e+03
1.946578857421875000e+03
2.880217285156250000e+03
2.048185546875000000e+03
2.355939941406250000e+03
4.189848144531250000e+03
3.120032714843750000e+03
2.998309814453125000e+03
2.174221679687500000e+03
3.037324218750000000e+03
3.715505859375000000e+03
7.493794921875000000e+03
3.922203857421875000e+03
5.534015625000000000e+03
3.387573242187500000e+03
5.485247558593750000e+03
9.705064697265625000e+02
9.083758544921875000e+02
2.206929199218750000e+03
1.544733789062500000e+04
1.460500976562500000e+03
3.641454589843750000e+03
2.156078857421875000e+03
3.298162597656250000e+03
2.864670410156250000e+03
1.783057128906250000e+03
3.923446044921875000e+03
1.268813476562500000e+03
2.962820800781250000e+03
4.491033203125000000e+03
2.626958496093750000e+03
2.952358398437500000e+03
1.601122192382812500e+03
3.935716308593750000e+03
5.060974121093750000e+03
7.053387695312500000e+03
4.412974121093750000e+03
7.733626953125000000e+03
3.377336669921875000e+03
6.722319335937500000e+03
1.136005004882812500e+03
1.293657104492187500e+03
1.451492187500000000e+03
1.590449316406250000e+04
2.655500488281250000e+03
9.605980224609375000e+02
1.107669677734375000e+03
1.558513793945312500e+03
4.163946777343750000e+03
1.305259521484375000e+03
4.104226562500000000e+03
1.315188110351562500e+03
1.061834960937500000e+03
9.917821044921875000e+02
4.940923828125000000e+03
4.058850341796875000e+03
8.689633789062500000e+02
6.420377441406250000e+03
3.832279785156250000e+03
1.962459228515625000e+03
6.906173828125000000e+03
1.319634277343750000e+03
4.566576660156250000e+03
2.973981445312500000e+03
3.099629882812500000e+03
4.576176757812500000e+03
2.456756445312500000e+04
3.481111083984375000e+03
5.488546142578125000e+02
5.837049560546875000e+02
2.956112304687500000e+03
1.141345458984375000e+03
2.481927246093750000e+03
7.232362060546875000e+02
1.459760986328125000e+03
3.008619384765625000e+02
3.678458496093750000e+03
2.979815917968750000e+03
9.951486816406250000e+02
6.366305664062500000e+03
3.543294921875000000e+03
1.837784423828125000e+03
5.085717773437500000e+03
1.072259033203125000e+03
3.429645019531250000e+03
1.759377441406250000e+03
1.842017211914062500e+03
3.659325683593750000e+03
2.094076367187500000e+04
2.948926513671875000e+03
4.929019775390625000e+02
3.788770019531250000e+03
1.273618286132812500e+03
3.625690917968750000e+03
1.004625366210937500e+03
1.885630004882812500e+03
8.170882568359375000e+02
4.633557128906250000e+03
3.976313720703125000e+03
1.298726196289062500e+03
6.501941406250000000e+03
4.228389648437500000e+03
2.081364990234375000e+03
8.365263671875000000e+03
8.699356689453125000e+02
3.575504150390625000e+03
3.022435546875000000e+03
2.963048339843750000e+03
4.513122070312500000e+03
2.172862304687500000e+04
3.431978271484375000e+03
3.409989746093750000e+03
1.507088745117187500e+03
2.962593261718750000e+03
7.570994873046875000e+02
2.075625976562500000e+03
7.621639404296875000e+02
4.286250976562500000e+03
3.068763671875000000e+03
1.235588256835937500e+03
5.954332031250000000e+03
4.104447265625000000e+03
2.148596679687500000e+03
6.190684570312500000e+03
7.051035156250000000e+02
3.272233642578125000e+03
2.502133789062500000e+03
2.279316650390625000e+03
3.755381835937500000e+03
2.032529882812500000e+04
3.019423583984375000e+03
4.155145507812500000e+03
6.077656860351562500e+02
3.308389648437500000e+03
4.983092773437500000e+03
3.348216552734375000e+03
2.052744873046875000e+03
2.622486328125000000e+03
4.206109863281250000e+03
5.379091796875000000e+03
8.555477539062500000e+03
4.821887207031250000e+03
1.143784765625000000e+04
3.764955566406250000e+03
7.409644531250000000e+03
9.895807495117187500e+02
1.169574218750000000e+03
2.213470703125000000e+03
1.056978808593750000e+04
1.332079956054687500e+03
4.226727539062500000e+03
8.205148925781250000e+02
1.411546386718750000e+03
1.144283447265625000e+03
4.778572753906250000e+03
4.105833984375000000e+03
7.425227050781250000e+02
4.927188476562500000e+03
4.586061523437500000e+03
1.361200195312500000e+03
5.457202148437500000e+03
1.556707763671875000e+03
3.268445312500000000e+03
3.031878662109375000e+03
3.136878173828125000e+03
4.463758789062500000e+03
2.256591210937500000e+04
3.308329101562500000e+03
3.059448974609375000e+03
5.009780273437500000e+03
2.856871337890625000e+03
1.798329467773437500e+03
2.190518066406250000e+03
4.036507324218750000e+03
5.461392089843750000e+03
7.677709960937500000e+03
4.837136718750000000e+03
9.749752929687500000e+03
3.581020996093750000e+03
7.099857421875000000e+03
6.076048583984375000e+02
6.783111572265625000e+02
1.800361450195312500e+03
8.604129882812500000e+03
1.437343505859375000e+03
1.662281005859375000e+03
6.023488769531250000e+02
4.379522460937500000e+03
2.812639404296875000e+03
7.607453613281250000e+02
5.194449707031250000e+03
4.391478515625000000e+03
1.383275268554687500e+03
4.373312011718750000e+03
1.066682861328125000e+03
2.626751464843750000e+03
2.016159545898437500e+03
1.843078857421875000e+03
3.475497070312500000e+03
2.083437304687500000e+04
2.752745605468750000e+03
1.087118896484375000e+03
5.578303222656250000e+03
5.007632812500000000e+03
1.052886474609375000e+03
7.418832031250000000e+03
2.904711669921875000e+03
1.959626831054687500e+03
6.597085937500000000e+03
1.306945556640625000e+03
4.087131591796875000e+03
3.681871093750000000e+03
3.821244628906250000e+03
5.501625976562500000e+03
2.850742578125000000e+04
4.415719726562500000e+03
4.006555664062500000e+03
3.232505371093750000e+03
8.166711425781250000e+02
6.415402832031250000e+03
3.493854980468750000e+03
1.858524658203125000e+03
5.338705566406250000e+03
1.196187500000000000e+03
2.876025634765625000e+03
1.989228759765625000e+03
2.034376831054687500e+03
3.912169433593750000e+03
2.286913281250000000e+04
3.187453857421875000e+03
4.007133789062500000e+03
4.993552734375000000e+03
6.630681640625000000e+03
8.824277343750000000e+03
5.523317382812500000e+03
8.527562500000000000e+03
4.592060058593750000e+03
7.440437988281250000e+03
2.023982910156250000e+03
2.221832519531250000e+03
3.282870117187500000e+03
3.767840820312500000e+03
1.564299682617187500e+03
3.992883789062500000e+03
3.384016601562500000e+03
7.986581054687500000e+03
4.569324218750000000e+03
5.929185546875000000e+03
3.817034667968750000e+03
7.421529785156250000e+03
1.543736083984375000e+03
1.323351928710937500e+03
6.745927734375000000e+02
1.629247265625000000e+04
2.615030761718750000e+03
5.877645019531250000e+03
3.620959228515625000e+03
1.392234375000000000e+03
6.809094726562500000e+03
1.304851928710937500e+03
3.478324462890625000e+03
2.942268554687500000e+03
2.940333007812500000e+03
4.281537597656250000e+03
2.276772460937500000e+04
3.455579833984375000e+03
1.063333593750000000e+04
5.576797363281250000e+03
7.137601562500000000e+03
6.112208007812500000e+03
8.009100097656250000e+03
4.499108886718750000e+03
4.203488281250000000e+03
3.320411132812500000e+03
1.850012304687500000e+04
3.766400390625000000e+03
4.040956542968750000e+03
1.080020507812500000e+04
2.795414306640625000e+03
6.305059570312500000e+03
6.536561035156250000e+03
6.337716796875000000e+03
8.514582031250000000e+03
3.459151171875000000e+04
7.547923828125000000e+03
5.956576171875000000e+03
1.490501831054687500e+03
3.158655029296875000e+03
3.517396484375000000e+03
3.540774414062500000e+03
5.013206542968750000e+03
2.438432031250000000e+04
3.638042968750000000e+03
6.212368164062500000e+03
8.176462890625000000e+03
5.794791992187500000e+03
5.195907226562500000e+03
8.067302734375000000e+03
5.368931250000000000e+04
6.435202636718750000e+03
3.474476806640625000e+03
2.946166503906250000e+03
2.795185058593750000e+03
4.338303710937500000e+03
2.268901171875000000e+04
3.125937255859375000e+03
5.495214843750000000e+03
5.486351562500000000e+03
8.030052734375000000e+03
3.367396875000000000e+04
5.681269531250000000e+03
1.620477294921875000e+02
1.680254882812500000e+03
1.419218945312500000e+04
1.395115844726562500e+03
1.554605712890625000e+03
1.420154687500000000e+04
1.405465820312500000e+03
1.132870605468750000e+04
2.275769042968750000e+03
8.202035156250000000e+03
