6.800000000000000000e+01 7.800000000000000000e+01 1.109596522788492621e+02 2.000000000000000000e+00
1.160000000000000000e+02 1.410000000000000000e+02 2.018131251258642180e+02 2.000000000000000000e+00
1.310000000000000000e+02 1.430000000000000000e+02 2.288125555345494320e+02 2.000000000000000000e+00
9.000000000000000000e+00 5.100000000000000000e+01 2.944094419158036544e+02 2.000000000000000000e+00
7.900000000000000000e+01 1.490000000000000000e+02 3.140999344745608255e+02 3.000000000000000000e+00
2.700000000000000000e+01 1.030000000000000000e+02 4.302726917566251359e+02 2.000000000000000000e+00
2.100000000000000000e+01 8.200000000000000000e+01 4.721875565645968891e+02 2.000000000000000000e+00
1.500000000000000000e+02 1.510000000000000000e+02 5.349185212719623905e+02 4.000000000000000000e+00
4.500000000000000000e+01 1.390000000000000000e+02 6.085729477124136793e+02 2.000000000000000000e+00
1.300000000000000000e+01 1.550000000000000000e+02 6.284958193977576002e+02 3.000000000000000000e+00
1.000000000000000000e+00 8.000000000000000000e+00 7.032256866456887110e+02 2.000000000000000000e+00
2.200000000000000000e+01 1.480000000000000000e+02 7.127553357901747404e+02 2.000000000000000000e+00
9.200000000000000000e+01 1.210000000000000000e+02 7.288286419575777018e+02 2.000000000000000000e+00
8.400000000000000000e+01 1.540000000000000000e+02 7.305567831265940413e+02 3.000000000000000000e+00
7.100000000000000000e+01 1.560000000000000000e+02 7.557935852448295009e+02 5.000000000000000000e+00
6.400000000000000000e+01 1.520000000000000000e+02 8.138964967914769204e+02 3.000000000000000000e+00
1.400000000000000000e+01 1.580000000000000000e+02 8.551789509077682396e+02 4.000000000000000000e+00
2.500000000000000000e+01 1.360000000000000000e+02 8.554907835536678249e+02 2.000000000000000000e+00
7.600000000000000000e+01 1.530000000000000000e+02 8.822112087103141675e+02 4.000000000000000000e+00
1.610000000000000000e+02 1.620000000000000000e+02 9.159775655960520453e+02 5.000000000000000000e+00
1.220000000000000000e+02 1.590000000000000000e+02 9.846878258188258997e+02 3.000000000000000000e+00
6.200000000000000000e+01 6.300000000000000000e+01 9.870282509931685127e+02 2.000000000000000000e+00
4.100000000000000000e+01 8.000000000000000000e+01 1.011072110026214204e+03 2.000000000000000000e+00
3.100000000000000000e+01 6.900000000000000000e+01 1.016097552401074608e+03 2.000000000000000000e+00
1.020000000000000000e+02 1.570000000000000000e+02 1.037267286420182245e+03 3.000000000000000000e+00
4.900000000000000000e+01 1.690000000000000000e+02 1.064510460256532042e+03 4.000000000000000000e+00
1.110000000000000000e+02 1.660000000000000000e+02 1.140576491112743724e+03 3.000000000000000000e+00
5.000000000000000000e+01 1.640000000000000000e+02 1.140867054532342308e+03 4.000000000000000000e+00
7.200000000000000000e+01 1.280000000000000000e+02 1.281590878889505348e+03 2.000000000000000000e+00
7.700000000000000000e+01 1.050000000000000000e+02 1.314245460463813288e+03 2.000000000000000000e+00
1.340000000000000000e+02 1.630000000000000000e+02 1.339386699437451853e+03 6.000000000000000000e+00
8.500000000000000000e+01 1.730000000000000000e+02 1.496220093653859976e+03 4.000000000000000000e+00
1.300000000000000000e+02 1.420000000000000000e+02 1.503656768089866546e+03 2.000000000000000000e+00
7.500000000000000000e+01 9.800000000000000000e+01 1.513010816496669349e+03 2.000000000000000000e+00
1.600000000000000000e+01 8.600000000000000000e+01 1.567902195631649420e+03 2.000000000000000000e+00
1.470000000000000000e+02 1.780000000000000000e+02 1.571494500934498546e+03 3.000000000000000000e+00
1.180000000000000000e+02 1.740000000000000000e+02 1.577870755957937263e+03 5.000000000000000000e+00
5.000000000000000000e+00 2.000000000000000000e+01 1.617370895893748184e+03 2.000000000000000000e+00
1.650000000000000000e+02 1.700000000000000000e+02 1.692662502571823097e+03 6.000000000000000000e+00
1.670000000000000000e+02 1.790000000000000000e+02 1.799378720642034068e+03 1.000000000000000000e+01
1.260000000000000000e+02 1.870000000000000000e+02 1.806031429868271516e+03 7.000000000000000000e+00
6.600000000000000000e+01 8.700000000000000000e+01 1.839193006316746050e+03 2.000000000000000000e+00
1.170000000000000000e+02 1.720000000000000000e+02 1.917056178005543643e+03 3.000000000000000000e+00
5.800000000000000000e+01 1.680000000000000000e+02 1.980415070674821891e+03 6.000000000000000000e+00
0.000000000000000000e+00 1.140000000000000000e+02 2.041203604930630718e+03 2.000000000000000000e+00
1.760000000000000000e+02 1.800000000000000000e+02 2.102289349525303805e+03 8.000000000000000000e+00
5.600000000000000000e+01 1.850000000000000000e+02 2.188358791203772853e+03 6.000000000000000000e+00
3.500000000000000000e+01 7.300000000000000000e+01 2.204830798602295545e+03 2.000000000000000000e+00
9.300000000000000000e+01 1.860000000000000000e+02 2.391000125544967432e+03 3.000000000000000000e+00
1.820000000000000000e+02 1.940000000000000000e+02 2.426766227603794050e+03 1.000000000000000000e+01
1.770000000000000000e+02 1.920000000000000000e+02 2.447189470474558220e+03 8.000000000000000000e+00
3.700000000000000000e+01 1.190000000000000000e+02 2.448901469037958577e+03 2.000000000000000000e+00
1.900000000000000000e+01 1.000000000000000000e+02 2.506403572333592365e+03 2.000000000000000000e+00
1.500000000000000000e+01 6.500000000000000000e+01 2.530903747026124620e+03 2.000000000000000000e+00
3.600000000000000000e+01 9.500000000000000000e+01 2.614003261527512677e+03 2.000000000000000000e+00
1.750000000000000000e+02 1.880000000000000000e+02 2.640852411654289881e+03 1.300000000000000000e+01
1.700000000000000000e+01 1.370000000000000000e+02 2.671795095855547515e+03 2.000000000000000000e+00
5.400000000000000000e+01 1.710000000000000000e+02 2.717704390690232685e+03 3.000000000000000000e+00
1.320000000000000000e+02 1.910000000000000000e+02 2.717974788280727807e+03 4.000000000000000000e+00
1.890000000000000000e+02 2.010000000000000000e+02 2.733903056974976607e+03 9.000000000000000000e+00
1.010000000000000000e+02 2.000000000000000000e+02 2.874391717090605198e+03 3.000000000000000000e+00
3.900000000000000000e+01 6.700000000000000000e+01 3.018469660812653274e+03 2.000000000000000000e+00
7.000000000000000000e+00 4.600000000000000000e+01 3.063648118970146697e+03 2.000000000000000000e+00
1.240000000000000000e+02 1.840000000000000000e+02 3.100408640968947566e+03 4.000000000000000000e+00
4.400000000000000000e+01 1.600000000000000000e+02 3.103737105311815412e+03 3.000000000000000000e+00
5.700000000000000000e+01 1.090000000000000000e+02 3.120125475324918625e+03 2.000000000000000000e+00
1.830000000000000000e+02 2.050000000000000000e+02 3.162997294895674713e+03 4.000000000000000000e+00
1.380000000000000000e+02 1.460000000000000000e+02 3.180337470913904326e+03 2.000000000000000000e+00
1.960000000000000000e+02 2.080000000000000000e+02 3.269225809666336318e+03 1.100000000000000000e+01
2.400000000000000000e+01 1.100000000000000000e+02 3.280180320618555925e+03 2.000000000000000000e+00
1.950000000000000000e+02 1.990000000000000000e+02 3.280242227539973555e+03 1.400000000000000000e+01
1.100000000000000000e+01 1.930000000000000000e+02 3.330514211867596259e+03 3.000000000000000000e+00
9.700000000000000000e+01 9.900000000000000000e+01 3.425324858544216568e+03 2.000000000000000000e+00
1.800000000000000000e+01 5.500000000000000000e+01 3.486714031632520800e+03 2.000000000000000000e+00
9.600000000000000000e+01 1.270000000000000000e+02 3.607310551818753993e+03 2.000000000000000000e+00
1.200000000000000000e+01 2.030000000000000000e+02 3.642333418438129684e+03 3.000000000000000000e+00
3.000000000000000000e+01 2.220000000000000000e+02 3.680492901457898370e+03 3.000000000000000000e+00
5.200000000000000000e+01 5.900000000000000000e+01 3.712949921322490809e+03 2.000000000000000000e+00
7.000000000000000000e+01 1.810000000000000000e+02 3.762428290768313218e+03 3.000000000000000000e+00
1.330000000000000000e+02 2.060000000000000000e+02 3.834062519071324004e+03 4.000000000000000000e+00
4.000000000000000000e+01 2.100000000000000000e+02 3.954790006501388689e+03 3.000000000000000000e+00
2.070000000000000000e+02 2.110000000000000000e+02 3.970104115286918841e+03 6.000000000000000000e+00
1.350000000000000000e+02 2.140000000000000000e+02 4.073260934843761333e+03 3.000000000000000000e+00
3.200000000000000000e+01 3.800000000000000000e+01 4.097954435637739152e+03 2.000000000000000000e+00
1.970000000000000000e+02 2.020000000000000000e+02 4.170199615434084080e+03 5.000000000000000000e+00
2.600000000000000000e+01 2.170000000000000000e+02 4.194201089306193353e+03 1.200000000000000000e+01
1.900000000000000000e+02 2.130000000000000000e+02 4.254410953569381491e+03 5.000000000000000000e+00
1.250000000000000000e+02 1.980000000000000000e+02 4.311787087930305461e+03 1.100000000000000000e+01
1.150000000000000000e+02 2.180000000000000000e+02 4.329556196411658675e+03 3.000000000000000000e+00
8.300000000000000000e+01 8.800000000000000000e+01 4.414962448917674919e+03 2.000000000000000000e+00
1.290000000000000000e+02 2.210000000000000000e+02 4.718509655045387262e+03 3.000000000000000000e+00
2.190000000000000000e+02 2.310000000000000000e+02 4.737329020333176231e+03 1.700000000000000000e+01
3.300000000000000000e+01 2.200000000000000000e+02 4.760161457698538470e+03 4.000000000000000000e+00
1.130000000000000000e+02 2.270000000000000000e+02 4.839639502680845908e+03 4.000000000000000000e+00
2.160000000000000000e+02 2.300000000000000000e+02 4.943988465670176993e+03 8.000000000000000000e+00
1.440000000000000000e+02 2.360000000000000000e+02 5.316758139535913870e+03 1.200000000000000000e+01
1.450000000000000000e+02 2.150000000000000000e+02 5.338859978079660323e+03 5.000000000000000000e+00
2.090000000000000000e+02 2.340000000000000000e+02 5.341892853980998552e+03 1.500000000000000000e+01
9.400000000000000000e+01 1.200000000000000000e+02 5.431180708513416903e+03 2.000000000000000000e+00
2.370000000000000000e+02 2.410000000000000000e+02 5.536661839208450147e+03 7.000000000000000000e+00
2.300000000000000000e+01 2.240000000000000000e+02 5.626962956717999987e+03 4.000000000000000000e+00
2.350000000000000000e+02 2.400000000000000000e+02 5.729136260878869507e+03 2.200000000000000000e+01
7.400000000000000000e+01 8.900000000000000000e+01 5.740854240177467545e+03 2.000000000000000000e+00
6.000000000000000000e+00 2.250000000000000000e+02 5.913677383390978321e+03 4.000000000000000000e+00
2.290000000000000000e+02 2.460000000000000000e+02 6.008605182574387982e+03 1.800000000000000000e+01
2.040000000000000000e+02 2.330000000000000000e+02 6.039467095765552585e+03 1.800000000000000000e+01
2.000000000000000000e+00 2.260000000000000000e+02 6.074767972129327973e+03 3.000000000000000000e+00
2.900000000000000000e+01 9.100000000000000000e+01 6.096591816125863261e+03 2.000000000000000000e+00
2.280000000000000000e+02 2.440000000000000000e+02 6.256107540244977827e+03 1.600000000000000000e+01
1.060000000000000000e+02 2.470000000000000000e+02 6.485047040719592587e+03 3.000000000000000000e+00
2.320000000000000000e+02 2.530000000000000000e+02 6.902540981545077557e+03 2.000000000000000000e+01
1.120000000000000000e+02 2.570000000000000000e+02 7.078616459768062668e+03 1.700000000000000000e+01
2.490000000000000000e+02 2.510000000000000000e+02 7.171500523775745933e+03 6.000000000000000000e+00
1.400000000000000000e+02 2.560000000000000000e+02 7.281762345577191809e+03 3.000000000000000000e+00
2.390000000000000000e+02 2.430000000000000000e+02 7.339859906990511263e+03 1.100000000000000000e+01
3.000000000000000000e+00 9.000000000000000000e+01 7.597100954207373434e+03 2.000000000000000000e+00
4.800000000000000000e+01 2.380000000000000000e+02 7.620599095116941498e+03 3.000000000000000000e+00
4.200000000000000000e+01 1.070000000000000000e+02 7.813906433779404324e+03 2.000000000000000000e+00
2.550000000000000000e+02 2.610000000000000000e+02 8.331903383041704728e+03 9.000000000000000000e+00
2.800000000000000000e+01 2.230000000000000000e+02 8.403776012302150775e+03 3.000000000000000000e+00
2.500000000000000000e+02 2.520000000000000000e+02 8.433542195769208774e+03 2.600000000000000000e+01
3.400000000000000000e+01 2.590000000000000000e+02 8.688332619818294916e+03 2.100000000000000000e+01
5.300000000000000000e+01 2.420000000000000000e+02 9.071129309002557420e+03 5.000000000000000000e+00
8.100000000000000000e+01 2.480000000000000000e+02 9.116819321559847594e+03 8.000000000000000000e+00
2.600000000000000000e+02 2.650000000000000000e+02 9.409115297520183958e+03 2.000000000000000000e+01
2.630000000000000000e+02 2.700000000000000000e+02 1.019029893103529321e+04 3.200000000000000000e+01
6.000000000000000000e+01 2.720000000000000000e+02 1.029918562710169317e+04 9.000000000000000000e+00
2.540000000000000000e+02 2.710000000000000000e+02 1.030961032081047051e+04 2.300000000000000000e+01
2.450000000000000000e+02 2.730000000000000000e+02 1.041444551920794765e+04 2.500000000000000000e+01
4.000000000000000000e+00 2.670000000000000000e+02 1.044263521141309502e+04 1.000000000000000000e+01
2.620000000000000000e+02 2.780000000000000000e+02 1.137680625819468514e+04 1.300000000000000000e+01
1.000000000000000000e+01 2.750000000000000000e+02 1.198949888200680653e+04 1.000000000000000000e+01
4.300000000000000000e+01 4.700000000000000000e+01 1.280997473174476909e+04 2.000000000000000000e+00
2.690000000000000000e+02 2.740000000000000000e+02 1.284140802666026138e+04 5.800000000000000000e+01
1.080000000000000000e+02 2.760000000000000000e+02 1.287337194890906358e+04 2.400000000000000000e+01
2.660000000000000000e+02 2.790000000000000000e+02 1.328617544060613727e+04 1.500000000000000000e+01
2.120000000000000000e+02 2.680000000000000000e+02 1.387598566241707522e+04 7.000000000000000000e+00
2.640000000000000000e+02 2.840000000000000000e+02 1.428502851094787366e+04 1.700000000000000000e+01
2.800000000000000000e+02 2.820000000000000000e+02 1.661346129247610224e+04 6.800000000000000000e+01
2.810000000000000000e+02 2.860000000000000000e+02 1.696474117442318675e+04 1.900000000000000000e+01
1.040000000000000000e+02 2.870000000000000000e+02 1.806283577031106688e+04 6.900000000000000000e+01
2.580000000000000000e+02 2.770000000000000000e+02 1.961908052732988654e+04 2.800000000000000000e+01
2.830000000000000000e+02 2.900000000000000000e+02 2.826109905264036206e+04 5.200000000000000000e+01
2.850000000000000000e+02 2.890000000000000000e+02 2.830038340770310242e+04 7.600000000000000000e+01
6.100000000000000000e+01 2.880000000000000000e+02 2.921290644993143360e+04 2.000000000000000000e+01
1.230000000000000000e+02 2.920000000000000000e+02 4.621810838769322436e+04 7.700000000000000000e+01
2.930000000000000000e+02 2.940000000000000000e+02 5.079425348621464218e+04 9.700000000000000000e+01
2.910000000000000000e+02 2.950000000000000000e+02 7.412026868148823269e+04 1.490000000000000000e+02
