2.000000000000000000e+01 6.600000000000000000e+01 4.027685072722322346e+00 2.000000000000000000e+00
1.400000000000000000e+01 2.700000000000000000e+01 4.704306645133155662e+00 2.000000000000000000e+00
3.000000000000000000e+01 7.000000000000000000e+01 6.036692963765144526e+00 3.000000000000000000e+00
6.000000000000000000e+01 6.900000000000000000e+01 7.414490157536135939e+00 3.000000000000000000e+00
1.100000000000000000e+01 5.700000000000000000e+01 7.598267780256928283e+00 2.000000000000000000e+00
5.000000000000000000e+00 6.000000000000000000e+00 8.782720354233493509e+00 2.000000000000000000e+00
2.400000000000000000e+01 6.300000000000000000e+01 9.081057514347719462e+00 2.000000000000000000e+00
1.800000000000000000e+01 5.400000000000000000e+01 9.110604707862098195e+00 2.000000000000000000e+00
1.000000000000000000e+01 7.300000000000000000e+01 9.261513839571561491e+00 3.000000000000000000e+00
3.300000000000000000e+01 7.700000000000000000e+01 9.727049776692966887e+00 4.000000000000000000e+00
6.700000000000000000e+01 7.400000000000000000e+01 1.004415162363495106e+01 3.000000000000000000e+00
3.900000000000000000e+01 7.200000000000000000e+01 1.041212335601453631e+01 4.000000000000000000e+00
7.000000000000000000e+00 6.500000000000000000e+01 1.081549492057651563e+01 2.000000000000000000e+00
3.000000000000000000e+00 6.200000000000000000e+01 1.153484952103303485e+01 2.000000000000000000e+00
1.700000000000000000e+01 7.500000000000000000e+01 1.169029935590825531e+01 3.000000000000000000e+00
2.100000000000000000e+01 5.000000000000000000e+01 1.184303547902466214e+01 2.000000000000000000e+00
8.000000000000000000e+00 1.500000000000000000e+01 1.184396929603143178e+01 2.000000000000000000e+00
1.900000000000000000e+01 8.100000000000000000e+01 1.290878157840892015e+01 3.000000000000000000e+00
2.000000000000000000e+00 7.600000000000000000e+01 1.353271872951020072e+01 3.000000000000000000e+00
3.100000000000000000e+01 8.600000000000000000e+01 1.372421279913668002e+01 4.000000000000000000e+00
0.000000000000000000e+00 8.400000000000000000e+01 1.419959374633119964e+01 3.000000000000000000e+00
1.200000000000000000e+01 1.300000000000000000e+01 1.440723940821098026e+01 2.000000000000000000e+00
7.100000000000000000e+01 9.000000000000000000e+01 1.515294602257612411e+01 5.000000000000000000e+00
1.000000000000000000e+00 8.000000000000000000e+01 1.517297537838483379e+01 5.000000000000000000e+00
2.500000000000000000e+01 3.400000000000000000e+01 1.529917012819786493e+01 2.000000000000000000e+00
4.000000000000000000e+00 7.900000000000000000e+01 1.599083609217595736e+01 4.000000000000000000e+00
6.800000000000000000e+01 8.200000000000000000e+01 1.672329177004133882e+01 3.000000000000000000e+00
2.800000000000000000e+01 7.800000000000000000e+01 1.677500408596802473e+01 5.000000000000000000e+00
4.100000000000000000e+01 8.300000000000000000e+01 1.817768431130430429e+01 4.000000000000000000e+00
2.900000000000000000e+01 9.200000000000000000e+01 1.844917180985358129e+01 6.000000000000000000e+00
3.800000000000000000e+01 9.300000000000000000e+01 1.848192141739258432e+01 3.000000000000000000e+00
4.000000000000000000e+01 9.400000000000000000e+01 1.852964920353804246e+01 5.000000000000000000e+00
9.100000000000000000e+01 9.500000000000000000e+01 1.881875417832164388e+01 8.000000000000000000e+00
8.700000000000000000e+01 8.800000000000000000e+01 2.011374551643312003e+01 7.000000000000000000e+00
8.500000000000000000e+01 9.700000000000000000e+01 2.096097518293554174e+01 6.000000000000000000e+00
2.300000000000000000e+01 3.200000000000000000e+01 2.155697247178465403e+01 2.000000000000000000e+00
5.900000000000000000e+01 6.400000000000000000e+01 2.246659415949125815e+01 2.000000000000000000e+00
9.600000000000000000e+01 9.800000000000000000e+01 2.249567659604484149e+01 1.100000000000000000e+01
9.900000000000000000e+01 1.050000000000000000e+02 2.360897796096241308e+01 5.000000000000000000e+00
4.900000000000000000e+01 1.040000000000000000e+02 2.464583543258603981e+01 3.000000000000000000e+00
9.000000000000000000e+00 4.200000000000000000e+01 2.588112229514177898e+01 2.000000000000000000e+00
1.020000000000000000e+02 1.060000000000000000e+02 2.623987731807971358e+01 1.800000000000000000e+01
2.600000000000000000e+01 8.900000000000000000e+01 2.630823889311286479e+01 4.000000000000000000e+00
1.000000000000000000e+02 1.090000000000000000e+02 2.923799239885853041e+01 7.000000000000000000e+00
1.030000000000000000e+02 1.110000000000000000e+02 2.996492581191638394e+01 1.000000000000000000e+01
4.400000000000000000e+01 1.080000000000000000e+02 3.154914649568875618e+01 4.000000000000000000e+00
4.800000000000000000e+01 5.600000000000000000e+01 3.286366338740863569e+01 2.000000000000000000e+00
1.010000000000000000e+02 1.100000000000000000e+02 3.454523662789048188e+01 2.600000000000000000e+01
1.070000000000000000e+02 1.140000000000000000e+02 3.782571782163420693e+01 9.000000000000000000e+00
5.500000000000000000e+01 6.100000000000000000e+01 4.239239541939199540e+01 2.000000000000000000e+00
4.500000000000000000e+01 1.150000000000000000e+02 4.387023598202672758e+01 3.000000000000000000e+00
3.500000000000000000e+01 1.130000000000000000e+02 4.541656262574613834e+01 1.100000000000000000e+01
5.200000000000000000e+01 5.300000000000000000e+01 4.745024707430141575e+01 2.000000000000000000e+00
2.200000000000000000e+01 5.800000000000000000e+01 5.551126694927864946e+01 2.000000000000000000e+00
3.700000000000000000e+01 4.600000000000000000e+01 5.576383184912224067e+01 2.000000000000000000e+00
3.600000000000000000e+01 1.190000000000000000e+02 5.992083450416331658e+01 4.000000000000000000e+00
5.100000000000000000e+01 1.220000000000000000e+02 6.439285761109189821e+01 3.000000000000000000e+00
1.160000000000000000e+02 1.170000000000000000e+02 6.697451863272021910e+01 3.500000000000000000e+01
1.200000000000000000e+02 1.260000000000000000e+02 7.376024970395765479e+01 4.600000000000000000e+01
1.600000000000000000e+01 1.120000000000000000e+02 7.762466310857921314e+01 8.000000000000000000e+00
4.700000000000000000e+01 1.230000000000000000e+02 8.089317961684848513e+01 3.000000000000000000e+00
4.300000000000000000e+01 1.240000000000000000e+02 8.437325011205444980e+01 5.000000000000000000e+00
1.250000000000000000e+02 1.300000000000000000e+02 9.920002856037562822e+01 8.000000000000000000e+00
1.210000000000000000e+02 1.270000000000000000e+02 1.072291287387352412e+02 4.800000000000000000e+01
1.280000000000000000e+02 1.320000000000000000e+02 1.094868441983455369e+02 5.600000000000000000e+01
1.180000000000000000e+02 1.310000000000000000e+02 1.857433124789266117e+02 1.000000000000000000e+01
1.290000000000000000e+02 1.330000000000000000e+02 2.224931519201700780e+02 5.900000000000000000e+01
1.340000000000000000e+02 1.350000000000000000e+02 3.607358222539970711e+02 6.900000000000000000e+01
