2.400000000000000000e+01 6.600000000000000000e+01 1.569657209007520038e+00 2.000000000000000000e+00
0.000000000000000000e+00 3.400000000000000000e+01 5.990318124539289357e+00 2.000000000000000000e+00
1.000000000000000000e+01 1.200000000000000000e+01 9.061768728544281615e+00 2.000000000000000000e+00
5.500000000000000000e+01 6.400000000000000000e+01 1.124145739086321960e+01 2.000000000000000000e+00
1.500000000000000000e+01 4.400000000000000000e+01 1.132068789436737077e+01 2.000000000000000000e+00
1.400000000000000000e+01 3.200000000000000000e+01 1.154425627622894091e+01 2.000000000000000000e+00
2.900000000000000000e+01 4.900000000000000000e+01 1.284999863870664782e+01 2.000000000000000000e+00
1.100000000000000000e+01 3.500000000000000000e+01 1.330120187332461157e+01 2.000000000000000000e+00
5.300000000000000000e+01 6.800000000000000000e+01 1.360042785978543556e+01 2.000000000000000000e+00
3.000000000000000000e+01 3.900000000000000000e+01 1.425875616184553785e+01 2.000000000000000000e+00
4.000000000000000000e+01 7.800000000000000000e+01 1.471278734836493030e+01 3.000000000000000000e+00
1.800000000000000000e+01 3.600000000000000000e+01 1.514245426693289787e+01 2.000000000000000000e+00
5.700000000000000000e+01 7.400000000000000000e+01 1.588707197903112345e+01 2.000000000000000000e+00
1.000000000000000000e+00 8.000000000000000000e+01 1.700718108751724245e+01 3.000000000000000000e+00
5.900000000000000000e+01 6.200000000000000000e+01 1.859034187341310229e+01 2.000000000000000000e+00
3.000000000000000000e+00 6.000000000000000000e+01 1.919588971908923725e+01 2.000000000000000000e+00
1.900000000000000000e+01 2.200000000000000000e+01 1.933372779737391056e+01 2.000000000000000000e+00
7.000000000000000000e+01 7.300000000000000000e+01 2.016078302690936752e+01 2.000000000000000000e+00
1.700000000000000000e+01 9.100000000000000000e+01 2.028733301297761926e+01 3.000000000000000000e+00
2.000000000000000000e+00 4.300000000000000000e+01 2.115296232880704963e+01 2.000000000000000000e+00
7.600000000000000000e+01 8.200000000000000000e+01 2.196368494224470425e+01 4.000000000000000000e+00
7.900000000000000000e+01 8.400000000000000000e+01 2.203767859679117791e+01 4.000000000000000000e+00
2.100000000000000000e+01 8.100000000000000000e+01 2.287281569370765411e+01 3.000000000000000000e+00
7.000000000000000000e+00 6.700000000000000000e+01 2.300879244009371050e+01 2.000000000000000000e+00
6.000000000000000000e+00 9.400000000000000000e+01 2.392433534125871475e+01 3.000000000000000000e+00
4.100000000000000000e+01 6.100000000000000000e+01 2.412893774614739328e+01 2.000000000000000000e+00
7.700000000000000000e+01 9.500000000000000000e+01 2.450929576278895894e+01 6.000000000000000000e+00
2.600000000000000000e+01 6.300000000000000000e+01 2.470211894588966928e+01 2.000000000000000000e+00
2.700000000000000000e+01 8.600000000000000000e+01 2.501102398282800365e+01 3.000000000000000000e+00
4.500000000000000000e+01 9.000000000000000000e+01 2.600947106580885659e+01 3.000000000000000000e+00
5.100000000000000000e+01 5.800000000000000000e+01 2.656551753410543526e+01 2.000000000000000000e+00
4.700000000000000000e+01 9.700000000000000000e+01 2.673183342597776502e+01 4.000000000000000000e+00
4.000000000000000000e+00 6.900000000000000000e+01 2.739104137975496300e+01 2.000000000000000000e+00
2.500000000000000000e+01 8.500000000000000000e+01 2.807873283791039398e+01 4.000000000000000000e+00
9.600000000000000000e+01 9.800000000000000000e+01 2.902476389537334711e+01 6.000000000000000000e+00
8.000000000000000000e+00 9.300000000000000000e+01 2.915179131876554308e+01 4.000000000000000000e+00
5.600000000000000000e+01 1.070000000000000000e+02 3.053557624573465645e+01 3.000000000000000000e+00
2.300000000000000000e+01 3.800000000000000000e+01 3.104153388717097073e+01 2.000000000000000000e+00
3.700000000000000000e+01 9.200000000000000000e+01 3.385763726688607278e+01 3.000000000000000000e+00
5.000000000000000000e+01 1.040000000000000000e+02 3.494659922636002136e+01 4.000000000000000000e+00
5.400000000000000000e+01 8.300000000000000000e+01 3.604768264980332759e+01 3.000000000000000000e+00
9.000000000000000000e+00 8.700000000000000000e+01 3.829127199298698514e+01 3.000000000000000000e+00
4.600000000000000000e+01 1.030000000000000000e+02 3.842055665631397687e+01 4.000000000000000000e+00
8.900000000000000000e+01 1.060000000000000000e+02 3.855716229377800630e+01 6.000000000000000000e+00
8.800000000000000000e+01 1.100000000000000000e+02 3.929872176695994312e+01 7.000000000000000000e+00
2.800000000000000000e+01 9.900000000000000000e+01 4.101796227798889305e+01 4.000000000000000000e+00
1.300000000000000000e+01 4.200000000000000000e+01 4.185364565482693422e+01 2.000000000000000000e+00
1.010000000000000000e+02 1.050000000000000000e+02 4.298850623121656156e+01 8.000000000000000000e+00
1.080000000000000000e+02 1.150000000000000000e+02 4.431859927784734765e+01 7.000000000000000000e+00
1.120000000000000000e+02 1.170000000000000000e+02 4.517593805206202262e+01 6.000000000000000000e+00
4.800000000000000000e+01 1.000000000000000000e+02 5.007468034036104143e+01 3.000000000000000000e+00
7.200000000000000000e+01 1.210000000000000000e+02 5.634971920919256405e+01 3.000000000000000000e+00
1.160000000000000000e+02 1.220000000000000000e+02 5.704852388572538047e+01 1.100000000000000000e+01
3.100000000000000000e+01 1.240000000000000000e+02 6.162574451213171045e+01 7.000000000000000000e+00
1.090000000000000000e+02 1.190000000000000000e+02 6.207557154378260833e+01 1.300000000000000000e+01
1.140000000000000000e+02 1.230000000000000000e+02 6.322528974351790509e+01 1.100000000000000000e+01
1.020000000000000000e+02 1.130000000000000000e+02 6.342004341356346941e+01 5.000000000000000000e+00
1.200000000000000000e+02 1.290000000000000000e+02 6.820330644785764207e+01 1.700000000000000000e+01
2.000000000000000000e+01 1.260000000000000000e+02 7.198213848534011561e+01 4.000000000000000000e+00
3.300000000000000000e+01 1.270000000000000000e+02 7.199483393574018919e+01 1.200000000000000000e+01
1.250000000000000000e+02 1.310000000000000000e+02 7.610542395768906943e+01 8.000000000000000000e+00
6.500000000000000000e+01 1.350000000000000000e+02 8.252103018142878454e+01 9.000000000000000000e+00
1.600000000000000000e+01 1.280000000000000000e+02 8.528188428129028864e+01 8.000000000000000000e+00
7.100000000000000000e+01 1.110000000000000000e+02 9.688197609013329270e+01 4.000000000000000000e+00
1.180000000000000000e+02 1.370000000000000000e+02 1.044579308181670712e+02 1.400000000000000000e+01
5.200000000000000000e+01 1.340000000000000000e+02 1.144326957659845050e+02 1.300000000000000000e+01
1.320000000000000000e+02 1.400000000000000000e+02 1.278962439199981986e+02 3.000000000000000000e+01
1.330000000000000000e+02 1.390000000000000000e+02 1.290499937084898363e+02 1.800000000000000000e+01
5.000000000000000000e+00 1.300000000000000000e+02 1.412181049696800414e+02 1.200000000000000000e+01
1.360000000000000000e+02 1.380000000000000000e+02 1.940468639258415919e+02 1.300000000000000000e+01
1.420000000000000000e+02 1.430000000000000000e+02 2.704035079350493902e+02 3.000000000000000000e+01
1.410000000000000000e+02 1.440000000000000000e+02 2.785043777516003729e+02 4.300000000000000000e+01
7.500000000000000000e+01 1.450000000000000000e+02 3.265232936305590101e+02 3.200000000000000000e+01
1.460000000000000000e+02 1.470000000000000000e+02 4.658358980180700541e+02 7.500000000000000000e+01
