5.991383822992698072e+01
1.152323117693637933e+01
7.665421577784830021e+00
1.034654900777671749e+01
1.399822298453010916e+01
4.569665906896560159e+00
1.212930354568458213e+01
6.631679590612471031e+00
1.023156706423809581e+01
1.372421583647694732e+01
9.235945955388270789e+00
1.848461831426882540e+01
5.739999023723468241e+01
1.145701750472632163e+01
1.683279450567262359e+01
8.013920176821789809e+00
1.412192522557273833e+01
9.461652823773166077e+00
1.900713138256366364e+01
7.999145764031700523e+00
1.494404458954756443e+01
8.672423555889443136e+00
1.097176332661725517e+01
1.194827034648977815e+01
1.600242762823055287e+01
4.911975506595514851e+00
5.751415872457345202e+00
1.922757001360407259e+01
1.369353573815506309e+01
1.334513103103493847e+02
1.133508592324430353e+01
1.135738808896658725e+01
1.161317714221917008e+01
1.218359663770420553e+01
1.398407446947798505e+01
8.589864594372482287e+00
9.477218277377581046e+00
7.012939141961497924e+00
1.260493623853327705e+01
1.374378013513460495e+01
3.112920097147096499e+01
1.158539389955007337e+01
9.939246657496969561e+00
7.286206747212366608e+00
1.521427088288905694e+01
1.144777550126923771e+01
4.114268901049064731e+00
9.940507975949698150e+00
2.153085816848808776e+01
4.492926111573735781e+00
1.513490303158468109e+01
7.643494871741495444e+00
1.234929685385698761e+01
1.543721398762613362e+01
6.206673848357619150e+00
8.958167882918424141e+00
1.093781715898946238e+01
1.238006807991868996e+01
1.407490235848464977e+01
2.209831450218551652e+01
1.111678401647056269e+01
1.992766327472931209e+01
3.059445534780725851e+01
2.114706238535748639e+01
1.474302572589199123e+01
7.460323004995280449e+00
6.867238724813155670e+00
9.544403842160363638e+01
9.061792633764488514e+00
1.014488853933881352e+01
1.335731699696579611e+01
1.795141844267714504e+01
6.134677112082322026e+01
5.917662396679251913e+01
5.921583396344859551e+01
5.960915231540900550e+01
5.941936805433515190e+01
6.066793219537866833e+01
5.883226306286800877e+01
5.879998058310933118e+01
6.567697246051537263e+01
5.870625543757630993e+01
6.972938910393415313e+01
1.042146778444780182e+02
5.966969521944311339e+01
6.348494771298098982e+01
5.800085879535366473e+01
5.919497525729941856e+01
5.892604097165938271e+01
2.338561641524061230e+01
6.026736960043950830e+01
6.262554121463255541e+01
6.017051971567098434e+01
5.942885935254513896e+01
5.979869240398794261e+01
6.745068491520326859e+01
5.903103994158804824e+01
5.899029920324533549e+01
6.878315229675013143e+01
5.972808447573517299e+01
8.422274443437564173e+01
5.888576944447976302e+01
6.185069354967963307e+01
6.213874690934645884e+01
6.102159496787585624e+01
5.913683297063621325e+01
6.156386302841577418e+01
6.012256559067006378e+01
5.946947575450804635e+01
5.940549162858086873e+01
6.216154406718644054e+01
3.720606404152181312e+01
5.949542828016862472e+01
5.918161432195084615e+01
5.919502210153419952e+01
6.091164294709730598e+01
5.957363650305392611e+01
5.994346966162400037e+01
5.823874839857276697e+01
6.501930131642367883e+01
5.860202430006124530e+01
3.721424270217507768e+01
5.917945918584646847e+01
5.958293914372183053e+01
5.990705175162747764e+01
5.896662245483763343e+01
5.839588790991410150e+01
6.364074833345102888e+01
6.140213019998342503e+01
6.578241888756940625e+01
6.516154226741790012e+01
5.978273120265041030e+01
5.984058840893798958e+01
4.066173515970120889e+01
7.214315601020446422e+01
6.420174247001631329e+01
5.900774011925189200e+01
5.888035021811069214e+01
5.186701543061714403e+01
5.782950768551921783e+01
5.825967496600006967e+01
6.128771021205866987e+01
6.651361373875931804e+01
1.382979858508659632e+01
1.684481812134819734e+01
2.021239519326081080e+01
1.286414369198117491e+01
1.860540902470971858e+01
1.326659210504708497e+01
1.566399712275518219e+01
1.835228151863347534e+01
1.567678143915563638e+01
2.435836076911408554e+01
5.925384984405464195e+01
1.761080844605652374e+01
2.289330551879138653e+01
1.139416772431638947e+01
1.980911702497826354e+01
1.575638308216618277e+01
2.188866841746384750e+01
1.552934295125121444e+01
2.226522774111832703e+01
1.320592326247532000e+01
2.065528198814820371e+01
1.718053385332115113e+01
1.951762478981858706e+01
1.611660293772160202e+01
1.547175082099485977e+01
2.504282924928384801e+01
1.992631164313907988e+01
1.443129903464928816e+02
1.577788965622638884e+01
1.898905603198179648e+01
1.821162202589230361e+01
1.792513796331365228e+01
2.014306067695292413e+01
1.277501987261855021e+01
1.638293760060864557e+01
1.308667092233946505e+01
2.030021241450459257e+01
1.897959348237403887e+01
3.840246386515889299e+01
1.792389309415170828e+01
1.869363002350073444e+01
1.249202280301256174e+01
1.933672111164878160e+01
1.938311462227054349e+01
1.301224778665025106e+01
1.274363067935817995e+01
1.738655853038392962e+01
1.111219326029794097e+01
1.933955542603163735e+01
1.543968597209392435e+01
1.805730276073343177e+01
2.078268294498327862e+01
1.428329218290018687e+01
1.150226545713035620e+01
1.766252988831942972e+01
2.097504796480889411e+01
1.443681264863442593e+01
2.513629661721106956e+01
1.917189456031928430e+01
2.761801661616495807e+01
3.531046657277943268e+01
2.093129259371827899e+01
2.217926143690763041e+01
1.409812808728568356e+01
1.434818380647510949e+01
1.019792165230923757e+02
1.447130997833480670e+01
1.674329211416686647e+01
2.158201813156897231e+01
2.294412500795218790e+01
4.905315147056381164e+00
8.992436718676287910e+00
6.304172794908438071e+00
1.024039103299110565e+01
3.559620127084491603e+00
6.138737900526193059e+00
1.664556748349460591e+01
3.451502558762877371e+00
2.008343828550162513e+01
6.100623932778297842e+01
1.102893347024317983e+01
1.731005400575636344e+01
6.735109008800640673e+00
9.367528394126559022e+00
2.843896208786840241e+00
1.804219631008110980e+01
9.547483026878229140e+00
1.295523650549565531e+01
1.093359122021464813e+01
4.239175658283816261e+00
7.898026226559975882e+00
1.814374109105591515e+01
1.128743800669196418e+01
4.650587375687880609e+00
2.523052180572545566e+01
7.852178569989303192e+00
1.273158477319825863e+02
7.586891005446124048e+00
1.140589304338423915e+01
1.351311760268026418e+01
1.302631530776638868e+01
1.066526984958174751e+01
1.404199071503818175e+01
8.887286594448141841e+00
5.480686356796688585e+00
6.948979708107207998e+00
1.570272698170248127e+01
2.656876155649233340e+01
6.378734745452812938e+00
4.857184707038112670e+00
1.229513546143386371e+01
1.266107714553267627e+01
7.055388798411890150e+00
9.444210392940053822e+00
7.520091046708005322e+00
2.445283772712229364e+01
6.088626143876622265e+00
1.461680794244779769e+01
3.851800213359542369e+00
7.169078777509731992e+00
1.021799416631105473e+01
6.617940090625825889e+00
1.266566539038164763e+01
1.117898640034894342e+01
8.323813647484168854e+00
1.439130282104053649e+01
2.108314748556177065e+01
9.896702391051530157e+00
1.513337998130379702e+01
3.569576740005477689e+01
2.875464335315727382e+01
1.780060736856750836e+01
5.710037922269733279e+00
6.752275619894563263e+00
9.331112552429507900e+01
1.047428758954510464e+01
6.016959491781695313e+00
1.205927058493620940e+01
1.806949750026074497e+01
4.545230198125517873e+00
7.168874396766531376e+00
8.499641382341584617e+00
5.185135208197936940e+00
4.328470973961763946e+00
2.088727746522023665e+01
3.905335883616237957e+00
2.509790076972707595e+01
6.492747202136909834e+01
1.303252959407707223e+01
1.650832677360391187e+01
9.865126178979165772e+00
5.893667316377106502e+00
3.641855285015562771e+00
1.838333042016157748e+01
9.119482802655472398e+00
1.020323747434020056e+01
1.417922380183931352e+01
5.121401015326631168e+00
4.338114702204981299e+00
2.190164204331178865e+01
1.279302067333149395e+01
6.351458876614106686e+00
2.793953061870045218e+01
4.653974829509245126e+00
1.244839049429150180e+02
4.175557254833951681e+00
1.012596688797676237e+01
1.383447344750556596e+01
1.176428127601336016e+01
6.828288873563382211e+00
1.514584948910892415e+01
8.984184789749257050e+00
4.442532160327302471e+00
4.168562917449425420e+00
1.457328170651991073e+01
2.180757644586920208e+01
5.626613788871626554e+00
5.175676320069253045e+00
1.407816600543146279e+01
1.166572923453616539e+01
4.275977554094783528e+00
1.194716707943562284e+01
1.095021204366009826e+01
2.604661964457212520e+01
9.971313957568460395e+00
1.406518030423218590e+01
3.289394665065425549e+00
4.288821525863720119e+00
5.131093121186708572e+00
7.267661710767629124e+00
1.446261213698240944e+01
1.570272307869592154e+01
1.013405604587535613e+01
1.927690992826677174e+01
2.252110709497041441e+01
1.196280606640725708e+01
9.566135131193071572e+00
3.609661358486839333e+01
3.215962752693286575e+01
1.812137764028987519e+01
9.082802083911087010e+00
1.003548241614611314e+01
9.331040274621705066e+01
1.187090441698720866e+01
5.336936018066378296e+00
1.037084465097488639e+01
1.857491257952562336e+01
1.053791073652936916e+01
1.044893466035093255e+01
7.423166375668513339e+00
6.190820750659640659e+00
2.458343600241139981e+01
7.296859813409307449e+00
3.021794615475407397e+01
6.831949184270069964e+01
1.560412219251031374e+01
2.039855387483556726e+01
1.264460389712861677e+01
5.525540047144964717e+00
7.733605164867178416e+00
1.997322927316124108e+01
1.177299690354898587e+01
1.131437124041515929e+01
1.831136017649116354e+01
8.292564197071509824e+00
3.167979270466265707e+00
2.752729784266859525e+01
1.559923511988661460e+01
1.040389944373201558e+01
3.284569457976748907e+01
5.802134745749011557e+00
1.247492711626617563e+02
3.711092839387958975e+00
1.228329676177350294e+01
1.774741020505583222e+01
1.357408705497614676e+01
6.068203618335997973e+00
2.012971512827850518e+01
1.184792087542968630e+01
6.212166657553234828e+00
5.869336336944305899e+00
1.649880729943685154e+01
2.237056510737317083e+01
8.156483447810922272e+00
7.627173065478346281e+00
1.731103740455910867e+01
1.398424242449393695e+01
6.177064345874558882e+00
1.520943939212460094e+01
1.300796625066424106e+01
2.874377962344159343e+01
1.339008595844986438e+01
1.429216263493326089e+01
6.920234626525715527e+00
5.037613424764924908e+00
2.635423233610051152e+00
1.015567361012560177e+01
1.870455664839721521e+01
2.191475495727836886e+01
1.348452424480260703e+01
2.344773673291318872e+01
2.528003592152947476e+01
1.321163348491339562e+01
1.050814266979190315e+01
3.958831773166919277e+01
3.548115437937411798e+01
2.150488912327533697e+01
1.332967834618635372e+01
1.253826672166989908e+01
9.445601480721464327e+01
1.417243292870612414e+01
7.025845854622880360e+00
1.320040551754925673e+01
2.183347538643510433e+01
8.064740827803916545e+00
5.770233252374547206e+00
8.911602055973217418e+00
1.704823346914087168e+01
7.787297859179371784e+00
2.199104580249673901e+01
6.038671965611403181e+01
1.436111961864557784e+01
1.331247984831663267e+01
8.126539814534439188e+00
1.305005696803194226e+01
7.308660946608243947e+00
1.734606305438678220e+01
4.434895001765156053e+00
9.256077177505142473e+00
1.004980381546265811e+01
8.000587446047136453e+00
9.756613273790296859e+00
1.720410652939695950e+01
8.567067909417591665e+00
3.291223160183808449e+00
2.046946076886507626e+01
1.197944439087653556e+01
1.254960985883443811e+02
9.817203256914517340e+00
6.863862812720017637e+00
8.898423979797875916e+00
9.014368232231747768e+00
1.297021714020139882e+01
8.549625048455977705e+00
6.188272919242447934e+00
3.329175728018926250e+00
8.494503163071872365e+00
1.121064698983861874e+01
2.369985531454311101e+01
1.070709988597524109e+01
8.021572921348720797e+00
7.002673686259367258e+00
1.012719251348880434e+01
5.796065520323891107e+00
6.122475800389668876e+00
9.297543497463349738e+00
2.135430903750268783e+01
6.040942396132079395e+00
1.421227179781338279e+01
4.412355608033399434e+00
1.015100819371705043e+01
1.220691262050195114e+01
2.912623039675203085e+00
8.270100731058377619e+00
1.292375001493465803e+01
1.144516172483229965e+01
1.806706588879585951e+01
2.409688460005340005e+01
1.206472814947215255e+01
1.823052431417424657e+01
2.944605304696867876e+01
2.615413373700378941e+01
1.264549387374640865e+01
7.709863311194502522e+00
7.300554566671125123e+00
9.389533763693464152e+01
1.122228325011912808e+01
9.899584488858700126e+00
6.467783448852127748e+00
1.492141372356416618e+01
1.066863671612512121e+01
1.241367399275106465e+01
2.448366091645227982e+01
1.136243701432019471e+01
2.851841408729108096e+01
6.673529093797263556e+01
1.880973859364619827e+01
6.686798582821355197e+00
1.419479417180999370e+01
1.420556332363856278e+01
1.059683855952776987e+01
2.028895767882315937e+01
5.585588197515475528e+00
7.657584401577063105e+00
1.613370286505418960e+01
1.097313106330053145e+01
1.104874976543555221e+01
2.212849567176456134e+01
1.434394020770872480e+01
9.230848731266249274e+00
2.204267254958854494e+01
1.229398007133774229e+01
1.237858750078666219e+02
1.171331180116476389e+01
4.731991757522750142e+00
6.307392635468788811e+00
4.508602494699515795e+00
1.401951608054867648e+01
1.343833218391313800e+01
5.414062167030685657e+00
7.011884493010988706e+00
1.179414806077147482e+01
6.163756744679592003e+00
1.641405037277961299e+01
1.264493206882557885e+01
1.193398506541959492e+01
1.209202959147737033e+01
1.053579169598315701e+01
9.140363460837161114e+00
1.147943466335902230e+01
1.558903932563146810e+01
2.336128037839009153e+01
1.329843625085584335e+01
1.722880612525302269e+01
8.797379390075725780e+00
1.250803216018529440e+01
1.048487108218987629e+01
8.359184913120332183e+00
1.641572359342443477e+01
1.880324154551373184e+01
1.504967045204233500e+01
2.379321752813889645e+01
2.800453014904041282e+01
1.803785360761742851e+01
1.814084307926276907e+01
2.630117291026415671e+01
3.048088179383758245e+01
1.054583856274638798e+01
1.393769455562407344e+01
1.377564383167409190e+01
9.328306165142497264e+01
1.662025890731352717e+01
1.184490755456475242e+01
8.432712258147143203e+00
1.412222199529866629e+01
4.276611147179837147e+00
1.698258966515762580e+01
3.672897174734111481e+00
2.252748070577272088e+01
6.120783338822076303e+01
1.164262261916963226e+01
1.862567383086825856e+01
5.486005937700658919e+00
7.923595752580267160e+00
4.266521253134978764e+00
1.686895882511381117e+01
8.730815786805415257e+00
1.109548480738195764e+01
1.216293038461706466e+01
4.758102856180602913e+00
5.901657120736981454e+00
2.020891264418546029e+01
9.733714026206776282e+00
5.149167984808185494e+00
2.737961069159828753e+01
7.703969375986639889e+00
1.274188318481425313e+02
5.334622078596732209e+00
1.052648632428465092e+01
1.432945883825153643e+01
1.266562383602254371e+01
7.465140884877406791e+00
1.272458593265138305e+01
9.515291297673920567e+00
4.265078532700825598e+00
5.005460000411760646e+00
1.458278280287332862e+01
2.673814271215671567e+01
5.980549925315441939e+00
4.156966112372891153e+00
1.108098670556851317e+01
1.348494282118741339e+01
4.575342039914956693e+00
8.736648311952029289e+00
6.000279634712896382e+00
2.414854313574565126e+01
6.249798779004352767e+00
1.204235515315435556e+01
3.927123801918394719e+00
7.405067514284089825e+00
9.263558827738634704e+00
6.011433478485738391e+00
1.062532848781305184e+01
1.392075016632051998e+01
8.464238848743931953e+00
1.593510797546785973e+01
2.053099733009207029e+01
1.019860396259466917e+01
1.263697359280793719e+01
3.562798919795128683e+01
2.964098697757778211e+01
1.768710466944900972e+01
6.170264550148223393e+00
4.606805292772649274e+00
9.423706916414172952e+01
8.356990517058680012e+00
5.012532148993828152e+00
1.010357109816725796e+01
1.821504860453546826e+01
1.921276562684129630e+01
2.578351075326956732e+00
2.459852414836568357e+01
6.370286110292627768e+01
9.756424883612355714e+00
2.083753582729721643e+01
7.514408791091844009e+00
4.144093470304532900e+00
3.799356461161186083e+00
1.766433576215450074e+01
1.162994481169837613e+01
1.357788657701443924e+01
1.498941216403673593e+01
4.966527874359057293e+00
4.369164910334959906e+00
2.402267058412826373e+01
1.224742435292378673e+01
7.385348517632531085e+00
3.071917687585798973e+01
4.890144187497670991e+00
1.267735743708229990e+02
3.108225033303089191e+00
1.437564690281194224e+01
1.816615338986254358e+01
1.498289896123482379e+01
4.642106634213901906e+00
1.667150843692731854e+01
1.141357352859376206e+01
6.353115336586683704e+00
2.410506113353218627e+00
1.797811722654289568e+01
2.607145216888089223e+01
3.460074657765602968e+00
3.326525760644220675e+00
1.564567760256328910e+01
1.348271567171391716e+01
5.498453356428919747e+00
1.259688759594920704e+01
8.299609304135826093e+00
2.838610750991767162e+01
9.379684395893598037e+00
1.247757519812830651e+01
5.641299445684019531e+00
4.181688852719291027e+00
7.442129657806473730e+00
9.903081108044347047e+00
1.292434641098280323e+01
1.794838020782665211e+01
9.848034871467465479e+00
1.751081204664952296e+01
2.029481561813573265e+01
6.537016339381112928e+00
7.485391097479593192e+00
4.054516430542207672e+01
3.212302969229449445e+01
2.177771889082966084e+01
6.947827466069989022e+00
7.902208732697647342e+00
9.431980103621677358e+01
9.811423725300391752e+00
3.448964402742798363e+00
1.358125033809224647e+01
2.108320499234863377e+01
1.772710638318862664e+01
6.498571142550076729e+00
4.746483211685621484e+01
1.734789951174794354e+01
3.031689347091840503e+01
1.371977834190392187e+01
2.161767206136880404e+01
1.814133581875254819e+01
2.654874470094711825e+01
2.172939907203698695e+01
2.862324951094804959e+01
1.688502164227339364e+01
2.292976215103784909e+01
2.007677511057399755e+01
1.442210021562774180e+01
1.521776134452699836e+01
2.005672955206579999e+01
2.267369297396860617e+01
2.117846078100315665e+01
1.449611187501685095e+02
2.004771703210900569e+01
2.255530379946257824e+01
2.412071933906461751e+01
2.451932194220929162e+01
2.273771831444421565e+01
2.121818410053929682e+01
1.982636136797253457e+01
1.820894648706538277e+01
2.461103651595799491e+01
2.646886279853742963e+01
4.260250521473120244e+01
1.941146094407845624e+01
2.098835607308621576e+01
1.960115839193671405e+01
2.544125418194655808e+01
2.436205144883675899e+01
1.552412653335255932e+01
1.437749631128572503e+01
2.952350584797520838e+01
1.245920731261658077e+01
2.476509643842485886e+01
1.972373183231349714e+01
2.002136850983087157e+01
2.476462625612730761e+01
1.768610055379497936e+01
1.663457755745494282e+01
1.218924814899026465e+01
1.738075697428442012e+01
1.470945577679214900e+01
1.800485480612235989e+01
1.545589482139591375e+01
2.767875284982383732e+01
4.410805107651183476e+01
2.274613707854508959e+01
2.412704144107505044e+01
1.352620989135378160e+01
1.373304290737020317e+01
8.705858531444813764e+01
1.310261044508408368e+01
1.779393325940790049e+01
2.826130505303545348e+01
2.204640019641413673e+01
2.089620554388171314e+01
6.256426327953330002e+01
1.013144290737765729e+01
1.849018342501270240e+01
6.602473700396290113e+00
4.256486923610901307e+00
1.816427651879368721e+00
1.760641654519416477e+01
1.071321864614930419e+01
1.316409416541932842e+01
1.270996353795971068e+01
3.687482183758985066e+00
5.337732433462258896e+00
2.069166655653097564e+01
1.107107712182169124e+01
5.925391757209613530e+00
2.758288197668706232e+01
4.834037898861932803e+00
1.264886632769631376e+02
4.473853567019357769e+00
1.257932975113184426e+01
1.593898354702034048e+01
1.386601322486116672e+01
5.639921858373567076e+00
1.515952298930399778e+01
9.949465098468040836e+00
6.141155842319156122e+00
3.433888836833249858e+00
1.709771698846635601e+01
2.543563995429219915e+01
3.510607506084550078e+00
3.046891799400024414e+00
1.385610392356986154e+01
1.300127275170187602e+01
5.657244941145023631e+00
1.074747652554605537e+01
6.697964667846646236e+00
2.583231303707948001e+01
7.114352947382739600e+00
1.348701016688596432e+01
4.152700515293291872e+00
3.838261587473993597e+00
8.252042419749740176e+00
8.417402578590369444e+00
1.105785601098501303e+01
1.339303660942806928e+01
7.764368765382759108e+00
1.658679764407774471e+01
1.904458896946462687e+01
8.884376614339677403e+00
7.077503873847245330e+00
3.803281721825628381e+01
3.096034474412681448e+01
1.949875444530226076e+01
6.087253743618431301e+00
7.406596273745809533e+00
9.364861970607111630e+01
9.424988282798590689e+00
4.103327159381444211e+00
1.271527240240411061e+01
1.913571468038840706e+01
4.862747653774286505e+01
2.173559816038454073e+01
3.438181063561948037e+01
1.879846204778687380e+01
2.584071848434794560e+01
2.116600897530075542e+01
3.164645221279143783e+01
2.477215115447652494e+01
3.349577526165089836e+01
2.162702276891390696e+01
2.467827483799977628e+01
2.487949287660294573e+01
1.569079212687531921e+01
2.046349574298177387e+01
2.315880728762454766e+01
2.706834154593160946e+01
2.325383927452076094e+01
1.446598760621986060e+02
2.550643902031833221e+01
2.701196246361409692e+01
2.744697368472208865e+01
2.955681725806130800e+01
2.824331026031634551e+01
2.622629304712026865e+01
2.204187243062468937e+01
2.396184195663327188e+01
2.855476331438784854e+01
3.203823317028070505e+01
4.512013943626050150e+01
2.161308108936271211e+01
2.503704925576474949e+01
2.462971275768109436e+01
2.942445739490459999e+01
2.887901557545671594e+01
1.925753530275812864e+01
1.808781782269061011e+01
3.420475574929397311e+01
1.717921118396521152e+01
2.972876364948865557e+01
2.364877219398448105e+01
2.326239282766946914e+01
2.886726339897826321e+01
2.142234124679956153e+01
2.149510768263326455e+01
1.519408353331081152e+01
1.959381295859318683e+01
1.816808024821456868e+01
1.934800735025678620e+01
2.440885840387839067e+01
3.455163887001955203e+01
4.859133221665028657e+01
2.768685803287674574e+01
2.612084714544485564e+01
2.027354121995263725e+01
2.001534497729279138e+01
8.828992141030659013e+01
1.789066799718027312e+01
2.076812970820400039e+01
3.281390437265790894e+01
2.474789326262895273e+01
5.781520148877014975e+01
7.090152330965688066e+01
5.420329974504788595e+01
6.596890286900745082e+01
6.284906838367832194e+01
7.080239528264833382e+01
6.292964677373127103e+01
6.969267357583649414e+01
5.686422761372124057e+01
6.582566068033494844e+01
6.481777206970852490e+01
5.995917423562006832e+01
5.737344013181196090e+01
6.144061253833497460e+01
5.821824417617528979e+01
6.553841882096570259e+01
1.199785709787953181e+02
6.470373402278944752e+01
6.449200639319195716e+01
6.507791985153694725e+01
6.660694785026798570e+01
6.510265663147630733e+01
5.611908634825810793e+01
6.332585152754737834e+01
6.220559593697391421e+01
6.793660687857953917e+01
6.764026472612430041e+01
8.445019816946049218e+01
6.357196842976050277e+01
6.164628943644159165e+01
5.228150985459067357e+01
6.265188154998744352e+01
6.726350981009780128e+01
5.766270945879496423e+01
5.876412347410637693e+01
6.731188286847476832e+01
5.736690893391816104e+01
6.774809081039329328e+01
6.279694414821607040e+01
6.548764772760917197e+01
6.895238332724942154e+01
6.118569958438359180e+01
5.703752099687189059e+01
5.753521471649454355e+01
6.133697740696597833e+01
5.097393791135984742e+01
6.283334490163422004e+01
6.140461207018245915e+01
7.335186006406320303e+01
8.368360312907094567e+01
5.875721806656676449e+01
6.558461757691696903e+01
5.733712466333810909e+01
5.830061703704615894e+01
7.795205169645193166e+01
5.910394008996336623e+01
6.313415617260478285e+01
6.258760759201005186e+01
6.438969912745878332e+01
2.532036796409332169e+01
9.873391880549659660e+00
1.210488727040613988e+01
9.929023880638693456e+00
2.146746588221096275e+01
1.692853600365632971e+01
2.286587027233643710e+01
1.465756376582211118e+01
1.231389335077970770e+01
1.296179354028113195e+01
2.824379294694887221e+01
1.180087286780587164e+01
1.299088975326081119e+01
3.039484191913009425e+01
1.299553919587490824e+01
1.347464689473730743e+02
1.152095488079459784e+01
2.137340829186283386e+01
2.208063269824938857e+01
2.010379258470652175e+01
1.344464399714042813e+01
1.868576857044245187e+01
1.585110264309765959e+01
1.311813372197168626e+01
1.448735222222876828e+01
2.313740400023132082e+01
3.617045127629473455e+01
1.106741272143788635e+01
1.164946342929516376e+01
1.678648919048694665e+01
1.966645545340633561e+01
1.654356363545415931e+01
1.377878208102684354e+01
1.060820429571457169e+01
2.824874179239871808e+01
1.024399922341830660e+01
1.735264086521065963e+01
1.267870620659773451e+01
1.262105828415409903e+01
1.645285970488355076e+01
1.614144886785883770e+01
1.274811329858944298e+01
1.908676621424424980e+01
1.705676405154374464e+01
1.684594006781603071e+01
1.920006960431937415e+01
8.699540000823072106e+00
1.784505210038697598e+01
4.347536152995156300e+01
2.670521418216609888e+01
2.609353093584818239e+01
8.764638352605000904e+00
9.379874363918567326e+00
9.762939705365981524e+01
8.165889212925883101e+00
1.178186674204519591e+01
2.215219483341561002e+01
2.680762229000205821e+01
2.175794083240507604e+01
2.419592945257789296e+01
1.754443475831777732e+01
2.418765061706110586e+01
9.909959541376107239e+00
1.056224066774522186e+01
2.007500711852082986e+01
1.900280338078587761e+01
2.060175608353944199e+01
2.659480948136230793e+01
1.801994762896188718e+01
1.443596333178517988e+01
2.070970287485164363e+01
2.246064292804812368e+01
1.239776082574326495e+02
2.107322241035596733e+01
1.048975450509654017e+01
8.768292099229206826e+00
2.632406997258723624e+00
2.507424640880120847e+01
1.393425852836957368e+01
6.634180185074797009e+00
1.380689583316389069e+01
2.013710597387142087e+01
4.153645442010066802e+00
1.554415491601255717e+01
2.211494274707618501e+01
2.018075691879194267e+01
1.553473731332709917e+01
1.251325041996968501e+01
1.648974571873826633e+01
1.556719708377863043e+01
2.285793726066520293e+01
2.513758695855663206e+01
1.846610240636617206e+01
2.372753462057436735e+01
1.522090293568858499e+01
2.055895717169420323e+01
2.122644610429392031e+01
1.439500676249768674e+01
1.717019221358595615e+01
2.404851279835486366e+01
2.365744825282519059e+01
2.906055858040411621e+01
3.690022522578711772e+01
2.604717815322910468e+01
2.992216791489827443e+01
2.450977938042701965e+01
3.033396606366737913e+01
1.086160703018375528e+01
1.936423725753323311e+01
2.108823459600539962e+01
9.427294921407118977e+01
2.359104883577087719e+01
2.118478332759188021e+01
1.332672265150365121e+01
1.453792060585030654e+01
1.156155390066617983e+01
7.610427404993451717e+00
1.872081334539912945e+01
1.192832798191599863e+01
1.755044789866997945e+01
1.236013665240999337e+01
9.362216834336093640e+00
9.391871758226153943e+00
2.096309579989256378e+01
8.910995829494538611e+00
7.334630079464528940e+00
2.784882895355693933e+01
1.095402615920525768e+01
1.338157868483389166e+02
8.698349632441233936e+00
1.547053051653767142e+01
1.700988478682433680e+01
1.569100803450704618e+01
1.083952939117958714e+01
1.410346554046734546e+01
1.164734626689243946e+01
8.069749970281023366e+00
1.095673940173069738e+01
1.780650756388763867e+01
3.296428522143936846e+01
8.791941776444382128e+00
8.301647179678283806e+00
1.152532959239986177e+01
1.673929775931154040e+01
1.143113963832657021e+01
1.006788954072750819e+01
4.292667440896856590e+00
2.495689621463899144e+01
5.774181614979077892e+00
1.387288324387327876e+01
8.016685603601407806e+00
1.082035923254569454e+01
1.355631711778397275e+01
9.710585461299176657e+00
9.117384456738896858e+00
1.374085371544580525e+01
1.085589757109918807e+01
1.315431630632341253e+01
1.924643929067852000e+01
8.757194648311617868e+00
1.765767990161430134e+01
3.748598694581370694e+01
2.381348001170066553e+01
2.075298966483966012e+01
4.784497817093910754e+00
5.052879540244826551e+00
9.618924818917676589e+01
3.918872097083566430e+00
7.263234506584549166e+00
1.600260676125311221e+01
2.129273792942937504e+01
6.395613968200495769e+00
1.861367825600872550e+01
1.522219002226710138e+01
1.670196830559243750e+01
1.861439164759609355e+01
6.404025614856330151e+00
6.271269027685923092e+00
2.589619072304433800e+01
1.431621714180020710e+01
1.083662448590452598e+01
3.453894623959187982e+01
4.835103796742942883e+00
1.259358564308568873e+02
4.324351848224370798e+00
1.704414760967007325e+01
2.183527422699585330e+01
1.756493751288811467e+01
4.089569489891113463e+00
2.003243176743563936e+01
1.325996762552362895e+01
9.886688487418503257e+00
6.531837097730997854e+00
2.123993572105405292e+01
2.494165044559235866e+01
5.362608718008372577e+00
6.072124054583191821e+00
1.961808263407593245e+01
1.601327342407340737e+01
8.758990730124157409e+00
1.582910026363521538e+01
1.147998956065912957e+01
3.279955682145257612e+01
1.296770611965530762e+01
1.503732801938693342e+01
8.262226369985908647e+00
6.247093759855179229e+00
6.077009556181527827e+00
1.335567968342511058e+01
1.563904952032785900e+01
2.020878942159244929e+01
1.266053440387304541e+01
2.019973007185387814e+01
2.026984269445571485e+01
9.755782933292794112e+00
6.979110287613454311e+00
4.583258353217111392e+01
3.454892180482600850e+01
2.434283707556272702e+01
1.068473454521773114e+01
1.136039789613251827e+01
9.448565809238681368e+01
1.157570612629655216e+01
6.210674544603077329e+00
1.827228130103474513e+01
2.267281267562903935e+01
1.822352357757877428e+01
1.033241989163342822e+01
1.262642116224586175e+01
1.233440126792805813e+01
3.609341505856191290e+00
6.222998376368931162e+00
1.890777701897611962e+01
1.134548625941853217e+01
5.586230624326761429e+00
2.728322396543004658e+01
5.388402002066066565e+00
1.262411698888581384e+02
5.390916664441856909e+00
1.200566268720853103e+01
1.486714252366549793e+01
1.364334756206286769e+01
7.611039792742777976e+00
1.503927848402213030e+01
8.846553036912332857e+00
5.571248868671971444e+00
3.881773412369628140e+00
1.652925731378466878e+01
2.538821475725306698e+01
4.449802203172800397e+00
3.671039543948756645e+00
1.371159915329630152e+01
1.257109365695551162e+01
5.326952646398830815e+00
1.052629931067917113e+01
7.980411107227807221e+00
2.557521822498341280e+01
7.884881069917090812e+00
1.392218811410688062e+01
3.838861717752465985e+00
4.104773947489802843e+00
8.345337426977526007e+00
7.889006643910251526e+00
1.128730639480092179e+01
1.200574270938168553e+01
7.179914744555428108e+00
1.665882144539815002e+01
2.030619621225087101e+01
8.130457426995924664e+00
1.008361097010017815e+01
3.705393953606882462e+01
3.089494805692226009e+01
1.861008406466884679e+01
6.524809847035148991e+00
8.238340519371885051e+00
9.363721092431630666e+01
1.027696329893617211e+01
5.193296184937914006e+00
1.191725545439282996e+01
1.784646800598995497e+01
1.828748389071949987e+01
2.113263494400239750e+01
2.257148880705207006e+01
1.894913218682810907e+01
1.858270428438999744e+01
2.848430997690830679e+01
2.087384792984102688e+01
1.769821973101731416e+01
3.022306180248735785e+01
1.963926382142044602e+01
1.024261106389164411e+02
1.808658661588569672e+01
1.942666650940017448e+01
2.093319319383979860e+01
2.056229050024942495e+01
1.814704380025484909e+01
2.099737144865211036e+01
1.981896659010937967e+01
1.714446954315064175e+01
1.840485635368186479e+01
2.179013977575777261e+01
2.484256200083710553e+01
1.904668052730915662e+01
1.815129534663693889e+01
2.014351614832141735e+01
2.032720087620685945e+01
1.845423599125520298e+01
1.999978596394422681e+01
1.937254858706918625e+01
3.077112722535271416e+01
1.871586022001929805e+01
8.277623862617433659e+00
1.775647287450221867e+01
1.926556445339730317e+01
2.033455664269596497e+01
1.753941576081525255e+01
2.044270587672914985e+01
2.347990205952389431e+01
2.185022293009990690e+01
2.672961777544674078e+01
2.893644658140485149e+01
2.101673366869716375e+01
1.931752784373487231e+01
2.512976958685627693e+01
3.536455735759113850e+01
2.372732530165972520e+01
1.848183486805022824e+01
1.825327531652504831e+01
5.967978552653564606e+01
2.071590814691418103e+01
1.787626718684311200e+01
2.021082604508198344e+01
2.621712184821441838e+01
7.402852597114545574e+00
1.435717536356514046e+01
1.008542081798693602e+01
1.133349935851223478e+01
2.017596285523216437e+01
1.105148803759909626e+01
7.220471416210369142e+00
2.073728521537473668e+01
1.381581910202211461e+01
1.225527480144698700e+02
1.207388333136053760e+01
5.567145534236951576e+00
6.348938333532879952e+00
7.006292763133503243e+00
1.536534575355885934e+01
8.881652970188749663e+00
4.557264396247411753e+00
5.248556814333024789e+00
1.127781892243342554e+01
8.016760525814989435e+00
1.811119830166630962e+01
1.283423546208825172e+01
1.087049432314382713e+01
8.574810628642248744e+00
9.287957770435442129e+00
7.492868820610418368e+00
7.705946011794397421e+00
1.320952216891151565e+01
2.162546850406186039e+01
9.896941013242688712e+00
1.597433942991507472e+01
7.233560634322278915e+00
1.316160739250896050e+01
1.304412440281681640e+01
5.418077144190180050e+00
1.180300602147784694e+01
1.497240618187439587e+01
1.358082768367251703e+01
2.164818018209238915e+01
2.679253875996494116e+01
1.682384319460591371e+01
2.032680624356609655e+01
2.766349981934121161e+01
2.910108062793080563e+01
9.946743857581612502e+00
1.103982755604608812e+01
1.053015018845773554e+01
9.254716902250009980e+01
1.477968061692354595e+01
1.165777024864312139e+01
5.621179341577309252e+00
1.330608797678029021e+01
2.021964953840824109e+01
1.351045540404666312e+01
1.232313480569560760e+01
2.915886964151241401e+01
1.678285102851565824e+01
1.136722713198544099e+01
2.819254201919747160e+01
1.521751046841642463e+01
1.243631234066366886e+02
1.253918604685479998e+01
7.550634293143094311e+00
1.108498827596386960e+01
7.074997261092540235e+00
1.512263459547424738e+01
1.787101351092329793e+01
9.304611032818495886e+00
6.826187893299803022e+00
1.290536692054322820e+01
1.158242175969479426e+01
2.050559058834299364e+01
1.527936445856625269e+01
1.369705815022601669e+01
1.688407971660463858e+01
1.302320028507706517e+01
8.280773787862965918e+00
1.532946270733197203e+01
1.954792095098431304e+01
2.665751775567754933e+01
1.774388765656556188e+01
1.675018010804215862e+01
9.848753745427435646e+00
1.481250729560694701e+01
1.281156612199745659e+01
9.027811542004236856e+00
2.043897761821455461e+01
2.405968624868901884e+01
1.800189739247576881e+01
2.902816647350404011e+01
3.155012710820017219e+01
2.036392713889345529e+01
2.146445930646860845e+01
2.728859321237794688e+01
3.694076499555434623e+01
1.521155037517474184e+01
1.839495725940760096e+01
1.642875674820674448e+01
9.491611656471152969e+01
2.060915699068077345e+01
1.363145532154804584e+01
7.923010528195238322e+00
1.825863559824462001e+01
1.483630994786163448e+01
1.816728533410953261e+01
2.108799871003549953e+01
1.126902228901730929e+01
1.137234898930286420e+01
2.095450663355498477e+01
1.759564666465646354e+01
1.317545379742719547e+02
1.637261551355630473e+01
1.670098833150661477e+01
1.555515694133728033e+01
1.608102851237144648e+01
1.977014857882443977e+01
1.457631888734546877e+01
1.279621940046945205e+01
1.144276414072134251e+01
1.794467539076272899e+01
1.866013020468529504e+01
3.390628701717999860e+01
1.599046290564342776e+01
1.480705990620601398e+01
1.050997265406726022e+01
1.851070803447669633e+01
1.713618871262976029e+01
9.941551908175101815e+00
1.221506606787678528e+01
1.869055581873706018e+01
9.067693647733735318e+00
2.079768967397669854e+01
1.198497431771696853e+01
1.564573519627929343e+01
1.995866619907582162e+01
1.214702175598277378e+01
8.603219931862962966e+00
1.394577436013537941e+01
1.883563420493504381e+01
1.771375241923416866e+01
2.310149209577997453e+01
1.664348334039667421e+01
2.618316140651462831e+01
3.429357912129781027e+01
2.198316480657160099e+01
1.843306789198445372e+01
1.069807800033841794e+01
1.304067235547429249e+01
9.703984255540214576e+01
1.262092074191194513e+01
1.664447678695979249e+01
1.881348670265239065e+01
2.394775540416891602e+01
6.436765655614222759e+00
2.142585795394636961e+01
1.292112925209609742e+01
6.485021426525834798e+00
3.089001440774080720e+01
4.587849512622261372e+00
1.237988210369072988e+02
6.054181337478191871e+00
1.330267858708836215e+01
1.455789290009403913e+01
1.435979312504850824e+01
7.431538437096033789e+00
1.705853241022932210e+01
9.405844988795385220e+00
6.505925176820226419e+00
4.943778579568525622e+00
1.718838999908398080e+01
2.453269843296875052e+01
3.164722088081552975e+00
3.420372045728321986e+00
1.449384539577349251e+01
1.336425056761217434e+01
6.568028968991946215e+00
1.185169627536924608e+01
9.757380157459319747e+00
2.617614893252367736e+01
1.043027997421795661e+01
1.451571207905666583e+01
4.709678516063693365e+00
5.934315142184499514e+00
8.477988940927184913e+00
7.276336636145056325e+00
1.586832285881594373e+01
1.538298376722476846e+01
7.218140975562245210e+00
2.274541152228880492e+01
2.223356904818119162e+01
1.068672234449868164e+01
9.823759599750108151e+00
3.818197048126353366e+01
3.608052729302376349e+01
1.833616285814721891e+01
9.690800039301722180e+00
9.543446039158331118e+00
9.285466800958201361e+01
1.173772257705869393e+01
3.662588269273847175e+00
1.253621153952796874e+01
1.763902799233224528e+01
2.507387211630555868e+01
1.496004018648046419e+01
9.869396279392656623e+00
3.116114986927684782e+01
5.311504926997503873e+00
1.245725303854004267e+02
2.459037715454750028e+00
1.364433661100279593e+01
1.760111146359979983e+01
1.422326025963155693e+01
5.881923510247936804e+00
1.760497355762933580e+01
1.119826226894100607e+01
6.007795217802893717e+00
4.012469485254541723e+00
1.653901479280798981e+01
2.032539075619904878e+01
6.294452320769599041e+00
5.967416546700199831e+00
1.652725250766668808e+01
1.338969779097884683e+01
5.589210461033985666e+00
1.359609339420472729e+01
9.969853777223768532e+00
2.901466210438886151e+01
1.109199843691495069e+01
1.309400911091085717e+01
6.590459479834903433e+00
4.139496044150322795e+00
3.222721922431657227e+00
9.845760034273114414e+00
1.432266184586497815e+01
1.821774610530786376e+01
1.102902504942559503e+01
2.023734172965628630e+01
2.180316958937320138e+01
1.077004074716234960e+01
1.158766779770298072e+01
4.006969940739423919e+01
3.349407380462181294e+01
2.114435386896316871e+01
1.005580378995865942e+01
1.036636191925725647e+01
9.365157807082022146e+01
1.186151702603554625e+01
5.203412217025856989e+00
1.298239553840417315e+01
2.074059695327172648e+01
1.979796133916988765e+01
1.997627275982913275e+01
2.289085044890598653e+01
2.029181111502326118e+01
1.445152324793784260e+02
2.549285366569071698e+01
2.042618798888673126e+01
1.855972298953590993e+01
2.381122052343925333e+01
2.885152620154696734e+01
1.802303961115776332e+01
1.610533652542117977e+01
2.078035685156985579e+01
2.711813305178184663e+01
2.456636053003691700e+01
4.246792355090182980e+01
1.894858249164122554e+01
2.175422895084136599e+01
1.673208264656581434e+01
2.731634955757401073e+01
2.631290250550947007e+01
1.345932685190995493e+01
2.033202595143195879e+01
2.391044170161641347e+01
1.762056710920589353e+01
2.929909966498578200e+01
1.879440636709030699e+01
2.310996007526445339e+01
2.606892136043740393e+01
1.621754256725903787e+01
2.007888164447704327e+01
1.148689156082608243e+01
1.523911045392859265e+01
1.916504938210182729e+01
2.373555080742735157e+01
2.659174221719620945e+01
3.654912557764799885e+01
4.031855669348435356e+01
2.530493359351353178e+01
1.737952148126041862e+01
2.474918951952443180e+01
2.113776788018520136e+01
9.281945527420990061e+01
2.163604636757630573e+01
2.050257656304741971e+01
2.704286637200486609e+01
1.639149642585856270e+01
9.511490212737884420e+00
2.015641355508088850e+01
1.484532003705406922e+01
1.331065832677710148e+02
1.248064458433386292e+01
1.351046304226649575e+01
1.378562983835392330e+01
1.430369786519464981e+01
1.396272383650643789e+01
9.341593743227132762e+00
1.188367627319992259e+01
1.022809593372568671e+01
1.546861051151988953e+01
1.523559094159995198e+01
3.203398165268367137e+01
1.317164273458186941e+01
1.252797526073582013e+01
6.863546808433756752e+00
1.742691421989269429e+01
1.288059208799668554e+01
4.801954438866260055e+00
1.044941675018474569e+01
2.404816622669668646e+01
5.673324822651411914e+00
1.644953898917844981e+01
1.107272248758102862e+01
1.469406436551430950e+01
1.706859182013310061e+01
9.802648819327046681e+00
9.406868217841209301e+00
1.552045506963123067e+01
1.558251327012702525e+01
1.862358074147575948e+01
2.022044830593696219e+01
1.227350197662434184e+01
1.769553928380309316e+01
3.119832856760976370e+01
2.331764495303875862e+01
1.595987066138457422e+01
9.916889971064573928e+00
8.519981931341177983e+00
9.558659670673156938e+01
8.005552501770660356e+00
1.308148881588714652e+01
1.459836411463069084e+01
1.875303191672375291e+01
2.367808048169608881e+01
1.019732486680227979e+01
1.251395095589303139e+02
8.794557772949026742e+00
9.028174449320076178e+00
1.060430762317482589e+01
1.067962704610367908e+01
1.144007962731712169e+01
1.061593327751178606e+01
7.435689718869960885e+00
4.605297847238498221e+00
8.022451910974746525e+00
1.308645567429720913e+01
2.554212317192528658e+01
8.878024923368291965e+00
6.877141212160836403e+00
8.862710889200378972e+00
1.124276663716263513e+01
7.411653744578480030e+00
7.150672857735881571e+00
8.631253064036553013e+00
2.258395971659313517e+01
5.727478316727317775e+00
1.381762843205677527e+01
4.208391264424427014e+00
9.311491838162259782e+00
1.162251396247186364e+01
5.217991625844028647e+00
1.045182782405773381e+01
1.265912189620262041e+01
1.069259649097958231e+01
1.990710882127335424e+01
2.299224669513927921e+01
1.277354579472950569e+01
1.555722692900713966e+01
3.143710122195563628e+01
3.000637811949415834e+01
1.460494858438732990e+01
6.538828572915720727e+00
7.166874767104079780e+00
9.330993651229884733e+01
1.079865211507323686e+01
9.123892711983435433e+00
9.515530700218638671e+00
1.716428383539210856e+01
3.303372707014956688e+01
1.444107312097032150e+02
3.144665525431925346e+01
2.141072876328904329e+01
1.796632738095458137e+01
1.781154410346230321e+01
3.619027433247973846e+01
1.438061524024510973e+01
1.728014157400654227e+01
2.360454306435874372e+01
3.294879201830651283e+01
1.982525924005367202e+01
3.925723690493018125e+01
3.169684899048183624e+01
3.099722551653438174e+01
1.824766548477536077e+01
2.468816344421847475e+01
2.988147629905189007e+01
1.721864051755925829e+01
2.742271409971005980e+01
2.525338113886649793e+01
2.150745859153279582e+01
3.244362707505197108e+01
2.607947186131953288e+01
2.993814133754509399e+01
3.401047733267444073e+01
2.236060023596434831e+01
1.980940656473450190e+01
2.408218270540145056e+01
2.959055878803341244e+01
2.853384595826653936e+01
3.739873928740000508e+01
3.197310776277714695e+01
4.280528043487476708e+01
3.213463289494564634e+01
1.748172074004598997e+01
1.663798764531787810e+01
2.491500780203199028e+01
2.670154190175885134e+01
9.326524777556659274e+01
2.768131096165431515e+01
2.988010910822956134e+01
2.932832587701130223e+01
1.945003836648219675e+01
1.253837905057293227e+02
4.286031335689520994e+00
1.511155864712056029e+01
1.815183936795266817e+01
1.697027672332847104e+01
6.574773234038497449e+00
2.029774085975455122e+01
1.125812907152966602e+01
9.151621645903855296e+00
5.127746272725791421e+00
1.985401844797478077e+01
2.448711524828249964e+01
3.189961618556055534e+00
5.566753785159536783e+00
1.827131865559454482e+01
1.591206519113016782e+01
8.142664271725850611e+00
1.486640289875059828e+01
1.132496123872931904e+01
2.948967129235122897e+01
1.277866506856334894e+01
1.607199091688080017e+01
7.452567693086646017e+00
4.161859542456308070e+00
5.323263366201401503e+00
1.158279428695706592e+01
1.854849907172453527e+01
1.542494752772143407e+01
7.911528320304145545e+00
2.020486997136007545e+01
1.989799968768499383e+01
1.168217647460740061e+01
8.921973004933910545e+00
4.350442568624119843e+01
3.435430876577721904e+01
2.092657239764616861e+01
1.123021676333526386e+01
1.153544693325671311e+01
9.316111784878921753e+01
1.247329098498094524e+01
4.695303043773931151e+00
1.645719506146548738e+01
1.735152212835289021e+01
1.246339740381384473e+02
1.237320429023182840e+02
1.263514035769365620e+02
1.237513327604777231e+02
1.249277008004245886e+02
1.342397194077782387e+02
1.242278740026335413e+02
1.237915922068720249e+02
1.258812118741222861e+02
1.238235308270160147e+02
9.724329875952490454e+01
1.268594702429843437e+02
1.251505732457436864e+02
1.329334698866373685e+02
1.145368738184524773e+02
1.243363067929837626e+02
1.326532791213709572e+02
1.348829295883721215e+02
1.327069593173760325e+02
1.335346630186912193e+02
1.050349563047759887e+02
1.244315195076525242e+02
1.249456661497214611e+02
1.251525982262162984e+02
1.253168282733842176e+02
1.321951910177540981e+02
1.380058610535942307e+02
1.284919928174784900e+02
1.522381759107997823e+02
1.376111749653845777e+02
1.352428140784027732e+02
1.291269098579194292e+02
8.446871287282118601e+01
1.544950419831423005e+02
1.273482700345855818e+02
1.337743113110543050e+02
1.338495640479351323e+02
6.657440540967850495e+01
1.338829360718864336e+02
1.263795012161359921e+02
1.237449769134864823e+02
1.257648176721560276e+02
1.420430375324841421e+01
1.805794803971439677e+01
1.472160777532326037e+01
3.690135804570688016e+00
1.726829221549471782e+01
1.143380556313700325e+01
6.200247318636904481e+00
2.889809792240686903e+00
1.701934742262843159e+01
2.241120188634763011e+01
5.395720138623332218e+00
5.242029903030814175e+00
1.598747075126192385e+01
1.330992718618853843e+01
5.175068652775013156e+00
1.282554057125832259e+01
9.514596637463206719e+00
2.815455114399242120e+01
1.001364803008800308e+01
1.227278631782733243e+01
6.521188466198586831e+00
3.317031887867192719e+00
4.462407112583877122e+00
1.059042945540813108e+01
1.343961569176620685e+01
1.929188686321354851e+01
1.129247869170208673e+01
1.898038498086909343e+01
2.157468588636772822e+01
8.628620129210229805e+00
7.213445336981489930e+00
4.046599305819832182e+01
3.268328466645473895e+01
2.200542007704145675e+01
9.027520962529244741e+00
8.810554310241700549e+00
9.435583430659534088e+01
1.061403080709278335e+01
4.737019483617960880e+00
1.317151676916882508e+01
2.114064856522818658e+01
7.429845571293381745e+00
7.292079894437573984e+00
1.652811305589516522e+01
1.066042746157992127e+01
6.643834074958521185e+00
7.291675854081331565e+00
1.368500896837045921e+01
8.623759163391035543e+00
1.544114882646715436e+01
1.450021193127559016e+01
1.303995324013459722e+01
1.042270059713813524e+01
9.479391328895784952e+00
9.182295678699375685e+00
1.051089946008341158e+01
1.585252155990151657e+01
2.292564560609761060e+01
1.303511366418058515e+01
1.856494472509234939e+01
9.719075016955120105e+00
1.519449432731602201e+01
1.391322893716148812e+01
7.237938949085474860e+00
1.318441654390619533e+01
1.759157735287455182e+01
1.510845713195928042e+01
2.448106993401194842e+01
2.838598877162795020e+01
2.082087687925595887e+01
2.252508353825520970e+01
2.881731084311955016e+01
3.043906429300242777e+01
1.008415014003630539e+01
1.540506202737707397e+01
1.305789475663859633e+01
9.261816432444425118e+01
1.677864639840042216e+01
1.358449420926613271e+01
6.197599613566561416e+00
1.199474112179336238e+01
6.291073495827102846e+00
2.137254457606732672e+01
1.027793564353832245e+01
2.912908128949938558e+00
1.056065927065169241e+01
1.711439256513954987e+01
7.726457123056382770e+00
2.177114796166394228e+01
1.716789079230762027e+01
1.658456253354097498e+01
9.761956310671353165e+00
1.161920994738713375e+01
1.350675087769275429e+01
9.646445985113153654e+00
1.866857208361081888e+01
2.135852045466165450e+01
1.381926731761777205e+01
2.075285717365670735e+01
1.257426614615463834e+01
1.831362363524448966e+01
1.822103767256198381e+01
9.650398974098418847e+00
1.593584796791381564e+01
1.695980873550289658e+01
1.658355191611416046e+01
2.470315535689754682e+01
3.141207349085877354e+01
2.141000281317919729e+01
2.668705396809013308e+01
2.596011524119789371e+01
2.842009768019722316e+01
6.487506248956712795e+00
1.565950741699034054e+01
1.564409616312027218e+01
9.253297922806854103e+01
1.957869435367948796e+01
1.607251261072441650e+01
1.034462709664554936e+01
1.078498907994140410e+01
1.757782707133963385e+01
9.604048656334791545e+00
5.536561511594563001e+00
9.251223441100664857e+00
1.453907130931096248e+01
2.758319178444279984e+00
1.639283929433562648e+01
1.645074652691255324e+01
1.469911648610235844e+01
1.149308301066198368e+01
1.091637694736038355e+01
1.159506323402344208e+01
1.169442751055937890e+01
1.688090969853127632e+01
2.257690278406841955e+01
1.362768421914979555e+01
1.877927624356900793e+01
1.109155095100881994e+01
1.562502815267698608e+01
1.481510382921025126e+01
9.986720559765545957e+00
1.445329175320900816e+01
2.035136940771277381e+01
1.893097458056288573e+01
2.362870547982592484e+01
3.049725909423028014e+01
2.043393592795807479e+01
2.185557316237697023e+01
2.400456790610112279e+01
2.775888075956711987e+01
8.928940691407447616e+00
1.489226119611402765e+01
1.474662710493640105e+01
9.378183559820378434e+01
1.776062180120908351e+01
1.497821386126190468e+01
9.399394174757562226e+00
1.372511242301628265e+01
1.995588495635561799e+01
1.363836963863637486e+01
9.217513019573694066e+00
6.456128485301029230e+00
2.048073554109569727e+01
2.479511190110381946e+01
6.486243141270709778e+00
7.409222185449545250e+00
1.888968163001483447e+01
1.630032847159289133e+01
7.611713251576059491e+00
1.518378747274449658e+01
1.142088708404602748e+01
3.227758880172976319e+01
1.297660709578350691e+01
1.384428472684516009e+01
9.725461161365767992e+00
7.042772427941249802e+00
6.649170148508776634e+00
1.378865303177802915e+01
1.590240114433911600e+01
2.303535050262015460e+01
1.339740212348934989e+01
2.373290230314602312e+01
2.182537337012604084e+01
1.060886196477122212e+01
8.685370070759654837e+00
4.551522835155113000e+01
3.670082273853864763e+01
2.466872758593904180e+01
1.249014320981527248e+01
1.133719953583369389e+01
9.470426266478810362e+01
1.145903022624163015e+01
6.065334484173990681e+00
1.664043216098251676e+01
2.243494871145511382e+01
9.251758857103959954e+00
1.114304822998482081e+01
1.824689573349316163e+01
1.366604504955670762e+01
3.026120609810902096e+01
1.869676519127098047e+01
1.591278427665892181e+01
7.023165659006123107e+00
1.593797277646781652e+01
1.543752551841030574e+01
6.977671418672844794e+00
1.585716745704687014e+01
1.479016551811169755e+01
1.080221290525037325e+01
1.944097302148848527e+01
1.341471109556354335e+01
1.911903144293880885e+01
2.170618377430598400e+01
9.961241558408401531e+00
1.128090378209172506e+01
1.715103025545589333e+01
1.858657283305971220e+01
1.920944389840667554e+01
2.816376453294532922e+01
1.767446815824986217e+01
2.777196329986954737e+01
2.654065018311292690e+01
1.867889426072287051e+01
1.013063712327007693e+01
1.350904128456077302e+01
1.254173218827517466e+01
9.614394399632769250e+01
1.517182165685711581e+01
1.804199756367797036e+01
1.475722150980272929e+01
1.575477826160782158e+01
7.172473449732188477e+00
1.047560794197474010e+01
6.449570884035799700e+00
1.843625463259336783e+01
1.079368760443589537e+01
1.043626080995886163e+01
9.107734152194087329e+00
1.031889496746692103e+01
8.514238894360786958e+00
8.765058874574702230e+00
1.293472920637731249e+01
2.163633666793182542e+01
1.088421231284173629e+01
1.631330317803746155e+01
7.801138098082837757e+00
1.056225935671625393e+01
1.202227776122592395e+01
6.556403985345561125e+00
1.245388382826213913e+01
1.312288553753536569e+01
1.098626816879778190e+01
2.046352884233805369e+01
2.433196806644230037e+01
1.486771793638583183e+01
1.576728620649696921e+01
2.572184238572963011e+01
2.719961997770150575e+01
6.406111380635261199e+00
1.113747623466256798e+01
1.117545340612085347e+01
9.159115885540603585e+01
1.462277346560892610e+01
1.054716465221757815e+01
6.720977906611933506e+00
9.811638429268590755e+00
6.047378980440381468e+00
1.096052810548048484e+01
1.996619737049070764e+01
8.418950593774720659e+00
6.507519288429197246e+00
9.718675704567516505e+00
9.362463022495020937e+00
2.691474677872208510e+00
8.401718004354622238e+00
8.815340075281785204e+00
2.307580070650192283e+01
7.020193125337069517e+00
1.268702943114151083e+01
3.234076355960543658e+00
7.315085138379752827e+00
7.910346649920757756e+00
3.599229642745638724e+00
9.973887845677431585e+00
1.533524643117274522e+01
1.102614287091451217e+01
1.816721906412855247e+01
2.340814866609651901e+01
1.003893171633263570e+01
1.351036123334395711e+01
3.124932368626497947e+01
2.830400861339978746e+01
1.482349447154668098e+01
7.547753031899328668e+00
7.156353975282436330e+00
9.322430487807173449e+01
1.092916408333972100e+01
7.187807248909909852e+00
5.078406016718991722e+00
1.676680532221262254e+01
1.748717164735722207e+01
2.432710382038192165e+01
4.518807996936550886e+00
3.703610602063835522e+00
1.673823681675803954e+01
1.325054065293265460e+01
4.934218441500729746e+00
1.443338503531798267e+01
1.164855317253431011e+01
2.872532917123983509e+01
1.255776264603274228e+01
1.354892791969160015e+01
5.056527143272687042e+00
4.250690442011110903e+00
7.205606358316499538e+00
9.125236720933497025e+00
1.536871548871045157e+01
2.053108051095650666e+01
9.972575816025187834e+00
2.415785280017862391e+01
2.494404252115138121e+01
1.190616387352391037e+01
1.184413614949315807e+01
3.963964484963553048e+01
3.668283685408778894e+01
2.061998150781840877e+01
1.183651769863431547e+01
1.138668367191848318e+01
9.405679984816464412e+01
1.257637058777739369e+01
4.224213464370340176e+00
1.257299735887147207e+01
2.068188193191321744e+01
1.683885662000759709e+01
1.915835980698907548e+01
1.730521175786093480e+01
1.272321852067056014e+01
1.263288093191025752e+01
1.307127560131625543e+01
1.247075975891133837e+01
1.910131358750037123e+01
2.327021366102051303e+01
1.550478460309191320e+01
2.092417782158373285e+01
1.380931055573751109e+01
1.852231562204313775e+01
1.777593720956357970e+01
1.238015828739949420e+01
1.698660707084322752e+01
2.321066982875019491e+01
2.054996907177987708e+01
2.640224986680814467e+01
3.271965534417048360e+01
2.342647631424910770e+01
2.477625010530856287e+01
2.501468318818882608e+01
2.893696012672181794e+01
9.407387837663844010e+00
1.747457341065724279e+01
1.662304650618645852e+01
9.375036360121265488e+01
2.014069218657795091e+01
1.796469831726134458e+01
1.104415568965653804e+01
1.289878486185274120e+01
2.674019419721065915e+01
2.647750381729126445e+01
3.111989144663562357e+01
1.563368296219370990e+01
2.245984877296141491e+01
3.046560216837192314e+01
3.317767445022888495e+01
3.929990986982895151e+01
3.168045873010636626e+01
2.400071187259126759e+01
2.302588464090785436e+01
2.267830727403504909e+01
2.212301087023512736e+01
2.272401684297894064e+01
3.292847488234999531e+01
3.700643777695752590e+01
2.797711392116450213e+01
4.797510467633497910e+01
4.454522409604068400e+01
3.673497225511704301e+01
2.794796172975637560e+01
1.694546692685699796e+01
5.104674217029643302e+01
2.276713607966015473e+01
3.263240273755947385e+01
3.194425274998189224e+01
5.986706577775380822e+01
3.407430906265810222e+01
2.609103718033876262e+01
2.041996994929636600e+01
2.113299567904660847e+01
3.956528209905008975e+00
1.663811868426469331e+01
1.568673052462651540e+01
7.810780197382968026e+00
1.321428886574830130e+01
8.957087809191850880e+00
2.833283124816342990e+01
1.057968664921554236e+01
1.533983333875733734e+01
6.594070618592194677e+00
5.558448275569695340e+00
8.192117330755468885e+00
1.022342255793321897e+01
1.683899157922531842e+01
1.346263559249120156e+01
6.081328073719822314e+00
1.783802154897657033e+01
1.834637839892154432e+01
8.954445169708499463e+00
9.493961425927427200e+00
4.219665430954844965e+01
3.346077521244595943e+01
1.956962024905502417e+01
9.171883245077141922e+00
9.333448317883631162e+00
9.330682858060410467e+01
1.083391044914356094e+01
2.963037616243986427e+00
1.556698115471324328e+01
1.691861294347103950e+01
1.483510610246407957e+01
1.368042642076742155e+01
6.167062848229372563e+00
1.203646048077934338e+01
8.164421109208856109e+00
2.686588084598285064e+01
9.433667722606406514e+00
1.395292196293971898e+01
4.545715307247331971e+00
6.047176864354689485e+00
8.657754108341244148e+00
8.268905070729566376e+00
1.283294923941070920e+01
1.542611355067169931e+01
7.659456810090689238e+00
1.974766550842217327e+01
2.099396034293628333e+01
9.141875721548164080e+00
1.192222563418745196e+01
3.915630099703406586e+01
3.361898683630024465e+01
1.926156299112081172e+01
8.434171482241723083e+00
8.377330105738240107e+00
9.410973131062623054e+01
1.022648017121149699e+01
4.269558838833960479e+00
1.275854548772997177e+01
1.906884760716332394e+01
1.578456903269740508e+01
1.312812023896325186e+01
5.308312224500100207e+00
1.206552242353956572e+01
1.834359766274653580e+01
8.686056605729461921e+00
1.777906462256727593e+01
1.130465834590064134e+01
1.806125431210828935e+01
1.904985161252482229e+01
8.710631041542489683e+00
6.779361317575357759e+00
1.523082433394002067e+01
1.630857953715753084e+01
1.946578769120890939e+01
2.680051282339456264e+01
1.702258558731471538e+01
2.727654972085733220e+01
2.756224548286415654e+01
2.423212812095430024e+01
1.177557180583870888e+01
1.180774322213057204e+01
1.080950495280614732e+01
9.545894927502122584e+01
1.134277942935304750e+01
1.531529564260334197e+01
1.338709414407123965e+01
1.575886495421075040e+01
1.163008603078246139e+01
1.604827889089356674e+01
1.806633771576503733e+01
2.633417355140660376e+01
1.489448863828572200e+01
1.376960512155624983e+01
1.119800792057707106e+01
1.363507152620583618e+01
1.456811967509877803e+01
1.144928996477526262e+01
1.836744744327081236e+01
2.123924135974100125e+01
1.757539912716356412e+01
2.691367990143396938e+01
2.929670162162694780e+01
2.008821807906777224e+01
1.943265234591814661e+01
2.843652133406778404e+01
3.402242585657033658e+01
1.535755162442382549e+01
1.494313388506969886e+01
1.629180179541422291e+01
9.498784605079994492e+01
1.898103261629268701e+01
1.543523847008208882e+01
1.027928571227579191e+01
1.703773157723713538e+01
1.177646157192097220e+01
1.167438317961437022e+01
2.583562588072531341e+01
1.176293311792367646e+01
1.263428828326107833e+01
3.088250245999005994e+00
6.897413747169302667e+00
7.977473967400949384e+00
5.471714414140764760e+00
1.368315273907564311e+01
2.058981397759400878e+01
1.183499275083133817e+01
2.538333869447648183e+01
2.585484577771332937e+01
1.347255593848694843e+01
1.214844231863336077e+01
3.433111574264108157e+01
3.514180082235938585e+01
1.691363892624889331e+01
1.298301242329617722e+01
1.042448701431063540e+01
9.411361681606072693e+01
1.284190151174231787e+01
6.945905714656449348e+00
6.697001899346071596e+00
1.869397467271910074e+01
1.151733273876892127e+01
2.008140961965080606e+01
6.963113923972945152e+00
1.615821793805342566e+01
9.596508274333110933e+00
1.374897194273739487e+01
1.642411862241479525e+01
7.621921598420517086e+00
8.279183990597022813e+00
1.092103376420796224e+01
1.280979133879435317e+01
1.653841793319959663e+01
2.294081073807242888e+01
1.448057827614274373e+01
2.140048381915421416e+01
2.893419689888155233e+01
2.118547572706407323e+01
1.180573572590757259e+01
1.023681333188944009e+01
8.481949163656160806e+00
9.450210399189393229e+01
1.057333599690817572e+01
1.253577085502475441e+01
1.289964178975125719e+01
1.486640219120080531e+01
2.486062145222898678e+01
7.171238984205773548e+00
1.425103927928408787e+01
8.632364001480457461e+00
1.105539078408369313e+01
1.472442629784169199e+01
9.728631132766272671e+00
9.827668811287461281e+00
1.339740069041276271e+01
1.106166352252069984e+01
1.597479160097016759e+01
1.853843066173492105e+01
9.774208707949860298e+00
2.249453020741965403e+01
3.788353861892199603e+01
2.725797512478821005e+01
2.107841848272838803e+01
6.814667380795965457e+00
6.406344590991848165e+00
9.574924747516496382e+01
2.994228809987775186e+00
7.631265564593708639e+00
1.657714593344330112e+01
2.182116629503060778e+01
2.274341290478903943e+01
2.892698705129851433e+01
2.383308126236631708e+01
2.906695193939274446e+01
3.036067513491049752e+01
2.220638113714626982e+01
1.936878436706948037e+01
2.485369662083386544e+01
2.704061470242034915e+01
2.851318742356918889e+01
3.115699243686653830e+01
2.935404266768660619e+01
4.499825086346833558e+01
3.411091920070498418e+01
2.135384394927378793e+01
2.173602336862298756e+01
2.457209836411043469e+01
2.406060066894260885e+01
9.832862296613521380e+01
2.576649662382525463e+01
2.714411000803389484e+01
2.535072721929658002e+01
2.521142110591577890e+01
1.430427227329867357e+01
7.465299168376806627e+00
1.092869674784509826e+01
1.517657219885710518e+01
7.416819315675844848e+00
7.176306286700446790e+00
1.013530017504040792e+01
1.194695897605761203e+01
1.291482387218536054e+01
2.085853476717630883e+01
9.079840208142851310e+00
2.074613720783736426e+01
3.287464375588270116e+01
2.442655490749065450e+01
1.737010457083680848e+01
5.533256827811432466e+00
5.749053971077674241e+00
9.499544898426464101e+01
6.033778002443069610e+00
8.973215251775714663e+00
1.495273554277745731e+01
2.016116994386360162e+01
1.412809276359095989e+01
1.499692078777392190e+01
1.514437961679465516e+01
1.509584892842174852e+01
1.702095125424766309e+01
2.285727565294615005e+01
1.866621375458068854e+01
2.357329285383572781e+01
2.642113095527876254e+01
1.473073078314861739e+01
1.715727582810895058e+01
3.356738273908908354e+01
3.439206464277379638e+01
2.399794169204753302e+01
1.461399240757142692e+01
1.286306341485516924e+01
7.377321853911180938e+01
1.563345875693842935e+01
1.340712983938054137e+01
1.665980593087148520e+01
2.452810627006939015e+01
6.588581235099076672e+00
8.399436631323753844e+00
4.744348429748405316e+00
1.071474147559166212e+01
1.298282653687038568e+01
8.884197990914021403e+00
1.823560387977205011e+01
2.220035106990088636e+01
1.227796341677568570e+01
1.437316367060052613e+01
3.364807415392670009e+01
2.992306940253050840e+01
1.598395934522891970e+01
7.418885393634313985e+00
7.874475603765640486e+00
9.338267742579981245e+01
1.084902467412258531e+01
6.535926614450145777e+00
8.209340519639313882e+00
1.684692692968786787e+01
5.791881721291749052e+00
1.163699044367889357e+01
1.424382553883452118e+01
1.663588693876245017e+01
1.067018533139090408e+01
1.942305757280105638e+01
2.203663185230331578e+01
1.185042339001596901e+01
1.109257270262643758e+01
4.140688484363408151e+01
3.183599398251283930e+01
2.201929691920059184e+01
9.413193491302330074e+00
1.155193994052142870e+01
9.318911462600675577e+01
1.204343688746562968e+01
5.928193106820661029e+00
1.564148880583773327e+01
2.085473159165041679e+01
1.223497051145174197e+01
2.003909413205724732e+01
2.117778691653579060e+01
1.305337779419576449e+01
2.369473395335583632e+01
2.499651606692485117e+01
1.404439900357124671e+01
1.103352696161418756e+01
4.180589216626101745e+01
3.594969549272581588e+01
2.228823934676861995e+01
1.434893638945291627e+01
1.393363296866167289e+01
9.415487737508365740e+01
1.524334255822382644e+01
7.707171315047775195e+00
1.536804851395537241e+01
2.098548919068493390e+01
1.034258671424015219e+01
1.179416340600912960e+01
9.883811285234395783e+00
1.832312895611619297e+01
2.437107802299168569e+01
1.554810882638753888e+01
1.982804274997649685e+01
3.096285673900317192e+01
2.845639985635955682e+01
1.191795816265854135e+01
9.478180083669645484e+00
7.657419587614387346e+00
9.194458558792875635e+01
1.191686350963083640e+01
8.920666523424262806e+00
6.025512982143673923e+00
1.397161530577619715e+01
1.373356281952213465e+01
1.659702593372969304e+01
1.983209065528424020e+01
2.257845370039514421e+01
1.458836666427091622e+01
2.494009926794415222e+01
3.010528663219211865e+01
2.343290341215189443e+01
1.642946911472727578e+01
1.026326459585962425e+01
1.012002591310353417e+01
9.523791541294538376e+01
8.861623595773680861e+00
1.613927997890955623e+01
1.502914540168645985e+01
2.005080585611819899e+01
1.063707089491965974e+01
1.821502127210696287e+01
2.112596821139231196e+01
1.913333102092742166e+01
2.846619903664676343e+01
3.998838277605109681e+01
2.646172489215589607e+01
1.686364169092277265e+01
1.385271731355963887e+01
1.378268133008290341e+01
9.490211042277591957e+01
1.564830267853041867e+01
1.403389666389055890e+01
2.313388285963420898e+01
1.645962687758822085e+01
2.083236767144547485e+01
1.861329964241717150e+01
1.643596327490813280e+01
1.655510957968942876e+01
4.222298334757168448e+01
3.376801466529243356e+01
1.639316795850238506e+01
1.220223156059135938e+01
1.031423230544057823e+01
9.361434759036568209e+01
1.294625606504227555e+01
7.185891833019837804e+00
1.639406962014748714e+01
1.340994785215784013e+01
2.058988273334535180e+01
1.495135630906126600e+01
2.750743068009992598e+01
4.453214711472848819e+01
2.591396106999369664e+01
2.711161979271531308e+01
1.309531834149797369e+01
1.393964745393419591e+01
9.525460709278347338e+01
1.316826161201869638e+01
1.815706532818738950e+01
2.916101031994579529e+01
2.705795518152045176e+01
1.820303054228708817e+01
2.457644595721386693e+01
5.531351751118768334e+01
3.351041727800873105e+01
3.111332760727304958e+01
1.925670614573300554e+01
1.919646973178910798e+01
9.430426914916046144e+01
1.601507347613438625e+01
1.919197171738797181e+01
3.250856665611885177e+01
2.581269582253298367e+01
1.538635236701724196e+01
4.447951645346898886e+01
3.024014708068648360e+01
2.500340778876192616e+01
7.040530550965637069e+00
7.554064892637661011e+00
9.737091267326479738e+01
8.167637184832145181e+00
1.081168724996633657e+01
2.238638764229863654e+01
2.676320683428198777e+01
5.416060253213809972e+01
4.302903597404522884e+01
2.910242831379494532e+01
1.582813548863565778e+01
1.725397495942065618e+01
9.669547203483598707e+01
1.749234996325089497e+01
1.103467390317252139e+01
2.421345325253277281e+01
2.396252921369803701e+01
3.848366444071631065e+01
2.759025062678261975e+01
3.656277864633911179e+01
3.607987557099140474e+01
5.408685484875371685e+01
3.918982653728667742e+01
3.995639521565627206e+01
3.062421453156074591e+01
3.245996823305095802e+01
2.711677652857729370e+01
2.645815219800873308e+01
2.823487046446859949e+01
9.931703875809712656e+01
2.774099479785147437e+01
3.302011564812013944e+01
3.573017358593660475e+01
3.061266766203211631e+01
2.020274763481447877e+01
1.823756084491735407e+01
9.270484628301196040e+01
2.189237231497926572e+01
1.961080774651831860e+01
1.364108723196528672e+01
6.752309913864133151e+00
5.133258891085016096e+00
9.660336786357964911e+01
6.575656771050512717e+00
8.281691115097022049e+00
1.660241104528199685e+01
2.183692115763404118e+01
9.556405727019298979e+01
5.473364771860722122e+00
8.040090943974252724e+00
1.426360229151048031e+01
1.906769183844714277e+01
9.614368309250608036e+01
9.262185393704559999e+01
9.375573219204670750e+01
9.407001993789820915e+01
9.869345210453836614e+00
1.763305806405463017e+01
2.238052713745297950e+01
1.390223892542442385e+01
1.860677056806151342e+01
1.739319170005326143e+01
