1.100000000000000000e+01 1.800000000000000000e+01 1.816427651879368721e+00 2.000000000000000000e+00
9.000000000000000000e+00 3.900000000000000000e+01 2.410506113353218627e+00 2.000000000000000000e+00
2.400000000000000000e+01 3.100000000000000000e+01 2.459037715454750028e+00 2.000000000000000000e+00
1.500000000000000000e+01 3.400000000000000000e+01 2.632406997258723624e+00 2.000000000000000000e+00
5.000000000000000000e+00 5.400000000000000000e+01 2.635423233610051152e+00 2.000000000000000000e+00
3.800000000000000000e+01 4.600000000000000000e+01 2.691474677872208510e+00 2.000000000000000000e+00
6.000000000000000000e+00 5.500000000000000000e+01 2.912623039675203085e+00 2.000000000000000000e+00
3.300000000000000000e+01 3.700000000000000000e+01 2.912908128949938558e+00 2.000000000000000000e+00
4.200000000000000000e+01 7.000000000000000000e+01 2.963037616243986427e+00 2.000000000000000000e+00
4.800000000000000000e+01 6.900000000000000000e+01 2.994228809987775186e+00 2.000000000000000000e+00
4.000000000000000000e+00 5.200000000000000000e+01 3.289394665065425549e+00 2.000000000000000000e+00
2.300000000000000000e+01 4.300000000000000000e+01 3.420372045728321986e+00 2.000000000000000000e+00
3.000000000000000000e+00 7.300000000000000000e+01 3.497705043047784290e+00 3.000000000000000000e+00
4.000000000000000000e+01 7.600000000000000000e+01 3.776798630983316585e+00 3.000000000000000000e+00
1.700000000000000000e+01 3.500000000000000000e+01 4.089569489891113463e+00 2.000000000000000000e+00
5.300000000000000000e+01 7.500000000000000000e+01 4.091836979617631265e+00 3.000000000000000000e+00
0.000000000000000000e+00 4.700000000000000000e+01 4.114268901049064731e+00 2.000000000000000000e+00
8.000000000000000000e+00 8.500000000000000000e+01 4.277709534168393724e+00 4.000000000000000000e+00
8.100000000000000000e+01 8.400000000000000000e+01 4.291545760712356383e+00 4.000000000000000000e+00
1.600000000000000000e+01 8.200000000000000000e+01 4.419792543257787365e+00 3.000000000000000000e+00
7.800000000000000000e+01 8.300000000000000000e+01 4.469477726344127433e+00 4.000000000000000000e+00
7.000000000000000000e+00 3.200000000000000000e+01 4.731991757522750142e+00 2.000000000000000000e+00
2.700000000000000000e+01 7.900000000000000000e+01 4.748185619222377696e+00 3.000000000000000000e+00
7.400000000000000000e+01 8.800000000000000000e+01 4.785422106104311624e+00 5.000000000000000000e+00
2.600000000000000000e+01 8.900000000000000000e+01 5.080857244945443441e+00 3.000000000000000000e+00
2.900000000000000000e+01 9.100000000000000000e+01 5.091596438226717147e+00 5.000000000000000000e+00
6.600000000000000000e+01 6.700000000000000000e+01 5.133258891085016096e+00 2.000000000000000000e+00
2.000000000000000000e+01 7.100000000000000000e+01 5.621179341577309252e+00 2.000000000000000000e+00
5.000000000000000000e+01 9.900000000000000000e+01 5.801918031331485537e+00 3.000000000000000000e+00
1.000000000000000000e+01 1.200000000000000000e+01 6.498571142550076729e+00 2.000000000000000000e+00
6.500000000000000000e+01 7.200000000000000000e+01 6.752309913864133151e+00 2.000000000000000000e+00
4.400000000000000000e+01 5.600000000000000000e+01 6.779361317575357759e+00 2.000000000000000000e+00
9.400000000000000000e+01 1.000000000000000000e+02 7.672137209635439881e+00 4.000000000000000000e+00
9.000000000000000000e+01 9.300000000000000000e+01 7.842710315659456199e+00 8.000000000000000000e+00
7.700000000000000000e+01 8.700000000000000000e+01 7.900195014777507296e+00 4.000000000000000000e+00
9.600000000000000000e+01 1.070000000000000000e+02 8.066966062731047771e+00 9.000000000000000000e+00
9.200000000000000000e+01 1.010000000000000000e+02 8.113905725034840088e+00 6.000000000000000000e+00
1.900000000000000000e+01 5.100000000000000000e+01 8.277623862617433659e+00 2.000000000000000000e+00
2.100000000000000000e+01 1.050000000000000000e+02 8.409552978062682982e+00 5.000000000000000000e+00
1.400000000000000000e+01 6.100000000000000000e+01 8.699540000823072106e+00 2.000000000000000000e+00
5.800000000000000000e+01 9.800000000000000000e+01 8.747772719031969402e+00 6.000000000000000000e+00
3.600000000000000000e+01 9.700000000000000000e+01 9.704841224185255300e+00 4.000000000000000000e+00
9.500000000000000000e+01 1.060000000000000000e+02 1.007559742512605894e+01 1.100000000000000000e+01
8.000000000000000000e+01 8.600000000000000000e+01 1.016858281728335811e+01 5.000000000000000000e+00
1.040000000000000000e+02 1.140000000000000000e+02 1.022082833254203749e+01 6.000000000000000000e+00
2.500000000000000000e+01 5.700000000000000000e+01 1.148689156082608243e+01 2.000000000000000000e+00
1.090000000000000000e+02 1.120000000000000000e+02 1.217637477149441771e+01 8.000000000000000000e+00
6.200000000000000000e+01 1.080000000000000000e+02 1.233402718629123385e+01 1.000000000000000000e+01
4.500000000000000000e+01 1.110000000000000000e+02 1.252476945461586411e+01 6.000000000000000000e+00
2.200000000000000000e+01 1.170000000000000000e+02 1.258462295045561419e+01 7.000000000000000000e+00
2.000000000000000000e+00 5.900000000000000000e+01 1.443681264863442593e+01 2.000000000000000000e+00
1.160000000000000000e+02 1.210000000000000000e+02 1.509667601760157574e+01 1.100000000000000000e+01
1.130000000000000000e+02 1.200000000000000000e+02 1.545535510977905247e+01 1.600000000000000000e+01
4.100000000000000000e+01 6.300000000000000000e+01 1.694546692685699796e+01 2.000000000000000000e+00
2.800000000000000000e+01 6.400000000000000000e+01 1.748172074004598997e+01 2.000000000000000000e+00
1.020000000000000000e+02 1.180000000000000000e+02 1.815841089451868129e+01 4.000000000000000000e+00
1.030000000000000000e+02 1.240000000000000000e+02 2.002897288319224245e+01 1.300000000000000000e+01
1.190000000000000000e+02 1.230000000000000000e+02 2.067380877679406126e+01 1.000000000000000000e+01
1.150000000000000000e+02 1.250000000000000000e+02 2.102358457914998269e+01 2.700000000000000000e+01
6.000000000000000000e+01 1.280000000000000000e+02 2.413502926947712623e+01 5.000000000000000000e+00
4.900000000000000000e+01 1.220000000000000000e+02 2.501007989934422326e+01 8.000000000000000000e+00
1.100000000000000000e+02 1.310000000000000000e+02 2.926206649125584391e+01 2.900000000000000000e+01
1.300000000000000000e+02 1.330000000000000000e+02 2.998000455031494482e+01 1.800000000000000000e+01
1.260000000000000000e+02 1.290000000000000000e+02 3.865660365642967378e+01 1.500000000000000000e+01
1.320000000000000000e+02 1.350000000000000000e+02 3.915143978336415387e+01 2.300000000000000000e+01
1.270000000000000000e+02 1.370000000000000000e+02 3.971196041273469035e+01 2.500000000000000000e+01
1.000000000000000000e+00 6.800000000000000000e+01 5.186701543061714403e+01 2.000000000000000000e+00
1.340000000000000000e+02 1.380000000000000000e+02 6.422769947612236763e+01 5.400000000000000000e+01
1.360000000000000000e+02 1.400000000000000000e+02 7.117974944253255387e+01 6.900000000000000000e+01
3.000000000000000000e+01 1.390000000000000000e+02 8.238336600257134990e+01 3.000000000000000000e+00
1.300000000000000000e+01 1.410000000000000000e+02 8.668075457368661318e+01 7.000000000000000000e+01
1.420000000000000000e+02 1.430000000000000000e+02 2.116631795586729936e+02 7.300000000000000000e+01
