4.000000000000000000e+00 1.100000000000000000e+02 7.561309092868441439e+01 2.000000000000000000e+00
2.900000000000000000e+01 1.320000000000000000e+02 8.298704419534169574e+01 2.000000000000000000e+00
6.700000000000000000e+01 1.490000000000000000e+02 1.298224259501541837e+02 2.000000000000000000e+00
4.400000000000000000e+01 8.500000000000000000e+01 1.333965317610679904e+02 2.000000000000000000e+00
1.020000000000000000e+02 1.550000000000000000e+02 1.399770949258260089e+02 3.000000000000000000e+00
5.400000000000000000e+01 1.000000000000000000e+02 1.660734429666879350e+02 2.000000000000000000e+00
1.200000000000000000e+01 1.470000000000000000e+02 1.834820121290281350e+02 2.000000000000000000e+00
8.600000000000000000e+01 1.580000000000000000e+02 2.110368980943505051e+02 3.000000000000000000e+00
3.400000000000000000e+01 1.380000000000000000e+02 2.216902297385979637e+02 2.000000000000000000e+00
4.000000000000000000e+01 6.300000000000000000e+01 2.280845652177174543e+02 2.000000000000000000e+00
2.800000000000000000e+01 3.700000000000000000e+01 2.408431993497003987e+02 2.000000000000000000e+00
4.500000000000000000e+01 5.100000000000000000e+01 2.884517729718388637e+02 2.000000000000000000e+00
8.700000000000000000e+01 1.240000000000000000e+02 3.010366025439655004e+02 2.000000000000000000e+00
4.800000000000000000e+01 1.570000000000000000e+02 3.078666259536227585e+02 3.000000000000000000e+00
7.900000000000000000e+01 1.680000000000000000e+02 3.430162648596313488e+02 4.000000000000000000e+00
1.560000000000000000e+02 1.630000000000000000e+02 3.567632442316717629e+02 4.000000000000000000e+00
1.610000000000000000e+02 1.640000000000000000e+02 3.618011618680684478e+02 4.000000000000000000e+00
7.300000000000000000e+01 1.670000000000000000e+02 3.935505234544846758e+02 3.000000000000000000e+00
9.500000000000000000e+01 1.620000000000000000e+02 3.976454329332821089e+02 4.000000000000000000e+00
3.900000000000000000e+01 1.700000000000000000e+02 4.201922862076243064e+02 5.000000000000000000e+00
0.000000000000000000e+00 2.500000000000000000e+01 4.520090216222729396e+02 2.000000000000000000e+00
2.000000000000000000e+00 1.440000000000000000e+02 4.859433472633684232e+02 2.000000000000000000e+00
1.590000000000000000e+02 1.720000000000000000e+02 4.921098573026436611e+02 6.000000000000000000e+00
2.600000000000000000e+01 1.650000000000000000e+02 4.945016300120217352e+02 3.000000000000000000e+00
1.600000000000000000e+02 1.750000000000000000e+02 5.946276164717908159e+02 4.000000000000000000e+00
5.000000000000000000e+00 3.300000000000000000e+01 6.171449259672608605e+02 2.000000000000000000e+00
9.400000000000000000e+01 1.730000000000000000e+02 6.235122331830335725e+02 5.000000000000000000e+00
1.360000000000000000e+02 1.770000000000000000e+02 6.350503068321215778e+02 7.000000000000000000e+00
2.300000000000000000e+01 1.130000000000000000e+02 6.480895890914584925e+02 2.000000000000000000e+00
1.660000000000000000e+02 1.690000000000000000e+02 6.599822321630581428e+02 6.000000000000000000e+00
9.900000000000000000e+01 1.820000000000000000e+02 6.867239883816782822e+02 8.000000000000000000e+00
8.900000000000000000e+01 1.710000000000000000e+02 7.272288591566403966e+02 5.000000000000000000e+00
1.140000000000000000e+02 1.740000000000000000e+02 7.390742392961827818e+02 6.000000000000000000e+00
4.200000000000000000e+01 1.780000000000000000e+02 7.559579071799379335e+02 4.000000000000000000e+00
8.100000000000000000e+01 1.430000000000000000e+02 8.626524805526778437e+02 2.000000000000000000e+00
3.000000000000000000e+01 1.810000000000000000e+02 8.862106511705474077e+02 6.000000000000000000e+00
3.000000000000000000e+00 7.000000000000000000e+01 9.502987541186705585e+02 2.000000000000000000e+00
1.030000000000000000e+02 1.800000000000000000e+02 9.729417595821779514e+02 3.000000000000000000e+00
1.040000000000000000e+02 1.880000000000000000e+02 1.019313612125303735e+03 5.000000000000000000e+00
8.000000000000000000e+00 1.500000000000000000e+01 1.041438279629064027e+03 2.000000000000000000e+00
1.850000000000000000e+02 1.890000000000000000e+02 1.094896212409837062e+03 1.000000000000000000e+01
9.600000000000000000e+01 1.870000000000000000e+02 1.138810895824000681e+03 7.000000000000000000e+00
3.600000000000000000e+01 1.930000000000000000e+02 1.179162317900691050e+03 6.000000000000000000e+00
3.200000000000000000e+01 1.220000000000000000e+02 1.196192279997098240e+03 2.000000000000000000e+00
1.510000000000000000e+02 1.920000000000000000e+02 1.246304053080111998e+03 4.000000000000000000e+00
1.700000000000000000e+01 1.860000000000000000e+02 1.282456208121219333e+03 6.000000000000000000e+00
1.910000000000000000e+02 1.960000000000000000e+02 1.435099999617567846e+03 9.000000000000000000e+00
1.400000000000000000e+01 2.000000000000000000e+02 1.495769975152206825e+03 7.000000000000000000e+00
5.200000000000000000e+01 1.480000000000000000e+02 1.540044157409714217e+03 2.000000000000000000e+00
7.800000000000000000e+01 1.160000000000000000e+02 1.546415574005222652e+03 2.000000000000000000e+00
3.800000000000000000e+01 1.970000000000000000e+02 1.690405676320149951e+03 7.000000000000000000e+00
6.500000000000000000e+01 1.280000000000000000e+02 1.721053360977952252e+03 2.000000000000000000e+00
8.200000000000000000e+01 2.030000000000000000e+02 1.767976091454415382e+03 3.000000000000000000e+00
1.840000000000000000e+02 1.940000000000000000e+02 1.799301210999535670e+03 8.000000000000000000e+00
7.200000000000000000e+01 1.110000000000000000e+02 1.813277829487022927e+03 2.000000000000000000e+00
5.800000000000000000e+01 1.150000000000000000e+02 1.815234426349379873e+03 2.000000000000000000e+00
1.210000000000000000e+02 1.760000000000000000e+02 1.826786274180200053e+03 3.000000000000000000e+00
1.790000000000000000e+02 2.010000000000000000e+02 1.844747425607151172e+03 1.300000000000000000e+01
7.000000000000000000e+00 1.830000000000000000e+02 1.969038877644445620e+03 3.000000000000000000e+00
1.800000000000000000e+01 1.390000000000000000e+02 2.016991429300416257e+03 2.000000000000000000e+00
1.950000000000000000e+02 2.080000000000000000e+02 2.069883680280374847e+03 1.800000000000000000e+01
3.100000000000000000e+01 1.980000000000000000e+02 2.112639652968523478e+03 3.000000000000000000e+00
5.500000000000000000e+01 2.060000000000000000e+02 2.117894484516068587e+03 3.000000000000000000e+00
5.000000000000000000e+01 8.300000000000000000e+01 2.145761120179337013e+03 2.000000000000000000e+00
1.250000000000000000e+02 1.990000000000000000e+02 2.229972991656296472e+03 5.000000000000000000e+00
1.410000000000000000e+02 2.050000000000000000e+02 2.422301425411785658e+03 8.000000000000000000e+00
4.300000000000000000e+01 2.200000000000000000e+02 2.604980736836452706e+03 9.000000000000000000e+00
2.700000000000000000e+01 2.180000000000000000e+02 2.663441831046389325e+03 3.000000000000000000e+00
1.500000000000000000e+02 2.140000000000000000e+02 2.819934589206499368e+03 3.000000000000000000e+00
1.600000000000000000e+01 2.190000000000000000e+02 2.899302971108156726e+03 6.000000000000000000e+00
2.160000000000000000e+02 2.170000000000000000e+02 3.302326809452944417e+03 6.000000000000000000e+00
2.000000000000000000e+01 1.080000000000000000e+02 3.378024933152724316e+03 2.000000000000000000e+00
1.900000000000000000e+01 9.000000000000000000e+01 3.393164491594420724e+03 2.000000000000000000e+00
6.800000000000000000e+01 2.020000000000000000e+02 3.440219366780245764e+03 8.000000000000000000e+00
6.200000000000000000e+01 1.530000000000000000e+02 3.441836841721070869e+03 2.000000000000000000e+00
2.110000000000000000e+02 2.280000000000000000e+02 3.577578325501130621e+03 1.100000000000000000e+01
6.900000000000000000e+01 2.100000000000000000e+02 3.580858913126570314e+03 3.000000000000000000e+00
4.100000000000000000e+01 2.120000000000000000e+02 3.676015122313660868e+03 1.400000000000000000e+01
9.000000000000000000e+00 2.070000000000000000e+02 3.834381645866060353e+03 4.000000000000000000e+00
1.900000000000000000e+02 2.150000000000000000e+02 3.838831972898587537e+03 2.400000000000000000e+01
1.300000000000000000e+01 2.040000000000000000e+02 3.867320388631145761e+03 3.000000000000000000e+00
2.100000000000000000e+01 2.240000000000000000e+02 4.108875386447086385e+03 7.000000000000000000e+00
1.340000000000000000e+02 1.400000000000000000e+02 4.191094508456379117e+03 2.000000000000000000e+00
1.070000000000000000e+02 2.270000000000000000e+02 4.231303636481991816e+03 3.000000000000000000e+00
5.700000000000000000e+01 1.330000000000000000e+02 4.292723917853085368e+03 2.000000000000000000e+00
1.170000000000000000e+02 2.290000000000000000e+02 4.451747391660710491e+03 3.000000000000000000e+00
8.800000000000000000e+01 2.090000000000000000e+02 4.861117597547132391e+03 3.000000000000000000e+00
6.000000000000000000e+00 6.000000000000000000e+01 5.036451242700750299e+03 2.000000000000000000e+00
2.210000000000000000e+02 2.340000000000000000e+02 5.468401016349153906e+03 3.300000000000000000e+01
8.000000000000000000e+01 2.320000000000000000e+02 5.577188098456521402e+03 1.500000000000000000e+01
6.600000000000000000e+01 2.370000000000000000e+02 5.914178341876246122e+03 3.000000000000000000e+00
2.220000000000000000e+02 2.350000000000000000e+02 5.962910874896976566e+03 6.000000000000000000e+00
4.600000000000000000e+01 9.300000000000000000e+01 6.102143147335395042e+03 2.000000000000000000e+00
1.200000000000000000e+02 2.310000000000000000e+02 6.163394750363114326e+03 4.000000000000000000e+00
2.300000000000000000e+02 2.440000000000000000e+02 6.285640970923705027e+03 2.600000000000000000e+01
1.000000000000000000e+00 1.350000000000000000e+02 6.344528194000529766e+03 2.000000000000000000e+00
5.900000000000000000e+01 2.460000000000000000e+02 6.552509874150605356e+03 7.000000000000000000e+00
2.230000000000000000e+02 2.420000000000000000e+02 6.593267658749256043e+03 5.000000000000000000e+00
7.400000000000000000e+01 2.430000000000000000e+02 6.719953541349222178e+03 3.400000000000000000e+01
1.120000000000000000e+02 1.370000000000000000e+02 6.727330274428476514e+03 2.000000000000000000e+00
1.190000000000000000e+02 1.540000000000000000e+02 6.910896165522473893e+03 2.000000000000000000e+00
6.100000000000000000e+01 8.400000000000000000e+01 6.987488760573227410e+03 2.000000000000000000e+00
2.250000000000000000e+02 2.510000000000000000e+02 7.816262225999217662e+03 1.300000000000000000e+01
2.260000000000000000e+02 2.530000000000000000e+02 8.015766424423261924e+03 3.600000000000000000e+01
2.360000000000000000e+02 2.500000000000000000e+02 8.176819968162954865e+03 9.000000000000000000e+00
9.700000000000000000e+01 1.180000000000000000e+02 8.305074160815249343e+03 2.000000000000000000e+00
1.310000000000000000e+02 2.590000000000000000e+02 8.414698331306064574e+03 1.000000000000000000e+01
2.330000000000000000e+02 2.470000000000000000e+02 8.672150687744113384e+03 6.000000000000000000e+00
2.410000000000000000e+02 2.570000000000000000e+02 9.156072375204897980e+03 1.600000000000000000e+01
1.090000000000000000e+02 2.130000000000000000e+02 9.627620226036739041e+03 4.000000000000000000e+00
9.800000000000000000e+01 1.010000000000000000e+02 9.851625669181028570e+03 2.000000000000000000e+00
1.260000000000000000e+02 2.400000000000000000e+02 9.868487192215325194e+03 4.000000000000000000e+00
2.600000000000000000e+02 2.630000000000000000e+02 1.051389416229595736e+04 1.800000000000000000e+01
2.380000000000000000e+02 2.580000000000000000e+02 1.097726177529404958e+04 3.900000000000000000e+01
9.100000000000000000e+01 2.480000000000000000e+02 1.183376631796578840e+04 5.000000000000000000e+00
5.600000000000000000e+01 2.680000000000000000e+02 1.228077392606649119e+04 4.000000000000000000e+01
2.390000000000000000e+02 2.450000000000000000e+02 1.244979398722172118e+04 5.000000000000000000e+00
2.200000000000000000e+01 7.600000000000000000e+01 1.274423436843945092e+04 2.000000000000000000e+00
4.700000000000000000e+01 2.540000000000000000e+02 1.280086442065521260e+04 3.000000000000000000e+00
2.400000000000000000e+01 2.690000000000000000e+02 1.311005624004710808e+04 6.000000000000000000e+00
1.100000000000000000e+01 2.560000000000000000e+02 1.346861828583416900e+04 3.000000000000000000e+00
7.500000000000000000e+01 2.620000000000000000e+02 1.396645969972740568e+04 7.000000000000000000e+00
2.490000000000000000e+02 2.730000000000000000e+02 1.491720846860052916e+04 2.900000000000000000e+01
1.060000000000000000e+02 2.740000000000000000e+02 1.545000845403973108e+04 7.000000000000000000e+00
1.270000000000000000e+02 2.550000000000000000e+02 1.589467011496023406e+04 3.000000000000000000e+00
1.420000000000000000e+02 2.640000000000000000e+02 1.638442031221327125e+04 5.000000000000000000e+00
9.200000000000000000e+01 2.700000000000000000e+02 1.685693267896548423e+04 4.100000000000000000e+01
2.520000000000000000e+02 2.660000000000000000e+02 1.718766760356974555e+04 9.000000000000000000e+00
2.670000000000000000e+02 2.780000000000000000e+02 1.842290930549984114e+04 2.500000000000000000e+01
4.900000000000000000e+01 2.800000000000000000e+02 1.950406471177615458e+04 6.000000000000000000e+00
1.230000000000000000e+02 2.750000000000000000e+02 1.992225213737749436e+04 4.000000000000000000e+00
7.100000000000000000e+01 2.830000000000000000e+02 2.088893084165577602e+04 2.600000000000000000e+01
1.290000000000000000e+02 2.650000000000000000e+02 2.150962791011157606e+04 3.000000000000000000e+00
5.300000000000000000e+01 2.850000000000000000e+02 2.700718531940329558e+04 5.000000000000000000e+00
2.760000000000000000e+02 2.770000000000000000e+02 2.722882382228032657e+04 3.600000000000000000e+01
2.810000000000000000e+02 2.820000000000000000e+02 2.914039233196871646e+04 5.000000000000000000e+01
2.710000000000000000e+02 2.860000000000000000e+02 3.246872965718359410e+04 3.100000000000000000e+01
2.610000000000000000e+02 2.890000000000000000e+02 3.438413885218245559e+04 4.600000000000000000e+01
1.300000000000000000e+02 2.920000000000000000e+02 4.048010048707419628e+04 4.700000000000000000e+01
2.880000000000000000e+02 2.910000000000000000e+02 4.184811340440504136e+04 3.600000000000000000e+01
2.870000000000000000e+02 2.900000000000000000e+02 4.261063606678794167e+04 5.300000000000000000e+01
1.000000000000000000e+01 7.700000000000000000e+01 4.439627416980175622e+04 2.000000000000000000e+00
1.450000000000000000e+02 1.520000000000000000e+02 4.708078715448037838e+04 2.000000000000000000e+00
2.790000000000000000e+02 2.930000000000000000e+02 4.860511512577543181e+04 5.000000000000000000e+01
2.720000000000000000e+02 2.950000000000000000e+02 5.500378759669102146e+04 5.500000000000000000e+01
2.940000000000000000e+02 2.990000000000000000e+02 6.282603680728911422e+04 9.100000000000000000e+01
2.960000000000000000e+02 3.000000000000000000e+02 7.207077218825338059e+04 9.300000000000000000e+01
2.840000000000000000e+02 3.010000000000000000e+02 7.991294510616888874e+04 9.900000000000000000e+01
2.980000000000000000e+02 3.020000000000000000e+02 1.366186067802818143e+05 1.490000000000000000e+02
3.500000000000000000e+01 3.030000000000000000e+02 1.492442206389154890e+05 1.500000000000000000e+02
2.970000000000000000e+02 3.040000000000000000e+02 1.591458543491618184e+05 1.520000000000000000e+02
1.050000000000000000e+02 3.050000000000000000e+02 2.378781490614829527e+05 1.530000000000000000e+02
1.460000000000000000e+02 3.060000000000000000e+02 8.518532514609163627e+05 1.540000000000000000e+02
6.400000000000000000e+01 3.070000000000000000e+02 1.053454431096945656e+06 1.550000000000000000e+02
