3.665775535667643226e+01
6.334052266794530084e+01
1.017253095723321650e+02
8.959944089141664847e+01
1.841511826408544721e+02
6.319632591403529887e+01
4.261195174854307055e+01
4.488694104090758685e+01
4.643266701076217373e+01
1.701646731308618143e+01
1.709318338662710346e+01
4.065911637857754357e+01
1.020971821319128026e+02
4.341820585811485245e+01
3.391674923676101372e+01
1.462178978750728504e+02
4.413389540937508571e+01
8.147240100070524704e+01
4.497576861436542828e+01
9.767475088326911248e+01
1.020987832418557417e+02
4.130499136469468624e+01
1.206159256883100284e+02
1.416106601977453749e+02
9.197340220588577608e+01
6.872317927956466121e+01
9.211597363124033677e+01
5.773190493011030355e+01
7.695337308259456677e+01
3.751694235420792722e+01
1.206200715789389761e+02
2.494411776238945322e+01
7.178498527972824661e+01
8.440121997595420922e+00
1.907419783952739323e+01
9.687726198520562093e+01
1.176494715125090096e+02
1.059238022230169918e+02
4.512801603121471317e+01
1.016349907705948823e+02
8.195932598454717777e+01
1.206139388390775764e+02
5.783961491398776644e+01
3.656066372669260289e+01
8.204564070806834764e+01
1.567690829091028206e+02
8.865632210263504476e+01
7.993188387814987550e+01
7.711105631432047858e+01
1.282316585103770308e+02
3.492769603747596108e+01
1.116162071811270806e+02
1.214797893678837113e+02
9.806818234336269313e+01
9.474173902517566148e+01
8.156502769356890781e+01
3.292222594798447943e+01
4.103668005349737058e+01
7.159635301951195174e+01
1.000032406879428777e+02
8.079570646944817724e+01
1.065300558321191744e+02
9.371311380657607515e+01
1.067503929141019654e+02
1.371509086695682242e+02
1.235578238834141018e+02
5.375610303297545300e+01
1.011354510322334193e+02
8.468680997542584521e+01
1.065883816290069461e+02
1.115294972718257327e+02
1.196874580137151298e+02
1.173769271153952332e+02
2.326886524786620569e+01
3.530922862461544298e+01
9.687031179157800409e+01
7.529097721988712522e+01
1.642979595424974946e+02
3.872370404238770192e+01
3.128360677046100946e+01
2.780415447994888822e+01
6.122349830296599293e+01
3.074429125541994878e+01
2.991744304093970896e+01
2.930494505264151073e+01
8.692261626103781680e+01
1.492781789888457666e+01
2.093976799292296676e+01
1.237178281225366590e+02
2.321473142388203215e+01
7.776168092902106821e+01
2.675328330380262543e+01
8.833689648574761577e+01
8.265393556653383200e+01
3.035548614445174564e+01
1.029149467873344861e+02
1.387867168158492746e+02
9.249374708719312821e+01
4.408652277536151587e+01
8.167012664221307716e+01
3.152828222410040837e+01
7.262580096538347618e+01
2.042647800462438923e+01
1.069281887764904297e+02
2.465385589617348927e+01
6.385276162028804947e+01
3.717217964665683638e+01
3.634495529417031179e+01
8.559928081594672733e+01
8.393427312275574081e+01
8.051077451354228742e+01
2.084310488744468870e+01
9.732495735711361817e+01
6.837143542333978985e+01
1.068493911925748989e+02
3.251082575598339020e+01
2.207031689569488719e+01
7.294399114750243029e+01
1.321059343782267774e+02
6.832522788454249962e+01
5.013036747953474759e+01
6.781490086220874502e+01
1.077714134568945923e+02
2.931407710971920721e+01
1.114611478930166584e+02
1.022794165095245660e+02
8.575639985105976848e+01
8.774843428053391392e+01
6.925077765112401096e+01
3.655085219536689323e+01
2.575820008328698307e+01
6.777668936882830053e+01
9.225268379825942588e+01
7.392758217727453030e+01
8.271474746419907831e+01
6.027312945417708079e+01
9.102946940655536423e+01
1.050511238227666553e+02
1.266219720691139514e+02
4.191387860534076282e+01
8.814729793211498077e+01
6.345826568390688749e+01
7.019862087332317913e+01
9.003472209001130011e+01
1.104552857472618967e+02
8.436093002506606808e+01
3.385430088582238284e+01
1.071913097912484005e+02
6.821779723084414115e+01
1.517484047237389859e+02
2.593071621059241849e+01
4.078195683950199424e+01
4.641828082321031701e+01
7.608799606206645194e+01
5.974170316751038712e+01
6.045950152538330258e+01
5.261104029282621752e+01
8.121378081298780671e+01
4.250133983521006797e+01
5.135430157930483830e+01
1.317886124373969494e+02
3.785337556967041195e+01
9.060169467749247474e+01
4.108332770937266076e+01
9.146352146718355414e+01
8.001631334657810157e+01
4.327896254675255250e+01
1.124322840722180814e+02
1.635952894999717557e+02
1.072905733096681899e+02
6.122078858822762015e+01
8.802542799557670605e+01
4.029757852919559014e+01
8.546093529814984890e+01
3.774616982528430498e+01
1.008626542260205952e+02
5.103090910703910765e+01
8.635258197603069164e+01
6.531220281337881772e+01
6.481306636284242018e+01
8.562772724665036606e+01
1.083297336328698606e+02
8.895909118184167141e+01
3.519909976165326526e+01
1.060422555693906190e+02
9.150956921544113243e+01
1.027569248463036899e+02
2.157388263940048390e+01
4.761427585750924862e+01
7.872340345736375866e+01
1.223032200793770841e+02
7.260868736011579472e+01
6.471303449529587226e+01
8.050521899230884060e+01
1.173074931797006286e+02
6.044748868218142945e+01
1.254094482702639226e+02
1.046630370781226986e+02
9.305545530146294197e+01
9.574647977951309485e+01
6.308883478133821399e+01
6.086337997300110203e+01
5.474824432944400598e+01
6.822826969576810541e+01
9.740274263285265022e+01
9.521726183116948050e+01
6.652508405379317935e+01
8.998865344812216449e+01
8.958416522979224794e+01
1.040372847554287858e+02
1.524501637436648593e+02
4.839888207652829522e+01
9.076918479634096570e+01
4.560840759997202554e+01
8.741546403878159310e+01
1.051213381335218457e+02
1.024295533677803860e+02
9.535430754982540691e+01
5.998422986892273201e+01
1.080896675998988883e+02
1.209382833889844164e+02
9.998073462465053751e+01
9.552840237960039360e+01
9.505589011841999536e+01
1.417355785622009705e+02
1.044328164698938934e+02
1.070687461933052163e+02
1.128959634062549071e+02
6.321396364614827235e+01
9.955723537353820518e+01
9.752410434252196580e+01
8.463491614562713039e+01
9.316224671704715377e+01
7.711334369226821650e+01
8.929364474385029382e+01
7.512897908036856620e+01
9.313417964798334481e+01
8.919854048128196666e+01
1.006618339119345933e+02
1.833256119336496965e+02
3.825433406009660331e+01
9.812567020045696609e+01
6.846670359405800355e+01
1.234754159634850765e+02
7.657376923558933868e+01
8.899942853347889127e+01
1.054602708958009600e+02
8.284220468678267935e+01
1.313668183201685338e+02
1.035148355694052356e+02
1.160688024423426583e+02
8.972390967822646246e+01
1.442260770814752675e+02
1.060769735107671892e+02
9.908883507106854438e+01
4.078748012573783654e+01
1.061706822455723511e+02
9.949623985162642725e+01
1.053837143847218414e+02
9.956841790144412130e+01
2.850231925471429761e+01
1.166476807766265154e+02
8.385914088369044350e+01
1.280233842593459883e+02
8.397162709695928129e+01
4.620709343501129496e+01
1.258772920032740217e+02
1.885172521161605061e+02
4.283695800982221158e+01
3.612274915220046267e+01
3.304541934900481692e+01
8.984154640014230608e+01
1.220491234246707819e+02
1.084632427397613412e+02
8.432539551230158281e+01
1.822157359509714070e+01
1.149382028725503204e+02
1.138399383263322164e+02
1.286665814603125568e+02
3.941993795585520388e+01
1.484802562473513206e+02
1.596492155018086407e+02
1.107487308152492744e+02
3.686330832928473455e+01
9.987897008102069663e+01
1.202245206587744235e+02
1.328267430451385565e+02
6.449359771167890187e+01
1.308448789314480507e+02
1.155061167363877814e+02
1.359794428897455987e+02
7.079612911559755162e+01
1.027262217690419845e+02
7.576654692068906627e+01
1.230334890347822778e+02
9.239334427672817185e+01
9.658984701017234897e+01
8.153566019841947821e+01
8.860752974252640968e+01
7.670119171993162865e+01
9.469930059310388515e+01
1.365418914014321103e+02
8.153200260187414017e+01
8.987650602327214244e+01
8.737095449974182770e+01
1.159519508228681417e+02
8.076693259559104376e+01
7.698660630155930562e+01
1.144692090033537113e+02
2.687239252966362528e+02
1.087202537864108649e+02
8.848612977755261966e+01
9.203581221763593589e+01
9.803720730536392125e+01
8.715768968930376559e+01
9.115004788305454042e+01
1.114349944510304908e+02
8.121169263497309032e+01
1.233418248207529047e+02
9.673316066332726848e+01
1.044902399533078352e+02
8.967327563123608059e+01
1.211121985140140680e+02
9.267068633676920797e+01
9.556533250533949797e+01
9.432146404849528665e+01
1.103854946729550051e+02
1.020165039293821678e+02
6.990950257588269778e+01
9.940225221758417717e+01
8.159747013933142057e+01
1.245016390900919561e+02
7.554417801217560680e+01
1.130981634337469615e+02
8.071589242864283165e+01
1.163995568940351859e+02
1.098714058492243026e+02
1.744353050856836376e+02
1.088751172571107446e+02
9.064554413747187311e+01
9.111079591065151817e+01
2.793465093246545905e+01
1.097355319981813722e+02
9.613784331628018265e+01
6.249873647135611776e+01
9.835365577539306514e+01
1.050884490116455083e+02
6.715560347933644891e+01
1.257220617335182737e+02
8.936783739949966332e+01
1.232861857278570454e+02
2.282748163255971008e+02
9.672811344713591097e+01
9.512886783730205309e+01
3.651159559471798133e+01
9.756851947299837491e+01
9.144243678488824401e+01
1.010852994492022106e+02
1.058628776886413903e+02
1.048392869203146205e+02
1.437128276537487750e+02
1.775207653170006949e+02
1.698744403546307069e+02
2.137172090322820281e+02
1.824914272374209077e+02
1.812595234769475780e+02
1.769319355041481572e+02
1.333788197842418697e+02
1.655385556117265082e+02
1.779418055177842177e+02
1.455322967249218209e+02
1.641223490990965104e+02
1.729568654763710924e+02
1.693136551498465394e+02
1.502010625622087048e+02
1.683613121878806851e+02
1.547157194958628850e+02
1.696428855451898698e+02
2.599077875992006170e+02
1.211004601006920041e+02
1.686751645574903762e+02
1.550598878308037172e+02
1.723221841206448346e+02
1.721476506115417351e+02
1.703107396025562252e+02
1.539987199564852745e+02
1.687788716816135093e+02
1.912215314916093121e+02
1.841677657348403443e+02
1.876508601893602872e+02
1.792901409162494701e+02
2.044949618761931163e+02
1.734807146499164787e+02
1.685573209200431393e+02
1.117034506794439181e+02
1.917018859473776899e+02
1.453177142074193853e+02
1.558495863618516921e+02
1.782980240322486054e+02
1.315767774580238552e+02
1.738023918250744373e+02
1.619845858143739292e+02
1.993409043250392187e+02
1.717007331801511327e+02
9.389293079764991035e+01
1.922375017017944572e+02
1.896601361108970139e+02
1.235043717349624899e+02
1.180056233523867206e+02
1.164431686979380061e+02
1.319742962654651706e+02
1.900844710203563466e+02
1.874630156508517018e+02
1.586989460496534434e+02
1.258189366039889308e+02
1.935389988949651183e+02
1.615606064498925605e+02
1.736608906334509186e+02
1.209362530568892566e+02
1.775395746729379312e+02
2.461769944141985604e+02
1.777986503829891376e+02
1.140213669502636549e+02
1.370444305395346589e+02
1.919808154378685856e+02
1.433804826668354053e+02
1.184403632535933468e+02
1.874241459806747514e+02
1.928411568859097258e+02
4.669507673547032311e+01
4.815997906540482631e+01
8.134892045023197227e+01
6.192181744257172227e+01
6.290767078538208068e+01
5.992836466324446576e+01
7.538025955487272256e+01
4.588626012555587153e+01
5.495238643443194348e+01
1.344953387643468261e+02
3.519627691184527407e+01
8.770066287778877268e+01
3.737445041431207926e+01
9.171776738970481802e+01
7.781464089026560771e+01
3.825555781292404589e+01
1.119115524402516542e+02
1.504293994876148020e+02
1.016268053441297923e+02
5.961711371010797222e+01
8.599914180108066830e+01
3.671249534093286826e+01
8.212527529024023920e+01
4.084008632446742837e+01
9.423673602602838173e+01
5.224695476615815437e+01
9.296095237703346470e+01
6.509432382933313477e+01
6.619531017458224653e+01
8.927765411765881254e+01
1.070282734403928089e+02
9.083682518015636731e+01
3.916973218720304573e+01
1.025971595849349995e+02
9.246705987718462438e+01
1.009912132913989211e+02
2.637614258346572171e+01
5.037136443086252058e+01
7.895595672973082912e+01
1.314641202784580685e+02
7.203613516593226507e+01
7.145092542828105309e+01
7.934908646096388907e+01
1.089942606749409180e+02
6.527089492004368765e+01
1.286575698412146380e+02
1.065510341723758785e+02
9.220956017915266045e+01
9.614505282787429508e+01
6.403368363089070670e+01
5.976032181181226832e+01
6.206937504531848049e+01
6.060931525177829116e+01
9.312790981137571578e+01
9.515468991095607976e+01
6.892075824193652522e+01
8.075369858017717206e+01
9.029677521181488942e+01
9.205553259700998581e+01
1.374303102913106329e+02
5.291102114096000975e+01
8.843294135011379353e+01
4.759538701569344710e+01
9.091668981109465619e+01
1.039022119280146796e+02
1.007908427745112903e+02
9.711768426311510893e+01
6.278477798488967920e+01
5.401173385994481180e+01
6.129874279452469921e+01
4.357513548814375781e+01
4.832954132945415893e+01
4.678066403929152983e+01
9.797843844004582081e+01
4.021075649156311016e+01
3.257224621060343139e+01
1.443388285144934287e+02
4.209624657336556908e+01
8.728998558109529426e+01
4.112914018000024896e+01
1.062679870625039058e+02
8.641186909245168124e+01
4.977895019416772016e+01
1.140707084379538685e+02
1.119688691843165032e+02
1.090120416054954404e+02
6.755872947817522345e+01
8.305026179173016487e+01
4.573935397754038235e+01
8.454814750207826535e+01
2.335439710095462829e+01
1.122587944143189702e+02
4.185402667116374431e+01
6.722743423599345647e+01
4.949259075085559090e+01
4.843295741832220358e+01
8.868440417291881772e+01
1.178477760860586301e+02
1.085458001404492876e+02
1.905106458195721686e+01
1.146437503484446694e+02
9.424598007944005928e+01
1.314438832750651045e+02
4.324396532184173481e+01
2.214396854968927997e+01
6.939302423792746310e+01
1.440663881586342541e+02
7.252487536266433210e+01
7.417615625980469929e+01
8.575248513611875012e+01
1.122525536989393089e+02
4.559928059812381207e+01
1.242979881340809669e+02
9.928430802572933089e+01
9.562374474851895911e+01
9.459453983880597150e+01
9.700036721431955300e+01
3.434639915088171591e+01
3.401611414538507461e+01
7.279529401707078762e+01
9.145738014873450084e+01
9.907114833383901953e+01
9.129164832271462160e+01
9.605848306556850957e+01
8.674258731305515369e+01
1.206354162866646362e+02
1.078027706842365774e+02
2.837805091649910594e+01
8.929449987426589530e+01
7.027900000228292754e+01
9.190690650059661948e+01
1.336369259462493631e+02
1.244844488205897477e+02
1.141749691072230775e+02
3.877538081725725050e+01
8.474995109154285444e+01
4.016131907208610841e+01
4.352224068868391527e+01
4.726251527877566616e+01
9.214692935268847407e+01
3.506598435339311237e+01
4.070791053742247811e+01
1.271192391640673947e+02
1.822913725090702286e+01
7.646371063528080469e+01
3.109896460021565900e+01
8.176839179297320470e+01
8.673306423595593628e+01
3.637728393961986484e+01
1.085011459733421333e+02
1.585583621337248132e+02
8.793378872799284807e+01
3.811586816568149061e+01
8.675499453265392447e+01
5.890657499094377414e+01
7.022418010429061042e+01
3.665089763959394986e+01
1.025181195872406477e+02
3.491452393513521457e+01
8.787678940620904200e+01
4.740567359186383101e+01
5.022042557492285653e+01
8.684279719797305575e+01
7.640166239648148405e+01
8.291391799861746392e+01
4.397838546304254237e+01
9.403763464433045272e+01
5.375403071944539590e+01
1.098055942137799406e+02
3.605512093198865387e+01
4.434690287883272930e+01
7.590589954763157721e+01
1.415333217557371484e+02
7.190558145029314119e+01
4.449717989871148660e+01
6.726616327440370924e+01
1.182740784778132195e+02
4.826908086652372276e+01
1.197206468930341856e+02
1.082165818053599793e+02
8.609377696951166570e+01
8.989062677151618175e+01
7.090735208948383672e+01
6.105911887833484286e+01
3.262672628675040443e+01
6.397406832234912599e+01
9.205331448298441899e+01
5.876357264939567671e+01
8.723421240660769627e+01
5.719417615913401676e+01
9.537940203819510998e+01
9.529206266458439245e+01
1.376198613331581555e+02
6.510978963339852044e+01
9.361326521480975771e+01
7.068393867615178294e+01
6.704773012130193877e+01
8.833067945049762670e+01
1.132300075609771568e+02
7.482338201731383265e+01
5.713805908742219231e+01
6.449757067393930754e+01
7.460746415876823789e+01
4.328968912996617036e+01
1.340389774564754930e+02
6.066449534657682818e+01
6.479061164079216439e+01
1.794769957165013068e+02
7.935420102092760430e+01
1.302780678665289997e+02
7.216692253195353146e+01
1.429885644556945863e+02
1.199217786329744939e+02
8.561886743629690955e+01
1.450385048135151180e+02
2.305410116817720052e+02
1.520936635745127319e+02
1.024160535767465063e+02
1.344077385036171393e+02
7.371256982483245679e+01
1.227431828740076156e+02
7.305575523741030963e+01
1.506219406720353220e+02
7.116578787458759336e+01
8.051684238607379029e+01
5.645399259100020828e+01
7.469634106641721871e+01
1.440596747730954235e+02
1.389332857846900424e+02
1.341143760073470048e+02
6.241519516109306664e+01
1.488049908545935409e+02
1.286746173651981451e+02
1.460687904139421676e+02
7.298877288717444856e+01
5.510897940205046552e+01
1.247498737616391935e+02
1.746756073472922992e+02
1.122782010748621389e+02
9.900598059256280692e+01
1.213588941182598404e+02
1.585402620248023027e+02
4.780394951820634475e+01
1.162082913596946980e+02
1.447094647489782631e+02
1.350542755796651306e+02
1.422245274124019261e+02
1.184356455067575240e+02
4.055032778901826163e+01
6.453613764475252879e+01
1.153254050710580003e+02
1.414409717453421536e+02
1.351159080145453970e+02
1.213257867473215299e+02
1.328612285194660103e+02
1.322360387822021153e+02
1.515768852766177872e+02
2.122410273971604795e+02
5.552934680148888447e+01
1.437302569155029630e+02
1.109217551547955765e+02
1.254722342597184905e+02
1.373519863286343536e+02
1.639844898024035160e+02
1.443455900317500209e+02
3.726545578654745583e+01
1.945325530016490845e+01
3.516159839101554496e+01
1.016750943838750629e+02
3.962872715415466729e+01
3.250968973103778126e+01
1.450307934749700962e+02
3.910792504667217173e+01
8.357662373586680360e+01
4.414592240589631444e+01
9.852356763178984522e+01
1.033072919000366312e+02
3.999581906243246721e+01
1.237299749373145090e+02
1.554637966112277638e+02
8.990770881910133028e+01
6.430765508787104068e+01
9.533092660956123154e+01
5.125267494572114657e+01
7.864758583176946161e+01
3.743948993465911457e+01
1.195672329584317310e+02
2.346560708641600002e+01
6.619297077954013275e+01
1.952327654465899442e+01
1.657056540804804357e+01
9.832270195736535356e+01
1.143847085517012374e+02
1.067959075921352223e+02
4.313026086233922030e+01
1.015380798513258043e+02
7.939600623835400484e+01
1.208776769800662692e+02
5.194737997174082267e+01
3.580509876635563415e+01
8.503330547461794708e+01
1.596442012041793248e+02
8.895832205055660324e+01
7.523957805905486396e+01
7.626783860748098220e+01
1.291204362054516253e+02
3.473877889789797990e+01
1.148302742231078639e+02
1.256408998695992381e+02
9.842926961647094686e+01
9.720618913715529175e+01
8.590739113469695099e+01
4.480073832866191452e+01
3.846811433334908514e+01
7.394874363986247090e+01
1.007343782729352881e+02
7.947806911457459478e+01
1.117070028939635620e+02
8.992739435819859750e+01
1.076188747291426182e+02
1.324147730627220767e+02
1.329079278587434487e+02
5.345066574133254989e+01
1.036058992629630779e+02
8.846989264933087327e+01
1.026135004947916087e+02
1.062333855472090249e+02
1.230278214614573216e+02
1.141844805959017464e+02
3.695558659890427577e+01
3.961631104898910394e+01
1.055487335490019234e+02
3.465131044057155663e+01
2.726445696815365949e+01
1.428774286030514986e+02
4.391689834235805279e+01
8.093963378904176409e+01
4.616678373121799694e+01
9.368649384087365206e+01
1.093522162447163879e+02
3.574235502909577633e+01
1.187693113511825516e+02
2.015136815208333587e+02
9.519710593487030792e+01
7.528355803492425480e+01
9.674345018815002106e+01
5.834440832470240679e+01
7.637244188575867554e+01
3.868662316458518546e+01
1.198017113982482442e+02
1.606856139506027148e+01
6.639832012691640273e+01
1.567820434118469386e+01
1.672688267790475081e+01
9.772009425264543836e+01
1.212809056335667321e+02
1.031378016447507378e+02
4.536029775499945771e+01
1.030048901761848725e+02
7.685945978367986697e+01
1.198902514329929261e+02
5.744077996633107119e+01
3.242435273550951536e+01
8.666493513858787878e+01
1.661722647576556540e+02
9.000327634666062693e+01
7.744396097343198448e+01
7.562797666836320332e+01
1.329630236130310834e+02
3.946511701553508544e+01
1.246775793492519142e+02
1.260206663137827690e+02
9.706714658271887686e+01
9.672444318713573352e+01
8.427534269426371338e+01
4.669172346375681570e+01
3.336510475383028052e+01
7.357539483157734139e+01
1.095800203532922978e+02
7.625774821404623083e+01
1.051096884170707710e+02
1.065408870493177318e+02
1.098783220508501302e+02
1.447874590374943011e+02
1.732606950643950654e+02
5.519249956225708331e+01
1.058148475569139322e+02
8.817336213688761859e+01
1.077908828651031001e+02
1.144652745503336178e+02
1.231696537285229738e+02
1.217329039386917771e+02
4.010002715385053307e+01
1.082419124678550588e+02
2.331328618986775325e+01
3.667770150096635007e+01
1.409716527586292329e+02
4.468378670503016536e+01
9.841470776742653470e+01
4.805458557920596263e+01
1.068550047754996228e+02
9.248883195426120096e+01
5.136443289622904018e+01
1.183438189088913077e+02
1.844733908156772486e+02
1.133496219058316683e+02
7.323045939988892883e+01
1.064644340183970996e+02
4.406365094708675656e+01
8.822170052477362390e+01
4.679343058329232719e+01
1.227295918297393627e+02
4.374591150657771266e+01
5.632237947749494111e+01
3.947195260726731902e+01
4.139978186111192571e+01
1.053891993845930841e+02
1.076834930604307630e+02
1.008099715492576962e+02
3.911740630372844407e+01
1.084492438622760631e+02
9.409073084416631616e+01
1.098453847840034570e+02
4.827656413189198759e+01
3.702322434666874784e+01
9.384911102040953779e+01
1.398342749959209925e+02
8.166948708966459947e+01
6.969479570024758175e+01
8.495822611848127792e+01
1.260712856372827417e+02
3.278022401673736397e+01
1.057021329541578325e+02
1.170951992708442617e+02
9.784378922280914992e+01
1.076869688132766072e+02
8.044248498572237338e+01
4.240900424458284590e+01
3.628622592147456061e+01
8.787270432817162202e+01
1.092753397957972368e+02
1.002197996486977729e+02
9.133283497554748465e+01
9.691516289612876278e+01
1.060646610993312180e+02
1.188296003672384700e+02
1.623644235244861136e+02
3.714236683222012658e+01
1.122145495531273838e+02
8.365118643497334006e+01
9.831584589646973882e+01
1.050638292574274573e+02
1.310569958796490653e+02
1.040562728924225695e+02
3.986317168341606987e+01
9.436061712599898499e+01
1.005636550630306800e+02
7.866089375729745825e+01
8.846877363812905060e+01
5.744546547052982532e+01
9.077913828776848959e+01
6.260855312765264813e+01
5.294536261052451209e+01
8.000799617235347228e+01
6.010644920935515501e+01
1.914345816498961881e+02
7.988471799186942235e+01
9.166931073158744425e+01
4.991867560956615790e+01
9.826049947074392321e+01
5.402829579937550619e+01
8.928831651443827866e+01
6.654339369838073992e+01
9.134024491156448278e+01
9.518422007949331487e+01
1.059557159143317762e+02
1.104292336704877471e+02
6.808231991839015507e+01
1.351050124495732234e+02
6.944749046180463381e+01
9.486079344772133481e+01
8.130593983180129669e+01
1.113674979327599317e+02
5.326456635971441500e+01
8.110601727034850228e+01
9.885512172166968980e+01
4.861550596164407523e+01
8.135966105488301991e+01
5.808379131003482598e+01
1.185380133978966768e+02
5.867938900928133705e+01
7.634444795554199459e+01
1.163870756819000434e+02
1.552795392270103321e+02
6.674030375317180130e+01
5.036003171147142865e+01
7.450220768143412897e+01
7.222872565461020145e+01
1.163890157409585555e+02
1.052682253447571412e+02
4.624590507460180078e+01
5.829384845573439122e+01
1.141634892944603479e+02
6.331310007272581686e+01
1.104595890955876456e+02
7.535332348673611591e+01
1.324039257190080434e+02
1.762981816299751472e+02
1.096236390400675305e+02
6.499993603447441615e+01
7.285877639361922320e+01
1.179009367083099988e+02
1.129768589678556054e+02
4.629909016428594981e+01
1.218234115263955459e+02
1.112123977116931428e+02
2.946925375708822514e+01
1.305840543644293916e+02
2.945499201817978019e+01
8.245858044165946410e+01
3.546371260853700136e+01
9.421964827111759178e+01
7.957190556038160878e+01
3.399804967485065532e+01
1.050822112829589088e+02
1.627673944762885867e+02
1.017621112620381183e+02
5.864500986333334254e+01
8.707050491159301941e+01
3.269300954173360907e+01
7.518369281039213092e+01
3.005728497014991163e+01
1.118299847723678795e+02
2.990090574388408839e+01
6.558525752367388861e+01
4.201096135638920970e+01
4.543547277775300586e+01
9.538529495004408432e+01
9.543526543153330977e+01
9.015234702831378399e+01
2.755428642988182020e+01
9.709707928546018252e+01
7.612862045207489814e+01
9.900878911673352434e+01
3.969612653544461978e+01
3.184708065068124938e+01
7.818684455810688405e+01
1.366806087377809149e+02
7.256404947851544307e+01
5.647375516772964943e+01
7.295092009257778898e+01
1.120724511376339905e+02
3.698605993610117082e+01
1.115574574871433811e+02
1.065121901651453555e+02
8.730433397501748516e+01
9.195793951592114013e+01
7.013209402353304256e+01
4.545629452673372128e+01
3.199669523044633834e+01
7.168644695987057958e+01
9.940282292782470108e+01
8.327630166276530588e+01
8.500436089880489021e+01
7.788932162100348933e+01
9.506194424773762819e+01
1.086094321646873055e+02
1.459005082789205119e+02
4.869497994756307691e+01
9.613825453849116798e+01
7.118949714161098541e+01
8.546037713722029139e+01
9.022747829160769584e+01
1.154858941959448231e+02
9.237485042951695391e+01
4.435801956077393271e+01
1.324622937868063559e+02
3.415336446174534757e+01
7.948052903067001296e+01
2.853384649564665310e+01
9.605313698553285917e+01
9.362144756060335737e+01
3.880881363649954352e+01
1.067794164199751634e+02
1.853716407410504985e+02
9.650987402268063420e+01
6.174096489491915918e+01
9.102437232773759490e+01
4.530636922156239876e+01
7.495859229777620669e+01
1.938101489919423770e+01
1.155660856452576724e+02
2.405269296026407133e+01
6.455728492347562053e+01
3.236232031262497344e+01
3.512935468177572318e+01
9.324527207869249423e+01
1.068244648967392578e+02
9.137371464964063250e+01
2.772984482097283632e+01
1.035768023083315086e+02
7.285865230907749890e+01
1.207228733465872637e+02
4.987892065946018505e+01
1.450345418725166802e+01
7.946097134785767935e+01
1.474912995249735559e+02
7.422763361283359984e+01
6.091770806041011355e+01
6.977282434865763605e+01
1.178695692232171695e+02
3.726664138678349047e+01
1.225579234669085622e+02
1.102276994324558501e+02
9.342961887902654894e+01
9.278304407067720661e+01
9.050277645730380982e+01
3.878019955259711793e+01
2.848843744751969709e+01
8.033691296438122720e+01
1.018348357345106905e+02
8.668579296712034932e+01
1.005439202082433354e+02
9.091787574906426528e+01
9.845587143484044645e+01
1.297359320362812980e+02
1.661307357632376807e+02
4.156942431517381209e+01
9.920744953559209023e+01
8.334768012479892718e+01
9.151726712162981414e+01
1.048450248053801772e+02
1.297579600230103267e+02
1.074638383318798702e+02
2.991635133765206689e+01
1.265350490740657818e+02
7.091868629714971917e+01
1.269130009227453684e+02
1.003683781310935217e+02
9.060660948125732261e+01
1.264013369783365732e+02
6.906019547423258587e+01
2.148920597484219286e+02
8.191634734523464090e+01
1.268676140512398547e+02
5.838950635473969442e+01
1.537554011900782029e+02
8.355915814365849315e+01
1.305628646166436226e+02
9.039416554147382499e+01
1.294902103892158038e+02
1.363258663922446772e+02
1.438767262351888121e+02
1.531928474858034406e+02
6.812062808143220138e+01
1.628844066266311472e+02
5.621280612295374368e+01
1.378853161331480237e+02
8.535818680716762685e+01
1.468499833814780686e+02
9.654800322978073268e+01
1.302291455168834773e+02
1.350887371021703984e+02
8.064463893591626231e+01
6.123126374883664624e+01
9.052701856914946177e+01
1.614447550894560663e+02
7.098686859664114479e+01
8.629413686024332719e+01
1.548487483050449214e+02
2.236587955303470210e+02
6.787613650655751485e+01
4.824605414114869717e+01
7.517251863582747262e+01
1.263867540177916595e+02
1.536943226662145321e+02
1.491896788611147997e+02
1.003293912051820627e+02
8.422581559121110217e+01
1.523243169981842584e+02
1.031555513073622024e+02
1.460408177134965229e+02
7.739704695452677186e+01
1.849439359512703049e+02
2.025702913664955815e+02
1.430184470404684305e+02
7.249814217373523206e+01
1.255432369505211057e+02
1.445371158684443458e+02
1.515387666364854340e+02
7.515610984749186230e+01
1.581582978964232211e+02
1.513782616261685234e+02
7.621517561156070997e+01
2.085780732055302167e+01
8.998729203425317280e+01
8.326023844679001229e+01
2.927570559343141099e+01
1.068787349463542995e+02
1.624702186059447797e+02
8.784881072997121976e+01
4.532693594967565787e+01
8.438051517695552661e+01
4.756972862898318510e+01
7.115730084944179623e+01
2.410259784287373819e+01
1.018908281068811164e+02
3.261708880043737224e+01
8.198766138604550235e+01
4.855227730879247616e+01
4.456677217858157292e+01
8.905333133944995438e+01
8.717763851599633540e+01
8.656005143208017216e+01
3.076473263273786785e+01
9.060039146728793469e+01
6.787512235734635624e+01
1.067360359780257966e+02
3.500592961216580790e+01
3.340096962442842710e+01
7.476665439385034517e+01
1.393034657322788235e+02
6.662985796031146890e+01
5.108861225329781064e+01
6.574031867369319571e+01
1.128979947776749242e+02
4.629693070673815214e+01
1.247134841105380616e+02
1.073829860457780683e+02
8.588081209869039867e+01
8.805140528538743183e+01
7.926502324350268225e+01
4.508762362230162779e+01
4.131839218852498874e+01
6.499841813502651178e+01
9.179858661431802602e+01
7.211465115111373336e+01
8.463133555309852341e+01
6.286761080583505645e+01
9.125505578575993582e+01
1.038714788363810726e+02
1.374318062863384284e+02
5.331834022999882450e+01
9.322068684634334090e+01
7.173258520901957525e+01
7.617064389726779439e+01
9.239583259593420905e+01
1.181668799927568756e+02
8.732581310846097722e+01
4.846304659213554089e+01
7.534720522462937708e+01
8.918986043819586484e+01
4.746689583093086640e+01
7.019189523694423372e+01
3.601059995061414298e+01
1.461299090558580644e+02
7.925122239756149156e+01
7.863525630436640768e+01
2.382280913369278963e+01
1.093176312214916095e+02
1.658703190036438713e+01
7.249125471625754358e+01
5.316037197729919228e+01
6.451907701452940103e+01
9.431010061564415992e+01
7.960887871391761905e+01
9.391989635983910034e+01
2.589150944992687187e+01
1.268356824326057506e+02
3.520818907063664227e+01
8.867644058751615432e+01
9.180961545923115352e+01
8.093619946776163943e+01
6.561108062941485741e+01
8.867431400120447904e+01
8.244547548907266332e+01
5.598217942432187044e+01
7.484652241635988901e+01
4.610723600214840445e+01
1.164091821140371223e+02
1.930967285963427571e+01
1.048841287131973985e+02
1.069935431362184062e+02
1.805574430242077995e+02
9.209861285909489936e+01
5.519463053194024127e+01
7.663946999269053606e+01
7.997458140222597933e+01
1.086858302121582796e+02
9.414530986777106136e+01
3.858439095455435819e+01
7.801681572821728139e+01
9.226907091038503950e+01
6.867781923660682253e+01
1.077900418277368857e+02
8.790322646995794287e+01
1.370671115506619060e+02
1.290846510220911796e+02
1.041645968985258150e+02
7.759973187194826494e+01
8.088993782491429840e+01
1.077312736594881954e+02
1.102410036030681226e+02
8.166534811223444024e+01
1.226898282671167948e+02
9.646477301140382110e+01
9.557152305959371574e+01
7.847919931178394393e+01
3.113182574519899504e+01
1.007189347865623290e+02
1.556312496528607312e+02
8.761651292883902897e+01
5.003086635052081732e+01
8.544889625979469372e+01
5.300342556778429071e+01
6.948175331826956835e+01
2.281935947511079021e+01
1.027698553095161031e+02
3.284042542030346112e+01
7.788692179851510389e+01
4.592153973900699526e+01
5.187059708883219855e+01
9.191540002535336384e+01
9.496264990670222517e+01
8.723431629589777003e+01
3.373537829143078426e+01
9.368009580833894745e+01
7.328424491379605854e+01
1.115258718456630760e+02
4.206122843309820070e+01
2.655345694824681857e+01
7.350760881258082691e+01
1.372445577953858731e+02
6.676275211350053951e+01
5.631956437833533613e+01
6.412206734669599939e+01
1.095204383554546155e+02
4.918402947954962912e+01
1.333601490666802079e+02
1.014412810441798456e+02
8.658884201860489327e+01
8.783528686674938513e+01
8.416891537060297424e+01
4.718611298910238361e+01
4.371401558909137464e+01
6.897259031540959029e+01
9.288784316047841116e+01
8.245823401200573244e+01
9.058258220681938155e+01
7.864196602544544135e+01
8.774255232043663000e+01
1.150879729281350450e+02
1.399403335303795757e+02
4.910741745786400259e+01
9.483700775542889971e+01
7.195993434946545619e+01
8.192531111919997500e+01
9.270201013524190614e+01
1.209192877009719354e+02
9.757672923757417038e+01
4.232168727092374638e+01
9.442451893072193059e+01
8.666947741454701770e+01
1.012522788750997762e+02
2.546106893090542656e+02
9.262414241190583652e+01
1.205524296547849161e+02
7.701460939597961897e+01
1.202992565895522574e+02
8.696425882297945975e+01
9.902239269092706309e+01
8.779444597324697952e+01
8.494009272411423694e+01
9.337912072973358590e+01
9.826039141092013551e+01
1.053615892326103562e+02
9.269959760654185743e+01
1.679892120875280739e+02
9.977708090553637987e+01
1.005391315569050903e+02
9.146168253632468748e+01
1.220234976258963968e+02
9.145766253997174999e+01
1.008599862156789726e+02
1.043597135506105786e+02
5.966856740731025610e+01
1.117110190032954620e+02
8.724059976583721721e+01
1.238778010498949413e+02
9.181096144247247537e+01
1.011791093788108213e+02
1.182329625947780158e+02
1.706766764384641135e+02
8.321056344956619455e+01
6.206149982188894398e+01
8.323094109818688935e+01
9.225307378896650334e+01
1.195401612568927874e+02
1.033880575672710478e+02
7.506851046125815685e+01
6.589620379234391123e+01
1.290784702945651077e+02
9.690238472043967022e+01
1.594270571487068082e+02
8.807891502810413442e+01
1.707736263336628610e+02
2.286264322092748671e+02
1.108125575871964230e+02
7.696124772655038271e+01
1.070292191775057660e+02
1.412551190210074878e+02
1.497933761525455623e+02
6.990153415382543756e+01
1.496825334345284659e+02
1.151813842353068225e+02
8.551731378456462096e+01
4.611077936794880827e+01
1.668286570950662906e+02
1.121918847292709813e+02
8.687645727231439707e+01
4.824444869951546622e+01
1.015051679547307799e+02
3.790293324296560229e+01
8.694627039664166546e+01
6.136490942068844134e+01
9.099900144610161590e+01
7.716098772790482485e+01
1.058722037566497960e+02
1.180398010616966076e+02
4.980781564965733565e+01
1.211570836466116390e+02
4.539471886979761450e+01
8.294649762662675130e+01
1.059213874449349788e+02
1.137238122164531404e+02
5.354711240026625774e+01
8.284092558220913816e+01
8.815207726202589811e+01
7.029184862045462978e+01
7.068722761839815405e+01
3.092743041141176263e+01
1.101637102842763198e+02
3.847116509528503059e+01
1.053381057069771032e+02
1.073296097294477818e+02
1.640979355423627339e+02
7.925691910125833317e+01
6.517266087686058995e+01
9.434951644369019164e+01
7.247203095691355657e+01
1.044996963651512800e+02
9.793502771590404166e+01
3.595228542873265809e+01
8.999469255288391878e+01
1.152303936596628517e+02
4.217101652760168662e+01
1.105582352280317480e+02
7.997316257059037525e+01
1.272938849469570073e+02
1.615298736591162196e+02
9.007980647038498034e+01
9.117999893151075241e+01
6.628481347634178178e+01
1.034984914582929321e+02
1.183300038806255827e+02
7.799250647996277053e+01
1.127492754005765505e+02
1.036785999082222389e+02
1.051487124583409525e+02
1.457361646930993686e+02
8.437805290175771233e+01
5.794121243627148488e+01
7.330741628174874336e+01
4.889741042673161076e+01
6.513289968368411564e+01
3.501235290198385997e+01
1.015778109608657758e+02
3.056198039593587978e+01
8.529732328705586042e+01
4.000291458509198605e+01
4.507184700965969171e+01
8.204622453826017647e+01
1.066957144956434718e+02
9.106865347914155961e+01
4.270524581359740779e+01
8.725804589396886968e+01
7.294359333541446233e+01
9.675348070365664910e+01
4.510835076083105122e+01
4.306479629727453329e+01
7.056578557675383934e+01
1.438367338814339575e+02
7.049978338893264151e+01
7.412179765885079519e+01
6.653328339325069862e+01
1.015792126239981172e+02
5.912552705218072902e+01
1.259290807501821092e+02
1.084108107652794359e+02
8.080598829006865458e+01
8.467955495534549470e+01
6.966830542736587972e+01
6.167896729186324478e+01
5.496029394829503190e+01
5.742090234040798435e+01
8.843146076274842926e+01
7.885339150065821912e+01
8.949529992872629691e+01
7.299139318601292814e+01
9.190508489026977657e+01
1.173433226591783693e+02
1.273313628904458881e+02
6.279421356206108129e+01
8.210597627964885703e+01
6.771048521664330622e+01
9.541054638765211848e+01
9.678918305660708654e+01
1.058272978104536293e+02
1.015376795062869348e+02
5.529061193912520622e+01
2.027981707411439345e+02
1.067530519192990539e+02
1.047689735330216649e+02
3.484061432647136058e+01
1.303730713998267561e+02
4.921257477532648039e+01
1.015757040768465629e+02
5.438774440919013387e+01
1.033621416488837923e+02
9.541087952670145000e+01
1.193625839174205367e+02
1.315260501666645325e+02
4.647812884252244459e+01
1.310762513762161063e+02
3.501335975265232037e+01
1.093672498747110069e+02
1.099472112836435400e+02
1.200783277544657039e+02
6.019803092212298878e+01
1.124236445060439422e+02
1.042800409364523659e+02
7.233862081828162616e+01
4.749513398341780146e+01
5.599131631295155387e+01
1.350487182951905538e+02
3.972221466883654983e+01
1.087005800447374355e+02
1.240324243522236145e+02
1.871382403450682830e+02
8.402802051584674814e+01
6.820486900011059106e+01
9.137348001839964695e+01
1.015001872024434135e+02
1.277354347486117945e+02
1.168002095233137680e+02
6.908159058228429217e+01
9.730031848857190369e+01
1.291311784539378209e+02
7.179512376651237560e+01
1.264143087286133920e+02
8.670092630047862770e+01
1.544947965794654010e+02
1.920392592914721774e+02
1.125082341129833168e+02
9.378225438823291427e+01
9.979907860351391946e+01
1.202647345829837064e+02
1.214696725881545660e+02
8.253715925205713688e+01
1.386377854453628515e+02
1.222565423451556939e+02
1.814409495926906288e+02
1.356713629539154056e+02
1.318298859988416325e+02
2.249461360300942658e+02
1.595569818647536522e+02
1.341051371293915224e+02
2.233364836750496352e+02
1.441131340947486308e+02
2.020810503992084364e+02
1.707867261848782903e+02
1.961583496334432937e+02
1.614622099779071505e+02
2.431817067499370069e+02
2.046378442127987398e+02
1.419157619390696823e+02
1.917270474889095340e+02
1.830874425968893036e+02
2.839980986792482440e+02
1.604163272354707317e+02
1.632565584860265631e+02
1.289382312800167654e+02
2.452852973699419010e+02
1.692552146431177107e+02
2.054539082644075449e+02
1.505573551820674822e+02
1.971375141189454325e+02
1.918383383553416479e+02
3.824934346169400783e+02
1.741901937817016801e+02
1.544548863518621147e+02
1.617117414296597815e+02
2.952550950740588860e+02
1.674326083342631364e+02
1.734145565365530501e+02
1.426457902571364968e+02
1.735151042546149256e+02
1.631664773652936731e+02
1.658018456231698963e+02
2.262885089499808373e+02
1.320714894105626911e+02
2.771941321162528311e+02
1.728977274338432579e+01
1.379657974195031045e+02
1.452722615942716686e+02
2.184589152999356827e+02
1.776943571918845919e+02
3.074430271758549225e+02
2.366703821668604633e+02
2.056216486976844919e+02
1.726071997464063941e+02
9.075274551323181527e+01
8.381872817776638840e+01
1.246646802407408927e+02
7.983632930324739618e+01
8.982640710590182209e+01
1.204036781619234091e+02
7.813952132975626341e+01
1.367952859506335415e+02
9.393013586575088425e+01
1.017547600168478255e+02
1.015143299272942983e+02
1.430760446084330511e+02
1.154231212496201664e+02
1.059861002456587897e+02
2.799707919383559229e+01
1.039321465668554652e+02
1.078207797593585155e+02
1.038449637344699994e+02
1.003617978325388123e+02
5.001684093153941291e+01
1.353176364911934968e+02
9.148861984980760553e+01
1.337443850619757484e+02
8.147549432859067053e+01
5.713072661508390837e+01
1.214599642147977931e+02
1.974758690548099480e+02
5.047159049783831364e+01
4.174660678224563526e+01
2.220786575506628679e+01
1.015559715820739228e+02
1.233419695898811028e+02
1.133525316628473973e+02
8.896358944465802665e+01
4.885567370331471437e+01
1.062326096379697162e+02
1.240070939958065281e+02
1.203872564264164566e+02
3.880975791240980755e+01
1.544743315482231765e+02
1.607583387775086976e+02
1.217085818642174502e+02
3.677649166258915869e+01
9.989305138268017004e+01
1.257977791644998860e+02
1.283691225865945569e+02
7.568720947649474340e+01
1.410265312278835665e+02
1.132059233011427750e+02
8.507476076735437687e+01
7.739285117622669929e+01
7.420875467221267741e+01
5.006370849900311981e+01
1.082673044754001808e+02
6.026151381700208276e+01
1.083521281095022744e+02
7.510163924036342564e+01
7.800096801446125028e+01
9.231720568773677371e+01
4.385580573367356294e+01
8.564358342739259911e+01
6.257229533882058803e+01
1.004824862556913558e+02
3.672520037408450833e+01
1.157746627137782554e+02
4.692131071863141045e+01
5.705851135080226300e+01
7.690915859376053731e+01
1.408920079270907308e+02
7.315533732990488147e+01
4.178479755817853913e+01
6.741287475104196858e+01
1.136388863319948968e+02
6.625223315580737449e+01
1.324691149491787883e+02
1.086732263538463883e+02
9.001819903653002086e+01
9.091725559127543477e+01
8.344564257516077532e+01
7.493178106720895926e+01
5.273758248819291339e+01
7.051828293199667996e+01
9.634329168911705210e+01
4.263720810084559076e+01
8.820073532094281177e+01
3.503490232331854770e+01
9.416506122113588617e+01
6.308612836167336724e+01
1.226855550880445378e+02
7.994085203898258385e+01
9.406385138859694450e+01
6.623660220338970817e+01
3.390437574138493204e+01
8.525295551267257110e+01
1.190756122053622050e+02
4.907173589137611458e+01
7.093818042836126381e+01
1.134581732986549696e+02
3.627162550928374429e+01
7.968473822187641531e+01
5.236175272645234458e+01
8.154638957431760105e+01
9.874031968120119984e+01
9.389757411321799907e+01
1.060762525417562898e+02
2.557518977948320682e+01
1.387336137355683832e+02
3.952092257822052801e+01
8.861625541259385841e+01
8.892274669732296388e+01
1.010026134178166615e+02
5.922758419702311983e+01
8.833677071113427814e+01
9.072660739101893057e+01
4.520984434773595240e+01
5.329889865262278192e+01
4.913549929125390037e+01
1.235286128661747824e+02
3.717620322873982985e+01
8.054878231384381593e+01
1.153846743876040080e+02
1.804542935319316825e+02
7.455782398382326903e+01
4.916835012266578531e+01
7.311575391482493558e+01
7.981554136377479836e+01
1.125291599878888604e+02
1.000000568815326005e+02
4.329902603750140599e+01
6.613948364476028985e+01
1.041372747611228249e+02
6.664380980231057094e+01
1.117002044115212840e+02
7.756946493583306790e+01
1.425374506233232239e+02
1.244070544278716994e+02
1.033670945353936901e+02
5.902293774105775270e+01
7.246004124774353272e+01
1.126941822597467109e+02
1.254959809692839627e+02
6.494360355701839183e+01
1.271533624058815803e+02
1.044441239558627501e+02
1.037057103829174025e+02
4.308937952387086767e+01
1.187673082707188996e+02
5.061222064656100628e+01
7.572885157689331947e+01
6.363580124717172737e+01
5.737769398357669104e+01
1.198227454202979061e+02
1.194739859646564923e+02
1.174965960448479194e+02
3.233180066255982865e+01
1.234437102628975964e+02
1.011617581816083344e+02
1.183315291908196940e+02
2.709691764885818088e+01
4.482746857932288975e+01
1.070480595787699798e+02
1.597766451079557157e+02
9.244530914118934106e+01
6.804650979266682498e+01
1.004223904478946281e+02
1.267885484210253821e+02
5.046553747757880615e+01
1.095565373326181628e+02
1.333312249047692433e+02
1.163130638622306776e+02
1.206697950032020259e+02
9.598040317717941150e+01
5.441696825468431342e+01
4.690134554423806179e+01
9.094498866155934991e+01
1.242407993659672485e+02
1.094661453920731589e+02
1.001361776948612743e+02
9.226324915379643699e+01
1.169510907334867653e+02
1.011994585824282638e+02
2.037041948359419905e+02
5.442203826285525281e+01
1.209353954236522242e+02
8.137602589655656971e+01
1.082116506226816455e+02
1.006288806243080671e+02
1.343941585865474053e+02
1.086911915827626558e+02
5.657998883645350929e+01
7.017558444630877545e+01
6.516847657396719740e+01
5.832001635867629830e+01
8.387794754183939006e+01
7.483264959198100996e+01
9.049702648360397461e+01
3.162754203255074614e+01
1.195243835320306971e+02
4.310500218452150278e+01
8.433745815836329029e+01
8.967032983279177927e+01
7.568019007422527977e+01
6.172617755642439619e+01
8.289540475980790291e+01
7.874766103592119748e+01
5.347341437642741369e+01
9.677336109231890759e+01
3.405733263517508647e+01
1.093787826398975369e+02
1.528644895927803304e+01
1.046423087682658633e+02
1.015904235931814412e+02
1.727300904918404854e+02
8.803855759603497688e+01
4.745279259299911701e+01
7.471564491161586830e+01
7.112610900569744388e+01
1.040365326012632181e+02
8.884161769402113862e+01
2.806165879837796950e+01
7.813752217347267504e+01
8.768204728934995273e+01
5.608789596360939811e+01
1.050981053757274708e+02
8.281603907648289464e+01
1.301825515287379460e+02
1.366551288286253509e+02
9.771629752793450052e+01
7.534285360468204829e+01
7.520056482949149768e+01
1.014506643033074056e+02
1.116884125391008524e+02
7.967661001844625446e+01
1.143836829348830690e+02
9.271170549512065406e+01
1.054516712176907873e+02
2.642820223811166613e+01
7.328473552461326790e+01
4.109717614907696515e+01
4.163663243975338446e+01
8.931495175670802666e+01
1.010084160710432712e+02
9.273126824398130452e+01
2.101885952705898930e+01
9.690213904276293988e+01
7.280391217506212342e+01
1.185357423664318333e+02
3.480190524177568534e+01
1.671820828304557693e+01
7.012135110533016302e+01
1.419806659691638799e+02
6.757365514405110218e+01
5.963288285767574592e+01
6.527234646962145348e+01
1.100204464198582031e+02
4.301551911603286271e+01
1.304860234542363457e+02
1.037428516845781417e+02
8.707607237818422163e+01
8.441228424454129708e+01
8.971653453649653898e+01
3.842722478852031287e+01
3.287320860047362459e+01
6.685898817712102016e+01
9.029422408460403915e+01
8.113684868746445034e+01
9.091545967579084220e+01
7.619476335123027866e+01
8.845749524927073537e+01
1.178558224559086085e+02
1.213636417583301181e+02
4.346074543059803830e+01
8.983912244725195251e+01
6.921647857999718667e+01
8.379743975906609421e+01
1.065046161683928716e+02
1.208756010367127800e+02
1.021714481995902588e+02
3.252146436495079485e+01
1.071566667719469308e+02
1.091401252639851407e+02
1.215821857986799017e+02
1.259709789385434959e+02
5.534391914044145011e+01
1.422208612699893706e+02
5.466711637074373442e+01
1.091802952136831664e+02
1.203888312407013785e+02
1.295526106250314911e+02
7.595185532941624729e+01
1.068284730839109926e+02
1.126653803430125009e+02
8.723790872748517700e+01
6.906550887607332356e+01
7.177049184034176221e+01
1.354009892435733207e+02
6.140364066830035483e+01
1.155670059878757456e+02
1.314450861351151616e+02
1.690836695161354726e+02
1.062820145403460970e+02
8.800574097694479292e+01
1.134708942104965104e+02
9.824255192141234261e+01
1.256497235928374892e+02
1.228005135474763563e+02
6.841951429390999806e+01
1.020010006778998672e+02
1.312869862491876916e+02
7.362652521623851953e+01
1.270536703123170810e+02
1.108015807924859928e+02
1.271350424165694193e+02
2.066296628037660525e+02
1.165621337465793346e+02
1.067322565610098337e+02
9.667436843400250268e+01
1.299835082274003071e+02
1.312373878338079862e+02
8.799856094858448330e+01
1.417790093040722184e+02
1.277063167847968543e+02
6.754461530719657958e+01
2.463681303118437427e+01
2.511352628587536984e+01
8.117039636667888658e+01
1.054446664179580608e+02
8.967882430158684315e+01
3.517120281454517539e+01
8.827397446545560911e+01
6.418902380187324752e+01
1.066286484009867195e+02
4.703648926442902223e+01
3.169284274787460731e+01
6.725640711254445137e+01
1.472960988331385010e+02
7.363907744789034382e+01
6.796715494544072556e+01
5.973735228339280923e+01
1.122759938574803016e+02
4.545488069614159343e+01
1.268305118617352889e+02
1.091392253142172422e+02
8.441646232280074003e+01
8.083578501257808568e+01
7.272762264504069663e+01
4.985074539715449760e+01
3.811460789664137394e+01
6.291174219567835735e+01
8.711156648113444589e+01
7.078132418964275985e+01
9.588748926286508834e+01
8.634033193152342278e+01
9.297099128495834464e+01
1.232119962023236042e+02
1.239223481649062535e+02
5.605001139865630222e+01
9.034572061969936385e+01
7.769631680334316570e+01
9.385837302740948473e+01
9.515511992189637169e+01
1.102710955600762617e+02
1.061180550138136454e+02
4.390019939491054402e+01
7.041879837322476021e+01
6.801523513827973488e+01
9.781378261568794130e+01
1.363016337359968020e+02
9.194136627885652047e+01
6.560372014753455971e+01
1.357618001314459946e+02
1.188255310598751748e+02
9.925910603475878702e+01
8.870212301487272555e+01
6.138351399273597053e+01
1.022253295446420793e+02
1.225187536111002515e+02
7.148105797842522691e+01
9.929705563708338900e+01
8.305304918513905932e+01
1.330217022673903386e+02
6.380942385072597745e+01
1.245624467305961218e+02
1.166338054482474433e+02
1.004996630504426207e+02
1.223949316303453969e+02
1.109853172477861278e+02
6.545985857741551683e+01
6.567299148278335963e+01
9.046537325099725990e+01
1.269713372273549084e+02
1.330116694637522414e+02
9.384487627388885755e+01
1.267423780653770677e+02
1.179429917944312365e+02
1.523241112122861693e+02
1.947828612361078910e+02
6.023898563276123497e+01
1.224509825056144194e+02
1.140658250565708158e+02
1.256616290537810983e+02
1.232942669892926091e+02
1.187890125636970282e+02
1.350089458870944554e+02
6.815445609681276551e+01
2.234562178657863996e+01
9.686435990643013838e+01
1.231425172343762711e+02
1.042537056527455945e+02
4.929034258294327486e+01
1.025500268310783127e+02
8.124540760620521951e+01
1.207429316787129210e+02
6.129622207963262071e+01
3.698948975993212684e+01
8.373623531314811430e+01
1.641439001418277996e+02
8.904603541262117972e+01
8.319756960318352412e+01
7.548057682554322412e+01
1.302423493992689600e+02
3.546634454918247314e+01
1.138909747195987165e+02
1.246589211818362912e+02
9.658726994461228799e+01
9.548928792724548487e+01
8.538918313151455664e+01
3.714206809967294731e+01
4.170674821626862183e+01
7.270876955120409946e+01
1.042912502622385347e+02
8.206810262627379871e+01
1.078441193419711510e+02
1.053196265500771887e+02
1.082308838977548646e+02
1.441883631564836890e+02
1.478993835820167249e+02
5.316403656727834459e+01
1.032964334173233851e+02
8.776766695707490840e+01
1.102701181135388282e+02
1.169564611533661207e+02
1.224152744691440660e+02
1.227586381655981711e+02
2.717216153930682054e+01
1.062118918130946383e+02
1.252286187672274167e+02
1.168594841355587732e+02
4.597044402300077337e+01
1.138278700577399150e+02
9.012561450509662109e+01
1.326177275190576097e+02
6.098134365743069196e+01
3.767373670918327377e+01
9.649056841929129291e+01
1.738435962376987050e+02
9.532505387097253902e+01
8.567881279139078288e+01
8.766392014965953194e+01
1.368251531353807025e+02
3.601052081846260222e+01
1.223918192697773293e+02
1.355800955872380769e+02
1.091298607379500396e+02
1.071756451607021319e+02
1.001094896396359957e+02
3.964295113022482298e+01
4.248955013987620788e+01
8.580328571781959113e+01
1.165073845863918649e+02
8.397872063406849463e+01
1.161040766557084254e+02
1.000392232394700329e+02
1.172964501370262269e+02
1.476422366719090178e+02
1.678486905367820725e+02
4.939478008799476783e+01
1.143481822822108995e+02
1.012836053094489728e+02
1.117640644692190506e+02
1.198364673297634084e+02
1.371571692303198233e+02
1.273397018630344775e+02
3.969570507368362655e+01
1.400841653389209966e+02
3.397309017482650262e+01
9.196323673865504134e+01
1.095382363519682514e+02
1.024058286202001682e+02
7.888118132995491294e+01
8.802499541070886835e+01
9.651563850476433970e+01
6.069211670813386661e+01
6.616642382019561808e+01
4.309805693172089036e+01
1.320104469296396132e+02
3.066767435589743229e+01
1.058013777193923772e+02
1.230972450651222800e+02
1.876747796737142835e+02
9.036392039409614085e+01
6.645137323572170374e+01
9.006017829703655764e+01
7.716741604561708812e+01
1.164032369208780722e+02
1.095006071341226317e+02
4.279378431004099070e+01
8.710802403885196554e+01
1.073377908512367327e+02
5.995647057751534703e+01
1.251434530690654725e+02
8.713935568400272302e+01
1.480982734617466008e+02
1.472332800518232432e+02
9.861935531662784626e+01
8.072608511785954022e+01
6.972555602845285705e+01
1.110272355550456069e+02
1.370226568827418987e+02
8.167466714013221463e+01
1.290999736778449005e+02
1.124836224249354331e+02
1.203495351975787457e+02
1.034188158304149852e+02
1.414546708398411567e+02
7.127742552089739547e+01
1.435715018772890517e+02
9.166538718687851883e+01
1.013743542914319420e+02
1.265453145319383736e+02
1.678759273301052986e+02
1.068689799575329289e+02
6.472991838730744973e+01
1.088843616407645811e+02
1.525177251985892610e+02
1.001515538968751571e+02
1.498877761450210073e+02
1.448220829152961642e+02
1.354507727342654562e+02
1.384088214100749212e+02
1.272466462501872968e+02
1.120725038749924352e+02
9.235311839053797200e+01
1.259047091942498042e+02
1.476947261693891846e+02
7.743733286892131673e+01
1.270527082061608724e+02
6.693301345958880688e+01
1.300352468974000431e+02
7.512934959991846995e+01
2.263311041762871128e+02
1.143986354427804741e+02
1.468692653618358577e+02
1.197599182468031245e+02
3.916528530452587376e+01
9.562217683617170394e+01
1.706025913546946526e+02
3.749427434975216755e+01
1.158170936688907204e+02
9.991438681070698635e+01
1.125507810385561243e+02
1.083252545669187157e+02
7.295338985038492297e+01
8.626730462521803133e+01
9.458213997898862146e+01
7.744296142816180861e+01
5.067445649839881128e+01
4.980340172648376296e+01
1.153953771962018635e+02
2.971990211738698662e+01
1.217699993569324874e+02
1.102905306256185298e+02
1.803283460894606662e+02
9.354486570781580212e+01
7.115062103391542792e+01
9.804881828196808158e+01
8.241361679089131087e+01
1.131200065197524935e+02
1.024864354667832202e+02
5.599003642730664865e+01
1.038455491062485692e+02
1.121368705497881280e+02
5.347052886173447916e+01
1.115430021751119511e+02
9.825730470918539083e+01
1.414414634561339312e+02
1.828232753515272577e+02
1.031262445535189158e+02
9.918421694771663510e+01
8.224872290060903879e+01
1.014892438330199980e+02
1.146348147347572421e+02
9.020118835866456664e+01
1.173700075773281526e+02
1.099266826063972218e+02
1.064309424337318006e+02
8.817770181656705120e+01
1.181665678549427554e+02
3.817748855202663805e+01
2.286208678743031086e+01
7.816853764290108586e+01
1.349942249350622490e+02
7.048393579275426646e+01
6.039593505777701665e+01
8.147586120894021633e+01
1.124331343910488243e+02
4.037327130543850728e+01
1.192203686870301595e+02
1.038062492030798580e+02
9.425655554579718398e+01
9.594714028720221677e+01
9.278681542977787444e+01
3.401155450659064172e+01
3.549300612432985247e+01
7.506761686139469703e+01
9.664751574068213813e+01
9.385913981172176079e+01
8.327259504005684221e+01
8.173451922264676739e+01
9.043998884841143138e+01
1.140051571146561145e+02
1.333069337396781577e+02
2.882731311267396279e+01
9.513925879806561170e+01
7.601321186742825375e+01
8.544687049736373297e+01
1.127211253512759868e+02
1.277144348096542927e+02
1.012853656123178752e+02
4.089490813669105762e+01
1.133583613594462776e+02
1.010944951463041406e+02
1.058781734730737298e+02
1.054602800117192061e+02
5.585921651864396154e+01
1.275450061671522093e+02
9.336000996843283417e+01
1.274666981907713961e+02
9.314193242553930929e+01
5.436391299101634189e+01
1.233138961333744277e+02
1.876719752811588080e+02
4.357596103501707319e+01
4.426442799853485610e+01
2.123590090633302196e+01
8.793569128074601338e+01
1.246068250429854061e+02
1.120437680748694191e+02
9.310806800530339444e+01
5.124592924313029130e+01
1.160245273146770586e+02
1.141952909063890900e+02
1.238420801794492405e+02
2.472767763421163778e+01
1.538449391734293670e+02
1.707872835385373946e+02
1.173628376396804782e+02
3.153653146996720125e+01
9.404833051438200187e+01
1.253829158471475722e+02
1.222169378816586516e+02
7.524685717139148267e+01
1.324480559041441268e+02
1.172108433581966409e+02
1.321715558250182880e+02
7.766674073553997459e+01
8.211715625101554394e+01
8.837958005980814846e+01
1.712789083842517925e+02
9.400909315051346482e+01
4.954460289224887504e+01
7.556908833902991773e+01
1.326974753750467357e+02
8.670619140172220796e+01
1.506175753753967115e+02
1.297667985638283028e+02
1.052182571123116048e+02
1.014313284758078453e+02
1.017864463548359168e+02
1.065003922607012186e+02
6.969302837002177853e+01
9.023232094500092160e+01
1.123828617788187643e+02
3.223946956329670144e+01
1.202163132776733079e+02
7.510477776430082031e+01
1.141865239722710754e+02
8.403361473410672033e+01
1.637258730771831949e+02
1.101131901814652139e+02
1.109692660942684910e+02
9.822762162462620950e+01
4.305046585375407631e+01
9.673310309187506562e+01
1.360717771503843778e+02
5.892733736194151817e+01
9.477723933782029064e+01
1.015741461137952371e+02
1.221130157119649766e+02
8.187237701157997094e+01
8.829085721876462856e+01
6.776742196056891032e+01
1.365339666753473864e+02
6.488658103775816244e+01
1.048958846364366337e+02
1.258402998366535286e+02
1.622604194057324491e+02
9.614121715323803130e+01
6.439167607699711482e+01
9.809386446281227734e+01
8.720084035720790894e+01
1.348210470404171417e+02
1.224074282248699603e+02
5.639899723934968989e+01
9.952452234176064394e+01
1.335410547700392669e+02
6.443691152381077814e+01
1.325126836326918749e+02
9.944165367939774569e+01
1.450766958672372766e+02
2.499241751756626400e+02
1.252904828408971838e+02
9.715631760504295755e+01
9.972397832053999878e+01
1.369461573965451180e+02
1.254742688897238310e+02
6.807952923624112884e+01
1.343162487188872944e+02
1.337415928759282622e+02
4.539568904656993453e+01
8.091228852731393317e+01
1.265590188716035556e+02
7.455850964977508966e+01
5.281906214516536835e+01
7.857520853434432695e+01
1.178676911464408761e+02
4.914472211240909161e+01
1.159761648947462476e+02
1.077368491285935761e+02
9.449102170412122348e+01
9.719450044776959885e+01
6.536229892548945486e+01
6.060976400202382308e+01
4.160443209397440967e+01
6.624680730670094420e+01
9.949786272618941041e+01
8.209913568183058885e+01
6.911057094845968152e+01
6.761012056827463823e+01
9.297422975320407090e+01
8.766618416461338370e+01
1.471635481113071648e+02
5.035293569135244951e+01
9.208327223333159850e+01
4.583406720953396984e+01
7.538286160603512087e+01
9.316435818454340279e+01
1.029181377963671764e+02
8.444277179614661577e+01
5.679973152979016504e+01
7.966238822487368054e+01
1.426957284672335788e+02
7.149545451531481888e+01
6.264552272008861422e+01
7.227893611217669445e+01
1.160447869383778112e+02
3.353589828565085185e+01
1.204194844393815345e+02
1.075307511756101917e+02
9.434295976743149481e+01
9.447978299005711733e+01
9.501095493273501802e+01
2.979656397666727941e+01
2.648216741322370282e+01
7.949184366893123865e+01
1.024819861649577177e+02
9.197214484510064381e+01
9.559485569392430193e+01
8.521789598377539221e+01
9.437111045995342806e+01
1.230605206447234536e+02
1.502698736916589155e+02
3.019983117961011843e+01
9.945080428598220124e+01
7.893732161415091753e+01
8.595389176447874036e+01
1.063158992150745235e+02
1.309712132286946087e+02
1.071533594441774682e+02
2.458858514662237482e+01
9.264468787486175927e+01
5.341889199066101668e+01
1.119235250745207395e+02
6.061171684341265831e+01
5.224611257307587664e+01
1.047315333524460215e+02
1.740528055152671243e+02
3.729358044140004580e+01
3.682302886237128092e+01
3.684280216027931232e+01
6.365797803505541452e+01
1.002285547929042906e+02
8.819552993361651261e+01
5.870729364258958327e+01
2.425959084250768072e+01
9.344084225141861566e+01
8.129734696097820290e+01
1.101909597068488154e+02
4.053044904540882953e+01
1.341694899427625103e+02
1.199552805256509629e+02
8.609221478080171153e+01
3.229412791718346654e+01
6.064028132095532442e+01
9.740355587472821242e+01
1.242822248569923431e+02
6.039165058334444325e+01
1.149456879600672607e+02
9.410904719888814896e+01
8.195362298498329778e+01
1.657390582200964957e+02
8.136179842492565228e+01
1.155453825105985857e+02
1.636272213867623861e+02
2.229678191682350530e+02
9.343797694246778462e+01
8.998856797509721162e+01
1.143866335970150487e+02
1.178031639330560552e+02
1.553935084611625541e+02
1.525151418105192533e+02
9.501383073963745574e+01
1.136239739237531978e+02
1.710450588431100130e+02
6.658575113758628561e+01
1.718655956869940837e+02
9.251150136499347809e+01
1.845780865500626930e+02
2.411058812483966847e+02
1.192242714316706156e+02
1.156562158803076272e+02
1.123928768682352199e+02
1.449305577891889243e+02
1.644454011983384873e+02
9.898743818747351497e+01
1.654050280210564665e+02
1.571385616153852993e+02
1.047137980168652405e+02
3.411816772974741241e+01
9.270677351584559744e+01
9.974258780818038872e+01
1.645327361028382427e+02
6.838511080147387133e+01
4.973194782846913853e+01
7.729184481366969806e+01
7.082853172668886543e+01
8.970919823094544654e+01
8.938429572040254811e+01
3.793726330500180666e+01
7.967668179634227954e+01
9.944410963341262288e+01
5.041446967466720253e+01
9.864799001154950986e+01
6.514117284214033532e+01
1.182028157381018048e+02
1.476150820919307591e+02
7.606011203012046451e+01
7.342739476834493928e+01
6.149622858863720865e+01
8.926660172917358693e+01
1.080430220607359502e+02
8.422704135087255395e+01
1.035704871889991665e+02
9.072538483390866304e+01
1.030860404295559647e+02
1.498295595804997618e+02
6.329907669496428468e+01
1.232489502344513141e+02
1.373346266712704278e+02
1.243588771984163373e+02
1.254934994412823670e+02
1.096083314685449608e+02
8.020958744715812827e+01
4.727061152736406768e+01
1.071229005770552760e+02
1.304794288226870833e+02
6.532367931463792843e+01
1.192981064530354445e+02
7.988648675152130352e+01
1.260607649514348481e+02
7.965769846899497963e+01
1.881529816115764788e+02
8.291895266133033715e+01
1.340450789562919169e+02
1.023269885349692743e+02
5.475966009019813185e+01
9.750560720637319889e+01
1.485175044845523473e+02
6.226148980519175780e+01
7.641616160664958102e+01
1.058850845941597640e+02
9.432689309681866519e+01
1.726920138026638938e+02
8.951662218860018072e+01
5.307099550408386790e+01
8.232429918833531701e+01
7.573545983718344132e+01
9.655271059199188244e+01
8.528185799701419967e+01
3.606955525490000980e+01
8.444119254306355060e+01
8.538463825186171618e+01
5.437246879052997173e+01
9.462197724829037782e+01
8.763990903246384789e+01
1.282574229364620919e+02
1.311493872632149476e+02
9.474717536911202842e+01
8.144170424358451044e+01
7.245287961110548736e+01
9.406417882005565900e+01
1.025415307579094417e+02
8.489280459303313364e+01
1.075612240053945925e+02
8.690334613076286985e+01
1.430857034993707089e+02
1.845809203999004922e+02
4.881302068755727674e+01
5.085951385293481763e+01
4.717420097564656345e+01
1.036025483489264900e+02
1.337559453189545593e+02
1.320948353322732203e+02
1.074790331728889186e+02
5.208599095576236948e+01
1.403778273089157267e+02
1.167943766056143886e+02
1.290762680986839541e+02
4.444596726065665848e+01
1.565608490449700696e+02
1.912486050273875549e+02
1.168461943460559525e+02
4.114336551837077849e+01
9.742078586217054692e+01
1.318957207206530029e+02
1.323731100685203614e+02
7.687503873327962367e+01
1.377827381387564571e+02
1.325336979069893459e+02
9.927538012992980043e+01
1.337977446479440289e+02
1.172443623530321020e+02
1.160983225701841803e+02
1.022219968634799585e+02
2.654165662819836768e+01
2.756764548195491216e+01
9.930600567733857531e+01
1.275964904545676575e+02
9.210092483108489603e+01
1.084569464021884357e+02
8.102513680384905115e+01
1.203221813297465275e+02
1.237959863271648402e+02
1.768556373280852654e+02
4.440495578748193850e+01
1.252977426230469433e+02
9.502124428534082767e+01
9.354114332493458051e+01
1.051378848007027500e+02
1.406052701073292042e+02
1.112284911602230011e+02
2.864824923425535275e+01
1.975784198176018549e+02
1.875578486169104053e+02
1.928330460917528058e+02
1.580192466348705693e+02
1.098532383255362532e+02
1.066663040479400451e+02
1.629856530978682372e+02
1.855557914000161190e+02
1.640199094205243000e+02
1.732253240733173527e+02
1.188988218700357180e+02
1.895766036083258257e+02
1.350176307890003784e+02
3.475050496690363389e+02
1.221808605713993785e+02
1.869308331411371285e+02
1.597694376686020803e+02
1.581052208797304957e+02
1.391236153585313673e+02
1.888643828625234846e+02
1.495495581222642159e+02
1.073632788254581527e+02
3.410520699694053803e+01
3.176828627406182193e+01
9.502526697465918915e+01
1.264724798702767714e+02
1.202384876479672187e+02
8.890476472146096398e+01
4.352224835350532572e+01
1.344554774347845694e+02
9.781393008829003577e+01
1.380709189578737153e+02
2.352084957322358960e+01
1.562310420431480509e+02
1.699141177163218117e+02
1.058886896711931485e+02
2.499618461833110672e+01
8.790978873737910249e+01
1.186995719010105006e+02
1.397142271205821373e+02
5.998300225616520009e+01
1.374504904311209827e+02
1.245805844852005748e+02
3.632944993274440293e+01
7.945065587848404220e+01
1.162178631887782387e+02
1.041499378221741381e+02
5.477376932271793919e+01
3.715866432140808229e+01
1.085335946034958283e+02
7.701750100474316696e+01
1.189271069859967582e+02
4.379712455510065183e+01
1.438477763564524423e+02
1.396079833095237746e+02
1.067242241655748245e+02
3.257729172732116041e+01
8.231970373572339383e+01
1.150621958785753662e+02
1.252536196919935634e+02
4.129696741492517731e+01
1.274077306152327651e+02
1.091356419249923135e+02
7.950113522971422242e+01
1.155185942313623002e+02
1.022957083888989018e+02
8.315885126158089236e+01
3.938051190742823593e+01
1.062867451478277587e+02
1.048504833374898766e+02
1.211748000914648458e+02
1.960257357610832329e+01
1.501346880905811645e+02
1.484356448629120848e+02
1.069382328233629664e+02
1.946161511081083262e+01
7.839859942036838447e+01
1.142415254312567185e+02
1.281215448813969999e+02
6.558756814504656063e+01
1.321231525706613184e+02
1.069209707604318140e+02
1.083689031204749540e+02
8.931878830907382394e+01
5.073827314235829533e+01
7.800442538420274730e+01
9.569198688774804396e+01
6.388853759828963774e+01
1.272231642897437638e+02
8.065037661112114620e+01
1.320167811818186294e+02
2.458609682364154594e+02
9.370045227309447000e+01
8.321674169561316603e+01
2.825337472166877362e+01
1.023833828429589801e+02
9.964571360221020768e+01
7.944464583838782801e+01
1.090803759498843846e+02
1.013174784221037896e+02
4.265578796320779986e+01
9.780313952758868368e+01
1.215445092919609209e+02
1.072114640266585752e+02
1.068164730311885648e+02
9.596882713612737348e+01
1.103898450742319568e+02
1.327617897657329138e+02
1.570320983695276880e+02
3.168426027606338380e+01
1.198467998022993299e+02
9.670163070474217193e+01
9.649955387776786608e+01
1.240609147262027108e+02
1.471076225227186569e+02
1.192725209366748089e+02
1.902320753300148226e+01
8.389651780395529101e+01
1.084559750855313638e+02
7.971099576154210808e+01
1.032405259824852237e+02
7.675622480165249328e+01
1.089377279697130376e+02
1.146930769735860736e+02
1.610747002475764020e+02
4.936297859661477361e+01
1.096891935884297169e+02
8.058025088289582527e+01
8.119737776256430095e+01
9.848730152531537385e+01
1.263394304381970130e+02
9.509024334309272319e+01
3.637374365163694989e+01
7.440698000212569241e+01
8.461080374977476026e+01
4.715489855415739129e+01
1.032568831632804773e+02
8.604136568002876118e+01
1.224613118601569823e+02
1.220518101696786886e+02
9.047890498932282810e+01
7.267732180809804277e+01
5.382533586277822479e+01
1.008443013292931312e+02
1.204844266198565776e+02
5.396552585258828572e+01
1.126445492108493056e+02
9.006197757957822603e+01
1.137435998661476617e+02
1.044494091884510993e+02
1.340694378257733490e+02
4.311987504641669489e+01
1.525831342045806878e+02
1.551916588383296869e+02
1.079018405563084571e+02
3.668340608831658045e+01
8.597623638765142573e+01
1.193753199783026133e+02
1.426056777543108183e+02
5.888595577597938302e+01
1.325160022781328450e+02
1.155872638104629431e+02
1.181981434279115177e+02
7.635562614514250868e+01
1.179041856015441851e+02
9.597436952906568308e+01
1.456903129448165259e+02
1.162609708914551305e+02
1.129449879085514965e+02
9.435529723014332149e+01
4.885199585182488136e+01
1.088627549492461384e+02
1.323594834316550077e+02
6.764839513095672885e+01
1.026171887735094401e+02
1.161654225411017194e+02
9.412352843383918355e+01
1.262732031833304376e+02
1.584473454993830330e+02
7.667537994509601162e+01
9.447752213382756281e+01
5.566158572342017408e+01
1.053327154133679500e+02
1.226681017043974720e+02
7.390630210451190862e+01
1.204188427215527923e+02
1.076530747522693332e+02
1.227584523370674674e+02
8.465445093363365459e+01
2.079131738830417362e+02
1.032186105494600099e+02
1.223037455242236291e+02
1.070512379539000420e+02
6.192126827382052312e+01
9.278622881132707789e+01
1.563034230128274658e+02
6.956302171099299869e+01
1.000884838646057347e+02
1.408763803619882253e+02
1.284581522365295712e+02
9.110775700182020387e+01
2.601908938236226732e+01
7.148829841477757441e+01
1.092109031292725660e+02
1.258299562376496539e+02
6.863521943131789271e+01
1.289918932216392875e+02
1.103998332755133589e+02
2.455725529038716388e+02
1.273990190644341283e+02
1.518493680835374562e+02
1.173402559942165908e+02
6.761011115206486011e+01
1.166479877033574013e+02
1.673498122312043108e+02
6.775988316462829175e+01
1.375443297142464303e+02
1.387128826565700592e+02
1.375196846147250653e+02
1.986496318987444170e+02
1.681095457276633454e+02
2.741317808769118756e+02
2.139703693979602122e+02
1.924628096860595008e+02
1.594494217951187522e+02
1.067778966120985160e+02
7.536967352711526758e+01
9.479101401654287429e+01
1.272711264838266771e+02
1.328288153814326336e+02
1.168821877586318578e+02
4.232476859215478271e+01
7.407504194993698832e+01
1.178428658578938126e+02
1.419122277587233327e+02
5.292347186829823613e+01
1.336147228604012867e+02
1.137214294514701152e+02
8.879749182863000101e+01
1.089180231173360909e+02
8.104931299557642888e+01
1.075829438441231218e+02
8.661427762226627181e+01
1.023662667866892093e+02
1.431180038987258456e+02
3.287186516928022684e+01
1.019959225660940234e+02
1.610960355771281343e+02
1.021729550317956949e+02
1.182163274827071859e+02
1.518433326705018089e+02
1.384978857362733606e+02
1.206633198002017338e+02
