4.493923623092378875e+03
7.100912498483369291e+02
1.568265237022768360e+03
1.698641704845170125e+03
1.876004104866213538e+03
1.526783744911441545e+03
2.095427491635605747e+03
1.572166779968915080e+03
1.591092727235094799e+03
7.087281878079561466e+02
1.781223739294481447e+03
1.476197332609571276e+03
2.871515041370571453e+03
4.992171383640488784e+02
2.034575158019160881e+03
1.111663866632691224e+02
1.772709015520754747e+03
1.701500031597677207e+03
1.376690122934518513e+03
2.011565561835582912e+03
2.114764132522024283e+03
3.547184434464738843e+02
2.489041833087070700e+03
2.065720343843608134e+03
1.845424078668325819e+03
2.747655540504949840e+02
2.312704540270930920e+03
1.216417628108832560e+03
2.106368316194326326e+03
1.612706515463853066e+03
2.612774037488656631e+03
1.845253920345540564e+03
1.701381025621495382e+03
2.055457999193175056e+03
3.671122364349519103e+02
1.908564488928316450e+03
1.662056224250583000e+03
1.953406474410969849e+03
1.835288796200102524e+03
7.646653808977660447e+03
1.904466224541260317e+03
2.278463807256020118e+03
2.437453893650781538e+02
4.031783717657951456e+03
2.588080653829540552e+03
9.985376666814727287e+01
8.850362288445126069e+02
1.293580108917301004e+03
4.322856458797705272e+02
1.556745077247676818e+03
1.631971085537650879e+03
1.726117362730947207e+03
1.976162252861648312e+03
2.065130357646591619e+03
9.502644540699438949e+02
7.061171928712838053e+02
3.202013388948572356e+03
4.181421035123175898e+02
8.171694915971311275e+02
3.453269834172156152e+02
1.933589716608682920e+03
1.296400412742616027e+03
2.488136433006523930e+03
1.525700140445760553e+02
6.801174036656539101e+01
5.504908746382104255e+03
6.430525189904615218e+02
2.203709207509402404e+03
2.512474168943858331e+03
3.304332367947365128e+03
5.194963943781343914e+03
6.229451049198822147e+03
6.429585192377155181e+03
6.490791808669453530e+03
6.010155948953119150e+03
6.556889855577120215e+03
6.524960668908412117e+03
6.511360343999522229e+03
5.433297092383745621e+03
6.387147088140305641e+03
6.190686831632412577e+03
7.073088997279895921e+03
4.506712889521642865e+03
6.713529923758404038e+03
4.484810573033452783e+03
6.606680632281726503e+03
6.435723739645547539e+03
1.710594396239063371e+03
5.329069723838612845e+03
6.618766534658119781e+03
4.390722243638637337e+03
4.960019659476679408e+03
5.326975115079520037e+03
6.365352221023407765e+03
4.569733838497987563e+03
5.391870013195159117e+03
6.149279563948782197e+03
6.583745750113925169e+03
6.658145221354869136e+03
6.321811422769758792e+03
6.767653173789991342e+03
6.634543464998604577e+03
6.056651359912573753e+03
5.100608351716194193e+03
6.648737852856636891e+03
6.494943370067942851e+03
6.772569860524632531e+03
6.574535973946277409e+03
3.926016734240109145e+03
6.464643583338782264e+03
5.117382345817777605e+03
4.711084803497814391e+03
3.768693377156565020e+03
6.057764469465726506e+03
4.645797164699465611e+03
4.768649884622204809e+03
4.898417952929375133e+03
4.461657052419455795e+03
3.570928259639442786e+03
6.555524084534213216e+03
6.357650460860404564e+03
6.654411240583647668e+03
7.047522273000795394e+03
4.951501961979288353e+03
5.455075659079591787e+03
5.897139482743032204e+03
4.832623341968791465e+03
4.962741379172892266e+03
4.637526674030659706e+03
6.472200459708328708e+03
2.458763816682881952e+03
5.649595819161245345e+03
4.436875615354270849e+03
4.533315323092350809e+03
5.172479580409346454e+03
5.129813024937594491e+03
5.564646032551585449e+03
6.308654176203195675e+03
6.359936527148170171e+03
3.073499049402560104e+03
3.380089722997658100e+03
3.479777106991520668e+03
3.439471632932511056e+03
3.879085880670069855e+03
3.126937553314803154e+03
3.151208535503789335e+03
7.136834463533325561e+02
3.457858944762585452e+03
1.083181206091112472e+03
2.771748358735179863e+03
7.998790112718293130e+02
3.901036452979948990e+03
5.483995402697121335e+02
3.242011650505190119e+03
3.343376708500614768e+03
2.329317822354711552e+03
4.077477018538288576e+03
3.931178304073248000e+03
7.764594626503317158e+02
4.334863223620439385e+03
3.738230179846476858e+03
1.497891189481495076e+03
5.124123336643956463e+02
4.249439680704402235e+03
8.983829948926177167e+02
3.663552364957331974e+03
3.094648545235536858e+03
4.474723150841684401e+03
3.578931577195803129e+03
3.478398196612226911e+03
3.572600222680955994e+03
5.067858866106735150e+02
3.593720613932855031e+03
3.227337209853722925e+03
3.470875033032711144e+03
3.703627699291496356e+03
9.085457960036434088e+03
3.490359726291100287e+03
4.068093592128077944e+03
6.541191082963550798e+02
5.410660140369451256e+03
4.691383834146444315e+03
5.573603767949834946e+02
1.063032467187750626e+03
1.124640015972231140e+03
9.375493466326825001e+02
2.981301022906221533e+03
3.322657126186172263e+03
3.277589370297548157e+03
3.385458330796807331e+03
3.560926959062780952e+03
1.028296743410704039e+03
7.276025653260853687e+02
4.742806342509264141e+03
3.187561378134587358e+02
8.289612686061336717e+02
5.353226834124220659e+02
3.599694126283396599e+03
2.115925829419720230e+03
4.451049360698230885e+03
7.104070239096161004e+02
5.396764501878317333e+02
6.550617232363863877e+03
5.470287391681627014e+02
3.850655642784142401e+03
4.764233541449080803e+03
4.956022395584732294e+03
1.735798223580972035e+02
1.116391388736690260e+02
1.645079393387513846e+02
1.432369783704751853e+02
2.296202815700917199e+01
9.352417999453496122e+01
1.589192130097474774e+03
1.288590833166260836e+02
2.289993308956558394e+03
3.913946728775857991e+03
4.102148535865972008e+03
3.411349011054689981e+02
1.846287269899274861e+03
7.372529891352951381e+01
7.561530684823981119e+01
9.259749674171659990e+02
2.304082887233671499e+02
1.794494735581758960e+02
3.877816651464521783e+03
2.565996494788103064e+02
1.957549527196415511e+02
2.689748648321569362e+03
2.184041700079542352e+03
2.298899176548327432e+02
2.127687859322526947e+03
8.131756999833748978e+01
6.322113344095919274e+01
2.462036282716439928e+02
1.551802640146206613e+02
1.995419257973771892e+02
2.452164326705810709e+02
1.624489708590918781e+03
1.269646327632626708e+02
4.773455969883309535e+01
2.829740658916375651e+02
2.731026531667594099e+02
1.446875435788291270e+03
7.441482615806182821e+01
1.508518026122599167e+02
2.609576366643304027e+03
6.953522745699805228e+02
4.535524757987459452e+02
2.292715827326692761e+03
6.050064193788521152e+03
7.663894651834627439e+03
3.996091518223171079e+03
3.511895661285645929e+02
9.064336394833412669e+01
1.347351673510768251e+02
8.517443603073593295e+01
2.860015317526522267e+02
6.085194111779459490e+03
1.869467210088537740e+03
3.032543542684580871e+02
2.413724348310529876e+03
2.896156410984652211e+03
2.475816675621092145e+03
3.799452640255458391e+02
1.440514569685135029e+03
2.951298699905244121e+02
1.887194008716340704e+03
1.796812244894148080e+03
5.547640548746085187e+03
2.526800770593078596e+03
1.353768983625827786e+02
4.122444110494877805e+02
4.738749492404574539e+02
8.024057175433222255e+01
1.092355625591380885e+02
1.278002835835702626e+02
1.111049198869432075e+02
7.005033489037464278e+01
1.835740530233108757e+03
6.882487336763779240e+01
2.624584159637235643e+03
4.306518297017673831e+03
4.239034375810308120e+03
2.479237266753550557e+02
2.181110443786227279e+03
1.507526913368656096e+02
6.126934162189013477e+01
9.732612845877346217e+02
2.792796429180020823e+02
1.722838989058650441e+02
4.051595887373067399e+03
3.298706802773738218e+02
2.960412197800685590e+02
3.215563534753076510e+03
2.472607596181190274e+03
2.478675131354950736e+02
2.575781953802103999e+03
1.549271307009101974e+02
1.227007427076165413e+02
2.861365241297080502e+02
2.368065187241602416e+02
1.199393861064509110e+02
2.587229097182407713e+02
1.950734431806990187e+03
1.943036045273537411e+02
1.001965677591667827e+02
1.839506872836320781e+02
1.752493093034565845e+02
1.657181054355101196e+03
1.021878749304728444e+02
2.551179357660319056e+02
2.744898355875053767e+03
9.539124476326595641e+02
2.634307260145469627e+02
2.492718490553014817e+03
6.356422312025802967e+03
7.742039869462560091e+03
3.930362863738359010e+03
3.444159267418024228e+02
8.972495185258435413e+01
9.498702149596783784e+01
1.595461977516961269e+02
4.955536100421660421e+02
6.169017462616478952e+03
2.348550260833502762e+03
5.422949728894329837e+02
2.684915144041311578e+03
3.121349569946552947e+03
2.806479321595283182e+03
2.201803875354419233e+02
1.724857715478862474e+03
3.598684871724160530e+02
2.006475606222433498e+03
1.992508276383121256e+03
5.649515465413349375e+03
2.733523468352336749e+03
2.189895520886580016e+02
3.125330503943025633e+02
5.698499513407381301e+02
1.815654542635147664e+02
1.224513483381556398e+02
7.609448302795658492e+01
7.998615190951386467e+01
1.954898674270009678e+03
7.800716157885221946e+01
2.721954775020657507e+03
4.459599754201011820e+03
4.487879054113456732e+03
3.450211316465920390e+02
2.236729833442026120e+03
5.198881852115118818e+01
7.721935302606539153e+01
9.892943913277886168e+02
2.755082331042240185e+02
1.458416599983956985e+02
4.135544524596185511e+03
2.689006236587831609e+02
2.085923024113085376e+02
3.147234822302957582e+03
2.508461952430919155e+03
2.127384706312268463e+02
2.688677922147253412e+03
7.021292317573625041e+01
6.073631916949386778e+01
2.495040429204148040e+02
2.334439968422348102e+02
1.774162298640585504e+02
1.957757361489148025e+02
2.164674178414564267e+03
1.826841928738405159e+02
6.912573321776540070e+01
2.058640686459930293e+02
2.385619667126688910e+02
1.544130713634524454e+03
6.902519019198007300e+01
1.695737245130180781e+02
2.916244780380749944e+03
8.156456976496062907e+02
2.832496126642606669e+02
2.574439232376111704e+03
6.435078829689540726e+03
8.282774717868964217e+03
4.128481258850053564e+03
3.843245071221601847e+02
1.056215304983086298e+02
7.936989883751402886e+01
5.910772084985615038e+01
3.508696234927872410e+02
6.409090082098413404e+03
2.395507008824536115e+03
4.198406593634107367e+02
2.819485298117656384e+03
3.279723394000097414e+03
2.961729244459990696e+03
2.089772347815321609e+02
1.763511560206463400e+03
3.832187214247499014e+02
2.239240361104434669e+03
2.142567806099976679e+03
5.918691423381171262e+03
2.811616644573094163e+03
1.387257679890280997e+02
3.505002832963066339e+02
5.425187426680888620e+02
1.762084067193197825e+02
1.249083510658047089e+02
1.368297691020964066e+02
1.703993346162113994e+03
1.490104900421501952e+02
2.391472388897965629e+03
4.404772263686296355e+03
4.201210686336260551e+03
1.507333209964137950e+02
1.944575807681333345e+03
2.588415445821099183e+02
1.049543944281681433e+02
1.012716000038977768e+03
1.564876875360359918e+02
1.648473513728581565e+02
3.978797667267040197e+03
3.133634662012150329e+02
2.392337630258782610e+02
2.919486330170634574e+03
2.286058915002042340e+03
1.716222815568753504e+02
2.268259110873969803e+03
2.754851238626661143e+02
2.145012869057275111e+02
2.592608038468099494e+02
1.725475059904786121e+02
1.324052919299792848e+02
2.773387934813438278e+02
1.652701086050755293e+03
2.045121698111026944e+02
1.139329206757445263e+02
2.228517835966274561e+02
1.097704675195370783e+02
1.514180226839504485e+03
1.851117899607113486e+02
2.076784695581941378e+02
2.420557521839546553e+03
8.114198823800570608e+02
1.964847407172671865e+02
2.335506900006682827e+03
6.151579099515596681e+03
7.947291220958779377e+03
3.752955001260583231e+03
2.034040837905827175e+02
5.808017027877053806e+01
1.117567145838584111e+02
2.746137658069949339e+02
4.507381236365949917e+02
6.044922096863598199e+03
2.118550262752255094e+03
5.250565672778814132e+02
2.569684803237256347e+03
3.052058518010273929e+03
2.710894239062246015e+03
3.437766142858995408e+02
1.337529417852785855e+03
2.353965627862210113e+02
1.769928462119112510e+03
1.780048498035414696e+03
5.389245297828355433e+03
2.580078129151388111e+03
2.664342755086418038e+02
1.630116409625636607e+02
6.023209891509086447e+02
1.147705618863045629e+02
1.323732336374437182e+02
2.173784526581564933e+03
1.302190645530921529e+02
2.943160440460130758e+03
4.707775828289959463e+03
4.796542072787533471e+03
1.376324812882228343e+02
2.595290822443718298e+03
1.986326523747230794e+02
8.967931421373134526e+01
9.446471923292224346e+02
2.145287383287952707e+02
9.752050519572230769e+01
4.516029935990290141e+03
3.246625294426713708e+02
3.424139032964667422e+02
3.381874776001760438e+03
2.879585424754915948e+03
2.362889937284546704e+02
2.616614045354631344e+03
1.410631502559461978e+02
1.551666241729805051e+02
1.356687999798514284e+02
1.093225346112772058e+02
5.195896616046729832e+01
4.354538827052122087e+02
2.251318654424635042e+03
8.630345542808152004e+01
7.136564708122830325e+01
3.739820636287993239e+02
1.122991937178740045e+02
1.310664656019994709e+03
1.347814397710018284e+02
2.558006861315318474e+02
3.175206480328999533e+03
7.321734449548123393e+02
3.865305167409185287e+02
2.910372664977945533e+03
6.922894430501721217e+03
8.535676961063350973e+03
4.656174895526881301e+03
4.720632266461698237e+02
1.378699175649662720e+02
2.017791578586486594e+02
1.441951160312486309e+02
4.549312721067359462e+02
6.661022341174700159e+03
2.528603035754707889e+03
4.370297541341999477e+02
3.021217236424104158e+03
3.490405633344649686e+03
3.276043443376291634e+03
4.269733562534750035e+02
1.291744577686740286e+03
1.754058986206762256e+02
2.519321829573178547e+03
2.444266820710514367e+03
6.098285443697212031e+03
3.162628793882750870e+03
2.370952089020204312e+02
3.392899135226539329e+02
3.506630712966496048e+02
4.036883030328488076e+01
1.635327757523649780e+03
7.603225954566767086e+01
2.347131850061415207e+03
4.124091349700344836e+03
4.185292129473722525e+03
3.072854123527338288e+02
1.931762576929004581e+03
5.526233428813168302e+01
3.734390999902848307e+01
9.127886597823794546e+02
1.903430222092265467e+02
1.390523624883917364e+02
3.991282261989879771e+03
2.163765683964550135e+02
1.758729997134500991e+02
2.796667498263580455e+03
2.257467916245721426e+03
1.916281769412839822e+02
2.247200630751520748e+03
7.406951563103166336e+01
3.673545631675813183e+01
2.254293616511993150e+02
1.555147272812591837e+02
1.581383696359105215e+02
2.055763118509239575e+02
1.667883567024062813e+03
1.071309255516597432e+02
2.505097187211413257e+01
2.152673590341923955e+02
2.248052895776463629e+02
1.457125061534563201e+03
4.924709607064346528e+01
1.321568633554695680e+02
2.668065672370986704e+03
6.823070632580105439e+02
3.712987161095466035e+02
2.362207546808422194e+03
6.350546336648731085e+03
8.021341990970820916e+03
4.056157980023441723e+03
3.090771610793781292e+02
5.491753240371895117e+01
1.044839763428328752e+02
7.480886062886327181e+01
3.368165020364413067e+02
6.164187102840394800e+03
1.971441902241920616e+03
3.317637072222639745e+02
2.473886890524503542e+03
2.927702077086006284e+03
2.626317031969393611e+03
3.207231153731906943e+02
1.577672514129226556e+03
2.830564986556173608e+02
1.927607893833781645e+03
1.833185293691727793e+03
5.575077413377927769e+03
2.535412811697920461e+03
1.210058903249664581e+02
3.685746248062580435e+02
4.762913925875548102e+02
1.716162330205116177e+03
4.225368945930017617e+01
2.480431030045007901e+03
4.168855737171691544e+03
4.162862020334898261e+03
3.309744920311709393e+02
2.021560592792474381e+03
7.502806009216646999e+01
1.967521259442128212e+01
9.455833249778664822e+02
2.359487542707861394e+02
1.638838573404125327e+02
3.963133294339208987e+03
2.083724177749800219e+02
2.228615979583901208e+02
3.077321801938341650e+03
2.292382222763204027e+03
2.305660121112362049e+02
2.475108739727867942e+03
1.160068402526957243e+02
4.625035933087269768e+01
3.218539504846460204e+02
2.621970341687343762e+02
1.670852847355629365e+02
2.336370050587001970e+02
1.791601341539258556e+03
1.271520484261353658e+02
5.012167910829043649e+01
2.107176338401179692e+02
2.387829853537475628e+02
1.526932728982255867e+03
7.130315592431293226e+01
1.694995449432599344e+02
2.719326170006542270e+03
7.822056392658889763e+02
3.268974393992466503e+02
2.364598254089174588e+03
6.329328439099502248e+03
7.768961961082064590e+03
3.912387964553035999e+03
3.220685531839480973e+02
5.648304647086888508e+01
8.352288869356152645e+01
1.098026534715254456e+02
4.826601405913146436e+02
6.151514823663012066e+03
2.176649976447603876e+03
4.641973973668387998e+02
2.585538351872893145e+03
3.005864848144105963e+03
2.660410797593771804e+03
2.453570552429785039e+02
1.891905388437315196e+03
3.790235346899028173e+02
1.920667210274301397e+03
1.860711788779781273e+03
5.696420437301538186e+03
2.566311771894355388e+03
1.889309137338029814e+02
3.884451835475131247e+02
5.705405162562406076e+02
1.845906525816608109e+03
2.808483486165087015e+02
1.589183324377496319e+03
1.014620884095239262e+03
2.286329740110874809e+03
5.994957238317131214e+02
1.700137957931557594e+03
1.842664752791727778e+03
2.059104209601193361e+03
2.352101832851315521e+03
2.364469338083363709e+03
1.066816150273369431e+03
2.745697318751325838e+03
2.072503893852090187e+03
9.332773981210807506e+02
6.109651281718827249e+02
2.420803422178265919e+03
4.613605021417042735e+02
2.008404379109297906e+03
1.679569996043560877e+03
2.662309411355488010e+03
2.054306301042114228e+03
1.863969985177077888e+03
1.944136448729800350e+03
5.981930190992877669e+02
2.005162923575264358e+03
1.786150192252865054e+03
1.923558514878122423e+03
2.056644514041944603e+03
7.927136884060209923e+03
1.857722960388417960e+03
2.341736774238416274e+03
6.580127332846595891e+02
4.338874927752711301e+03
2.663397558549656878e+03
6.814172002901248106e+02
1.409994161600358893e+03
1.752008625842046968e+03
9.806177660124239992e+02
1.886474042649740795e+03
1.725654022319478145e+03
1.774328144209123593e+03
1.928758659640422138e+03
1.916118819606951320e+03
1.339807176613333468e+03
6.043811347446799118e+02
2.808640437535078490e+03
5.413140541359261988e+02
5.622912686879435569e+02
7.155246717956592875e+02
1.859518314643061558e+03
2.121833200639159259e+03
2.537701689161959621e+03
5.922215452478194493e+02
5.147546996406156268e+02
4.866204017717787792e+03
5.386894365659582036e+02
2.128446938444660191e+03
2.938718508180564186e+03
2.971848030136881334e+03
2.617415598651288747e+03
4.176633957400797044e+03
4.347224808846518499e+03
3.429425996577085698e+02
2.176317338447685415e+03
8.580503117178943739e+01
3.092736894420909266e+01
8.542207409499054620e+02
2.050798890884714183e+02
2.302729090750708565e+02
3.951151348440650054e+03
1.733977915811840376e+02
2.106314943142294851e+02
3.183636097146541033e+03
2.442962070156136178e+03
1.567531137072387537e+02
2.557689704089899806e+03
9.777245456755622399e+01
7.276047912911508320e+01
2.665392369222229263e+02
2.666707053787898758e+02
1.731657764885427468e+02
2.366781945661796271e+02
1.951011869466583903e+03
1.096521289396640668e+02
7.649118370920496091e+01
2.373149812624517381e+02
2.237732036916409015e+02
1.452191472018794229e+03
5.873980385753611699e+01
1.271337677565222748e+02
2.827295284977410120e+03
6.918937373303016329e+02
2.761009374541015404e+02
2.494447980903376447e+03
6.251024144247822733e+03
7.738831243995405202e+03
3.967439273673421212e+03
2.867534221002445065e+02
7.938459994841605294e+01
9.764686648464135033e+01
1.579539369243385636e+02
4.273453827197429291e+02
6.343433094783633351e+03
2.419387856832070611e+03
3.724854300905622040e+02
2.761078710514192608e+03
3.158243925643878356e+03
2.873603971057847502e+03
1.744568444459075636e+02
1.873715589599334180e+03
3.093285455193631606e+02
2.097284416947071804e+03
2.059916640024527624e+03
5.788845012201874852e+03
2.719385037351979918e+03
1.497500448102214250e+02
3.891291174662617323e+02
4.080701468206082154e+02
1.866315717283900540e+03
1.593393600464523388e+03
3.021432109961673177e+03
1.128767575036801645e+03
2.391312912832453094e+03
2.592027114689023165e+03
2.813388305117020991e+03
3.106703627154503010e+03
3.099680569271489730e+03
1.662513472946505317e+03
3.515751856479500020e+03
2.851284323454131481e+03
7.957736240304284365e+02
1.153972362329063799e+03
3.162574557774116784e+03
4.711699203163220773e+02
2.743266480012507600e+03
2.408656907988738567e+03
3.422189378837555068e+03
2.717862419320062145e+03
2.651067763050015856e+03
2.561177181215477049e+03
1.169892773245511989e+03
2.701965716442141002e+03
2.542383712739723705e+03
2.554121517762284839e+03
2.856753990560368493e+03
8.775603538516048502e+03
2.594291614185551225e+03
3.123100056633891654e+03
1.180755431772813154e+03
5.148596026387564052e+03
3.364664610945306322e+03
1.362701106527423008e+03
1.752690020476062728e+03
2.314677010560154940e+03
1.507084559675864966e+03
2.626630783354481537e+03
2.384097405632386653e+03
2.525138485290414792e+03
2.673959880803830401e+03
2.598120253223621148e+03
1.681619851354354978e+03
8.003687787198209662e+02
3.493642194447363636e+03
1.075198412500261384e+03
8.535004648437452488e+02
1.360227420687079757e+03
2.654543078408363272e+03
2.707241200645334629e+03
3.288345816153595479e+03
1.218562585948644482e+03
1.158597977116731499e+03
4.855779463271563145e+03
8.016039237049640178e+02
2.869203971610387271e+03
3.702103633701118724e+03
3.757111495753706095e+03
3.152135906607527886e+03
4.723723485553151477e+03
2.845825465810278274e+03
4.135235917596557556e+03
4.213137001129427517e+03
4.551934168257066631e+03
4.880770183492733850e+03
4.885993987028232368e+03
3.235870427345571898e+03
5.144257741497708594e+03
4.581171204900711018e+03
3.064603864091517607e+03
2.765010258455839903e+03
5.071174224760021389e+03
1.979371573810640257e+03
4.406441392551576428e+03
4.155680159996906696e+03
5.335196638654736489e+03
4.487135767391737318e+03
4.377969803863789821e+03
4.565150832386516413e+03
2.731573089385307412e+03
4.351333485309363823e+03
4.182888762968477749e+03
4.479253911069026799e+03
4.578672355567845443e+03
1.051635728134749297e+04
4.261115106557031140e+03
4.903155230963616305e+03
3.034230627016748713e+03
6.821030864353282595e+03
5.490013718266303840e+03
2.768503698007923504e+03
3.647761253317713908e+03
3.654616162478758270e+03
3.441490679976328920e+03
4.597960417358974155e+03
4.182647902194514245e+03
4.138477423878205627e+03
4.392695839110911038e+03
4.286920501078762754e+03
3.602162585487451452e+03
2.768319161521738351e+03
5.298978998727555336e+03
2.061529907018559697e+03
2.648912150056937207e+03
2.821740054115409293e+03
4.364633608208985606e+03
4.357816437138806577e+03
4.869091668678653150e+03
2.910516656149982737e+03
2.821439292767146526e+03
5.097872657933846313e+03
2.800729531516460611e+03
4.660553381927017654e+03
5.689780902868420526e+03
5.449870707466878230e+03
4.967677501513144307e+03
3.545099419423600011e+02
4.296287518510394875e+03
4.326946152348340547e+03
1.940425141739259288e+03
4.635482334864664153e+03
4.991666522343264660e+03
4.285388802487350404e+02
4.732883824821776216e+03
4.405171322628821144e+03
2.194509424694319023e+03
3.522857022782322929e+02
4.914997749177653532e+03
1.636420284266215276e+03
4.625115439054940907e+03
4.222190316027733388e+03
5.385406263719077288e+03
4.785081694315677851e+03
4.452246232258142300e+03
4.440530071061950366e+03
8.829438694275531816e+02
4.711865731583181514e+03
4.320644881247133526e+03
4.671619816761471156e+03
4.644654432660909151e+03
8.975227906434010947e+03
4.416423949358785649e+03
4.532568948751684729e+03
5.348351440125375120e+02
6.085152576593874983e+03
5.222163548286049263e+03
3.481900346196794089e+02
4.824572432127779393e+02
1.187575265390198183e+03
4.266125384638444302e+02
2.818130493290425420e+03
4.345991808948600010e+03
4.274436973015997864e+03
4.513664408979415384e+03
4.776866265721066156e+03
4.790557143782766616e+02
1.161241653754490471e+03
5.557908779939025408e+03
5.845905100537106591e+02
7.483656842470459196e+02
1.632474376501872939e+02
4.294855049186673568e+03
2.619460954428095647e+03
5.095823897722520087e+03
3.614124838717157218e+02
3.342239816959809104e+02
5.896811185377460788e+03
6.012217138969731423e+02
4.577967850535531397e+03
5.368331130762788234e+03
5.838470236454562837e+03
2.640055856464285625e+03
5.032708352592084111e+02
2.550016027628123538e+02
1.205094879802955802e+03
2.377722899314992446e+02
1.693959262775529169e+02
4.387897495866178360e+03
5.443629952742764999e+02
5.076831948605727121e+02
3.569888442675019633e+03
2.895490864858223631e+03
3.298728939704949426e+02
2.592393900807670889e+03
4.698916190257499466e+02
4.046498690837378263e+02
2.644102357751226009e+02
1.438762980787730612e+02
7.020876772528436049e+01
6.602103782830095042e+02
2.162563834114166639e+03
2.134991902494664373e+02
2.181045833705088626e+02
4.344428251898982580e+02
4.521021535395084356e+01
1.535127589822449181e+03
4.033698857150710637e+02
4.667457340726757593e+02
2.991483449885844038e+03
1.007911268488172936e+03
3.878605614992043229e+02
2.824907160993974685e+03
6.863529604066332467e+03
7.931337315070094519e+03
4.333455272231115487e+03
5.100561681835602030e+02
2.105206101904686875e+02
3.118555838025120011e+02
4.253928049950885679e+02
5.719424247316287619e+02
6.572156523289448160e+03
2.732236168153778635e+03
7.158479694356434493e+02
3.162248473467432632e+03
3.747379025533140521e+03
3.559909674090169119e+03
7.008306455078620729e+02
1.223152004933476292e+03
2.156325884262137151e+02
2.493521716537739394e+03
2.439807974248009486e+03
5.886147076332115830e+03
3.236111138187801771e+03
4.757903335983460238e+02
2.368638483601114331e+02
5.752162157865809604e+02
2.074649075130706024e+03
2.118769376295205348e+03
1.437766198644312226e+03
2.380523892412012174e+03
2.580230680650428894e+03
2.922425924113472320e+02
2.714162956547562771e+03
2.282373573656227563e+03
1.462804824974753046e+03
1.637947787555190189e+02
2.616694301807182455e+03
1.062629770848501721e+03
2.413273299212219626e+03
1.964090666105176979e+03
3.020550769762440268e+03
2.283806699632754317e+03
2.257764614501137657e+03
2.225765809730828551e+03
4.322900164905397560e+02
2.301077222267729667e+03
2.103369366277468089e+03
2.316015957430927301e+03
2.414616313826870737e+03
7.709755194633155043e+03
2.234885833658936008e+03
2.497017541481310218e+03
2.971062400967239228e+02
4.223124952548992042e+03
2.981168220289958754e+03
1.192790473251579897e+02
6.143787435211270349e+02
1.402120870625961288e+03
4.472965513617996294e+02
1.751434962742150674e+03
2.044692449960766908e+03
2.121900508992225696e+03
2.318747096430091005e+03
2.285304913609428695e+03
7.541262207958980071e+02
5.161576079584303898e+02
3.263034471860863960e+03
3.154725663594606431e+02
6.044565820855864331e+02
1.991284065580985043e+02
2.265789922295965425e+03
1.552233893055562021e+03
2.831468921460040292e+03
2.271756472583551840e+02
8.291088815086186514e+01
5.299310742971216314e+03
4.360850274956997055e+02
2.432484266884983299e+03
2.968639663601235043e+03
3.520609218882019377e+03
7.971943178067886038e+01
9.625576733915811474e+02
3.244861107931969855e+02
2.345166254899116893e+02
4.059812422180688372e+03
2.468255629145520516e+02
1.950232830940344684e+02
2.831958328574475217e+03
2.320868166251408638e+03
2.511730049579205115e+02
2.452141471470143188e+03
3.990504860359487793e+01
3.201657295650136348e+01
3.204067801542815914e+02
3.097278231115407152e+02
2.903697089050505156e+02
1.913233065786889711e+02
1.956899064042193004e+03
1.781092034801517912e+02
9.135578857702705591e+01
2.362661439749749661e+02
3.709970469505558412e+02
1.535394012166267203e+03
4.448433518510307749e+01
1.426926050547142495e+02
2.897994709075990613e+03
7.949043066957973451e+02
3.948118798425050500e+02
2.468259865474127764e+03
6.367615426485806893e+03
8.195712980880860414e+03
4.097952695748834230e+03
3.999255845620737091e+02
1.228051922566489793e+02
1.109460557209679337e+02
4.945987418215008802e+01
3.389802854392173685e+02
6.298271922024141531e+03
2.160302039424308532e+03
3.199661828004068411e+02
2.621216945598248913e+03
2.940868080566691788e+03
2.723321932320334781e+03
2.349302395447627987e+02
2.012405083840247016e+03
4.475847609495602910e+02
2.121087819722822587e+03
2.005187389488939743e+03
5.821805202793859280e+03
2.536269445308918876e+03
1.056125658404853311e+02
5.164671123776308832e+02
5.051398946477046366e+02
8.993665423494978768e+02
1.833903556038897023e+02
1.449614114168925880e+02
3.946908869697113914e+03
1.993354031140602274e+02
1.971354375796056502e+02
3.153344574632758395e+03
2.419358903098825067e+03
1.723475658575480338e+02
2.498223672830756186e+03
8.668977242619223489e+01
6.497437276576033582e+01
2.322010327622722343e+02
1.915955729225327104e+02
1.345944698871219316e+02
2.374788224269691455e+02
1.907084856159543506e+03
9.319394363250319202e+01
4.561921198601930882e+01
2.070841973810179297e+02
1.839109572180941541e+02
1.394844891611452795e+03
4.616695258960339743e+01
1.373263106981260080e+02
2.780258327087032740e+03
7.156061410175504989e+02
2.868825447262497619e+02
2.450014385954556928e+03
6.281311711658678178e+03
7.730910010115536352e+03
3.957279567696907179e+03
2.816622017759482333e+02
4.004041514776258737e+01
6.523557153309639034e+01
1.055489854073967990e+02
4.242167621468050811e+02
6.295256905626794833e+03
2.287155051881236886e+03
3.762030642003388721e+02
2.707620464320739302e+03
3.134031535645543045e+03
2.835208874208790803e+03
2.463417870253545061e+02
1.697831456987852789e+03
2.667033136877771540e+02
2.054267814669618019e+03
1.994809116362188206e+03
5.721088890563811219e+03
2.694832797680738167e+03
1.380883226131231822e+02
3.273097800435709814e+02
4.592796487874117020e+02
8.504814314257521346e+02
1.115801789091596675e+03
2.100440758477308464e+03
8.525587751460341224e+02
9.008830246702060549e+02
3.132917774913563790e+03
1.662702993200904530e+03
9.200811569418573299e+02
2.577194426458623639e+03
9.375443510435457029e+02
9.649341613103558757e+02
1.007395396006816327e+03
1.054456244637121245e+03
1.005630945741677124e+03
1.053970678486095721e+03
1.783041896777698639e+03
9.542484038709305878e+02
9.295650370634630235e+02
1.370884607239386696e+03
1.081580316099248876e+03
1.426601497442034770e+03
8.736684312180775578e+02
8.187460913803251970e+02
1.998286796717110974e+03
1.030363735753728179e+03
1.219072722819787032e+03
1.688032392223597071e+03
3.077811353768680874e+03
3.522128545210343418e+03
2.403682469506762573e+03
4.633781134030123212e+02
1.021471929244294643e+03
1.047359725136425823e+03
1.049093331442790486e+03
1.235304759376159836e+03
2.898795658845239814e+03
1.879227455796644563e+03
1.040530331186889725e+03
1.822004835495573616e+03
1.988597784591584514e+03
1.674788092072475138e+03
1.115778846547901594e+03
9.735875737953822409e+02
9.875096439660461556e+02
1.585061617306545941e+03
1.492628332429059583e+03
6.153675497351494414e+03
2.244765920109358831e+03
8.687293400322693060e+02
1.275928115512209843e+03
1.091740916230763105e+03
2.217712873531932019e+02
4.299211123589477211e+03
2.112360826057008580e+02
1.345113877956853230e+02
3.518526005245668330e+03
2.702259325662089850e+03
7.840772275688982518e+01
2.786862265921111884e+03
3.228043275061550048e+02
2.864545108957272532e+02
2.271622531551133761e+02
1.897277681801267590e+02
2.316762161197314072e+02
3.265643800224822826e+02
2.191519877539748904e+03
2.084389107241745478e+02
1.711859982815544754e+02
3.510188235528801215e+02
2.028979470392291660e+02
1.249298933537374523e+03
2.549213476401910157e+02
1.450739200763459849e+02
2.946478651656329475e+03
4.380906793713056686e+02
3.032856605796846452e+02
2.751820328849423731e+03
6.321884808958531721e+03
8.458684820987060448e+03
4.202453139622262825e+03
2.538469409015172005e+02
1.806456903874804993e+02
2.338319331428688201e+02
3.653333840010845961e+02
4.090499642864672296e+02
6.337357218961562467e+03
2.688332591288129152e+03
4.072983445868851504e+02
3.167588426410216016e+03
3.789325960694093737e+03
3.198985154218652497e+03
5.092655518279323132e+02
1.277145602681270702e+03
2.198901692091069435e+02
2.373098239744687362e+03
2.319898399754666571e+03
5.966871004635111603e+03
3.081275492359112377e+03
2.158216923240631786e+02
2.245775322177221369e+02
4.964238662259025432e+02
4.561962067510523411e+03
3.434001604464192496e+02
2.996629009910295736e+02
3.598360978337554116e+03
2.925497136409288032e+03
2.595270840345924626e+02
2.874557893869227883e+03
2.204378763225597595e+02
2.037201371684624291e+02
1.955175791659571587e+02
1.135918704067637464e+02
1.326374152599435092e+02
3.388766134723889536e+02
2.353842418386587724e+03
1.981540890555370424e+02
1.082288598751822519e+02
2.587300840680486544e+02
1.698321548886410710e+02
1.409953234998797143e+03
1.916253715183256645e+02
2.628867235578759392e+02
3.171287279147837125e+03
7.902725744245335591e+02
3.740261929915798191e+02
2.910676755444384071e+03
6.955086631887530530e+03
8.588666083767851887e+03
4.580941704713171930e+03
4.892591023764798592e+02
1.435610692342741004e+02
1.846820138320981641e+02
1.594109118451856375e+02
4.719984959860980780e+02
6.834670938252940687e+03
2.710957287609850027e+03
5.090489195864587373e+02
3.208035761585371802e+03
3.781247646569356220e+03
3.472647484826597974e+03
5.146302451890226166e+02
1.390743847832657593e+03
2.557990444729023238e+02
2.613928995248068986e+03
2.467784475716030101e+03
6.114521006232092986e+03
3.215535048591512350e+03
2.485452004110638882e+02
2.441963434776280337e+02
6.091697865447590630e+02
4.663301268102628455e+03
4.159345179155105143e+03
2.031970997219726542e+03
4.318050864541100964e+02
4.623374852280736377e+03
1.395345336787492897e+03
4.397488270773033946e+03
3.946656893930078695e+03
4.998714601502981168e+03
4.156011247805638959e+03
4.062894092595940947e+03
4.151877675336676475e+03
7.716009008385963170e+02
4.312688579680915609e+03
4.017441835796720625e+03
4.307687727971260756e+03
4.216043510265000805e+03
9.341641045009286245e+03
4.151001553926551424e+03
4.469221034563922331e+03
4.007944599720303813e+02
5.715564213195575576e+03
4.964492014415191079e+03
2.311052123442618722e+02
4.110686582647590512e+02
8.903705238613056281e+02
3.886259485830396443e+02
3.222285253475241007e+03
4.014677857769369439e+03
3.875502970549701786e+03
4.289296939037615630e+03
4.231492268847249761e+03
5.077900546149758156e+02
9.019653076215900001e+02
5.554765480279253097e+03
5.938880921028003286e+02
9.131533416686165765e+02
4.420274429009032247e+02
4.156189421043902257e+03
1.840641123664915085e+03
4.673017929929053935e+03
4.685805611432469959e+02
3.593045086299066497e+02
5.879808863918959105e+03
7.475626325570137851e+02
4.432127889078039516e+03
4.894469568182581497e+03
5.893745722550512255e+03
2.612345565290406739e+02
3.886095538585080703e+03
2.987209296223037200e+03
1.824269418227268034e+02
3.342799548021886949e+03
2.502195956738707991e+02
2.502142580081864480e+02
3.565432451382021100e+02
3.718095579611810990e+02
4.174428828546615478e+02
2.704981734394357318e+02
2.685720700657119778e+03
2.177748921994950706e+02
2.379909279126663932e+02
3.373969161956720200e+02
4.556916171373459292e+02
1.262328228244575712e+03
2.006438755054116427e+02
1.011092664489533490e+02
3.444121627665203050e+03
5.113858949604630197e+02
3.886815573731551012e+02
3.164199438322320020e+03
6.411565253383849267e+03
8.907794312600581179e+03
4.587779807547478413e+03
3.536645400107488513e+02
2.048274259024321964e+02
2.772713894150163014e+02
3.513222446238964949e+02
5.295110735778630442e+02
6.391564707636462117e+03
3.029821817769977315e+03
3.796988034517478354e+02
3.609330251916880115e+03
4.070235194465193217e+03
3.401295827685825316e+03
4.004975992504494116e+02
1.695054999534832632e+03
3.515096859062102794e+02
2.813388650917732775e+03
2.750982190270999126e+03
6.639644346612911249e+03
3.398282088983908579e+03
2.569811747770700094e+02
4.439996579161577301e+02
5.215201663025184189e+02
3.205914538678176996e+03
2.542634101659424232e+03
1.164644337711774824e+02
2.837036405231775461e+03
2.373112464050796007e+02
2.328794157901313611e+02
3.243294177385523653e+02
3.569901479484994979e+02
4.281987502284039238e+02
1.274312202036301187e+02
2.224060822157537586e+03
3.533468862406091375e+02
2.143705470095858345e+02
2.781586060329443626e+02
4.101118482253580169e+02
1.419660739814122053e+03
1.879460023782030476e+02
1.026998222848333171e+02
2.930219249136331200e+03
5.244025900438225563e+02
2.779846470602744830e+02
2.714458765397856496e+03
6.060933924546795424e+03
8.160533937877820790e+03
4.075777645042852328e+03
2.554027675944898874e+02
2.106730567860718111e+02
1.545179572456022470e+02
2.524681631432063114e+02
3.738663637987349375e+02
6.128672692493840259e+03
2.552011090668872839e+03
3.192506616712184950e+02
2.886650431161378037e+03
3.447292833297873585e+03
2.937133621936668533e+03
3.752082492985803128e+02
1.705351101500042205e+03
4.507618416376610639e+02
2.272844646421621746e+03
2.242647574194004847e+03
6.007085251943354706e+03
2.776867903438000212e+03
1.135528623517363940e+02
3.298023595019928962e+02
6.243970622111594366e+02
1.361792958753100265e+03
3.619037968706835272e+03
7.806681691296703320e+02
3.153008188736330794e+03
2.912873822059764279e+03
3.787771951473379886e+03
3.119078043214804893e+03
3.103601821682527316e+03
2.996974459900210149e+03
1.650633705670247082e+03
3.195775100248633862e+03
3.063415039713291208e+03
3.085920878396584158e+03
3.383308394514741849e+03
8.839386446347534729e+03
3.006101562343901605e+03
3.495709523457639534e+03
1.698466681779268583e+03
5.433873457403064094e+03
3.927954066049464473e+03
1.727570145257798231e+03
2.040675990490467029e+03
2.930030546289987342e+03
2.050023880551033471e+03
3.159397607473245444e+03
2.903742586835376187e+03
3.169155410259685141e+03
3.067732433810608200e+03
2.850390898244619166e+03
2.169614937616530824e+03
9.409311527621212008e+02
3.822628912556214800e+03
1.434695110700713485e+03
1.232618899359246825e+03
1.880715158743122629e+03
3.454986986752861867e+03
2.852374899476818428e+03
3.718194849149549100e+03
1.907653223672188233e+03
1.652567029624052111e+03
5.568507694380114117e+03
1.007633453151325284e+03
3.274229162078605441e+03
4.044344884039737735e+03
4.124072381440100798e+03
2.926304962860263004e+03
9.722075051160427392e+02
2.702209820256071453e+03
2.246156178767973870e+03
3.385624472973279808e+03
2.606954746699606403e+03
2.492328923018787009e+03
2.438736048744556683e+03
4.534008567512630634e+02
2.564554240401303559e+03
2.435789416530528797e+03
2.529278343287089228e+03
2.649094332023494644e+03
7.855545870062780523e+03
2.526158936721274586e+03
2.780127468138425229e+03
2.858265760964986839e+02
4.463893573319404823e+03
3.234719744428258764e+03
1.854526012779979283e+02
6.454803309204462494e+02
1.330936291970371258e+03
4.852720071133403508e+02
2.004042234936653131e+03
2.364542388461160044e+03
2.360719686226093927e+03
2.600781212397847412e+03
2.625290580389335446e+03
6.548985280307610992e+02
7.288743470903011712e+02
3.558179025480618748e+03
4.145612566315512595e+02
5.735515661960216676e+02
2.089153948927532838e+02
2.402339936626111921e+03
1.779058989175375245e+03
3.079498012876311805e+03
2.884035282223499053e+02
2.043996732845898805e+02
5.350042420177281201e+03
2.228852093379105099e+02
2.691435474646679722e+03
3.346345729340282560e+03
3.737009622880013012e+03
2.986856527319160705e+03
2.374784292112519779e+02
2.692739326256557888e+02
1.943472467061101270e+02
2.375022878907711856e+02
2.924107657928516346e+02
2.318799750066457364e+02
2.456427191368114563e+03
2.348856604653994964e+02
1.825556303801213289e+02
2.791680648891019700e+02
2.549099422206534200e+02
1.212659389306135836e+03
1.860876212167968333e+02
7.448268972376922648e+01
3.211661172700089992e+03
4.348346579687445228e+02
2.132643575226466055e+02
3.032834236783776305e+03
6.692825867854584430e+03
8.928110543291668364e+03
4.462684537119317611e+03
2.499390412231859955e+02
1.806911103883403484e+02
1.740372179486223558e+02
3.195471224899390563e+02
3.622888683838389170e+02
6.683241010715909397e+03
2.854426418831460978e+03
2.761094394465349069e+02
3.282431399024518669e+03
3.796859240273909563e+03
3.395252250238744182e+03
3.636006003847526244e+02
1.528292278322895299e+03
2.188361327103343683e+02
2.565868663417770676e+03
2.546221284743208344e+03
5.899036444150922762e+03
3.259389706095231304e+03
1.298845538673658666e+02
2.704588589535883330e+02
4.154459755027912706e+02
2.712517610180926567e+03
2.359067096174855124e+03
3.074827864058418072e+03
2.323712294863482384e+03
2.252112948749048428e+03
2.733436730875770536e+03
7.841391204647836730e+02
2.366917663478441682e+03
2.345369932827642970e+03
2.696385765485797037e+03
2.473854833797845004e+03
7.889614820095195682e+03
2.578938086076425861e+03
3.017435828430729089e+03
9.972258374310968065e+02
4.640704739001937924e+03
3.405224496189694491e+03
1.052369468227356037e+03
1.760536865887559998e+03
2.022089376434098995e+03
1.523473572277072435e+03
2.601803067483086579e+03
2.304579304468717510e+03
2.576379067118256444e+03
2.645688241004736028e+03
2.216911095870143527e+03
1.577391699624958164e+03
7.105167336879208051e+02
3.392754433404389601e+03
1.018140676552534842e+03
1.040826060442179823e+03
1.398386885072615542e+03
2.817331477136320700e+03
1.883838271315925795e+03
2.841404266997740706e+03
1.176634803499603777e+03
1.048545664304547472e+03
4.889799563350259632e+03
9.383128969734943894e+02
2.860502300244309026e+03
3.522140907295192392e+03
3.332547786877209546e+03
7.754243054124935952e+01
2.374010234941906674e+02
2.484131322759554905e+02
2.701212688688333401e+02
2.257686081075796665e+02
2.268910536397323540e+03
1.545210400707289864e+02
1.062386173241673077e+02
2.743271603352472994e+02
3.608014834389485941e+02
1.446874400738406621e+03
2.751605233756401958e+01
1.571017031149356171e+02
3.241291136327356980e+03
7.254090189489646718e+02
4.258196679451700675e+02
2.815786084681300053e+03
6.780547113126385739e+03
8.510164021475313348e+03
4.496877662591306944e+03
4.468087804842330115e+02
1.528059441594098189e+02
1.462386818062595921e+02
4.793283999871994183e+01
3.521668774339851780e+02
6.647822213095456391e+03
2.403191997642079969e+03
2.396030236291603615e+02
2.917060559871117675e+03
3.284372312313480961e+03
3.053349502301983193e+03
2.921164678868813098e+02
1.864281307437199075e+03
3.421308232603049646e+02
2.495444258809301573e+03
2.375674622129582986e+03
6.079562221840145867e+03
2.978424511876826273e+03
8.982232001280544864e+01
5.043630621775259897e+02
3.637558813775708586e+02
3.264293016117186426e+02
2.579957904898549259e+02
2.047428378344217208e+02
2.521243266929011497e+02
1.762028108010144251e+03
1.187218043241374517e+02
4.850114733782277199e+01
2.394300858092740327e+02
2.836873713092071512e+02
1.576390106203586583e+03
7.741303855152659708e+01
1.941278824914282950e+02
2.773592631709622765e+03
7.961930236844813180e+02
4.196228029397752834e+02
2.352304625531057809e+03
6.296496887091928329e+03
8.103303657293452488e+03
3.994577052092141003e+03
3.853231700606354480e+02
9.117074895914697663e+01
1.172112651385236859e+02
7.087831580574300006e+01
3.483976269495618681e+02
6.234099836423055422e+03
2.066838278353327951e+03
3.945507101367077212e+02
2.552911468416623393e+03
2.984902801957862721e+03
2.646348385581384719e+03
2.409137889737282876e+02
1.877630117448413102e+03
4.233487097050483499e+02
1.998995253940931434e+03
1.873002891784766689e+03
5.733484505893789901e+03
2.529285066515452854e+03
1.635182067711135687e+02
4.837530670535477384e+02
5.238977629758310286e+02
1.764622185645750960e+02
2.229053005336445494e+02
4.411205265490846159e+02
2.714952939048449480e+03
2.536871397693580548e+02
2.005109250185034853e+02
3.971003253360984218e+02
2.602126523406427623e+02
1.100172065468156006e+03
2.342290196717881372e+02
2.492915992283581090e+02
3.659683317054063536e+03
5.522767970102986510e+02
3.966749465214313659e+02
3.378724147517149504e+03
7.424352347421314334e+03
9.211037122790941794e+03
5.076855130499574443e+03
4.797472807622255004e+02
2.534921650814335408e+02
3.040981484930496208e+02
2.635951179894304914e+02
4.731504355159579518e+02
7.217948758109669143e+03
2.976908372777777913e+03
2.426753798136726346e+02
3.515123661242470462e+03
4.015066340130803837e+03
3.866136269958912180e+03
6.188176936009729161e+02
1.342592177927471766e+03
1.059712014416520560e+02
3.081274645049582432e+03
2.979320337445698897e+03
6.390771299005246874e+03
3.693713920608026456e+03
2.046423038585317045e+02
3.408011467362575786e+02
2.440791545918284555e+02
1.140359438084376507e+02
4.285189642511832062e+02
1.856917878885165464e+03
1.221260582953418634e+02
1.247197627692348760e+02
3.168365981923268464e+02
1.468150563265278379e+02
1.393828631116856286e+03
2.169706171085389315e+02
2.894498799838197556e+02
2.855416574139246222e+03
7.066093934439727491e+02
4.903879641578048449e+02
2.600619902948359140e+03
6.657864534279908185e+03
8.324139048446679226e+03
4.290277530569703231e+03
4.960712560234017019e+02
1.726403587703512130e+02
2.732137659839272601e+02
2.608139003961144908e+02
3.216182067885426932e+02
6.545832301555300546e+03
2.286311012706939437e+03
4.270668735860790548e+02
2.885639696489206472e+03
3.475301246541949240e+03
3.222152513670048393e+03
6.500386943668833055e+02
1.185457594277846738e+03
1.378727133161830807e+02
2.369182737540058952e+03
2.217913735801374060e+03
5.737757926182654046e+03
2.966022906355552550e+03
2.471342903733561798e+02
3.130322179540335128e+02
4.042464216977865590e+02
5.167891484453102748e+02
1.856868019800704133e+03
1.206798917686745654e+02
9.730334941147896188e+01
4.093018857716519960e+02
4.946055900892770296e+01
1.492477614600323705e+03
2.241256689517476843e+02
3.463598579939140336e+02
2.720285534282226763e+03
8.813166251506983144e+02
4.039912860140093471e+02
2.480787209257057839e+03
6.504723615821504609e+03
8.025805122234993178e+03
4.079208180858478045e+03
4.712079133008860481e+02
1.477352610527971137e+02
2.509463706251785879e+02
2.600523725810835458e+02
4.803055510603802531e+02
6.216705479607402594e+03
2.286654564479912551e+03
6.311008432178128942e+02
2.711608529705971250e+03
3.188619647106914272e+03
2.977759660552314017e+03
4.704475550622443052e+02
1.222622014910657299e+03
2.159302282303547145e+02
2.124745616349261581e+03
2.068885527752891903e+03
5.686903560762162670e+03
2.814005828014553117e+03
3.485285654707037111e+02
3.297244893156021135e+02
4.787675461492569866e+02
2.134803380045922950e+03
4.431942663173925894e+02
2.857481153246897065e+02
1.614862767452084427e+02
5.431431928668657747e+02
1.711084475459912710e+03
1.651304360801489111e+02
1.545577214423703936e+02
2.813451459455359782e+03
8.044157174420950014e+02
2.754598741076063106e+02
2.650401101478085820e+03
6.178231209035982829e+03
8.433723023492326320e+03
4.000356809454164249e+03
3.275678157669433403e+02
2.267544068050297028e+02
1.808950284545567229e+02
2.502776803873277913e+02
5.219088482269269207e+02
6.227826057102256527e+03
2.481957921795823950e+03
4.184795531693034718e+02
2.930203682831423066e+03
3.342717573896698468e+03
2.843819387925871069e+03
3.127606735411657155e+02
2.002364837379322580e+03
5.737500339175214776e+02
2.159828772707586268e+03
2.157709728263052511e+03
6.140908580406776309e+03
2.555759318785494997e+03
1.675402448836680378e+02
3.588690197588764477e+02
7.591358761830903177e+02
1.873107788976391930e+03
1.814677471847359811e+03
1.916193309529785438e+03
1.969316489472293370e+03
7.602170481249369004e+03
2.032203503596648488e+03
2.458805939592121831e+03
4.500815165775138667e+02
4.116949457459937548e+03
2.840246769061855957e+03
3.933718383095131230e+02
1.283413937319163324e+03
1.589514091105358375e+03
9.205524425650287412e+02
1.753769892052607702e+03
1.709956903303646868e+03
1.991134320766842620e+03
2.172512963426842362e+03
1.993032313151893504e+03
1.121086886318270444e+03
8.127709105696671941e+02
3.094998441161625124e+03
4.267007912469571238e+02
1.077495220544925360e+03
6.013790062446637421e+02
2.184933402238040344e+03
1.393087290216105430e+03
2.454964456523886383e+03
4.332624248434879064e+02
3.332977383699924303e+02
5.344776398924294881e+03
6.883233250633702482e+02
2.291495556621849573e+03
2.885962452820472208e+03
3.117101716903982378e+03
7.996442769022621633e+01
3.899395157802935046e+02
1.430216188986512407e+02
1.257522582078986034e+03
1.347964064495083676e+02
2.193432405685801996e+02
2.992733474774323895e+03
6.821200974876078362e+02
4.539364834136254103e+02
2.686961067353884573e+03
6.748951659218295390e+03
8.088547871830609438e+03
4.469044495427204311e+03
4.103782032812264333e+02
1.136397005532232924e+02
2.216331220244894666e+02
2.121691291655019995e+02
3.508122493036275955e+02
6.656897197294414582e+03
2.453563457341262620e+03
4.127977419600337043e+02
2.999107322821449088e+03
3.373341298216020732e+03
3.048255570493254709e+03
3.694225304845049322e+02
1.362263226197254426e+03
1.806923210337008641e+02
2.289690769199326951e+03
2.227242104958650089e+03
5.921592732221646656e+03
2.886830574334133416e+03
2.355851483951428236e+02
4.546782852120786629e+02
3.353904762649347049e+02
2.412597906071773650e+02
1.471501141330265909e+02
1.444395197002176246e+03
9.058756271615857258e+01
1.567586891754599492e+02
2.785290125466228801e+03
6.596958918399490130e+02
3.599050953447492702e+02
2.444814925103684800e+03
6.404724688386921116e+03
7.708767234549402019e+03
4.094224675184706030e+03
3.458477439678717928e+02
6.507930347677938698e+01
1.040837618440066308e+02
9.843114151599024808e+01
3.231637788943535270e+02
6.255163700811557646e+03
2.150609059637126848e+03
4.140121529076025126e+02
2.572664206916622334e+03
3.105429668707087330e+03
2.776987597140847356e+03
3.126716810118550711e+02
1.462219176759273978e+03
2.594394533476061042e+02
2.111652293445279156e+03
1.982822979809923709e+03
5.683990485427716521e+03
2.687666925461756364e+03
1.629460648131696416e+02
3.257795349977093338e+02
4.990538830585448977e+02
3.951984344523389154e+02
1.930943019956936951e+03
2.133801791501316529e+02
3.038873657192077644e+02
2.825951672143510223e+03
1.023074104927172698e+03
2.565041500365146021e+02
2.689715161593010635e+03
6.695758425806336163e+03
8.125838190411157484e+03
4.196393733047212663e+03
4.655344562417842553e+02
1.518842140512265360e+02
1.295279104377893873e+02
2.740412451272454746e+02
5.065277273240337763e+02
6.549551379041029577e+03
2.408245564623431164e+03
5.044359173756258770e+02
3.292707433169741307e+03
3.618310295442559436e+03
3.049834929861234741e+03
3.587545613129889261e+02
2.082702249734414636e+03
5.077545209009558675e+02
2.204956366126440116e+03
2.179849991848376703e+03
5.800768793047925101e+03
2.766533658053619547e+03
2.319833462069918824e+02
3.178966031129116345e+02
8.096762747438152701e+02
1.475915352119875479e+03
2.967499088662027589e+02
3.587274890928981677e+02
2.825470960748873949e+03
9.215609621628640298e+02
2.937522922236394152e+02
2.599166294560851384e+03
6.659299264744818174e+03
7.973642440012712541e+03
4.106246153576174947e+03
4.180337678261421388e+02
1.502840479450469502e+02
2.315581914592853536e+02
3.490207286319981677e+02
4.628029770237467346e+02
6.349778804912490159e+03
2.542107951123244675e+03
6.729882577488592688e+02
2.918397913175585472e+03
3.429522948244171857e+03
3.215756611671812607e+03
4.577124816182654286e+02
1.275756451100895902e+03
2.109000304835328734e+02
2.276827848641630681e+03
2.218545983871721546e+03
5.748780359892230990e+03
2.983960000780701193e+03
3.790920697143480993e+02
2.601872308269505538e+02
5.388426955524607820e+02
1.396620346832199857e+03
1.195781735802583171e+03
8.585145886971813525e+03
5.476006139223338778e+02
1.546155515190643428e+03
8.192804674165075994e+03
1.108266521611682401e+04
1.163121029717818965e+04
9.537220213952052291e+03
1.470425211009902569e+03
1.478759363637737351e+03
1.600928480085940009e+03
1.568232110488444278e+03
1.650548182750169417e+03
1.069130907710191968e+04
8.542800240290209331e+03
1.220492335313269450e+03
8.221774168455851395e+03
8.290776124018786504e+03
8.349261651928110950e+03
1.815418786894394771e+03
1.915518677966525956e+03
1.106030559409589614e+03
7.950856716463533303e+03
7.828746141358577006e+03
7.471057392947330300e+03
8.683820558694449574e+03
1.321734842545100491e+03
1.658282142162410082e+03
1.147380811126326535e+03
1.126496379869536213e+02
2.970445925106491813e+03
7.008939750803223205e+02
3.418798540897753355e+02
2.633555001965336942e+03
6.528716908870578663e+03
8.175878467702723356e+03
4.232862679815871161e+03
3.394444006400742637e+02
9.445015896681707090e+01
1.081611410060884282e+02
7.623866768154186957e+01
3.757022530698798164e+02
6.424385735709167420e+03
2.273446025446673502e+03
2.714068437380526575e+02
2.758480566494120467e+03
3.116652677239465447e+03
2.885386131627627037e+03
2.521369250853388166e+02
1.816077573719146812e+03
2.964617087046001416e+02
2.216536491169980764e+03
2.162850958405698293e+03
5.864034633250275874e+03
2.795971757249528309e+03
7.457606595798119997e+01
4.252147361160029959e+02
3.815000046000997145e+02
3.210360391317017275e+03
4.739635417829283597e+02
2.770066849210131750e+02
2.950769495131748045e+03
6.343091071530780027e+03
8.868203680661148610e+03
4.357147456859276645e+03
2.450435368196681338e+02
1.605585170416804885e+02
1.628767537605206144e+02
2.361954377414447208e+02
3.463150577503242857e+02
6.272878988788961578e+03
2.719759207562165557e+03
2.480089604018132832e+02
3.220417705577735433e+03
3.680370067448207010e+03
3.145582504774816698e+03
3.102096766404893060e+02
1.630601342984237363e+03
2.912329321491831706e+02
2.524156184365514946e+03
2.483577489173299909e+03
6.209676537283256039e+03
3.146224669967606133e+03
1.061124981434045367e+02
3.482937116174600760e+02
4.584607670297629056e+02
4.897830054090212798e+03
3.360121471068875508e+03
1.579025711472095281e+02
5.944034539207109447e+02
1.012135923494508916e+03
1.912650792889235163e+02
2.183184750906533736e+03
2.653493316268576109e+03
2.684881108165043315e+03
3.095686215544154493e+03
3.066981195759853108e+03
5.611914052044298842e+02
8.830959205097080940e+02
4.111937094658696878e+03
4.882309051206721051e+02
8.703504820915968594e+02
4.940531672042288847e+02
2.930134224467086369e+03
1.690203455266673927e+03
3.327958413445352562e+03
1.671769240271332819e+02
1.678763776057298855e+02
5.358884645967438701e+03
4.597463317777442171e+02
3.161369185069631385e+03
3.364707645293876340e+03
4.268574564325122992e+03
8.985754674786037413e+02
4.544392769434813090e+03
7.413632257368137289e+03
9.542069056108082805e+03
5.849557628591061075e+03
8.173867459535333637e+02
8.264732266280899466e+02
8.448959601487307509e+02
8.952068600449956648e+02
8.917429414277693240e+02
7.565623509748888864e+03
4.620515401504680085e+03
5.397719075286202042e+02
4.946756801542946050e+03
5.440067171656217397e+03
4.874221611120930902e+03
1.085175949225702425e+03
1.648300573515187807e+03
6.032781957308761775e+02
4.330087571388025026e+03
4.269281969051548003e+03
5.269869517176749468e+03
4.964827561152193084e+03
5.501382890567776940e+02
9.157972315361134861e+02
6.613776896112626673e+02
3.304609024932791272e+03
7.273863087490117323e+03
8.949706897304717131e+03
4.567895714935953038e+03
2.860128515616779623e+02
2.306716228647565003e+02
1.765520374486620767e+02
4.301535425481574748e+02
6.524674135983934775e+02
6.957408571338145521e+03
3.313906441161327166e+03
6.074345047440926919e+02
3.693001839459743223e+03
4.118871078714457326e+03
3.891709345039034815e+03
2.890241408704021069e+02
1.961227012198685998e+03
4.652409165734150065e+02
2.755228778675492777e+03
2.835635518172965931e+03
6.432163644418182230e+03
3.462273331777580552e+03
3.345371007431122052e+02
1.850706348475018785e+02
7.765268243388300107e+02
5.490346728362228532e+02
1.170196272506213973e+03
3.122422125845982919e+02
2.113147761444532989e+03
2.429313034714954483e+03
2.405019338521438840e+03
2.702669009421878854e+03
2.713211403097277071e+03
6.123804285388578137e+02
7.814337440406384303e+02
3.851369962713209588e+03
3.940615356239454741e+02
7.217492972671495863e+02
2.565928592145537550e+02
2.615291458226616214e+03
1.584458245657983753e+03
3.190510590982225949e+03
1.849698970354361336e+02
9.213199201579254805e+01
5.424834935927414335e+03
4.981866488983678209e+02
2.888449687638667001e+03
3.321283187067103881e+03
4.004327545944740905e+03
1.204155977503315171e+03
4.654465350014843352e+02
4.597842781652222584e+03
6.478564070328571688e+03
6.141909206091386295e+03
6.600601648050411313e+03
6.600317527607800912e+03
2.868419904417569342e+02
1.421134590971309990e+03
7.622068207655125661e+03
9.141910437461078800e+02
1.172301962200425351e+03
6.197820785142407658e+02
6.420702933331359418e+03
2.960520568627003740e+03
6.820438963493426854e+03
8.184282144179574061e+02
6.977395686400795967e+02
6.199400284465810728e+03
7.195190524559748155e+02
6.425307474338846077e+03
7.258626129304313508e+03
8.244032248756309855e+03
1.014018074767598591e+03
5.856934270349979670e+03
7.790365004194900393e+03
7.363864069395638580e+03
8.333826408511520640e+03
8.742070923075611063e+03
1.061878566784720988e+03
1.644587869004049935e+03
9.946701477491069454e+03
1.188599454990033792e+03
1.480643436140681843e+03
1.494279612555561016e+03
8.363952620149921131e+03
2.451744664547938555e+03
8.587159189421558040e+03
1.262856393842076614e+03
1.208547710892397390e+03
6.532393682535996049e+03
1.613345025604990497e+03
8.741645454603496546e+03
9.038726546178668286e+03
9.932611025178774071e+03
2.970149003457158869e+03
3.981933427421598026e+03
3.790327033671790559e+03
4.391787933993422484e+03
4.401413381708005545e+03
4.733968318229908618e+02
1.255656153731584709e+03
5.502670313818351133e+03
7.231672717435467348e+02
1.046753532248344072e+03
5.764585039511712239e+02
3.953271636200982357e+03
2.336480781041673254e+03
4.736513721534758588e+03
2.844595191705839170e+02
3.513609812220024651e+02
5.429554204788708375e+03
5.909950775560637339e+02
4.425947812699295355e+03
4.658474168913091489e+03
5.805401154546666476e+03
2.294369105212408613e+02
2.808970515587623140e+02
4.840682878123704995e+02
5.732324950917566184e+02
4.193390922561610751e+03
2.127122423844569767e+03
5.917874572437460756e+02
2.192681988121278209e+03
2.747954965368032390e+03
2.164356633572227565e+03
3.897132030444734028e+02
1.195536625413750926e+03
4.771410075773621884e+02
1.596822692818090673e+03
1.637589684254277245e+03
5.709718695543663671e+03
2.392353086562376575e+03
3.445025753913384960e+02
3.687494989516812893e+02
8.132296779313168145e+02
6.062835259782127650e+01
1.488983317544591500e+02
3.828622037629716033e+02
6.284673373021913903e+03
2.160406480273226862e+03
4.096582739828377271e+02
2.732365291489857555e+03
3.140881257827395984e+03
2.796366538277726704e+03
2.631496219654011384e+02
1.532560925204352088e+03
2.527021853179571735e+02
1.947256454439951540e+03
1.912160269461593089e+03
5.558404873335435695e+03
2.625699629964547512e+03
1.835409221508045903e+02
2.530295514770641603e+02
5.350397505352806320e+02
1.314171526083441677e+02
3.987217896411964375e+02
6.140724887332346952e+03
2.344251954182570444e+03
4.325091112464028811e+02
2.702313455192879246e+03
3.144751937741481015e+03
2.836569106818732507e+03
1.907645982246556287e+02
1.828124502094957506e+03
3.903937056738097908e+02
2.011474847331427554e+03
1.976729446133643023e+03
5.731940760715448960e+03
2.602673320846351544e+03
1.526371903685271718e+02
2.746852937714193104e+02
6.473625550170952465e+02
4.010624737226540901e+02
6.467939836837585062e+03
2.306754617814335688e+03
3.554906444466745370e+02
2.780595744862489937e+03
3.213572008235702924e+03
2.934574521988646666e+03
3.576261027026346255e+02
1.745588844284412971e+03
4.280798610158799420e+02
2.368604408953143320e+03
2.228058515736259324e+03
6.050646883600505134e+03
2.838175981201378818e+03
1.485183426496769243e+02
4.695643991783283582e+02
5.354549697429644084e+02
6.667265147146204981e+03
2.244706078142258320e+03
4.324637688448024164e+02
2.832818703449331224e+03
3.237329607684346684e+03
3.168713740480289744e+03
4.901953545896960804e+02
1.623129971522666210e+03
4.787422475816210863e+02
2.464028333827243841e+03
2.306087776590366957e+03
5.193479448871872592e+03
2.920058505778586550e+03
2.930498062066681086e+02
6.350809386284845459e+02
6.087188824170854105e+02
1.469736628614537949e+03
7.420722564299717305e+03
1.011200264663640155e+03
1.220297038551396781e+03
7.207801922814551290e+02
6.322630180272388316e+03
2.761356096324936061e+03
6.632035688726403350e+03
7.825575866643407608e+02
7.394526244610055983e+02
6.354339729632702984e+03
7.211563330300723464e+02
6.441654884157875131e+03
7.063855504496379581e+03
7.809385811258000103e+03
3.198172546605310345e+03
6.399417763760432081e+02
4.674357594535454155e+02
9.094038331878334702e+02
2.673570801977112751e+03
1.483988223298056937e+03
2.963722018731480603e+03
8.974719887655905950e+02
6.473315169839941063e+02
6.017948144702519130e+03
9.959745055200144179e+02
2.554602579933085508e+03
3.228414799123746889e+03
3.412712270863121375e+03
3.911477665377629364e+03
4.218823514117036211e+03
3.966162872217910262e+03
6.602142337621779689e+02
1.788438800400972468e+03
3.213339219445858816e+02
3.387644810378494185e+03
3.293611662867404902e+03
6.630921738279401325e+03
3.864592572303812176e+03
1.727411806226455155e+02
6.802154147969483802e+02
2.451264664027735307e+02
7.160141173976644495e+02
4.048550513367615622e+02
2.872082455374657457e+03
1.802718852168626427e+03
3.517119599738073703e+03
4.542921707343616617e+02
3.066045920181632027e+02
5.435391861956779394e+03
5.766611172743282623e+02
3.026174096091037427e+03
3.717597838805405445e+03
4.121826850222126268e+03
6.828811024639405787e+02
3.082962074910562023e+03
2.469723693282888689e+03
4.030956056882329449e+03
7.960198177350850983e+02
6.422570891552916237e+02
5.161102964552387675e+03
7.520358030028241956e+02
3.434620424051654027e+03
4.455388910236541051e+03
4.323340545758383087e+03
2.877848960133570017e+03
2.427100952019140095e+03
3.688340793627615312e+03
2.704158811661877735e+02
1.930420839366988730e+02
5.784526034392751171e+03
4.469287719407734585e+02
3.026397985981066086e+03
3.942836611397699016e+03
4.269099715381184069e+03
2.684398465152358767e+03
6.830064248034942693e+02
2.090471825083746808e+03
2.114590380624402314e+03
5.842428839855956539e+03
2.601987822200039773e+03
3.425959587108332016e+02
6.337230733589296960e+02
7.424442156229631564e+02
1.130705130497376103e+03
1.872670390285224130e+03
1.632143552271124008e+03
5.827688186397552272e+03
2.554953814897346092e+03
1.740216300346562548e+03
1.481497287188308746e+03
1.634522226532235891e+03
2.810570436296399293e+03
2.739591205767567317e+03
6.241028236930555067e+03
3.504572726595990844e+03
3.394614923973726945e+02
3.780215294019969861e+02
1.904745350041089296e+02
6.749840900975414115e+01
5.328260359765605244e+03
4.897640829341708013e+02
2.434520729807743464e+03
2.815783583360668217e+03
3.527701023399728001e+03
5.287814620938701410e+03
4.527336345554817854e+02
2.381055409609510662e+03
2.833983300545372003e+03
3.458577063644768714e+03
5.131957743237312570e+03
6.006387698737367828e+03
6.467370616984133449e+03
6.836164089023428460e+03
2.996732533173067623e+03
3.661638075731793833e+03
4.124252137256998139e+03
4.360096781239742540e+02
4.219498194676732510e+02
8.311374893367112691e+02
