9.000000000000000000e+01 1.340000000000000000e+02 1.623427352887148118e+03 2.000000000000000000e+00
1.300000000000000000e+01 8.000000000000000000e+01 4.517834423394140686e+03 2.000000000000000000e+00
6.100000000000000000e+01 8.700000000000000000e+01 4.640761747215381547e+03 2.000000000000000000e+00
6.300000000000000000e+01 6.400000000000000000e+01 4.940199876051322462e+03 2.000000000000000000e+00
6.800000000000000000e+01 1.610000000000000000e+02 6.005328082729149173e+03 3.000000000000000000e+00
9.000000000000000000e+00 1.600000000000000000e+02 6.056100167895888262e+03 3.000000000000000000e+00
4.200000000000000000e+01 1.090000000000000000e+02 6.865600746214049650e+03 2.000000000000000000e+00
1.240000000000000000e+02 1.360000000000000000e+02 7.420201522696974280e+03 2.000000000000000000e+00
1.190000000000000000e+02 1.430000000000000000e+02 8.093881491113997981e+03 2.000000000000000000e+00
1.400000000000000000e+02 1.480000000000000000e+02 8.369586411213404062e+03 2.000000000000000000e+00
9.700000000000000000e+01 1.590000000000000000e+02 8.610399309590198754e+03 3.000000000000000000e+00
1.440000000000000000e+02 1.660000000000000000e+02 9.800558887607090583e+03 3.000000000000000000e+00
9.600000000000000000e+01 1.390000000000000000e+02 1.116169939993448861e+04 2.000000000000000000e+00
1.290000000000000000e+02 1.520000000000000000e+02 1.151067864055581231e+04 2.000000000000000000e+00
9.800000000000000000e+01 1.640000000000000000e+02 1.152638753562455349e+04 4.000000000000000000e+00
2.400000000000000000e+01 1.120000000000000000e+02 1.215034362321700974e+04 2.000000000000000000e+00
5.500000000000000000e+01 1.630000000000000000e+02 1.248275357130845077e+04 4.000000000000000000e+00
1.210000000000000000e+02 1.650000000000000000e+02 1.252778916253547322e+04 3.000000000000000000e+00
1.410000000000000000e+02 1.690000000000000000e+02 1.269209363002761165e+04 4.000000000000000000e+00
4.700000000000000000e+01 5.000000000000000000e+01 1.311901238301905687e+04 2.000000000000000000e+00
1.670000000000000000e+02 1.730000000000000000e+02 1.341229826339135070e+04 6.000000000000000000e+00
8.800000000000000000e+01 1.270000000000000000e+02 1.386507735689078982e+04 2.000000000000000000e+00
7.000000000000000000e+00 3.200000000000000000e+01 1.388694275729641595e+04 2.000000000000000000e+00
1.720000000000000000e+02 1.750000000000000000e+02 1.513786134752735597e+04 6.000000000000000000e+00
1.700000000000000000e+01 3.900000000000000000e+01 1.606655567355368294e+04 2.000000000000000000e+00
1.100000000000000000e+01 4.100000000000000000e+01 1.643638443457313406e+04 2.000000000000000000e+00
7.500000000000000000e+01 1.100000000000000000e+02 1.721023935921847078e+04 2.000000000000000000e+00
2.900000000000000000e+01 1.450000000000000000e+02 1.767179167845575284e+04 2.000000000000000000e+00
5.200000000000000000e+01 1.810000000000000000e+02 1.818269994088504609e+04 3.000000000000000000e+00
8.200000000000000000e+01 1.700000000000000000e+02 1.826755715397170570e+04 4.000000000000000000e+00
1.420000000000000000e+02 1.740000000000000000e+02 1.848803001786067034e+04 3.000000000000000000e+00
1.500000000000000000e+01 1.840000000000000000e+02 2.056755342701089830e+04 3.000000000000000000e+00
7.900000000000000000e+01 1.710000000000000000e+02 2.072899746630247682e+04 3.000000000000000000e+00
1.160000000000000000e+02 1.890000000000000000e+02 2.144993220895158811e+04 4.000000000000000000e+00
7.000000000000000000e+01 1.780000000000000000e+02 2.387692170497810730e+04 3.000000000000000000e+00
4.600000000000000000e+01 1.860000000000000000e+02 2.435513760277472466e+04 3.000000000000000000e+00
7.300000000000000000e+01 1.030000000000000000e+02 2.455254938729840069e+04 2.000000000000000000e+00
1.080000000000000000e+02 1.230000000000000000e+02 2.549140496718349823e+04 2.000000000000000000e+00
3.000000000000000000e+01 1.680000000000000000e+02 2.581630158594993554e+04 3.000000000000000000e+00
1.000000000000000000e+02 1.830000000000000000e+02 2.632537657735054381e+04 3.000000000000000000e+00
1.800000000000000000e+02 1.910000000000000000e+02 2.665264680057818259e+04 5.000000000000000000e+00
1.010000000000000000e+02 1.790000000000000000e+02 2.681952151181678346e+04 7.000000000000000000e+00
1.760000000000000000e+02 1.850000000000000000e+02 2.947840950081999836e+04 5.000000000000000000e+00
1.060000000000000000e+02 1.280000000000000000e+02 2.987274001287488500e+04 2.000000000000000000e+00
5.100000000000000000e+01 1.820000000000000000e+02 3.027536611015175004e+04 7.000000000000000000e+00
5.800000000000000000e+01 2.010000000000000000e+02 3.106470365392589520e+04 6.000000000000000000e+00
1.380000000000000000e+02 2.000000000000000000e+02 3.165615884711573017e+04 8.000000000000000000e+00
1.800000000000000000e+01 1.870000000000000000e+02 3.180324829213764679e+04 4.000000000000000000e+00
3.600000000000000000e+01 7.600000000000000000e+01 3.216151244025924098e+04 2.000000000000000000e+00
1.040000000000000000e+02 1.470000000000000000e+02 3.275469313788157524e+04 2.000000000000000000e+00
1.000000000000000000e+00 2.020000000000000000e+02 3.355978056443537935e+04 3.000000000000000000e+00
1.400000000000000000e+01 2.060000000000000000e+02 3.410828657220181049e+04 5.000000000000000000e+00
4.900000000000000000e+01 1.980000000000000000e+02 3.476663842864316393e+04 4.000000000000000000e+00
1.930000000000000000e+02 1.970000000000000000e+02 3.575667797355233779e+04 6.000000000000000000e+00
2.100000000000000000e+01 1.310000000000000000e+02 3.627792484477446851e+04 2.000000000000000000e+00
2.300000000000000000e+01 9.400000000000000000e+01 3.791693802767887973e+04 2.000000000000000000e+00
1.550000000000000000e+02 2.090000000000000000e+02 3.792254587341216393e+04 4.000000000000000000e+00
6.700000000000000000e+01 1.940000000000000000e+02 3.906219708279599581e+04 4.000000000000000000e+00
1.770000000000000000e+02 1.880000000000000000e+02 3.999841288972167968e+04 8.000000000000000000e+00
4.400000000000000000e+01 2.070000000000000000e+02 4.141226341941016290e+04 3.000000000000000000e+00
7.200000000000000000e+01 1.300000000000000000e+02 4.166003340223170380e+04 2.000000000000000000e+00
2.200000000000000000e+01 5.600000000000000000e+01 4.209597437020545476e+04 2.000000000000000000e+00
2.120000000000000000e+02 2.130000000000000000e+02 4.249859441326892556e+04 8.000000000000000000e+00
9.200000000000000000e+01 2.110000000000000000e+02 4.279601572820937145e+04 5.000000000000000000e+00
4.800000000000000000e+01 9.100000000000000000e+01 4.285586853918294946e+04 2.000000000000000000e+00
2.700000000000000000e+01 2.800000000000000000e+01 4.355741044588971999e+04 2.000000000000000000e+00
1.050000000000000000e+02 1.110000000000000000e+02 4.415944834154511045e+04 2.000000000000000000e+00
8.500000000000000000e+01 1.990000000000000000e+02 4.450456962491965533e+04 6.000000000000000000e+00
1.900000000000000000e+02 2.030000000000000000e+02 4.482365395453457313e+04 1.000000000000000000e+01
6.500000000000000000e+01 1.540000000000000000e+02 4.705944990203277848e+04 2.000000000000000000e+00
3.500000000000000000e+01 2.190000000000000000e+02 4.903072777486666746e+04 3.000000000000000000e+00
1.920000000000000000e+02 2.040000000000000000e+02 5.013572398926293681e+04 1.000000000000000000e+01
1.220000000000000000e+02 2.080000000000000000e+02 5.143256717126761941e+04 3.000000000000000000e+00
2.500000000000000000e+01 2.150000000000000000e+02 5.356364976670518809e+04 5.000000000000000000e+00
2.100000000000000000e+02 2.210000000000000000e+02 5.665298034863877547e+04 1.300000000000000000e+01
1.150000000000000000e+02 1.500000000000000000e+02 5.767123690626856114e+04 2.000000000000000000e+00
6.000000000000000000e+01 1.510000000000000000e+02 5.947325053163941629e+04 2.000000000000000000e+00
1.530000000000000000e+02 2.300000000000000000e+02 6.183954295998763700e+04 1.100000000000000000e+01
1.620000000000000000e+02 2.170000000000000000e+02 6.288812949885025591e+04 1.000000000000000000e+01
2.160000000000000000e+02 2.330000000000000000e+02 6.299070411430107197e+04 1.700000000000000000e+01
2.220000000000000000e+02 2.230000000000000000e+02 6.415562279901702277e+04 7.000000000000000000e+00
1.560000000000000000e+02 2.250000000000000000e+02 6.466640416853840725e+04 3.000000000000000000e+00
7.100000000000000000e+01 2.320000000000000000e+02 6.927731669852402410e+04 6.000000000000000000e+00
1.180000000000000000e+02 2.180000000000000000e+02 7.088229731902465574e+04 4.000000000000000000e+00
1.900000000000000000e+01 2.390000000000000000e+02 7.112659007764948183e+04 8.000000000000000000e+00
2.290000000000000000e+02 2.340000000000000000e+02 7.135780782534829632e+04 5.000000000000000000e+00
4.300000000000000000e+01 2.270000000000000000e+02 7.177538325101940427e+04 1.100000000000000000e+01
5.000000000000000000e+00 4.500000000000000000e+01 7.590976908073009690e+04 2.000000000000000000e+00
3.100000000000000000e+01 1.370000000000000000e+02 7.642445386977517046e+04 2.000000000000000000e+00
2.380000000000000000e+02 2.460000000000000000e+02 8.748035438079621235e+04 1.900000000000000000e+01
1.960000000000000000e+02 2.430000000000000000e+02 8.972672772917816474e+04 1.000000000000000000e+01
2.050000000000000000e+02 2.370000000000000000e+02 9.209730180769220169e+04 1.800000000000000000e+01
7.700000000000000000e+01 2.310000000000000000e+02 9.345340831030980917e+04 4.000000000000000000e+00
3.000000000000000000e+00 1.950000000000000000e+02 9.428914113124595315e+04 3.000000000000000000e+00
8.100000000000000000e+01 2.440000000000000000e+02 9.430529173751398048e+04 6.000000000000000000e+00
1.320000000000000000e+02 2.280000000000000000e+02 9.498407713892450556e+04 3.000000000000000000e+00
1.330000000000000000e+02 2.400000000000000000e+02 9.757778104634489864e+04 4.000000000000000000e+00
2.600000000000000000e+01 2.420000000000000000e+02 9.841584464895025303e+04 5.000000000000000000e+00
8.900000000000000000e+01 2.200000000000000000e+02 9.925230145641678246e+04 3.000000000000000000e+00
2.350000000000000000e+02 2.480000000000000000e+02 1.022014801383975137e+05 2.100000000000000000e+01
2.140000000000000000e+02 2.500000000000000000e+02 1.032056667157577322e+05 2.000000000000000000e+01
0.000000000000000000e+00 1.250000000000000000e+02 1.115735910791107744e+05 2.000000000000000000e+00
1.600000000000000000e+01 2.450000000000000000e+02 1.147903827003664337e+05 1.200000000000000000e+01
9.500000000000000000e+01 1.170000000000000000e+02 1.150355536371325434e+05 2.000000000000000000e+00
6.600000000000000000e+01 2.580000000000000000e+02 1.163901688282117539e+05 2.200000000000000000e+01
1.580000000000000000e+02 2.260000000000000000e+02 1.199525727590374590e+05 7.000000000000000000e+00
6.900000000000000000e+01 2.510000000000000000e+02 1.221812362609074335e+05 5.000000000000000000e+00
2.410000000000000000e+02 2.560000000000000000e+02 1.255609238018481265e+05 1.100000000000000000e+01
1.140000000000000000e+02 2.570000000000000000e+02 1.281184317003926553e+05 4.000000000000000000e+00
5.300000000000000000e+01 2.520000000000000000e+02 1.291784318246729817e+05 4.000000000000000000e+00
3.800000000000000000e+01 5.900000000000000000e+01 1.334867063039327913e+05 2.000000000000000000e+00
4.000000000000000000e+01 2.670000000000000000e+02 1.364092033226055792e+05 5.000000000000000000e+00
2.530000000000000000e+02 2.620000000000000000e+02 1.468788895758396538e+05 8.000000000000000000e+00
8.600000000000000000e+01 1.070000000000000000e+02 1.503588890093302471e+05 2.000000000000000000e+00
3.400000000000000000e+01 2.700000000000000000e+02 1.504266319066576252e+05 6.000000000000000000e+00
4.000000000000000000e+00 1.000000000000000000e+01 1.532278603546019585e+05 2.000000000000000000e+00
3.700000000000000000e+01 2.690000000000000000e+02 1.552266097397597623e+05 3.000000000000000000e+00
8.000000000000000000e+00 2.540000000000000000e+02 1.641730400093891658e+05 4.000000000000000000e+00
6.000000000000000000e+00 5.400000000000000000e+01 1.659215815592046711e+05 2.000000000000000000e+00
9.300000000000000000e+01 2.360000000000000000e+02 1.715326641262527555e+05 1.200000000000000000e+01
2.240000000000000000e+02 2.640000000000000000e+02 1.715810109118587570e+05 9.000000000000000000e+00
7.400000000000000000e+01 9.900000000000000000e+01 1.726158018640826922e+05 2.000000000000000000e+00
2.470000000000000000e+02 2.660000000000000000e+02 1.726404137323502800e+05 1.300000000000000000e+01
2.600000000000000000e+02 2.680000000000000000e+02 1.780248180832532526e+05 6.000000000000000000e+00
2.490000000000000000e+02 2.610000000000000000e+02 1.848508441344232997e+05 2.200000000000000000e+01
2.650000000000000000e+02 2.710000000000000000e+02 1.860357472756991338e+05 1.300000000000000000e+01
2.550000000000000000e+02 2.630000000000000000e+02 1.932234470227768470e+05 2.600000000000000000e+01
2.000000000000000000e+01 2.720000000000000000e+02 2.040355566170781967e+05 3.000000000000000000e+00
2.750000000000000000e+02 2.850000000000000000e+02 2.081417499416503124e+05 2.900000000000000000e+01
2.730000000000000000e+02 2.770000000000000000e+02 2.165712434832277650e+05 8.000000000000000000e+00
7.800000000000000000e+01 2.820000000000000000e+02 2.195443519956300734e+05 7.000000000000000000e+00
1.350000000000000000e+02 2.800000000000000000e+02 2.206092933031489374e+05 3.000000000000000000e+00
2.780000000000000000e+02 2.810000000000000000e+02 2.466954686655276164e+05 2.500000000000000000e+01
2.740000000000000000e+02 2.870000000000000000e+02 2.511790041287030908e+05 3.100000000000000000e+01
2.880000000000000000e+02 2.920000000000000000e+02 2.545193344902654353e+05 3.900000000000000000e+01
2.590000000000000000e+02 2.790000000000000000e+02 2.552359604458910471e+05 2.900000000000000000e+01
2.860000000000000000e+02 2.900000000000000000e+02 2.594428194406277325e+05 6.000000000000000000e+00
2.760000000000000000e+02 2.840000000000000000e+02 3.132836789528229274e+05 1.700000000000000000e+01
2.890000000000000000e+02 2.950000000000000000e+02 3.165082526529445895e+05 1.300000000000000000e+01
2.000000000000000000e+00 2.830000000000000000e+02 3.213486313814154128e+05 2.300000000000000000e+01
3.300000000000000000e+01 2.960000000000000000e+02 3.254301799961772049e+05 1.800000000000000000e+01
6.200000000000000000e+01 8.300000000000000000e+01 3.538079135938103427e+05 2.000000000000000000e+00
1.460000000000000000e+02 2.930000000000000000e+02 3.946188374525866820e+05 4.000000000000000000e+01
2.990000000000000000e+02 3.010000000000000000e+02 4.173081826528431266e+05 5.800000000000000000e+01
2.940000000000000000e+02 2.980000000000000000e+02 4.283329094117162749e+05 5.200000000000000000e+01
5.700000000000000000e+01 3.030000000000000000e+02 4.628007294616339495e+05 5.300000000000000000e+01
2.910000000000000000e+02 2.970000000000000000e+02 4.826270411270566401e+05 3.800000000000000000e+01
1.260000000000000000e+02 3.050000000000000000e+02 5.193076823782130959e+05 3.900000000000000000e+01
1.020000000000000000e+02 3.060000000000000000e+02 7.214558257299913093e+05 4.000000000000000000e+01
1.130000000000000000e+02 3.040000000000000000e+02 7.706598837955017807e+05 5.400000000000000000e+01
3.020000000000000000e+02 3.080000000000000000e+02 1.043891457840874675e+06 1.120000000000000000e+02
3.070000000000000000e+02 3.090000000000000000e+02 1.059512453142873244e+06 1.520000000000000000e+02
1.200000000000000000e+01 3.100000000000000000e+02 2.154064399441842921e+06 1.530000000000000000e+02
8.400000000000000000e+01 3.110000000000000000e+02 2.620066036135829054e+06 1.540000000000000000e+02
1.490000000000000000e+02 3.120000000000000000e+02 6.249673016768803820e+06 1.550000000000000000e+02
1.200000000000000000e+02 1.570000000000000000e+02 6.839637163880092092e+06 2.000000000000000000e+00
3.000000000000000000e+02 3.130000000000000000e+02 1.640228155647486821e+07 1.570000000000000000e+02
3.140000000000000000e+02 3.150000000000000000e+02 3.963521684676891565e+07 1.590000000000000000e+02
